1.402995706661053499e-01
1.024833920997372916e+00
4.474090799760437748e-02
1.553715259625659947e-03
5.468866254808473003e-05
4.510306932362898548e-06
4.055819249639271898e-06
2.971060748510151576e-06
-1.532373696730389327e-06
1.227374332242837519e-06
2.103564533140023073e-06
6.767189495581536707e-07
9.856481541291348733e-08
8.540470458510468532e-09
-1.077245177603491927e-09
1.585425048757038808e-10
-4.219434690399122383e-10
-1.682810385737358583e-02
4.375740354818487277e-02
-4.721609723600563892e-03
-4.364940553779204013e-04
-2.540238969635320510e-05
-1.532339317094709433e-06
-1.430780420855231848e-06
-2.101138983840522384e-06
-3.304012747569877430e-07
2.795994147040607547e-07
1.270750638362009446e-06
2.449365411628170643e-07
2.404488819959556361e-08
-9.272676770004625139e-10
-5.799173337093146431e-10
1.753573773612540788e-10
-1.317209734854392381e-10
1.543721738965320427e-03
-1.525557442103911128e-04
4.212626560726607096e-04
9.684803689619693185e-05
9.787597666353973274e-06
1.176865203021333761e-07
4.325439916349690298e-08
7.331519587678030000e-07
6.379281481519648054e-08
-5.105862359118996392e-08
1.537660717828177596e-07
-1.964887719396307047e-09
-3.222452342255712281e-09
-1.145422086240808394e-09
-9.286934929491455246e-11
-1.695490180349783796e-10
5.646681398712578930e-11
-2.937286465683235570e-05
-5.889726605609364192e-05
-6.142401903449358250e-06
-7.424234997965393735e-06
-1.897184420682503406e-06
1.744163530756955906e-08
-8.715531640100279785e-09
2.789573957161771942e-08
3.482780045136030199e-09
1.638436479490842886e-08
-1.110653815223289529e-08
7.585689639431911940e-10
9.398286604888146045e-10
9.560036111450823400e-11
-1.502699003366467368e-11
-3.348108261646940675e-12
5.478584471439130872e-12
1.570748534572564259e-05
-1.238337878142711879e-05
1.152120708528657844e-05
1.159201047904493482e-06
3.291913076291753599e-07
1.556738158134312342e-09
-1.588114355501749264e-08
-5.685266401680348597e-09
-5.864469238982686589e-09
4.012679411328082625e-10
-3.934340714959179322e-09
-7.524062695640641541e-10
-3.410318051603829010e-11
-1.707765228715168400e-11
-9.674017281783180364e-12
1.889981382366543355e-12
2.000280967673685339e-12
3.623559737945054434e-07
-1.737296858797713511e-06
5.598866141651512734e-07
-2.864329132405587699e-07
-3.683079064338151053e-08
9.626661615819923948e-09
5.831724785500785808e-09
2.975053093552432081e-09
1.610884474729212814e-09
3.205941977938715364e-10
8.592550813247442178e-10
5.781587849213665178e-10
9.528947302887484681e-11
2.065928647644659561e-11
2.130107881870572349e-12
9.201933651612941445e-14
1.870119918531613278e-13
4.719487398466677892e-07
-2.484895400694066168e-07
7.086004847596956326e-07
-1.728157005828769355e-07
-1.779141615490001589e-08
-4.443557711254279855e-09
-2.418688526251430376e-09
-1.460930663216331011e-09
-6.835228706374728375e-10
-2.692184748995643057e-10
-1.262155198519346738e-10
-4.860872272203901093e-12
-1.604856009455091670e-11
-4.217201935046328809e-12
-5.623171834216558268e-13
1.691628128861011579e-13
-1.125025867945446434e-13
-3.929580504476586729e-08
1.089888660557079815e-07
-5.936140875240604182e-08
4.961365288223789145e-08
9.880183732199182047e-09
1.796848509706953313e-09
7.887362930153207880e-10
3.659552619903866238e-10
1.863762945457423611e-10
5.931593483904605351e-11
2.657593965395408221e-11
1.568783774012320523e-11
2.616547943119971119e-12
9.489522257854526046e-13
2.019884256994310187e-13
2.875046104989752498e-14
-1.438790126990078962e-14
8.192883934603633864e-09
-3.017036353337757803e-08
1.417863597663348662e-08
-1.924010808563639772e-08
-3.636258531532567028e-09
-6.937655497294396669e-10
-2.000948146325266654e-10
-8.853020068698977349e-11
-3.677352755845705108e-11
-1.357728502075246043e-11
-6.496233705751067511e-12
-4.857181153606329318e-12
-1.421272585136566004e-12
-2.079600653081286521e-13
-3.992378773886381138e-14
2.005554152327920309e-15
5.260443473319575705e-15
9.384758672444006692e-10
-2.999093042955628544e-09
4.009547943950465712e-09
-2.026230532167072197e-09
2.400959816366476783e-10
1.640621047325421029e-10
4.895002958909958893e-11
1.845020799941399308e-11
7.695052472076951548e-12
3.601081721923745216e-12
2.184675498515364043e-12
5.600433538560986383e-13
1.580583618220358470e-14
8.235103002843596943e-15
-4.856729526060297315e-15
-2.484510644058735603e-15
-1.041249663894075751e-15
1.636137881111557231e-11
-1.946639968794878013e-10
4.139938215772385155e-10
-3.776445877905965781e-10
7.511737169074105682e-11
-2.128051440616804297e-11
-9.018492835862293356e-12
-2.994673838723641652e-12
-1.088241459696187154e-12
-3.427366768837032202e-13
-1.612238883364610157e-13
-3.243374230948527489e-14
-6.508148857409986854e-14
-5.572909201823333865e-15
-7.117793802201892367e-16
1.094805316272869857e-16
2.324385437749618785e-16
8.184324493095805272e-03
-8.501646625024809542e-03
-6.681992798629302109e-04
-3.692007970261190698e-05
-7.026478584481412243e-07
1.635292734083696747e-06
1.383727657728750554e-06
1.510766848996979189e-06
5.646182725895070466e-07
4.460772345698486215e-07
3.623525295694749686e-08
-2.797170640158450051e-08
-3.248340200704037857e-09
2.604106468038663786e-10
3.348499325846532977e-10
-1.183014572407784749e-10
9.597453473828555207e-05
3.849861616549632632e-04
9.102828878204566342e-05
9.544044067313385560e-06
-3.639756945026268674e-07
-4.382437326624891087e-07
-4.277450008087557630e-07
-1.640054428807770529e-07
-2.511571553009758036e-08
1.078109746674247823e-07
-2.934841977899233698e-09
-1.982174051018586939e-09
-8.433280345316308278e-11
-3.368670469172629689e-10
3.428399373309172080e-11
-7.009230915531327567e-11
-3.820274602549458565e-05
-3.564810550815917714e-06
-7.432762499814398282e-06
-1.969317314157445907e-06
2.911015848765021579e-07
3.008856757089509306e-07
1.783658209963404567e-07
6.654037495762947574e-08
6.611215145784816174e-09
-1.335490863321087986e-08
-2.418444918767541597e-09
4.415734266362288183e-10
8.999806342610262719e-11
-3.288499941883877772e-11
-1.442429030833277868e-12
-1.824682907465918945e-11
-5.364416526828385371e-06
1.216957053461631427e-05
1.207112483884814132e-06
3.163809535872124141e-07
-8.184157582988489039e-08
-8.123461569762500969e-08
-4.768534254781455806e-08
-1.053090995486386374e-08
-1.986681810038518086e-09
-3.012712231837343750e-09
-1.294681495147287533e-10
1.688938312934878100e-10
-2.614048065968036958e-12
-6.367281998695059020e-12
-7.782678112088904801e-12
-3.087621636616299546e-12
-1.513148076197657126e-06
6.139390027847323868e-07
-2.898762582107368514e-07
-2.226403780211731653e-08
2.501020821361322614e-08
2.465977312476434751e-08
1.079847774274590502e-08
2.895268260523078595e-09
1.867294269848078682e-10
5.584510833887098051e-10
4.437261547216725543e-10
5.305969312119711978e-11
1.069228641312037114e-11
2.791582807644066621e-12
-5.635800799562244483e-14
4.211826387491515615e-13
-3.478489412418454869e-07
7.001414877275690240e-07
-1.735041582852702746e-07
-2.181774366807731006e-08
-8.279958020854902624e-09
-5.235103127169423855e-09
-2.258124838259596385e-09
-9.064768497614607418e-10
-2.736358851436987150e-10
-7.843149406547288730e-11
2.236220060791855933e-11
-7.982264025003698340e-12
-1.988616495867089470e-12
-1.478014644298843762e-12
7.223923602716718250e-13
-7.047464822895620514e-13
1.155066584338123379e-07
-5.877161917403179906e-08
5.001731605842819898e-08
1.065073978693928332e-08
2.550912528040877451e-09
1.104659235576302102e-09
5.074242314550372866e-10
2.067773174746865945e-10
4.689561184220849440e-11
1.453908214503971039e-11
1.009549250938309587e-11
7.650426961460369690e-13
6.568020016942411168e-13
1.860964365071303731e-13
1.172480222932406722e-13
-4.031837414717683374e-14
-3.173972797670565194e-08
1.397802181408346114e-08
-1.935034656242666984e-08
-3.774668975812129894e-09
-8.013145683029168461e-10
-2.615125205938233112e-10
-1.074822291016634578e-10
-3.965233837419439406e-11
-1.069738083312563131e-11
-4.267964922645083779e-12
-3.726544201130230017e-12
-1.062113758793192595e-12
-1.487424456286726269e-13
-5.375902938718466500e-14
-1.375701638431145332e-14
-5.599736426094994557e-17
-3.136480876837633614e-09
4.020172342778434605e-09
-2.004543333795476400e-09
2.601205156642868256e-10
1.802179978082729177e-10
5.530171199759652836e-11
2.125701090969390997e-11
8.315647580641514583e-12
3.123828829718892281e-12
1.766780290129070020e-12
3.526887046596825624e-13
-5.105846283136654026e-14
-2.575861312738409712e-16
-1.042624402960956636e-15
-4.467291950807038337e-16
9.953067834311029621e-16
-2.157660007139309915e-10
4.127442431485520362e-10
-3.859904872507562934e-10
7.143837027769668435e-11
-2.284063744923648649e-11
-1.063406939468158066e-11
-3.734618504840344327e-12
-1.139142132863529431e-12
-3.215674696126679582e-13
-1.414074706601626675e-13
-8.658307752526287294e-16
-3.221652276767643883e-14
-4.592197729894875970e-15
-4.753157386137023668e-16
-6.275006010444817471e-16
7.096664620318479304e-16
-1.015101947572894625e+00
-4.440908896817792606e-02
-1.545728310848037317e-03
-5.387985539432145276e-05
1.606730032042921805e-06
5.480845013838921569e-06
4.592408309944689738e-06
2.596136960654619079e-06
-1.220037481175295036e-06
-2.099310646693907003e-06
-6.982537890356606454e-07
-1.071326304878579748e-07
-1.317270031335082114e-08
1.123433162494399255e-09
-8.864070105949517864e-10
3.541599503838142649e-10
-4.649597430207130094e-02
4.563657081200657786e-03
4.307064480255989804e-04
2.579891282668999152e-05
5.931797819625913442e-07
-8.226463448788944593e-07
-1.593437866280747583e-06
1.061760963388246126e-06
3.580015670235142793e-08
-1.181570274018607619e-06
-2.276509914320719550e-07
-2.135281353032862792e-08
2.308042769370285502e-10
1.030784317750095042e-09
-1.712988609067404015e-10
1.477040708313230829e-10
7.597285703102265491e-04
-3.653901064774565683e-04
-9.581407756193436112e-05
-1.123122956909146192e-05
-2.047696813492309239e-07
2.562361783378002097e-07
1.317139903008542982e-07
-3.091716659865069406e-07
8.037177062957816186e-08
-1.673422088518841207e-07
-6.404946883660317278e-09
2.354206871980235382e-11
9.477813255494909288e-10
-1.056495754700415947e-10
1.071657325827276694e-10
-9.058202311560126649e-11
7.754026427244870495e-06
-4.643110236354927908e-06
7.195325199438753741e-06
2.212241317621067455e-06
-7.547117663311801019e-08
-5.179653717908557390e-08
1.963530124866017689e-08
4.042207191783376685e-08
-1.532193093446998524e-08
1.913192215589272519e-08
1.789944465203578931e-09
-7.091580099351336193e-10
-1.346897004112707209e-10
-5.837307693189585514e-11
1.081071134877793239e-12
-1.698648112961943656e-11
2.250311870298036529e-05
-9.663882729572477649e-06
-1.141259979191967491e-06
-4.246609522507805728e-07
-9.463591852028910841e-10
1.181477090122613976e-08
-1.556089836619439582e-08
1.520838488417916563e-09
-6.226308515901142223e-10
2.154139824436155762e-09
3.701924609439088138e-10
-2.840507971330694034e-11
1.199097727399453441e-11
1.019517112362735629e-11
8.085588179233915725e-13
-1.962511267587707449e-12
-1.343243175517815731e-06
-8.940759549280194186e-07
2.943835060133782821e-07
6.144401499996675956e-08
6.781293208781792799e-10
-4.271418166500346104e-10
4.168228877358758809e-10
9.142264322017226631e-11
7.114898676717830483e-11
-3.175065169614988234e-10
-4.693812884990702776e-10
-6.195753792994771437e-11
-1.879411988191523782e-11
-3.112311712605858391e-12
-1.142059568056649815e-12
3.059589495592189994e-13
-5.749409516988502446e-07
-7.529123625996857496e-07
1.641566808094308876e-07
1.165625752133398192e-08
5.972007283777303950e-10
4.644108410398994345e-10
3.369613420195098864e-10
-5.411200376583779716e-11
2.533326834899792825e-11
3.648758342381841598e-12
-1.975695730030472509e-11
9.608309125359500631e-12
5.175494296644078425e-12
3.544817258885750505e-13
6.022771403119808003e-13
-4.792093190630221734e-13
1.222421238378698638e-07
1.002126645921637485e-07
-4.435364465593254733e-08
-7.988843026420005679e-09
-7.368978250324550914e-10
-2.252383710414456897e-10
-1.004105904619790895e-10
-3.078437358425390020e-11
-3.388601008887909241e-11
-2.187295713958133757e-12
-1.098444150134059850e-11
-1.108363918784105827e-12
-9.094367785087308919e-13
-1.270973084715439801e-13
-1.252546677596448502e-13
8.166871221223995846e-14
-3.469583974325817642e-08
-3.183999323478374254e-08
1.684844681724191800e-08
3.078218111269794415e-09
4.358752817687891136e-10
7.046870321029005356e-11
3.080138341302334816e-11
1.073390869676677142e-11
9.561441252204002158e-12
8.279053850947730624e-13
3.728084378993913658e-12
1.098115626667187441e-12
1.871914233733849670e-13
4.284934523217211397e-14
1.178123796232445053e-14
-8.869156508367644616e-15
-3.823538165412473412e-09
-3.863458317568318725e-09
2.539278215451292737e-09
-9.771785583398995906e-11
-1.090509633486131440e-10
-2.443811445860330250e-11
-7.208703018206819103e-12
-2.977492459527555020e-12
-1.307807173027054527e-12
-5.247783481890909748e-13
-4.253235398739307811e-13
2.221431206113104104e-14
-1.909538821882967355e-14
-4.328695570938209946e-17
-4.289960436419850152e-16
2.310118581634428303e-15
-2.373298976833676454e-10
4.171109456533962641e-10
3.449132178959286178e-10
-1.010403352324815155e-10
1.178398780293839282e-11
4.984189472023537675e-12
1.326020405926355963e-12
8.676851262108345178e-13
3.716191745737502701e-13
-3.094787158380611329e-14
3.150098262733072156e-14
6.109156950148401117e-14
3.619305451954281474e-15
3.062196074656405182e-16
-3.543469646838912902e-16
-2.304545900907028221e-16
2.945812192311401956e-02
1.235568019459368054e-02
-8.274923065722809140e-03
-6.617295322883438337e-04
-3.953030960194737369e-05
-2.940366311873768824e-06
-2.945735088233819774e-07
6.149816274343931353e-08
8.524311566913508873e-08
5.426768476811405754e-07
4.643780154556500771e-07
6.435756978162614624e-08
-1.807287378739757108e-08
-2.742189470133491995e-09
-4.561205263292754544e-10
1.218185140971720674e-10
-1.408345324624116422e-10
-1.421554519077126771e-03
-4.725171837831109519e-04
3.305034832447245672e-04
8.831097010728409526e-05
1.056732533085120438e-05
1.000789363959440012e-06
3.609189030702881402e-07
-2.089031768266917201e-07
7.394132264905473566e-08
-5.822362026131759564e-08
9.725529292187032658e-08
-4.794834427389684919e-09
-1.721986223725833114e-09
7.122256284671890400e-10
-2.059058117933374565e-10
3.899817739362965819e-11
-1.267549614310702509e-10
2.348071254560455664e-05
1.363099818570692872e-05
7.518907629164932305e-06
-7.073843086180624432e-06
-2.465089293781896891e-06
-3.219911573823972608e-07
-8.014001993760552291e-08
4.338221474566698385e-09
1.451547160462947948e-08
1.381936973341597909e-08
-1.326848016239743573e-08
-2.020095457326542048e-09
4.536295966414321017e-10
9.717367104730417645e-11
-2.176114834094649838e-11
-1.105591035888287580e-11
1.240762927276606961e-12
-1.812827427819753212e-05
-1.588815062778184140e-05
1.015580445228275557e-05
1.154847306796989410e-06
4.969993766821610841e-07
9.516455260973716500e-08
1.556696548621510279e-09
-8.598876574498422213e-09
-3.919233648094028057e-09
-4.578389842318004981e-09
-3.002262319701432804e-09
-3.119832046061751229e-10
1.678413374509539529e-10
1.260298193888661965e-11
1.017205607139557738e-11
-6.439683089999310919e-12
-1.447643770063664225e-12
-4.142217891759535624e-07
1.582703486569475759e-06
9.683582922702621889e-07
-2.927013782016830344e-07
-8.379707118989451518e-08
-1.406369897703772865e-08
8.370253150070681230e-09
4.138904016165393718e-09
1.328718220139484850e-09
4.691008547586391889e-10
3.780134202756505513e-10
4.363425385264024588e-10
3.788034870875354220e-11
1.917391836038590388e-12
6.411246860632162337e-13
8.989940261273527544e-13
1.315259011388279533e-13
-4.648440693883956971e-07
4.692895915516988571e-07
7.423518350814777530e-07
-1.624692211640514667e-07
-6.835848380135092600e-09
1.096738094114506641e-10
-1.625715714042423551e-09
-7.222913705695392845e-10
-2.536993439732622102e-10
-1.677408840700229847e-10
-2.413999147769066269e-11
2.639947047913586375e-11
-4.158175368196506624e-12
-1.653753918275908315e-12
-5.068788938250814076e-13
-1.218301165527862910e-13
2.974162736870144359e-14
4.024609920787306575e-08
-1.146141311216512245e-07
-9.942263494665659377e-08
4.384213191671703278e-08
7.363229914670951431e-09
7.390496856461846950e-10
3.138533127843126555e-10
1.936304789169093518e-10
7.954869912822128405e-11
4.831972723222534606e-11
3.101476636445721056e-12
8.944803352494879245e-12
-2.488865000985400733e-13
1.862478556656086238e-13
6.834182322870119778e-14
2.350151396900351527e-14
1.217111660059498520e-16
-8.107863593236700068e-09
3.301973350331244141e-08
3.168971135183266267e-08
-1.676581076186993701e-08
-3.023299171493111791e-09
-4.457625280683261843e-10
-1.040885230876813192e-10
-4.623814701258631226e-11
-1.982037706612682179e-11
-1.150836250346658377e-11
-8.391315710643032013e-13
-3.229869727417393428e-12
-7.805815292203778366e-13
-5.968118200545622236e-14
-2.381536955347722193e-14
-7.034621659601808660e-15
-1.800049696123310110e-15
-8.854705124232676263e-10
3.689295363471091881e-09
3.850463713031670859e-09
-2.552515743137203901e-09
9.803365107473140362e-11
1.156782572239169939e-10
2.742951878346034851e-11
1.025354560320039567e-11
4.737315477932344029e-12
1.657012391595322129e-12
4.832465089156774607e-13
3.229992593297383304e-13
-8.853170246743608257e-14
-2.952233397428178189e-15
-3.823920492979264881e-15
-2.854257217738010445e-16
-4.795869193095167860e-16
-1.149376966065188142e-11
2.196240198363119240e-10
-4.357534939443899739e-10
-3.542046434547124535e-10
1.009187156166637156e-10
-1.120142441807345276e-11
-5.773298373127433455e-12
-1.966706837841381235e-12
-9.889294459145192030e-13
-4.322558362462474732e-13
4.935814798911331200e-14
-1.767876046538253292e-14
-2.536557060959257622e-14
1.497745342237641608e-16
7.167789499804167996e-16
2.205340228355451628e-16
2.249664334140676623e-16
-1.595538090888156124e-01
-5.500035314030092201e-03
-1.885700813376339671e-04
-5.209147826234315019e-06
6.095038273531500162e-07
2.124818971268280180e-06
2.549242688725380314e-06
7.514181285005138068e-07
-5.851825347682816307e-07
-9.200854086262420512e-07
-1.523802538450055837e-07
-3.084489271680639079e-08
-2.711983084902084530e-09
5.766309995433010846e-10
2.373904305214282884e-10
1.167978814388397728e-10
1.773943855103473147e-02
1.534723993049935458e-03
9.177865921176598600e-05
4.067354510128005906e-06
-1.263948577612224626e-06
-9.629296547054953527e-07
-2.020463912585151884e-06
8.277984460478119545e-07
-2.555177401974798110e-07
-3.722339645156616657e-07
-2.213848628592625041e-08
-4.906305184248001154e-09
6.661276234642265123e-10
-7.364266670019852644e-10
1.230650868939128543e-10
-4.776809979214762804e-11
-1.602869653398252209e-03
-3.375184184227446706e-04
-3.486423461827566420e-05
-1.343631031363060929e-06
4.352040876516028406e-07
9.159742814607902450e-07
8.856118808631958621e-07
4.818681849525682660e-07
7.197362740209815040e-08
-5.829843096707060525e-09
-1.574364342118683995e-09
-2.030376149286948584e-09
-1.918880074554287033e-10
1.306276228661465348e-11
-4.725985956787298022e-11
4.575635420123788973e-11
7.538955916339422949e-06
2.973032625044260766e-05
7.271898044758807576e-06
3.112423788614109312e-07
-3.057707067568282640e-07
-3.422208622592358695e-07
-1.973616965276068964e-07
-7.465956968317146538e-08
3.552498783416226306e-08
6.019913875185068988e-09
9.845145218355659107e-10
2.183847509156369178e-10
-1.478462561123143209e-10
-1.495602210420827846e-11
-5.313250477784639065e-11
1.357056129129783481e-12
-3.813118187091645044e-05
-4.986945736889909280e-06
-1.244848173368436750e-06
-2.753501705772450807e-08
1.171481319164078539e-07
9.422082931340468744e-08
3.645557624970259590e-08
1.246836604975018609e-08
7.088796236440282793e-10
1.846782976016269368e-10
-4.227898168419164653e-11
4.094566567627705486e-11
-1.226019149657524178e-12
1.176111263092377485e-11
-2.301100953235218186e-12
8.932522610861182625e-13
3.795246513060163219e-06
1.381556086654976890e-06
2.188059475806550088e-07
-3.395619067953327792e-09
-4.127803602219637166e-08
-2.245464536106960245e-08
-7.877331860779103783e-09
-3.125610761421990887e-09
-1.502663174135362828e-09
-5.474246561825204598e-10
-1.065020852982931184e-10
-6.495972333038475727e-12
8.517785027077738914e-13
-3.957798808648048169e-12
-5.433525493910274115e-14
-9.573443899961481049e-13
1.158937432458153215e-06
5.089639203992017625e-07
3.193410498161272492e-08
7.946961228992663096e-09
1.000218150773755576e-08
5.188882535766297013e-09
2.042358712722297107e-09
6.015310274004165189e-10
2.226345034271639066e-10
4.733893225394348401e-11
9.703978585999133294e-12
6.251066843790973648e-12
4.684433616498314945e-13
2.736492101500088190e-12
-1.362904161523737609e-12
1.606146929898763334e-12
-8.126111531586560958e-08
-1.528412982583626589e-07
-2.664979655108712137e-08
-4.452332521948742941e-09
-2.123713918656778615e-09
-1.097955401620834750e-09
-4.740234014637103949e-10
-1.642799783211759311e-10
-5.008817757692796146e-11
-4.104739642333110023e-12
-5.327934325441913134e-12
-1.229379452625900449e-12
-5.544269577101045945e-13
-1.821836150980406167e-13
-1.603473220315964246e-15
-4.245370254788400595e-14
2.177981197093422334e-08
5.757928922053280176e-08
1.084554344203376021e-08
1.737308086931874655e-09
4.986805180432567176e-10
2.170990310943658450e-10
9.567425138784550763e-11
3.495347619236665093e-11
8.091194003657751336e-12
6.884056525789575061e-12
1.902334498281181903e-12
3.031516636210839085e-13
1.387833600391424615e-13
3.287233698975381245e-14
1.422895939100312114e-14
1.878340445864053931e-15
4.498047699734676321e-09
9.710628691801631793e-09
-3.399479774849254979e-10
-3.942375231999466391e-10
-1.138071193524382298e-10
-4.387710483328428459e-11
-1.856498734909869315e-11
-6.705170216951860526e-12
-9.175154520184383406e-13
-7.552723978780413536e-13
-3.928688158026983218e-13
1.353920643022407201e-14
-2.112204844241999138e-14
-7.487654834833267951e-15
-2.952497318183207032e-15
4.543434198520960533e-16
-5.688369711572320417e-11
-1.194634816626442932e-09
-3.715527004734654198e-10
3.888394174870550254e-11
2.054249865252157991e-11
6.805877663622407290e-12
2.683264993003532782e-12
1.235414038236123084e-12
5.766630290611267411e-13
2.186279597567008445e-13
1.292745985157618351e-13
2.275996243135590469e-14
1.302734844068425169e-15
-1.256327806311557031e-15
-1.102256101649518211e-16
-5.286476774594443114e-16
-6.169214060916213688e-02
-3.149133929047669145e-02
-2.343061784943314355e-03
-1.287449617607944576e-04
-2.135756563669571109e-06
2.037550455214663706e-06
9.969828116853573902e-07
-2.692094850037482775e-07
-1.822249173953777382e-06
9.650414071972173144e-08
6.168854786618096270e-08
-1.655650150606743485e-08
2.852039751983742818e-09
3.043459069893649334e-09
-6.473235054895154514e-10
2.675083860751788538e-10
6.154170989416335528e-12
4.408130363542994224e-04
1.468807542826153960e-03
3.153981563313677642e-04
3.339913369954225150e-05
9.032584181564785721e-07
-3.207703744414948139e-07
5.328089613411180689e-07
3.378391445810358869e-07
-1.204979359526297925e-07
-1.136003283514596953e-07
-1.353868601746155658e-08
-1.552947137960907246e-08
-1.986809941981760789e-09
3.958031575577687653e-10
6.347378084600534273e-11
8.163081969745909336e-11
-1.947033026796744539e-11
3.285687909335075201e-05
-2.864863988974546670e-06
-2.962494941683637431e-05
-6.845664422749619351e-06
-8.964147392735717133e-08
1.810632253902229242e-07
-3.833552576344707172e-08
-1.262888535858380787e-07
4.884581351019434382e-08
-4.911866144186075130e-08
-1.234280650779360890e-09
1.857490335129265072e-09
9.147661106344675648e-10
1.322497101170298583e-10
8.425600587518079450e-11
-1.416470315901982319e-12
3.126653143324797972e-13
1.545051542435598314e-05
4.110046117613101182e-05
5.192723237968871618e-06
1.171264689017195652e-06
5.525288282543737800e-10
-5.270986873407449732e-08
2.654488652712699513e-09
4.244847702076902007e-09
-5.152599892864577641e-09
-1.322437110567946639e-10
-1.632428436824481335e-09
-6.741128320843786705e-10
-2.005668487192543528e-10
-4.728121974006013107e-11
1.938091663534549324e-12
3.941407567642227319e-12
1.059561574109392326e-12
-1.221677328452325719e-07
-3.768200578532596065e-06
-1.362691323995836165e-06
-2.071172570879187313e-07
3.468629251171850244e-09
1.042844559064103758e-08
4.655207871702494781e-09
2.657802052789962225e-09
1.377241109916594008e-09
1.601735951688125129e-09
8.683408581087025324e-10
2.674796899380500194e-10
4.904918804418283561e-11
9.144117163945630593e-12
-7.799303236804042573e-13
1.726066190797300002e-13
-1.581619888241053678e-13
-9.646135387927544434e-08
-1.158699496159475013e-06
-5.118112612405269664e-07
-3.384638242835888171e-08
-5.275936612707297497e-09
-3.924215310612787717e-09
-2.498814537893446780e-09
-9.399460121997224945e-10
-4.001773051793715274e-10
-2.994390667334480397e-10
-1.181799785894555215e-10
-4.450540619849715592e-11
-1.460290746702288240e-11
-3.367505797117227557e-12
-6.769362561692269048e-13
-6.747054077731889123e-15
-1.028152403723970337e-13
-1.705901836807893059e-09
7.918166670199623021e-08
1.529833036770056958e-07
2.661424196714898884e-08
3.590221199594296453e-09
1.314828256804336597e-09
6.877105147001510759e-10
3.226076508328935986e-10
1.354592165318213539e-10
6.614900338455218123e-11
1.791866117830812931e-11
1.187930904635092065e-11
3.170897696935265169e-12
7.512158922734471206e-13
5.791549229132784527e-14
-4.857559815587113066e-14
-4.491365001931095567e-15
-9.113293366368110688e-10
-2.170131587825853700e-08
-5.759001899393092717e-08
-1.077114387163910239e-08
-1.577901211656269234e-09
-3.729013567969568874e-10
-1.719840934504457919e-10
-7.455496937809856746e-11
-3.393513736984191136e-11
-1.174237020726166945e-11
-9.644512716286006086e-12
-3.117768670611954267e-12
-6.675311941973425130e-13
-1.544903547082856481e-13
-1.143455110083126632e-14
8.026189387490489572e-15
3.715545905444490131e-15
-4.920678596366139919e-10
-4.579751817555990108e-09
-9.719399461133109881e-09
3.194395131655788184e-10
3.659639239339783845e-10
9.990650637455198890e-11
3.818367731312179626e-11
1.624315402493449219e-11
7.198996261338570751e-12
1.645301107760365862e-12
1.271751304744286579e-12
6.096081488853202113e-13
4.171506029298558195e-14
2.261227572523656743e-14
7.550300512678575968e-16
-1.684232668174640620e-15
-1.369798178278063397e-15
-1.144477169386933684e-12
6.291558615064350845e-11
1.198408145096990555e-09
3.831693884645302232e-10
-3.569634875648461531e-11
-2.098786036964236088e-11
-6.927326304617853721e-12
-2.841095370585197562e-12
-1.499468448704965937e-12
-7.794870707995508702e-13
-3.223236682713369552e-13
-1.505860247418577972e-13
-2.424775690180105224e-14
6.211455894409913220e-17
3.048360318904549526e-15
1.500588799769114625e-15
5.110071292289335474e-16
