1.397144502637512886e-01
1.025118878582703452e+00
4.456990844693622944e-02
1.530249629875400337e-03
5.352893609484740895e-05
4.885782276789519791e-06
4.232863761259225855e-06
3.108773821769446424e-06
-1.677397970459181292e-06
9.678763442448958941e-07
2.052132096805065614e-06
6.933258231506875489e-07
9.046046738400429645e-08
9.252989128003934978e-09
-1.044844981302068660e-09
6.851423909788588041e-11
-5.073804907280041082e-10
-2.053407628259554599e-02
5.353108415999203312e-02
-5.762960537961577326e-03
-5.280929776727848234e-04
-3.058860344574478187e-05
-1.925782245362139746e-06
-1.780606261488369866e-06
-2.581128444999589086e-06
-1.168422458304658533e-07
1.504917539146601893e-07
1.513221307101748003e-06
2.959860337104593680e-07
2.768889681955950367e-08
-1.256295622591164942e-11
-8.053071836277790758e-10
-5.602724511640794372e-12
-1.280247286128572143e-10
2.306320496087617758e-03
-2.371814483094538686e-04
6.295491361156396737e-04
1.445812889938176090e-04
1.485238912238294912e-05
7.213104053223306904e-07
8.967262542149668510e-08
1.074769997355060512e-06
1.192421451243147639e-07
-4.071580352718442461e-08
2.286089836040793046e-07
-7.731011824714037795e-09
-5.574398365546350477e-09
-1.962970801695054936e-09
-4.028686393981645479e-10
-4.475243077722976517e-10
5.215096488004925682e-11
-5.971430974718838612e-05
-9.879642535881779655e-05
-1.494589632410360243e-05
-1.403328873436215991e-05
-3.598202077520776539e-06
3.928042842509410141e-08
-3.165714955411378165e-08
5.427270232269832742e-08
1.968012752109767577e-08
3.205864177598043959e-08
-2.744832140240384499e-08
-4.766534574558569369e-10
1.700538842083980642e-09
7.564956843919427455e-11
-7.214294056030612949e-11
-2.877113079408031231e-11
7.502794876163143137e-13
3.107572033355263607e-05
-2.369737849106703706e-05
2.304607310209568882e-05
2.429245462276627329e-06
8.016452850887929063e-07
2.950980045110864797e-08
-2.348531244531175142e-08
-1.034010031551047606e-08
-1.213694975004297811e-08
3.178415849456321678e-09
-8.148821823792368163e-09
-1.190882283195478064e-09
-8.392855889992888160e-11
-4.120460913673409453e-11
-3.150690088233332920e-11
6.625109336953127038e-13
3.514565418316181754e-12
8.701008206860704814e-07
-4.195844799999809852e-06
1.315945501813533390e-06
-7.181829657066686806e-07
-1.019957329484187043e-07
1.938856861757553717e-08
1.428038281452254772e-08
7.887221520642122663e-09
4.113848606828443149e-09
5.044659326863607596e-11
2.040108733881121330e-09
1.449563393500617301e-09
2.442140539897633848e-10
4.840297205074833074e-11
7.960368164159630954e-12
6.477078170115516315e-13
4.653567619447799518e-13
1.411420002959614719e-06
-7.488449015086840131e-07
2.125883365971107133e-06
-5.133422060244260195e-07
-5.051535405318451688e-08
-1.279410663570421007e-08
-7.414104755238053124e-09
-4.447193685666144264e-09
-2.017829325332065496e-09
-7.429552381353818494e-10
-3.619789393556087855e-10
-1.573550120494739272e-11
-4.967090419175090249e-11
-1.241420217988470730e-11
-2.422363419964935201e-12
1.556851165612145926e-13
-3.456122993200130003e-13
-1.440865314962434416e-07
3.979059956737763000e-07
-2.214589111885869551e-07
1.811252449570553412e-07
3.540920133103907495e-08
6.519305544183943526e-09
2.959641316334383872e-09
1.379658583678497467e-09
6.549534194226627071e-10
2.028609922220454833e-10
1.036044802631965383e-10
5.480128840608246717e-11
8.865576913408048533e-12
3.100588137071360049e-12
7.859133382278255768e-13
1.545784758601772752e-13
-8.164854173667876794e-15
3.546484837890566180e-08
-1.330034278790016155e-07
6.033700195533856018e-08
-8.445529694728507948e-08
-1.597690416741469278e-08
-3.076242952939558182e-09
-9.046403993272854552e-10
-4.065087487690576308e-10
-1.750232356760652806e-10
-5.828280275240513303e-11
-2.832803031606648836e-11
-2.250218217476957223e-11
-6.335729232500047484e-12
-8.675203034800722221e-13
-2.118770771595923589e-13
-1.883789731745466611e-15
1.376556024921265720e-14
5.119546818133592334e-09
-1.651784509012523167e-08
2.187157775427377336e-08
-1.115705833337988991e-08
1.298103773443296812e-09
8.988553621746703886e-10
2.750432868507554260e-10
1.060433588972125952e-10
4.301847890801532970e-11
1.948608967798098529e-11
1.162185938217632411e-11
3.487270894751914292e-12
2.437832563044974485e-13
3.086045014469921754e-14
-6.302985733488766809e-15
-6.953462145581599927e-15
-3.973022532647898755e-15
1.190014485707510926e-10
-1.337121419940620993e-09
2.805958908854982682e-09
-2.570472738124928294e-09
5.127928962968647420e-10
-1.412455244840306336e-10
-6.161819108854341506e-11
-2.060344671846626871e-11
-7.459378205775752114e-12
-2.567915421887592805e-12
-1.210711536455213207e-12
-2.714763188710974603e-13
-5.224633857889125964e-13
-4.341129145956042693e-14
-9.791658844249845787e-15
-8.030660855423795074e-16
6.295454435965819132e-16
1.002331830874425046e-02
-1.037245894311024721e-02
-8.095097310082788973e-04
-4.441663203523738896e-05
-6.155771087032362419e-07
1.351794726699156295e-06
1.309321885880969517e-06
1.479196410149958565e-06
5.209445523260462748e-07
5.495460107649241404e-07
5.347902328317375117e-08
-2.681144489932581029e-08
-2.729766630506998700e-09
6.134785528837208649e-10
7.848486146893362600e-10
9.325152995590396341e-11
1.391080621628704292e-04
5.763179193555830002e-04
1.350601382255889045e-04
1.426218676098436478e-05
-4.891416010131883381e-07
-6.120914509024577435e-07
-6.451534648396459157e-07
-3.402448961371067419e-07
1.325568994584153242e-08
1.618408782720569578e-07
-1.643265009063503493e-09
-4.039418434346005627e-09
-3.381118480573288024e-10
-2.777198432297068071e-10
1.739655060756500340e-10
-1.118376762434886018e-10
-6.630317294986217357e-05
-1.111552129196964602e-05
-1.414145240711519382e-05
-3.574732103159180295e-06
3.560051609927249322e-07
5.260744455387821754e-07
2.338276245168121834e-07
1.112168163866668249e-07
1.488115560007162327e-08
-2.924286406639078869e-08
-5.301730106779989286e-09
9.531746270542510976e-10
1.549861644034494677e-10
3.609316060684737244e-11
2.008650507919981951e-12
-2.223538830688843305e-11
-9.935916353951619018e-06
2.426386468660214716e-05
2.537879080686005429e-06
7.198616271972502708e-07
-1.581941589021401806e-07
-1.672798469838791372e-07
-1.066445492126507894e-07
-1.826555012996668905e-08
-2.060728942095179019e-09
-5.942294071948621108e-09
1.350706028419577713e-11
3.331924240965201049e-10
1.918128925896229324e-11
-7.030335010574864412e-12
-1.435678750474870135e-11
-6.524864338182366861e-12
-3.679964192220546248e-06
1.446264917379849309e-06
-7.208415051458374160e-07
-6.573656338728919669e-08
5.548006754758891610e-08
6.250056120606063725e-08
2.763566031000465953e-08
7.312293955879664938e-09
-1.717046407880115189e-10
1.287005432248322189e-09
1.119835910808313565e-09
1.341464907712076009e-10
2.595502103141098013e-11
8.781579998261512152e-12
-1.703179940908814922e-13
1.455960703526529635e-12
-1.041884631419059572e-06
2.101979862651662212e-06
-5.153336443389543486e-07
-6.315272222272590446e-08
-2.347070790408317863e-08
-1.613433954760670737e-08
-6.717204779011274446e-09
-2.715349305165251912e-09
-7.641566072989066132e-10
-2.209193102452056731e-10
6.621937238842540847e-11
-2.379982035856825269e-11
-5.737580009609024238e-12
-4.352468208380812721e-12
1.400794819820193884e-12
-1.719965716719602532e-12
4.220456382446686464e-07
-2.192282062788822781e-07
1.823275838534913742e-07
3.834157305019788530e-08
9.262902823805095424e-09
4.096352266468079616e-09
1.898786065504171921e-09
7.483584566308731549e-10
1.609417931542532706e-10
6.094097354873102720e-11
3.381979824102400220e-11
2.099519715385044175e-12
1.766189890392192286e-12
7.653722506238481529e-13
3.641452548761371205e-13
-4.660807234089104012e-14
-1.397272909691073994e-07
5.945265015302393066e-08
-8.488192671085407221e-08
-1.662673825220232937e-08
-3.545996166830059076e-09
-1.194831873400889349e-09
-4.973827841814499743e-10
-1.900191782989156058e-10
-4.583693890082646384e-11
-1.845154416598730696e-11
-1.740419657731608243e-11
-4.629788416179832204e-12
-5.357264353769336663e-13
-2.443792331989266584e-13
-6.654165390816558928e-14
-2.234196582622128409e-15
-1.724632419082405750e-08
2.193391491255621531e-08
-1.106706736635029012e-08
1.405594114236316595e-09
9.840856435977590806e-10
3.104208904821268043e-10
1.229367359340860034e-10
4.714284124226635423e-11
1.719714556378714710e-11
9.387419849228406403e-12
2.346434347983106087e-12
-1.492598938322813493e-13
-2.757074375265344698e-14
9.456111701790787845e-15
2.726764991454752641e-15
5.756101911393781777e-15
-1.493731536136269763e-09
2.802343118739040813e-09
-2.633836871843247495e-09
4.840567506131947570e-10
-1.530121898959208599e-10
-7.521385380340093978e-11
-2.726876196772616158e-11
-8.370895238174633122e-12
-2.678474940048328209e-12
-1.290298083835449302e-12
-7.618420544067800101e-14
-2.745746359317971902e-13
-3.627280303437632410e-14
-1.009437201276746094e-14
-3.449027146860775831e-15
2.539281356672203946e-15
-1.015525978312955768e+00
-4.424769208146734495e-02
-1.521421890661366506e-03
-5.188751212029982078e-05
1.445451966820269672e-06
5.670632041221613513e-06
4.139654223260211069e-06
2.426593869070918977e-06
-1.058069983891279555e-06
-2.018025289594433464e-06
-7.154903634817157399e-07
-9.746187409109580839e-08
-1.397523157787224408e-08
1.287123418980342867e-09
-9.668298534020472559e-10
5.842660327226155474e-10
-5.684546878534554176e-02
5.572724219143940227e-03
5.209189304811850376e-04
3.082343936637021715e-05
2.986728841398100339e-07
-8.993434349531422679e-07
-1.917096015208618158e-06
1.228406618662078261e-06
1.730606343729524046e-07
-1.404572312502374400e-06
-2.770049891070231400e-07
-2.411750917835906955e-08
-5.099080220138594197e-10
1.401520446055717745e-09
4.414504212732820716e-11
1.492819760638650937e-10
1.140078411570311784e-03
-5.464272436396534196e-04
-1.420714359899589410e-04
-1.668375981348174750e-05
-5.238639592250105919e-07
2.811116300876911413e-07
1.794614339730410133e-07
-5.825593260691977083e-07
1.074242129136007614e-07
-2.523182299891813350e-07
-4.132220753472535082e-09
1.072507765024806239e-09
1.799712547723433486e-09
3.059062644260558618e-11
3.249350439619350868e-10
-5.374281205048307313e-11
3.260521710232801644e-06
-5.005000538235679701e-06
1.343836626079147177e-05
4.029136442563711381e-06
-1.654317863084218881e-07
-9.014194935266095104e-08
5.368913638724635958e-08
7.915020116396111247e-08
-3.635270548097900673e-08
4.139440394202331753e-08
4.989615700287294981e-09
-1.305920112050212073e-09
-1.451308149062115020e-10
-4.050541444334940175e-11
2.257105125424312670e-11
-2.762711148820945384e-11
4.447285886487718450e-05
-1.883309011478015088e-05
-2.348764080687421023e-06
-9.713295856556077163e-07
-2.965160408648095475e-08
9.154557960977274484e-09
-4.099807257555187717e-08
2.550503025366658110e-09
-1.426549946093323145e-09
4.239120063569696276e-09
3.990902284815161204e-10
-4.429734569196355342e-11
2.312782802501503878e-11
2.895592490410009122e-11
6.210547327918200000e-12
-2.523089743164951429e-12
-3.312947024502558181e-06
-2.190385527847850270e-06
7.189905151010177020e-07
1.539512347974691073e-07
7.334431399698068225e-09
2.416391657914217059e-09
2.013053575389117852e-09
4.156965783007717615e-10
4.976012291230856880e-10
-5.678118837985317902e-10
-1.187958914017135234e-09
-1.606299531353236050e-10
-4.369813077840190887e-11
-9.562583163726030343e-12
-3.848616658547810909e-12
7.270475883618955792e-13
-1.716269457761354762e-06
-2.252302227948610564e-06
4.907490669016367381e-07
3.397989950709745112e-08
7.023946121421276629e-10
9.280545805459360481e-10
8.178924945608225206e-10
-2.723159202738396603e-10
4.587100046595930587e-11
-3.382103541550271129e-11
-5.714612897334827863e-11
3.032760652844405117e-11
1.432892647654656158e-11
2.303070455704245236e-12
1.668665421807205804e-12
-9.348848967055425301e-13
4.485448703862927130e-07
3.690165416246780147e-07
-1.622950050864470213e-07
-2.867005619374570990e-08
-2.508014843361593311e-09
-8.084954932605000119e-10
-3.417940529659220168e-10
-6.253505089863337556e-11
-1.149742934205597890e-10
-8.984718537189517750e-12
-3.765068430114709729e-11
-3.480354845404574056e-12
-2.874887674778660879e-12
-6.105166423816942177e-13
-4.377174743295511640e-13
1.903398231807859548e-13
-1.520744166471252731e-07
-1.380167490764271215e-07
7.390849887068276464e-08
1.349062514628436122e-08
1.884611138850977763e-09
3.043091405718612368e-10
1.323696546866868788e-10
5.033677552966048072e-11
4.398226552461954983e-11
2.211466218989533517e-12
1.739412619044525103e-11
5.010673614761505897e-12
7.741337676733214480e-13
2.266074852925320631e-13
5.810322007652069494e-14
-3.099997254125854460e-14
-2.090332066012733348e-08
-2.105056539046443541e-08
1.395108380409474973e-08
-5.118948851086165935e-10
-5.853507930828816223e-10
-1.337210219359094387e-10
-4.156129579197019088e-11
-1.721321143101578686e-11
-8.333355879603329163e-12
-2.622423668896756245e-12
-2.701461641157960102e-12
-7.064259179316072391e-14
-7.717781848307204578e-14
-1.680551563695777939e-14
-7.234921061828710763e-15
9.138020910218493137e-15
-1.642049576630806637e-09
2.839512883289181815e-09
2.356084827752250634e-09
-6.885594788832557234e-10
7.592925984464498846e-11
3.433292719236267614e-11
9.400934342017741922e-12
6.188597659423144564e-12
2.666936069312673755e-12
-1.665248862751907544e-13
2.385027652394255646e-13
5.034546269632025006e-13
3.059913291551432406e-14
7.408607448468486471e-15
-4.402838337756557557e-16
-3.462401070402537005e-16
3.592804935873342154e-02
1.507793548191053469e-02
-1.009998303564739290e-02
-8.018814941903312917e-04
-4.689269714971886470e-05
-3.285851970625422239e-06
-5.166773111841738990e-07
-2.304973966828349584e-07
-1.739440690302864285e-07
5.299688088756595283e-07
5.657995031182304945e-07
8.425164096390907790e-08
-1.709470926594373029e-08
-1.875315381630993568e-09
-3.823454964269183195e-10
7.081273600327701456e-10
-1.449333893375636181e-11
-2.124485194574685532e-03
-7.048599210751297500e-04
4.957655912765846678e-04
1.311658631995605043e-04
1.539093972145472443e-05
1.506198369327477959e-06
3.514925822349663328e-07
-4.197581612644722676e-07
6.889842448685399962e-08
-3.959668818916777574e-08
1.477264233989181683e-07
-3.039003253295529904e-09
-3.534885657796298290e-09
8.905893642525067488e-10
-1.757719676569514782e-10
1.803298843513734739e-10
-1.994958247591372289e-10
5.070101026421597855e-05
3.026984207939967687e-05
9.111936863573999871e-06
-1.330584485943306501e-05
-4.518411212429133389e-06
-6.698974698741094808e-07
-1.578720705084047540e-07
-4.322642394295641619e-08
-4.620450377059575727e-09
3.321557970120396251e-08
-2.980151729239554112e-08
-4.910200342891558854e-09
1.004802697621717514e-09
1.653059661804985968e-10
5.662750082404809935e-11
-4.264019260378275083e-12
6.975333562570289715e-12
-3.576618638377890367e-05
-3.146379906316069811e-05
1.982417289812134215e-05
2.322891953059476279e-06
1.104798351848310743e-06
2.113981167583114560e-07
1.536691407904784792e-08
-2.179167323575934138e-08
-3.027561034148243847e-09
-9.935157187865380959e-09
-5.574675962912660329e-09
-3.855993332551903770e-10
3.402566366423333719e-10
3.732633108640210107e-11
2.897371953229471073e-11
-1.535147284940548923e-11
-2.627278516180889141e-12
-1.010806907626941269e-06
3.848468909245456870e-06
2.373029066855416629e-06
-7.040317929493557720e-07
-2.234672845706630601e-07
-4.473303603667331633e-08
1.950143646126208196e-08
9.195841233681650480e-09
3.104953936358657772e-09
9.772978325517495956e-10
7.188939359900839486e-10
1.116593120740989437e-09
1.006082727131585858e-10
6.476587930891584609e-12
3.731255476440461335e-12
3.007293850443179788e-12
2.691517213490027991e-13
-1.387310848053823443e-06
1.407320920867222540e-06
2.217973531207415921e-06
-4.870415347598913143e-07
-1.616154965888341580e-08
2.179729532122377590e-09
-4.640981346999076264e-09
-1.744320573266256121e-09
-6.791051125817314810e-10
-4.868267206992448595e-10
-3.542147838156068297e-11
7.623121939868592428e-11
-1.483777186932478285e-11
-4.244192736809505610e-12
-2.186091720575705964e-12
-6.111405479605095335e-13
9.778522570845958379e-14
1.468618033530594874e-07
-4.203509789472087573e-07
-3.652713197214311511e-07
1.605826689197925110e-07
2.599774374183827421e-08
2.507270534476155382e-09
1.066352459028340653e-09
6.602472792148693738e-10
2.596012957679820798e-10
1.722070664629964263e-10
1.437383149127067698e-11
3.057191584007078573e-11
-1.053068280248809639e-12
2.958888269185321303e-13
3.089854698986721413e-13
1.230248207884517885e-13
2.423335555796699482e-14
-3.511692187421719321e-08
1.447877596984072641e-07
1.372507172160399570e-07
-7.357261987916106651e-08
-1.322257261096088569e-08
-1.919781082074582641e-09
-4.504219300182287309e-10
-2.034364147406004533e-10
-9.291598615857490197e-11
-5.326792134436643903e-11
-2.549681597770634160e-12
-1.533893126959584799e-11
-3.632824205302967933e-12
-1.728367306170444951e-13
-1.248089013376521473e-13
-3.645136446900709620e-14
-1.240092329216567459e-14
-4.839227762026138375e-09
2.023813303590581433e-08
2.099665573298521372e-08
-1.402518091255946005e-08
5.031466449577526914e-10
6.162141578012685332e-10
1.458332795857949777e-10
5.904441112021370990e-11
2.734028092245160116e-11
1.058716977269287643e-11
2.497297200564054652e-12
2.210916548218421852e-12
-2.918838631727237400e-13
-4.416746086155978851e-14
-6.793173517974850541e-15
3.838073936857304909e-15
-1.692077641402894561e-15
-8.151397467283471191e-11
1.507650852932643050e-09
-2.998108108768629738e-09
-2.437864394286574435e-09
6.906047770489760554e-10
-6.967316334970239176e-11
-4.029769924768856071e-11
-1.474506966649074024e-11
-7.421591158020799968e-12
-3.241071004792664894e-12
2.288927549110624454e-13
-1.926494562460724382e-13
-2.382724037815875131e-13
-8.413974842384334893e-15
-2.263901901728825769e-15
-4.191737469575999306e-16
1.081706528888210021e-15
-1.589441470993438743e-01
-5.418707516740627755e-03
-1.832009553161244460e-04
-5.222257388195494324e-06
7.450306530169042180e-07
2.536691915562992092e-06
2.180192743670191037e-06
5.056009413874024827e-07
-5.888014616766582893e-07
-9.045297896983470496e-07
-1.507616057507390457e-07
-2.799315565543917450e-08
-2.131739557284823921e-09
1.889496042874177414e-10
2.904475302643238313e-10
1.307989267033258938e-10
2.163455189064683246e-02
1.858514977928509134e-03
1.093754198285278609e-04
4.183086640662411580e-06
-9.959908481448319593e-07
-1.051029097245931532e-06
-2.037664329990046920e-06
9.835906095089085325e-07
-2.874530738224296841e-07
-4.610504498170008681e-07
-2.270421129181182071e-08
-7.447716818911265190e-09
5.077424093354217228e-10
-8.445857434444948657e-10
2.785446871533614308e-10
-7.474633164128136850e-11
-2.398809635236596408e-03
-5.021855050776073866e-04
-5.179817203278911796e-05
-1.794711685167624094e-06
7.508924973602230759e-07
1.473430625574555971e-06
1.261829936185283901e-06
5.740514540680617597e-07
1.414854138154077962e-07
-1.905632801109471287e-08
1.063399957308739852e-09
-1.924927185284752027e-09
-3.905967268352288319e-10
1.868089216116906698e-10
-2.953668117186891134e-11
8.469446674005551395e-11
2.592243932241476101e-05
5.527957017315201637e-05
1.315448460186184454e-05
7.353150643935809372e-07
-5.789981517178315702e-07
-5.355431365482327415e-07
-3.735822985874662771e-07
-1.248907918014025803e-07
6.071250897774938556e-08
1.596984387066160595e-08
9.951032952556444101e-10
3.395568012466917509e-10
-2.740735189285200524e-10
2.622258250397480859e-11
-9.517506593696589978e-11
5.229380095030738456e-12
-7.461207241790904113e-05
-1.025958530509492142e-05
-2.770277030458391230e-06
-1.145524144034123967e-07
2.337269418442058790e-07
2.002573374226784894e-07
7.584452545449827796e-08
2.929183453458042814e-08
9.091851688838454239e-10
-7.921039446172113983e-10
7.171745322357339594e-11
4.776725263650091239e-11
9.022311393720401586e-12
2.281871221688144270e-11
-2.270875730834850927e-12
6.804994958118410667e-13
9.162139408456095618e-06
3.377915740964801246e-06
5.801449834390838563e-07
9.893050081583778957e-09
-1.045712491186673245e-07
-5.840968663825948655e-08
-2.051584596058201527e-08
-8.082672691610886635e-09
-3.690707977558120298e-09
-1.172930294494962367e-09
-3.174241906899804839e-10
-1.506866966276622620e-12
4.724598968206863731e-12
-1.156344740437409845e-11
7.453255909819350935e-13
-2.702013925670280807e-12
3.487506369629435460e-06
1.524762115126280859e-06
8.817541202079592220e-08
2.013995076358400340e-08
3.073711228063637712e-08
1.552579681264463119e-08
6.525721964857263830e-09
1.910725580192640681e-09
6.591030676472168434e-10
1.304621806484304746e-10
5.192721536938728339e-11
1.326044711467881520e-11
3.276710042266500750e-12
6.573747667590997179e-12
-2.516960407683872601e-12
3.341995600128949684e-12
-3.046649062084164125e-07
-5.583758806173255378e-07
-9.513166352049338452e-08
-1.571080583754305968e-08
-7.810998308004098104e-09
-4.058898920450501443e-09
-1.768748235765831536e-09
-6.260121733557514330e-10
-1.947307397322639146e-10
-3.317425660156563248e-12
-2.212942012188349294e-11
-3.177697283874122982e-12
-1.973689108491644448e-12
-6.835911703019543937e-13
-7.239088330417921786e-14
-1.236106372304914700e-13
9.408796661827646410e-08
2.521026135137936058e-07
4.759370753105449791e-08
7.595049937083556262e-09
2.241524418956593313e-09
9.921148611975885111e-10
4.518863668896880783e-10
1.617258564843664440e-10
3.748327458401625928e-11
2.788746891685865769e-11
9.157847881934560204e-12
1.019403750362767189e-12
5.376211907370859679e-13
1.742494851617904242e-13
5.465019633971335824e-14
2.338509420454469232e-14
2.448565663330333180e-08
5.296408884061945060e-08
-1.815134680412453636e-09
-2.140929780923155712e-09
-6.272543155358589440e-10
-2.477587328351434643e-10
-1.053963237813469059e-10
-3.774056339424896139e-11
-5.555740794078026557e-12
-4.168311747393019774e-12
-2.809671895231666436e-12
1.775162401674252690e-13
-1.100592588240876794e-13
-3.581837561555489310e-14
-1.666232676026725908e-14
2.747644463829319174e-15
-4.189056909537226356e-10
-8.212864629960827886e-09
-2.548482109373672037e-09
2.485056113359169962e-10
1.383617749845977917e-10
4.761027460888032780e-11
1.874236200499117032e-11
8.045123905045236467e-12
3.727006450113416903e-12
1.393201991888068847e-12
9.858512020647510238e-13
1.381693627469684857e-13
1.273089000946218192e-14
-4.588512503005618849e-15
-1.099219041686892189e-15
-2.478627275810593534e-15
-7.537136782911327271e-02
-3.840298121829160277e-02
-2.836738400229797761e-03
-1.538603985413311971e-04
-3.377039758244677364e-06
1.401796266236272508e-06
4.760064514332618812e-07
-1.930218759061725918e-07
-2.065789542867533848e-06
2.063037799899007351e-07
3.532945339292127338e-08
-8.906197073236088643e-09
2.569519884606280887e-09
3.294264513244556588e-09
-1.106704226740632871e-09
5.859796829423532984e-10
5.910781404329820839e-11
6.606859570540736266e-04
2.195862899252012078e-03
4.688915082119593123e-04
4.986855119543240675e-05
2.002021933359849560e-06
-4.111246158863020864e-07
7.211546542516952217e-07
4.848372879325825846e-07
-1.850609279610319801e-07
-1.939878816705618067e-07
-7.488269848995043163e-09
-2.253426493186038518e-08
-3.418796103432209162e-09
4.828947655931419592e-10
1.504894859794366415e-10
1.068765719865980670e-10
-2.999165386962754306e-11
5.276471923060483353e-05
-1.790655830287578415e-05
-5.513828080234526322e-05
-1.261037152938985703e-05
-2.060242500186614852e-07
2.662777269617662425e-07
-5.267633061801738754e-08
-2.334992024258434950e-07
9.298816859534441185e-08
-8.842022858540509000e-08
-5.326917737576026530e-09
3.372504797885539377e-09
1.577173744097093358e-09
2.297650495933700800e-10
1.916368662525536832e-10
5.912264874235309571e-12
2.643470318862036753e-12
2.992006575732718027e-05
8.029518859633302504e-05
1.067133415591837951e-05
2.695483877775417716e-06
4.979533817585932491e-08
-8.713172455783881976e-08
6.655470420541279471e-09
1.474760111500202528e-09
-1.361919240626528881e-08
4.837899590798764111e-10
-2.141886882975467193e-09
-1.499356595552382022e-09
-3.908749608513211909e-10
-8.910169050517128566e-11
1.181617729802173082e-12
8.247645852154078813e-12
2.368776067523878703e-12
-2.452240227797376617e-07
-9.086315982129768300e-06
-3.345493940011714916e-06
-5.431269667956544955e-07
-6.856287858428735777e-09
2.066745256210323744e-08
1.218593183163985414e-08
8.781452476886875977e-09
3.420371185133565322e-09
3.974602844565142118e-09
1.939339938152880242e-09
7.237725013031976653e-10
1.048826125594719044e-10
2.547798574265254008e-11
-4.996991868991973921e-14
9.348449111113904300e-13
-6.606394524970013765e-13
-2.976893476001358409e-07
-3.486305781103046730e-06
-1.530986373052840931e-06
-9.708876085975282081e-08
-1.365761234709539196e-08
-1.100602008143236699e-08
-7.592690646821729278e-09
-3.117296510970711279e-09
-1.238047678072852274e-09
-8.817696367474738174e-10
-3.426936883463934015e-10
-1.564417354056550897e-10
-4.032620855955707845e-11
-1.136268956027924752e-11
-2.210832238039531645e-12
-2.873101688244517189e-13
-1.582828705095717410e-13
-4.284236403391144974e-09
2.967283418153498930e-07
5.589900901095993006e-07
9.550789932405663565e-08
1.278128029317367093e-08
4.819853039049217878e-09
2.565857569981772041e-09
1.171641842199936083e-09
5.100009551136038595e-10
2.515935301013118562e-10
5.411254063617435374e-11
4.593654068103420427e-11
1.078919842457857330e-11
2.893964332822967739e-12
3.733993476873142129e-13
-1.336326349480115102e-13
-1.455255632981943035e-15
-3.493382481050116201e-09
-9.347725503124872204e-08
-2.521925266024378784e-07
-4.731232100971307916e-08
-6.924587455948463391e-09
-1.670210626702744423e-09
-7.926514272887601447e-10
-3.467542325465041476e-10
-1.550655823536106481e-10
-5.294328455069434498e-11
-4.019966734605150927e-11
-1.464694084390887368e-11
-2.752442574156372110e-12
-6.723845874820421747e-13
-8.346457377478214445e-14
2.233682457236471934e-14
1.168942461803983654e-14
-2.684816106718210220e-09
-2.494661936068812170e-08
-5.297735080554567476e-08
1.713118350507935700e-09
1.992538859759377416e-09
5.495037346078669721e-10
2.144381624744609220e-10
9.105697811739422910e-11
4.001102395114146800e-11
9.447423121642801790e-12
7.023750791577251884e-12
3.982918831695469968e-12
1.478341202346474993e-13
1.325091500286662934e-13
4.841949441107417751e-15
-6.606081886325484234e-15
-7.689693154868742170e-15
-3.857365253359969819e-13
4.573813694740158340e-10
8.233238234800389832e-09
2.635028944807384277e-09
-2.276154178912082651e-10
-1.447057444579025615e-10
-4.969547678837831916e-11
-2.066481400112948257e-11
-1.003397169824635779e-11
-5.216230001820620367e-12
-2.118026797400638021e-12
-1.171353550410276214e-12
-1.370550062859211599e-13
-1.147588228665785845e-14
1.502413808741076599e-14
9.071725586179110789e-15
2.819068673747002245e-15
