1.379519695112047806e-01
1.025999534149069747e+00
4.406985566473373139e-02
1.463165554534748194e-03
4.820805653314261144e-05
4.220364783153436749e-06
4.082837411941866308e-06
3.940059647556662034e-06
-1.949052546479400025e-06
1.212117658092221247e-06
2.453680476692039700e-06
7.097548750704134932e-07
1.092912536350507367e-07
7.999176657082358709e-09
-5.844141562756036518e-10
1.643442249348514883e-10
-3.662397539773070433e-10
-2.882210802350909304e-02
7.572642138160330660e-02
-8.089985200566343973e-03
-7.230097477825690906e-04
-4.119408592704804827e-05
-2.671790442191585975e-06
-2.022474134324765235e-06
-3.030665609457308561e-06
-7.582329057514880910e-07
6.017838393558284121e-07
2.375637643266258490e-06
4.168278093984929505e-07
3.678634476510923064e-08
-1.034264101676989338e-09
-5.790708015597233813e-10
4.128934330479559185e-10
-2.210355616960865312e-10
4.588104860899735148e-03
-5.176932522910683045e-04
1.251042395287314335e-03
2.827453088646010950e-04
2.730439619927701802e-05
3.341706500034595036e-07
7.557714107251075606e-08
1.976849394815961762e-06
-8.108393369312207960e-08
-1.632533555681017718e-07
4.763641151978903058e-07
-3.388935782366472642e-10
-6.797029833279070006e-09
-2.295182909328774641e-09
1.562523186306669885e-10
-4.060388484361880356e-10
1.755833808379284697e-10
-1.962975641605149430e-04
-2.347995239668071975e-04
-5.822875508326162176e-05
-4.175341540370536921e-05
-9.949196542515380501e-06
-4.180288335965618574e-07
-6.341221502578813118e-09
2.460857311336416037e-07
4.283867310847733471e-08
5.311876975366232490e-08
-7.264765776139128853e-08
-2.779187026976691670e-09
3.760819141018346333e-09
3.442479040376655194e-10
-6.053563128105765461e-11
5.945933974079205566e-12
2.892334960707748022e-11
9.886770505453733684e-05
-6.962592939419765426e-05
7.456169293042790079e-05
8.598084700421282719e-06
3.144363293728901134e-06
9.841911036929800522e-08
-1.225283939380690242e-07
-3.575585908178176964e-08
-4.168300225439525891e-08
9.770471166687025129e-09
-2.828364396261565761e-08
-5.657070079217038946e-09
1.451196255382112908e-10
-5.972447920368024522e-11
-7.201095460110499098e-11
1.940748857367024186e-11
2.458643416206681127e-11
4.410087321586426733e-06
-1.961662803609969492e-05
5.908624184838598314e-06
-3.299313005532846368e-06
-6.658612213131458474e-07
8.930638450935943373e-08
5.398331289566981855e-08
2.884195436385224675e-08
2.039991214205850858e-08
4.083901171960746413e-09
1.169427028873473361e-08
7.428929841674359990e-09
1.125952823993657335e-09
2.154356737279894153e-10
3.419650089466654950e-12
-2.217737429268719196e-12
3.056329633648694280e-12
9.610871363937948541e-06
-5.161937310920468693e-06
1.459522406370213714e-05
-3.467341955658267071e-06
-3.126037169570987510e-07
-7.246011292311971757e-08
-4.243016232923867130e-08
-2.869394088552463184e-08
-1.316313667063505587e-08
-5.001683755490493202e-09
-2.402943434274025427e-09
-1.091751088960356677e-10
-3.116483739321972551e-10
-8.807448880431155533e-11
-7.807082865980611962e-12
1.778620439797004425e-12
-2.654399516353493383e-12
-1.403262983215782121e-06
3.803566348847361807e-06
-2.229895070487558662e-06
1.713802198293189800e-06
3.300285977434065566e-07
5.638828978731903482e-08
2.552574440828237186e-08
1.237683340471510031e-08
6.433147101122542992e-09
1.999405327843351448e-09
8.261847949796247766e-10
5.265296991059901712e-10
8.244347474235700564e-11
3.341897294252690401e-11
7.515910290683257766e-12
1.206364343306835770e-12
-2.888124243065789400e-13
4.448533895705015994e-07
-1.747104229728750469e-06
7.162681311565731310e-07
-1.089958067421454349e-06
-2.080755254693937507e-07
-3.900382716279202066e-08
-1.143736162342562879e-08
-5.032044690174861362e-09
-2.145265645534808986e-09
-8.176548205005086151e-10
-3.963585241793929499e-10
-2.782318616056450363e-10
-8.548512690006267984e-11
-1.297261467411856905e-11
-2.543202346280762162e-12
-2.440638994060619056e-13
1.936252208359321281e-13
9.987351143451028412e-08
-3.299500126147401473e-07
4.219818096084697920e-07
-2.250118955306167949e-07
2.319417708316718983e-08
1.624188526756659456e-08
4.859465457237743680e-09
1.796725068262072666e-09
7.161234903733675533e-10
3.100250629993320139e-10
2.175074870506900775e-10
5.689035663141315553e-11
1.026490466576060974e-12
1.553355540230353571e-12
-9.021295126724751452e-14
-7.191810237860231718e-14
-3.895799800390589602e-14
3.460198303046569868e-09
-3.748432369024673884e-08
7.744488875007518385e-08
-6.965698686071921478e-08
1.452818753689297960e-08
-3.740165672419962651e-09
-1.506169920226070153e-09
-5.038977281505490621e-10
-1.790797696344959775e-10
-5.847213675449491907e-11
-2.860663010324428810e-11
-1.097626240979711071e-11
-1.559914208205490035e-11
-1.339016321422029435e-12
-2.453730138941333203e-13
-1.507532297461053074e-14
1.452047035936022256e-14
1.422973053582560730e-02
-1.455071507753194840e-02
-1.111952094025311878e-03
-5.971964549287659291e-05
-1.411386956925524165e-06
1.441259042034255437e-06
9.982609166801237625e-07
2.269695554916887987e-06
1.147675668457125761e-06
8.971651818052402045e-07
3.403539236071228195e-08
-4.249388805739581996e-08
-6.717202786423978422e-09
4.364297353384649046e-10
4.056211408577933808e-10
-1.824571085293600688e-10
2.517057992389033208e-04
1.150631646698206103e-03
2.649664772775683214e-04
2.711225365962385771e-05
-3.341218567969310406e-07
-3.699592410076317255e-07
-1.003111849585116884e-06
-3.243438003789536185e-07
-1.055403900199924551e-07
3.348270747150148304e-07
-1.640652382761078230e-08
-5.730159281520097082e-09
-6.685256940474715590e-10
-9.205326340771235624e-10
1.355546916830238276e-10
-1.190063375070990257e-10
-1.690914693218420342e-04
-5.039088695274632570e-05
-4.214668909240055155e-05
-1.025422447667268674e-05
7.647491038056164151e-07
1.163107513769224893e-06
6.910307631748876631e-07
3.198011121378797076e-07
-2.270910005630192317e-08
-8.317576585379858090e-08
-1.384991217740499255e-08
1.944941350693413227e-09
6.339697961712181096e-10
-1.604324857602362025e-10
-1.457774173753011640e-12
-8.879928721754447026e-11
-2.691676739365561380e-05
7.838816722465870356e-05
8.919101184436481087e-06
3.159659071471758682e-06
-4.124327104631286889e-07
-5.204194808914627540e-07
-3.231127709183031753e-07
-6.738619012292107029e-08
-4.210649014792356975e-09
-2.159508135224992243e-08
-1.789536959076882885e-09
1.229418659690756777e-09
-1.594735211485699904e-10
-3.485537699285019000e-11
-3.937073460845936896e-11
-2.387214760472611223e-11
-1.713072498660946641e-05
6.532504639692443634e-06
-3.407846459194598916e-06
-4.990346562012725424e-07
2.449283597022786560e-07
2.861383264150518177e-07
1.308740855725641515e-07
3.340199152817058787e-08
2.892788701364321402e-09
8.251491488682893782e-09
5.973224447468453801e-09
7.586927689105728658e-10
1.295230961042052274e-10
3.267366762939417274e-11
-5.575616031190907433e-12
6.294103661997623591e-12
-7.160750741093032218e-06
1.443047419377505551e-05
-3.462404126100134560e-06
-3.938597759762940781e-07
-1.505582760597842861e-07
-1.017515382322102462e-07
-4.371840581738385746e-08
-1.733670221112341801e-08
-5.065972012261026748e-09
-1.529956882516907652e-09
3.440480734067489372e-10
-1.984930734451598492e-10
-6.804276392825270378e-11
-2.396404856722400691e-11
6.336599599858813084e-12
-6.771576512950102289e-12
4.044227462926130633e-06
-2.212024523059442099e-06
1.727150655403577739e-06
3.571325802915145523e-07
8.300786427468609543e-08
3.617301466363658319e-08
1.712718487392202556e-08
7.067135176447782144e-09
1.559107574272106764e-09
4.507427481000820773e-10
3.673965319348955420e-10
3.768220860959691841e-11
2.769811533703481113e-11
8.643936696829342127e-12
2.443383017840180451e-12
-5.521900018755850787e-13
-1.824384304169078659e-06
7.069470865766945256e-07
-1.096216165438071110e-06
-2.162936726202370358e-07
-4.543812985071385902e-08
-1.512394573993933842e-08
-6.138871062046087168e-09
-2.288955273094337238e-09
-6.626077401403593288e-10
-2.796789881744773823e-10
-2.247702790177789572e-10
-6.999842509546408023e-11
-1.122955223964722357e-11
-3.246331588764738628e-12
-9.937649172775290571e-13
8.742643658650555974e-14
-3.438181500070210331e-07
4.226826596650808280e-07
-2.230589106403968281e-07
2.539537673981417759e-08
1.795838930852129480e-08
5.581050504113663516e-09
2.118123596164829649e-09
8.051285103330464590e-10
2.732261243567381389e-10
1.814562682394434843e-10
3.875221775719524122e-11
-5.428198604597635274e-12
7.801275155761414226e-13
1.549909177059735195e-13
2.949907536767977839e-14
7.399225162900676314e-14
-4.185444425444189597e-08
7.787390111342991214e-08
-7.198511205227806785e-08
1.368120731448245365e-08
-4.117220879981887399e-09
-1.940619680217614765e-09
-7.053393314368085672e-10
-2.201951204867558016e-10
-7.160812998079999267e-11
-3.448715355616065556e-11
-6.787440478958543783e-12
-7.224232101319820593e-12
-1.280832143045038485e-12
-2.157280408390908523e-13
-6.459398971583077576e-14
9.011508134587672732e-14
-1.016814281179835078e+00
-4.378019919365647855e-02
-1.454503942275467508e-03
-4.614240865062135751e-05
1.030765363828496662e-06
4.551001827568125417e-06
3.888344612943956542e-06
2.561766482495580283e-06
-1.138906562438709381e-06
-2.449871550989596604e-06
-7.164275847899567317e-07
-1.134043662611482830e-07
-1.278534253406437295e-08
6.435058426531933553e-10
-1.378358360711637252e-09
5.874506220869174844e-10
-8.026709263434331221e-02
7.836262410768865191e-03
7.124798755513171234e-04
4.151119566151468957e-05
1.813754290117395057e-06
-1.374958446025162172e-06
-3.647432964218269534e-06
2.004168079367370629e-06
-6.716026607061607731e-08
-2.242481175122261716e-06
-3.971597168892158957e-07
-3.144424622469097990e-08
9.674189493905990662e-11
1.678535153604956901e-09
-4.109917494545124197e-10
2.282042526747467319e-10
2.283850704885658552e-03
-1.093319303741746963e-03
-2.771828470629424698e-04
-3.003184416519748254e-05
-5.744384824742689937e-07
3.389147759007927177e-07
3.134136668766719628e-07
-8.021806124524450811e-07
2.453474969274114828e-07
-5.048112984292955962e-07
-1.758773695969478814e-08
-7.845929904267893776e-10
2.219034143677728315e-09
-6.583458167446708151e-10
1.301457765607476006e-10
-2.892909222047494766e-10
-4.024180082759375610e-05
3.607406139743715578e-06
3.906542534262915257e-05
1.109515050596730783e-05
2.432936521915302062e-07
-2.136152211613660548e-07
-3.335354710066066748e-08
1.787316712080657419e-07
-6.375621117485170407e-08
1.036281016962609923e-07
1.303145760410399008e-08
-3.243237125706855585e-09
-4.763546542256300814e-10
-1.857812589203399352e-10
1.006592780355520334e-12
-1.042647333669292505e-10
1.399262236908006796e-04
-5.842003311792122656e-05
-7.862595672175005774e-06
-3.820994370543086227e-06
-1.053119511495975374e-07
1.007572203160381678e-07
-1.148094954340429903e-07
2.285456810465867937e-08
-2.793683678777453595e-09
1.589180360522407030e-08
3.217486966402088349e-09
-5.119578776575851071e-10
2.660651120955719449e-11
6.196360737239077271e-11
1.105566558745371278e-11
-1.595007713906700662e-11
-1.488784892254213603e-05
-1.056756706911883377e-05
3.226374082321947418e-06
9.247658383577711313e-07
1.989109679535720760e-08
9.459996810860137621e-09
1.505043619655018950e-08
2.553724768394540553e-09
-6.058634244164135008e-10
-4.871618378454137571e-09
-6.284004727683440567e-09
-7.796187458434155162e-10
-2.145391145306402231e-10
-1.968452577229557451e-11
-8.877226076088356313e-12
5.350639726039874023e-12
-1.186291674961429883e-05
-1.537400738408359474e-05
3.346201245735482523e-06
2.055331015324267662e-07
-8.166159071853647283e-10
4.595561659921189697e-09
7.129162292642872130e-09
-2.035264225570001437e-09
2.768481141022256322e-10
-7.796302319351364562e-11
-3.399135768606614347e-10
1.941637208700057758e-10
9.752296051886045728e-11
9.268526957443063387e-12
3.638640370337190306e-12
-3.378773894803262420e-12
4.334041360195218681e-06
3.602179669692823237e-06
-1.550715519400063722e-06
-2.710942785144688942e-07
-2.104002695103505404e-08
-6.358809409102659938e-09
-3.293907344483796609e-09
-1.018007449764274926e-09
-1.171280935721463870e-09
3.960403467580666376e-11
-3.785319729359154798e-10
-3.173816278096136317e-11
-3.079094747552527538e-11
-5.997220386647737789e-12
-2.608098534733875041e-12
1.071839713052937363e-12
-1.953401919884775552e-06
-1.724082755782297136e-06
9.553961559782988282e-07
1.770074706022064406e-07
2.424946809153017969e-08
3.840750292776762027e-09
1.536297365477121817e-09
5.452837865017714344e-10
5.468563254601014092e-10
5.282209409556149938e-11
2.174073397853576603e-10
6.596288396827690783e-11
1.202758974074229708e-11
2.328239279226022299e-12
7.877947205983725566e-13
-3.559440918392486675e-13
-4.135144427580566044e-07
-4.116356714660356402e-07
2.760307826330084161e-07
-9.007324764518261491e-09
-1.073877426749817148e-08
-2.364379397549569948e-09
-6.924428904300805554e-10
-2.927251920642729645e-10
-1.127059846545021096e-10
-5.211661938709652870e-11
-4.517261897364588074e-11
4.108643741439379294e-12
-1.718360512665434561e-12
-8.305620436787247542e-14
-6.696045191127270569e-14
1.249630189642518759e-13
-4.564395338557024118e-08
7.809904394819103543e-08
6.415659149891808466e-08
-1.889827512307499221e-08
2.134848919089508312e-09
8.418783149636844269e-10
2.289204760912623326e-10
1.320806256989041734e-10
5.381531427404876014e-11
-4.343253283064546864e-12
8.828239136635119925e-12
1.461614224121434472e-11
9.242286788983883617e-13
1.195828649257558339e-13
-1.707660022536251058e-14
-2.200833464123166664e-14
5.037075568482930754e-02
2.117352316529814982e-02
-1.418621155264654203e-02
-1.100308986046591095e-03
-6.256547057778182790e-05
-3.325184563280224290e-06
9.895236408127185886e-07
2.859096374677915779e-07
5.490963702770587209e-08
1.111184570422831842e-06
9.509545857072608487e-07
6.304325669846321577e-08
-2.886622157427064601e-08
-6.476814606809438804e-09
-8.064226512140332462e-10
1.107391061239891631e-10
-2.691208062497534958e-10
-4.232206465968315658e-03
-1.396441308413412215e-03
9.975927461255225306e-04
2.573039515707411075e-04
2.862812582431417812e-05
2.193447649222933552e-06
8.377695468727279145e-07
-4.572696721789106092e-07
4.337908965593949477e-07
-2.033488882834299502e-07
3.175252994051187646e-07
-1.968945627312431627e-08
-4.768494620897701323e-09
1.282660383017072661e-09
-7.100429369334792664e-10
7.546073937927493551e-11
-3.356598822870364584e-10
1.773893659405945773e-04
1.102972038543495567e-04
5.357576618793672256e-06
-3.939272417953407326e-05
-1.171080318925072450e-05
-1.523093268259495966e-06
-3.528176528368087945e-07
-9.096846732000217625e-08
9.232201235315976136e-08
2.650249177641744067e-08
-8.510131065960205426e-08
-1.232477722570166428e-08
1.544780075619744123e-09
6.260822331015745878e-10
-1.112577775544729310e-10
-2.689542073906187748e-11
1.303778776440284968e-11
-1.127963565183996502e-04
-9.973847653769046535e-05
6.126245130981437337e-05
7.984072309750033867e-06
4.198561129061432596e-06
7.851670506738843003e-07
8.653373629414290562e-08
-5.180587858203806267e-08
-3.565695837359061739e-08
-3.043423870223586397e-08
-2.100271365538583757e-08
-2.748719965501371277e-09
1.437259864176865930e-09
-2.223155977872134028e-11
7.113793598292635583e-11
-4.445498421095065686e-11
-1.101243925228900934e-11
-4.980435827004551364e-06
1.767229892748505617e-05
1.135552299910169229e-05
-3.227941174696351406e-06
-1.177915871529050485e-06
-2.080839938034857659e-07
9.055447711358383724e-08
4.962774693578947118e-08
1.242913449571950727e-08
7.118596786174646777e-09
5.489799242065444896e-09
5.743842181865994228e-09
5.576263264717612431e-10
3.589907553994847399e-11
1.171816747839548483e-11
1.421580320383446793e-11
2.439120781259103892e-13
-9.476397606299086929e-06
9.698505205421219862e-06
1.517511670835064350e-05
-3.309311234891924113e-06
-1.026570990550515093e-07
1.635592442583313184e-08
-3.136187919722364543e-08
-1.394954435396876329e-08
-4.052729879590946166e-09
-3.044779592333554613e-09
-2.909260914857422687e-10
4.703207195813540560e-10
-1.086345086601038114e-10
-4.621116312091437376e-11
-1.215584882875639062e-11
-3.607546380018243697e-12
9.031425101454441827e-13
1.436670214872673159e-06
-4.051698855150085212e-06
-3.577108243278172780e-06
1.533347047650965662e-06
2.478578070204632404e-07
2.125255185797727229e-08
9.283313704105322412e-09
6.405158714708149173e-09
2.646170590951858770e-09
1.616201300440694185e-09
-3.095906363937696170e-11
3.176947875864543761e-10
-8.400091400364688913e-12
1.230937853690671376e-11
4.364290669146638312e-12
9.004401744490410133e-13
1.869444516141675914e-13
-4.455067287596645291e-07
1.869057113688019656e-06
1.717343587395061129e-06
-9.501399902434334839e-07
-1.731993575238839612e-07
-2.465733391431200065e-08
-5.878320187756415114e-09
-2.436980933790466444e-09
-1.039440080194918520e-09
-6.545073035736171304e-10
-4.969835207462418188e-11
-1.928380526009652133e-10
-5.016166725084472174e-11
-6.377416983315315475e-12
-1.773962513284562315e-12
-6.029494095873584607e-13
-1.291788544542915685e-13
-9.439107699680997072e-08
4.003788619579268581e-07
4.105972858515658793e-07
-2.772854848626784860e-07
8.975425075259278496e-09
1.137833513416594113e-08
2.712318599199369368e-09
1.014731757605096287e-09
4.832382728919130928e-10
1.480499136690957638e-10
5.006297904211373624e-11
3.617099723922876596e-11
-1.117826411199055330e-11
-1.713862025605830168e-13
-2.145135645042663472e-13
3.829804876413257348e-14
-2.527300443318681766e-14
-2.108208499610856231e-09
4.220511948636853643e-08
-8.425614120961974877e-08
-6.720614293357579770e-08
1.909595105501977484e-08
-1.946991013756335384e-09
-1.041477243076961244e-09
-3.668832399381550015e-10
-1.624902017192376581e-10
-6.771302172846799024e-11
8.722577279059612433e-12
-7.067931387662575471e-12
-4.994756327811116275e-12
-4.887468534924900459e-13
1.537025569640635656e-15
3.402452616926926296e-15
3.717586676069885991e-14
-1.571195045787204536e-01
-5.178400210585891277e-03
-1.648144031240228490e-04
-5.051953182631465470e-06
2.958794455199968333e-07
1.625901251309642588e-06
7.792600801124071254e-07
-1.763623847203856840e-07
-9.223352164478543734e-07
-9.648031731262691396e-07
-1.640943078438517450e-07
-2.014230378898813182e-08
-2.655507502387046062e-09
2.971831192492283802e-10
1.793737293581349264e-10
5.137821729447112117e-11
3.031323732977387123e-02
2.548405693348778679e-03
1.440437492238875506e-04
6.427360139276547791e-06
-1.013635630028257859e-06
-1.100512655354069243e-06
-2.978110840566464990e-06
1.681066226365890465e-06
-6.855330811925478250e-07
-6.576188466527084794e-07
-4.598921840422146584e-08
-7.293750656921796666e-09
1.288756828703941101e-09
-1.108279779495094408e-09
2.938055575574407681e-10
-1.455696488502809736e-10
-4.787306943462137261e-03
-9.841305717046742139e-04
-9.913654581026828689e-05
-4.052181500553359161e-06
8.496268114600130763e-08
1.875210325221438059e-06
1.893812532488151561e-06
1.370523614999360759e-06
1.773159736005721998e-07
-3.548659212116851412e-08
-1.323378341021629353e-09
-5.550344262773483281e-09
1.726917811380222851e-10
1.300691336452995773e-10
-1.731704713166837730e-10
8.895114149585749588e-11
1.250849969123237393e-04
1.595732407937853949e-04
3.586077542577561101e-05
2.207079815625121490e-06
-8.715239393218201690e-07
-1.213486487081077687e-06
-8.715065942087104331e-07
-3.240002611933790876e-07
2.102587767219870201e-07
3.194529975007522176e-08
4.277801491331382012e-09
3.389658105117483835e-10
-8.912879426046009341e-10
-2.507493614972923889e-11
-2.229376827389977317e-10
4.458085678821080835e-11
-2.303178046934920540e-04
-3.537910730327707096e-05
-1.092857140898264833e-05
-6.080254774700575756e-07
6.549772152140633459e-07
6.025527968908323164e-07
2.734104830267891801e-07
7.936846347179191050e-08
3.059075677028396803e-10
-9.362345245828986504e-11
-2.750890108316240852e-10
6.063564173940943895e-10
-1.837433949391953542e-11
9.157256723523851028e-11
-2.129429928226638045e-11
5.128206172830016295e-12
4.131387207575827549e-05
1.562897411372572449e-05
3.219032135591157643e-06
1.177073599471485905e-07
-4.534625949923039930e-07
-2.613895854570069554e-07
-8.673731680660685646e-08
-3.183602918309256464e-08
-1.733149501838639904e-08
-7.032766349904586348e-09
-1.262934173800847421e-09
-2.197523706198595553e-10
-8.373478666080296605e-12
-5.776500341659109989e-11
4.534934917291614499e-12
-1.299521461655601082e-11
2.410673400748875088e-05
1.041284935466060666e-05
5.470818286278257568e-07
1.159115507979145867e-07
1.932788146812240840e-07
1.025638246996666063e-07
3.954169958950468061e-08
1.184559026954917623e-08
4.880870284554287218e-09
1.162067462858635650e-09
3.595455353243804568e-10
1.369452765907052008e-10
4.204646988456013811e-11
3.266377842778076098e-11
-7.465144511486681955e-12
1.153782821058090635e-11
-3.026800954677454666e-06
-5.302949463022055089e-06
-8.890847263893375913e-07
-1.388600779269871420e-07
-6.907926203527932278e-08
-3.696735971627557919e-08
-1.590128504587881773e-08
-5.557599891391996952e-09
-1.643019899709104099e-09
-1.420912191300189983e-10
-2.021637390611998588e-10
-5.363849592508053234e-11
-2.515387680249354930e-11
-5.908644056120696759e-12
-1.288221870178538501e-12
-2.847874047243699274e-13
1.149579482242509214e-06
3.234260250766895277e-06
6.202195155665341407e-07
9.751738295227660068e-08
2.855981059149867258e-08
1.257484985842961338e-08
5.557906785402329421e-09
1.984533861689582784e-09
4.129972288626245243e-10
3.842154604669638077e-10
1.235145343179318463e-10
2.420454995130891544e-11
1.074249957032923993e-11
2.624157474188784372e-12
5.320673071388455880e-13
1.765943500778356001e-13
4.740299994538409016e-07
1.036210283217133356e-06
-3.089023455148599538e-08
-3.959391879316269476e-08
-1.138138161598540465e-08
-4.315991483511085238e-09
-1.843462766303936471e-09
-6.757793383683037032e-10
-1.260251587326753179e-10
-1.045288226255147208e-10
-4.624514314558477281e-11
-2.415904835748999806e-12
-2.295775079422347593e-12
-8.012442369824690268e-13
-2.347645584450100440e-13
3.724457592684796641e-14
-1.087241882063525537e-08
-2.296333711928803322e-07
-7.150830665900568089e-08
6.488070538165742128e-09
3.437282344609631494e-09
1.114995866660673711e-09
4.566132654555977996e-10
1.944235844324517692e-10
9.121146930212248658e-11
3.748666253887804492e-11
2.730652636359177975e-11
4.671957660710240133e-12
4.244695745486938775e-13
-7.358356014596616773e-14
-1.401822630159995554e-14
-2.733412567433314894e-14
-1.062449043852305708e-01
-5.382587370111319158e-02
-3.897319747409591032e-03
-2.067978953923198780e-04
-6.891076387718106035e-06
1.946408883342129572e-06
1.750138246414198704e-06
-3.310016896952659629e-08
-2.253306143777289561e-06
4.036668370970309346e-07
1.408116627736867451e-07
-5.144799651070634994e-08
-6.910278542783450928e-10
3.187324941291501693e-09
-1.431430227170412489e-09
2.939894056276487997e-10
1.707801709449527384e-10
1.331524920720691474e-03
4.379858343268957024e-03
9.178778809670320657e-04
9.376065470694139477e-05
3.261099178486320772e-06
-1.467740547841015743e-07
1.333086557073694234e-06
8.193597959762300327e-07
-3.654707914961131929e-07
-3.506379791322515383e-07
-3.807544580155193804e-08
-3.282526382437697874e-08
-4.898498782269413783e-09
1.367165904065974538e-09
3.424643617849681541e-11
1.199923210453954195e-10
-4.683433087294421195e-11
1.142510856473363785e-04
-1.092099452027291866e-04
-1.595954075712152545e-04
-3.440226231749419681e-05
-1.540288192585189272e-06
6.974316231514906020e-07
-2.463972086544753719e-08
-5.605916119398862208e-07
2.443263999220788273e-07
-2.649190879477217548e-07
-1.501734156692014512e-08
6.124720149898449897e-09
3.651562707336832490e-09
2.253919281887178556e-10
3.174564035372103093e-10
4.045869317275734953e-12
-1.985363081654612302e-11
9.060375386102258362e-05
2.472716421192295579e-04
3.642190460042801417e-05
1.048228038022179725e-05
4.099506694155627612e-07
-3.639393854643692508e-07
2.260695267467621463e-08
3.284784856714854722e-08
-4.251388074892564815e-08
3.315549167961760813e-09
-8.638746255062290566e-09
-4.487037286976401300e-09
-1.188020512463089915e-09
-2.653804302649072488e-10
3.179460411546173695e-11
2.969782204769931299e-11
9.935081287105463572e-12
-8.892043641917221453e-07
-4.093736174736117638e-05
-1.532073759485219595e-05
-3.089016367493997409e-06
-5.645656300869426735e-08
9.310535801023403790e-08
4.308473139501725134e-08
2.855494760087158013e-08
1.268010313218368502e-08
1.892929841118131413e-08
1.066551863616157832e-08
2.937606255719228287e-09
5.426331533209709146e-10
9.355939051949524303e-11
-7.442716462249061750e-12
1.475722983524112971e-12
2.300315636680215084e-13
-2.064901396445739127e-06
-2.413139482330040983e-05
-1.049108855079981043e-05
-5.867099440412225519e-07
-6.927256307236278302e-08
-6.455010854767113552e-08
-4.693610653746044245e-08
-1.753650948019286008e-08
-7.950765597366492760e-09
-6.426182021619879100e-09
-2.556407446172605816e-09
-9.164327068794322745e-10
-2.814483225043515572e-10
-5.911933302902325505e-11
-9.328866758398305138e-12
-1.860154582903811041e-12
-1.548243303296202620e-12
-1.521435631477466587e-08
2.971475424461702466e-06
5.310902697789253640e-06
8.897671808722544058e-07
1.087778107783241843e-07
4.029576017145191121e-08
2.288562581929832594e-08
1.069677267600163103e-08
4.629580634382860075e-09
2.165136963535237934e-09
5.768274063515742253e-10
3.824900368460844137e-10
1.049590652487992055e-10
2.457902699600548789e-11
2.270445267374956200e-12
-6.621254952916713474e-13
1.598136861769836910e-13
-3.080727851728797251e-08
-1.142274032089667211e-06
-3.235213873664438680e-06
-6.163387929013492898e-07
-8.792868216309529795e-08
-2.094703781223102444e-08
-9.891887105910169656e-09
-4.315023451136062383e-09
-1.933302486099504744e-09
-6.158195337665111098e-10
-5.261762051537879582e-10
-1.820399332622666402e-10
-3.975724119808040200e-11
-1.026378075309768006e-11
-1.311173077252764313e-12
2.742846187374499769e-13
1.580010778439309038e-13
-4.936570677524984218e-08
-4.813480092809281479e-07
-1.036844900694612120e-06
2.890187226551504903e-08
3.640254992061722423e-08
9.840079702904751952e-09
3.784380410502257948e-09
1.637422144620749951e-09
7.326415812553705246e-10
1.988940714647000922e-10
1.520762869816028718e-10
6.111867814673937598e-11
5.615911855812192961e-12
2.153292090247551086e-12
1.914347364834921458e-13
-9.783873501524980153e-14
-1.116185360301658583e-13
-4.297064546307818176e-10
1.223332474302673960e-08
2.301001485025382518e-07
7.451603738315055495e-08
-5.715232644910375825e-09
-3.713102977714968118e-09
-1.279121853034658689e-09
-5.378837450491273342e-10
-2.692753017700227114e-10
-1.388851790446125521e-10
-5.861555336828581668e-11
-2.890541670494921623e-11
-4.379462111979033339e-12
-3.148861113843332944e-13
3.284654580207045168e-13
1.649254868338279482e-13
3.604942146409177270e-14
