1.391253385203557180e-01
1.025408508104073801e+00
4.440261881568826480e-02
1.507658476656284366e-03
5.185858165773773944e-05
4.836998900715062939e-06
4.203848275680870689e-06
3.147149201500942036e-06
-1.876948726210435085e-06
9.092425482572745971e-07
2.138524426087589377e-06
7.077936598443364166e-07
9.287137281354433276e-08
9.581089188181837532e-09
-1.028669870920059931e-09
1.342706004824385934e-10
-4.926161209350804138e-10
-2.364485679467254187e-02
6.180058574135608579e-02
-6.636329720684637674e-03
-6.029392377993662800e-04
-3.475276977844584915e-05
-2.318307715548577958e-06
-1.967941078855529506e-06
-2.943831676070517407e-06
-1.569594783605357190e-07
1.670556897215174021e-07
1.787873835733062887e-06
3.403919490222363836e-07
3.137575264509083915e-08
1.030144812731422115e-11
-8.779974695900825490e-10
-7.697659466060263946e-13
-1.441396655885723126e-10
3.067864304151724213e-03
-3.262237362800567229e-04
8.372129033725700473e-04
1.913244200694345183e-04
1.950089942640452278e-05
9.763437470973216037e-07
1.161950278056353977e-07
1.400335639735541985e-06
1.141696663343244886e-07
-4.855645082975039736e-08
3.076789581374510985e-07
-9.855117842981709909e-09
-7.029634762173684197e-09
-2.449626769967999517e-09
-4.774852468647797254e-10
-5.987043130736430753e-10
7.149503287192827912e-11
-9.759785839236717706e-05
-1.424818874152473176e-04
-2.636082348170916821e-05
-2.197351732734829195e-05
-5.548860213649717386e-06
2.173653645213351386e-08
-6.799568856405452786e-08
9.409853262909674076e-08
3.443561969786681798e-08
4.856642655648004928e-08
-4.570653769228593211e-08
-1.993262306672871906e-09
2.388798199025245100e-09
5.793273323121885119e-11
-1.214530757077153394e-10
-4.092159703004525197e-11
-1.189603421528481052e-13
5.073966969932387240e-05
-3.770145071553142237e-05
3.787645594240079256e-05
4.113969327960473667e-06
1.449226256426809723e-06
6.618192985489368812e-08
-3.387665459003632360e-08
-1.515926836954590958e-08
-1.970579457305242295e-08
6.477146518209915724e-09
-1.374285372820386025e-08
-1.856767499710683674e-09
-9.232290050196017392e-11
-5.348605786161796331e-11
-5.228709267695808902e-11
2.031815658035267239e-12
7.050706545832504920e-12
1.694764368800479361e-06
-7.973227189293582051e-06
2.472172128987381149e-06
-1.372611891484977857e-06
-2.187802027626399272e-07
3.224228995922053008e-08
2.523450901006919975e-08
1.460628094957815240e-08
8.052822419516849116e-09
-1.413018558905670338e-10
4.004137955449325210e-09
2.832556921651864710e-09
4.665489031705623682e-10
8.649757292422294038e-11
1.369260407515497193e-11
9.505153368452271798e-13
9.715752528153670432e-13
3.128312193122271588e-06
-1.674017349660528703e-06
4.727128231422619088e-06
-1.135280693468076241e-06
-1.068984423100784570e-07
-2.628491447193026218e-08
-1.572385630914368218e-08
-9.688207869424916958e-09
-4.406313861295065903e-09
-1.582198142022281403e-09
-7.762556422299328113e-10
-2.791858964054299015e-11
-1.075160098108707538e-10
-2.652585362457636496e-11
-5.249033175866436669e-12
1.299090400670460279e-13
-8.072677190641151210e-13
-3.689788665171971811e-07
1.017028350670463098e-06
-5.750788913271845670e-07
4.613934829695768656e-07
8.907660442049692392e-08
1.603708357797588287e-08
7.364304128697893937e-09
3.462112584057507502e-09
1.649770584208557107e-09
5.011741667026317440e-10
2.583841639975123482e-10
1.373227643157135301e-10
2.131408925034110101e-11
7.569650873670535631e-12
2.033984512339981711e-12
4.198802336994564350e-13
1.515393659085463622e-14
1.013678107558920537e-07
-3.873426914889866615e-07
1.695158967537604458e-07
-2.444504230029783740e-07
-4.633511124389095773e-08
-8.862701513868720743e-09
-2.596120854655550112e-09
-1.179158434682358558e-09
-5.111335443471516770e-10
-1.692645228343317232e-10
-8.160980476057934457e-11
-6.580657339408792965e-11
-1.862567986507129556e-11
-2.469830413625835247e-12
-6.474247344481308527e-13
-2.775464208407134162e-14
2.672467021553881528e-14
1.746162117942786545e-08
-5.657727277483267112e-08
7.430432891926950535e-08
-3.832486075172584139e-08
4.327776775359512056e-09
3.006371678751222664e-09
9.162490522028209749e-10
3.549442803592031873e-10
1.421421788103583343e-10
6.341845490729503087e-11
3.864806309950206330e-11
1.185389432625664544e-11
8.663000073726796357e-13
1.244683425097603840e-13
5.386891969327974814e-15
-1.054968108808249576e-14
-9.109884413963458490e-15
4.748377323651106929e-10
-5.319694640324083006e-09
1.104598900231754327e-08
-1.011205161397838262e-08
2.035862992028726131e-09
-5.489829448914265356e-10
-2.364589260199487438e-10
-7.912734725880938397e-11
-2.865148208865107090e-11
-9.935280671532767889e-12
-4.721512672610567704e-12
-1.225013122320417910e-12
-2.213894494547203736e-12
-1.858510775992979199e-13
-4.488078381011501874e-14
-5.880503278156167209e-15
1.255394464148384478e-15
1.158520170153172837e-02
-1.194145680909654630e-02
-9.257493214148019081e-04
-5.071407889018418965e-05
-1.104303665745873088e-06
1.233022789024137545e-06
1.224057526976125363e-06
1.628970052450484081e-06
6.129845031529374134e-07
6.611853673934411747e-07
5.961449831058906196e-08
-3.036530889324057960e-08
-2.739696681729814631e-09
6.717704897867193978e-10
9.264796348206115297e-10
1.012053418386072702e-10
1.794620093610288221e-04
7.675598520507406330e-04
1.787543028604128992e-04
1.866029258401698902e-05
-5.354005171348194409e-07
-6.484091326004308408e-07
-7.879819854321366153e-07
-4.442314617918368466e-07
1.901297073031846753e-08
2.190476579222486957e-07
-3.251157308455623584e-09
-5.643968080026892499e-09
-4.692976942201020570e-10
-3.501471300675639685e-10
2.487986462589916618e-10
-1.406141050740333410e-10
-9.809846474779339916e-05
-2.131378782597883906e-05
-2.225677935838514160e-05
-5.558159552687885851e-06
4.420958864366773278e-07
7.372991340574084519e-07
3.124310420662802955e-07
1.627112865566564331e-07
1.839295122029472974e-08
-4.814117004007120505e-08
-8.806332813394287289e-09
1.502597157008023541e-09
2.475462106697104046e-10
6.897043009656998718e-11
4.026677411975706114e-12
-3.381041699480164071e-11
-1.540838649171675923e-05
3.986039058433959173e-05
4.311740285264263338e-06
1.319827494078841875e-06
-2.432593350495584077e-07
-2.699499602559450529e-07
-1.784857273205051341e-07
-2.816151173621293076e-08
-1.894318636333931669e-09
-9.984530128639038097e-09
6.718904085194357386e-11
5.500369494098723470e-10
2.410181555905801771e-11
-1.105366812550580178e-11
-2.384543665259354192e-11
-1.021684935937985339e-11
-7.003339107756025206e-06
2.707310483615332927e-06
-1.385874630867047087e-06
-1.497250560035207887e-07
9.857058707236424853e-08
1.190708879814824688e-07
5.301343453254548159e-08
1.376976566352744452e-08
-5.972894131165398255e-10
2.567836253318296383e-09
2.233482808977700231e-09
2.728014460702351290e-10
5.105054548114426510e-11
1.758346280113883816e-11
-7.734325156788737779e-13
2.882983479391002541e-12
-2.318202235124339196e-06
4.678371379260392760e-06
-1.137504873005215086e-06
-1.350133656687539457e-07
-4.949506553695382423e-08
-3.510851304041899001e-08
-1.441859449964889629e-08
-5.865435027891500851e-09
-1.613774806773998325e-09
-4.733276967926791903e-10
1.410761791854106637e-10
-5.609572496850940176e-11
-1.489736268574127486e-11
-9.472549611823434356e-12
2.426022537703706198e-12
-3.255730750678827235e-12
1.078381354018046289e-06
-5.701300654424564030e-07
4.640645429998336142e-07
9.660361594482102401e-08
2.297679140591174491e-08
1.017828189565497484e-08
4.739211183585516211e-09
1.871877621213592761e-09
3.925038086230872020e-10
1.539739507159102975e-10
8.747443164647556460e-11
6.185433750653856358e-12
4.664246289952681716e-12
2.131649925753250605e-12
8.186615625034413628e-13
-4.874730584658994171e-14
-4.059243018774959139e-07
1.671618410621296058e-07
-2.456291416295825074e-07
-4.824532974063611491e-08
-1.022296337118974085e-08
-3.442198970624124860e-09
-1.438828822547738000e-09
-5.508374607210204484e-10
-1.334514282450528888e-10
-5.411819491407061813e-11
-5.196861970920038480e-11
-1.415365926777447484e-11
-1.634405393570131501e-12
-7.489260369952439851e-13
-1.996837658662032879e-13
-9.583736015063562203e-15
-5.906429406540757294e-08
7.448225111807626260e-08
-3.804739018513343205e-08
4.694814183915285569e-09
3.292630620352256418e-09
1.035325718716101271e-09
4.119246147028851437e-10
1.567316803322294918e-10
5.626574964430865209e-11
3.160799409388920004e-11
8.289894493718831588e-12
-3.913358998294962175e-13
-5.448961516722854369e-14
5.432728853193848483e-14
1.590876672986419104e-14
1.914699284098182992e-14
-5.949294571161530456e-09
1.105903684836899600e-08
-1.038864748488047319e-08
1.916667384102671983e-09
-5.974452890835867077e-10
-2.948678579003264710e-10
-1.076307105047504989e-10
-3.336434577920152224e-11
-1.106537201342726026e-11
-5.583754584433909389e-12
-5.760590066638289113e-13
-1.170469130357703616e-12
-1.686598362192331692e-13
-4.955015504624356094e-14
-1.244838839686256747e-14
7.734135835703038998e-15
-1.015953128826221130e+00
-4.409119314257884531e-02
-1.498945714390055800e-03
-4.957416685585909575e-05
1.700833290951179606e-06
5.392398367812877969e-06
4.134197564619105916e-06
2.497245750862108585e-06
-9.919217302066722603e-07
-2.098572125835935661e-06
-7.263604406144528491e-07
-9.837133688738974181e-08
-1.439219665088453376e-08
1.344792087375952179e-09
-1.151646257191847899e-09
6.525840962199420736e-10
-6.558641886972242652e-02
6.421161954334353612e-03
5.947927030788333460e-04
3.463047770544372308e-05
5.162039080468316229e-07
-9.599556350403799890e-07
-2.352177716623512132e-06
1.454119895201044372e-06
1.993292413584938290e-07
-1.668735508271008466e-06
-3.203169105824267499e-07
-2.737640784015197962e-08
-5.302325349394363788e-10
1.629349931628898188e-09
4.037394354056606525e-11
1.797628344762370392e-10
1.520653738608359219e-03
-7.282237243856834463e-04
-1.878181441551287484e-04
-2.166912099638872556e-05
-7.127502728240262689e-07
3.079807978707752956e-07
2.440938671452991409e-07
-7.751980264712700133e-07
1.395785235286601281e-07
-3.378185511499217362e-07
-4.628377400523447021e-09
1.464837220551305852e-09
2.394408315420587269e-09
-3.861880329004222094e-12
4.211748134890815079e-10
-7.051294474866419313e-11
-5.748039832641720980e-06
-4.094688799014790543e-06
2.091949464850115578e-05
6.107945480291777670e-06
-2.044239635457398102e-07
-1.217110351814736508e-07
6.808202460541770711e-08
1.222107796385942067e-07
-5.877378658735980231e-08
6.569194236708359661e-08
8.398570462432798425e-09
-1.905369684306010097e-09
-1.755555711526510848e-10
-3.354128273815377217e-11
3.659414280096875150e-11
-4.438320491712894406e-11
7.239867782739957630e-05
-3.046734778120016837e-05
-3.915210609784846392e-06
-1.715017189546489016e-06
-6.445570490314463479e-08
1.354092166372719722e-08
-7.327377928590709461e-08
4.463047312218413224e-09
-1.896482728142336818e-09
7.223165618032293574e-09
5.813286791355122086e-10
-1.014464588251257989e-10
2.724382448878212096e-11
4.568844494956167342e-11
1.115308524183680230e-11
-4.736509309718694438e-12
-6.271472512089335117e-06
-4.216319996205652701e-06
1.353770693283713002e-06
3.103218134413401654e-07
1.709697634571996807e-08
6.528404255009552642e-09
5.298426407005525746e-09
1.012398499570547757e-09
9.028857636874885606e-10
-1.131496963732530892e-09
-2.355619422220597043e-09
-3.165986576882451510e-10
-8.103201075143012682e-11
-1.675500038211199128e-11
-7.163351328523685329e-12
1.599562378446588033e-12
-3.818664360152627565e-06
-4.997922053118830562e-06
1.091127986737816205e-06
7.313485766965336588e-08
1.649709779929305097e-10
1.571709669468641428e-09
1.690248540913906922e-09
-6.921982543889686404e-10
8.368326699969970214e-11
-1.009722430126330614e-10
-1.250787044632831017e-10
6.733096755831543952e-11
3.017327760826741443e-11
5.315977599709942697e-12
3.161212111146772932e-12
-1.566954689261270465e-12
1.149280775649736512e-06
9.481703630433356278e-07
-4.150438413966954926e-07
-7.265872255798331107e-08
-6.020322587391199639e-09
-1.958351666160999934e-09
-8.256622817494690493e-10
-1.344839134752457779e-10
-2.896400792061353164e-10
-1.632372533373185353e-11
-9.527454030053106110e-11
-8.100102879220144857e-12
-6.908151029599728424e-12
-1.654521830795712800e-12
-1.018410841722741657e-12
3.589326515013492517e-13
-4.394107590615752080e-07
-3.949124457059600953e-07
2.140178976013571832e-07
3.924099064066191667e-08
5.425401647053935460e-09
8.578800738675939414e-10
3.711099325045918169e-10
1.391140621750378838e-10
1.289127058580881659e-10
5.305659656345051288e-12
5.114860458295502725e-11
1.489078972778659947e-11
2.180479624280492414e-12
6.723365094109975484e-13
1.632309811683381926e-13
-7.244584846502398639e-14
-7.137910318296539973e-08
-7.162526531418483858e-08
4.769434456071033451e-08
-1.708908326721595219e-09
-1.957964146832025028e-09
-4.424418266832945936e-10
-1.383118062125526475e-10
-5.795994231376382175e-11
-2.809571189129854618e-11
-8.443678286626836188e-12
-9.280087715163923232e-12
-2.505556712208154685e-13
-2.321303285271080549e-13
-6.357032698454596110e-14
-2.753449658359048331e-14
2.451906212314536287e-14
-6.523321074706718255e-09
1.118266976470764656e-08
9.284701258763836301e-09
-2.710319284413199959e-09
2.975545580623754964e-10
1.318561479817887627e-10
3.599836240836705778e-11
2.374324096347543644e-11
1.006728408170237533e-11
-6.959139097323385363e-13
1.006371751482937012e-12
2.127642516564113485e-12
1.315284043632195110e-13
3.272105006178165366e-14
1.438996977464013018e-15
-5.660881972153162942e-16
4.135246648330712094e-02
1.736339582704763199e-02
-1.163304833503361370e-02
-9.166105718375699117e-04
-5.318212109372861141e-05
-3.685835867331892620e-06
-2.414420310281657834e-07
-1.694947953507658403e-07
-2.472047620273988218e-07
6.414360134812098942e-07
6.796360782419174043e-07
9.263627811245429016e-08
-2.057147984340466826e-08
-1.900404205135226855e-09
-5.466032853711508819e-10
8.648232955423440845e-10
-3.500776172854138320e-11
-2.827100135283400727e-03
-9.361751563705584568e-04
6.619640283094745765e-04
1.734727110255375828e-04
2.003796737768519118e-05
1.887611447625324251e-06
3.999045326609056127e-07
-5.604005539419740741e-07
1.244743023811853573e-07
-5.209933075424727887e-08
2.024813660949721160e-07
-4.269104462142650994e-09
-4.936473557421408113e-09
1.151902588669114248e-09
-2.684791274878319440e-10
2.588539046965727437e-10
-2.728939707829197078e-10
8.531415288106169548e-05
5.185834621063546788e-05
9.627568710242950380e-06
-2.084480934698493807e-05
-6.877038737159241970e-06
-9.970088764603066659e-07
-2.456676653087982511e-07
-8.614314773267034030e-08
-1.418107619423140539e-08
4.904664612240417075e-08
-4.915737314618455040e-08
-8.403658992474119712e-09
1.521501951695059721e-09
2.372258027740449707e-10
9.689887853603090659e-11
-5.552601341374749010e-12
1.222846694298446772e-11
-5.826429058858648797e-05
-5.133813518435605491e-05
3.205716414274798604e-05
3.878943612142119904e-06
1.937766057810646857e-06
3.641089548575128757e-07
3.415510447083721712e-08
-3.662036982573356415e-08
-3.971188973829563316e-09
-1.675623475324657721e-08
-9.193638757225694919e-09
-5.432333815703191132e-10
5.973545564180963505e-10
5.940292199673977407e-11
4.966430164142473458e-11
-2.729552249581584160e-11
-4.734390737771453783e-12
-1.955074144975058953e-06
7.289582166029876069e-06
4.555788702129129706e-06
-1.329407177657276412e-06
-4.490105759246338607e-07
-9.160498524374598994e-08
3.760066197589501574e-08
1.717812049489794045e-08
5.465360845602149203e-09
1.876037050732309983e-09
1.373754556107826514e-09
2.212941491441595307e-09
2.047568640681068446e-10
1.393637265037157922e-11
8.390487167928877745e-12
6.261994530397176433e-12
4.407361074512003150e-13
-3.077058981802921916e-06
3.136437989435217179e-06
4.923940488466085704e-06
-1.082136112969444354e-06
-3.184481868930611480e-08
6.318176189336991555e-09
-1.018609037874279338e-08
-3.561332098420121832e-09
-1.362461809572163644e-09
-1.027422017104210927e-09
-4.163500574193987324e-11
1.679287262641768887e-10
-3.510415717011597036e-11
-1.021316925651944355e-11
-5.339105844384237181e-12
-1.549522650951316835e-12
2.631503391944783615e-13
3.763184211423711643e-07
-1.077104033289875369e-06
-9.389812894575328124e-07
4.105083977897488467e-07
6.556127026835570840e-08
6.057411372140684876e-09
2.592409633993955924e-09
1.616925363057254300e-09
6.236607264181233211e-10
4.268421182200750637e-10
2.741219010121210697e-11
7.749287659562334390e-11
-2.545228625793476299e-12
9.454080283052903154e-13
9.791273884451087754e-13
3.390035059041198330e-13
8.476322930347274786e-14
-1.007275508340171702e-07
4.190529980832781681e-07
3.928544034048932478e-07
-2.130072062946910232e-07
-3.841191980762877348e-08
-5.527368273002328193e-09
-1.290044802278348336e-09
-5.772023633102338125e-10
-2.589151263854322124e-10
-1.543805421753476627e-10
-5.857375290276972477e-12
-4.535891147615707531e-11
-1.114738515721202565e-11
-5.728328320839433718e-13
-4.162970699868191195e-13
-1.158956417165043483e-13
-4.168278188226653278e-14
-1.650110815047532169e-08
6.913197482445999391e-08
7.143823808625308439e-08
-4.794179221119652820e-08
1.673233862253129819e-09
2.061881960103286695e-09
4.829944671028508403e-10
1.971195438890362107e-10
9.204094958630989437e-11
3.546992474982766683e-11
8.046924141294745356e-12
7.764223669863512440e-12
-9.467926100396772244e-13
-1.454776775627677759e-13
-6.171151634248934806e-15
1.919748478103713873e-14
-4.462865023766589143e-15
-3.142806160955453767e-10
5.993761725687706714e-09
-1.190253057998377769e-08
-9.656607128466331093e-09
2.727401995206572855e-09
-2.696591605691208463e-10
-1.572419903155274919e-10
-5.767055893393892565e-11
-2.889202774838952372e-11
-1.246948374499057890e-11
9.474547452198295481e-13
-9.071735449812987181e-13
-9.909813690228270939e-13
-5.885887092890978249e-14
-1.905639294211544951e-14
-4.561124094672373742e-15
3.960089268914235671e-15
-1.583344300741792721e-01
-5.337342880389169680e-03
-1.765921183809686758e-04
-5.056958620266739421e-06
6.462293820645811985e-07
2.305308877643890402e-06
1.784744141149292487e-06
2.612296577726336400e-07
-6.347362452975368552e-07
-9.313100498636643450e-07
-1.500632100138357597e-07
-2.719506733848427982e-08
-1.644276900368040031e-09
3.928939156033272677e-11
2.841268883158538428e-10
1.116163684402376019e-10
2.489737196087238313e-02
2.123813682584452939e-03
1.233040551760915574e-04
4.857663371442533523e-06
-1.119174206666576647e-06
-1.033289354761541326e-06
-2.211863230489446314e-06
1.223646911631636538e-06
-3.932545384417458418e-07
-5.360639382008610407e-07
-2.725231632186187539e-08
-8.807153263637308964e-09
6.935696447001343981e-10
-9.687446108861562823e-10
3.599380295364586993e-10
-9.569666976819591347e-11
-3.194587901208134628e-03
-6.646917996595704632e-04
-6.809943563029329915e-05
-2.499816573002780872e-06
8.459120124595623596e-07
1.801837066611058082e-06
1.571771750664771303e-06
7.217341406223564796e-07
1.886412782957849152e-07
-2.863074775274619157e-08
1.542060848446677036e-09
-2.096890343238228514e-09
-4.417051540685276742e-10
3.050149366145879781e-10
-4.042699953334834157e-11
1.082145466263344980e-10
5.109377313547286539e-05
8.576622247243572892e-05
2.007061995029736903e-05
1.178736783100191248e-06
-7.973110108650880848e-07
-7.324523228864906303e-07
-5.487087436716934091e-07
-1.846246607868855460e-07
9.692975064708562019e-08
2.584533992236253501e-08
1.148203413973585118e-09
4.120545328837265697e-10
-4.552777800303823326e-10
6.031401809225451261e-11
-1.466743446388238544e-10
1.520003954801933063e-11
-1.206756238353959038e-04
-1.723694017475913668e-05
-4.910852855870473358e-06
-2.408016102091777536e-07
3.672781661596859946e-07
3.275450063991296881e-07
1.242909550170076340e-07
4.949556354012941685e-08
9.967916237906130673e-10
-2.074257460308400733e-09
2.008819315879717072e-10
9.182209165544680007e-11
2.157943899018022614e-11
3.905722193017995056e-11
-2.941661768257733649e-12
5.833247448088353042e-13
1.726310266039198806e-05
6.424511557834634460e-06
1.177802839638546587e-06
3.803613721893625664e-08
-1.980616369836269297e-07
-1.110766578023654812e-07
-3.811299522672196084e-08
-1.492330814040293355e-08
-7.033577711095213970e-09
-2.223941174514324250e-09
-6.397296329393300878e-10
-1.056677306366862200e-11
5.955374680413248623e-12
-2.406108744855406058e-11
1.977886122893387015e-12
-5.160492753451831086e-12
7.781245472474987196e-06
3.390190103819425128e-06
1.854960662702940997e-07
3.955309534656031170e-08
6.732460523675389999e-08
3.363673432066108412e-08
1.415127094197944499e-08
4.127157549978094695e-09
1.453894382098696906e-09
2.912348503701477438e-10
1.384420171451490883e-10
3.029413633946788197e-11
1.036378231071261518e-11
1.278975161648706733e-11
-4.012443394310499235e-12
5.722161800549126509e-12
-7.911336438232231662e-07
-1.424283047878575694e-06
-2.396949149279851391e-07
-3.861424580840557097e-08
-1.944947486830968354e-08
-1.010435501669294947e-08
-4.407876980351864095e-09
-1.563689417343360886e-09
-4.936208787754270237e-10
-1.468184934937462653e-12
-5.950551586069572108e-11
-8.663655842465416464e-12
-5.489314362817019248e-12
-1.757096521839382329e-12
-2.654971944331104535e-13
-2.510331088748573083e-13
2.676902313892619064e-07
7.281494988387878731e-07
1.381387391629383777e-07
2.188171671794369586e-08
6.445989428757443750e-09
2.856669174116828737e-09
1.303671128663258941e-09
4.638143226495737417e-10
1.059765474014630977e-10
7.980578056986689030e-11
2.828173412066758020e-11
3.225000983161898387e-12
1.740814329737079801e-12
5.470637667716722036e-13
1.572601879935349957e-13
6.606279891026610562e-14
8.307820212663829723e-08
1.802309835734245620e-07
-6.015985741139814840e-09
-7.187353710777507781e-09
-2.089727823024228348e-09
-8.256344843774309847e-10
-3.505254818318507183e-10
-1.273969227844743255e-10
-1.969894093152890325e-11
-1.513294684141369425e-11
-1.027969409865771542e-11
4.587856026104647736e-13
-3.975849374132821802e-13
-1.227768267925622773e-13
-5.459564311735200618e-14
8.728202193085065899e-15
-1.644920974999201608e-09
-3.255057240125902923e-08
-1.010143982528244306e-08
9.558025271870222432e-10
5.284654968519057353e-10
1.804913483661299830e-10
7.150509391200900373e-11
3.077770377270753292e-11
1.398055374937655743e-11
5.318775302464929355e-12
4.092080779195750581e-12
5.682852580491829434e-13
5.930602785417615608e-14
-9.955178324287755324e-15
-3.784868089281401217e-15
-6.853331833976810469e-15
-8.690539713441346181e-02
-4.419655877442792841e-02
-3.242719154666327298e-03
-1.738725023786598768e-04
-4.161433093356828046e-06
1.309139348144177183e-06
5.647270564416969404e-07
-9.992238205503917754e-08
-2.202676380108868693e-06
3.063022419073229652e-07
4.057421691838993352e-08
-1.297613752159489225e-08
1.227857189028222044e-09
3.445202931075855586e-09
-1.474164697381481865e-09
6.657326037006286688e-10
9.496226744259783491e-11
8.823429757073817953e-04
2.923416451342017008e-03
6.203531251831114098e-04
6.537170398030652516e-05
2.707867563126126714e-06
-4.281792071969951361e-07
9.305246361509642792e-07
6.141744693085530443e-07
-2.336060397732301096e-07
-2.704033209871811250e-07
-6.307588652719526368e-09
-2.839697876917820081e-08
-4.198325475230879884e-09
6.765883835745828051e-10
2.002441472322722847e-10
1.193173737426692595e-10
-4.165142409226897390e-11
7.374803595093913796e-05
-3.984697415404595396e-05
-8.557110709336614174e-05
-1.921337084910844495e-05
-3.968444018521865888e-07
3.551771447681873594e-07
-5.601049183590049013e-08
-3.557095887506506973e-07
1.440481326534232876e-07
-1.370787093747092004e-07
-1.011265181365887195e-08
4.782683359674553591e-09
2.256756853907865291e-09
2.776199198712065560e-10
2.759984012194702270e-10
8.632361156953359031e-12
1.944542952173795711e-12
4.805930741192329116e-05
1.297019610338375221e-04
1.785028213171196474e-05
4.771338395069619335e-06
1.294798490938558565e-07
-1.328428284541407168e-07
1.478023522505950898e-08
3.927475258137842057e-09
-2.544426327297813917e-08
1.106928387021848790e-09
-2.783194534084494923e-09
-2.465997109900831501e-09
-5.995657978156297599e-10
-1.283974490187722547e-10
5.076758385940209739e-12
1.398659330949851292e-11
3.888121971793010794e-12
-4.057523018962840743e-07
-1.709326032058749480e-05
-6.348691133622284409e-06
-1.099329397441123556e-06
-2.685464057694230983e-08
3.413221992668846610e-08
2.137106378349423332e-08
1.669414385371223521e-08
6.273646214027078369e-09
7.686119489444675945e-09
3.663343870911765166e-09
1.386575776614413034e-09
1.844955959169601656e-10
4.558478687937394114e-11
-3.196731724288203446e-13
2.095755823955504703e-12
-1.342640092583411466e-12
-6.728228217684082007e-07
-7.786104693489991470e-06
-3.406990036476693640e-06
-2.069859771468700543e-07
-2.608689434166406008e-08
-2.266025152720891662e-08
-1.628967395661591635e-08
-6.763712030357152341e-09
-2.711566445294349077e-09
-1.957212731351671507e-09
-7.489448585230525130e-10
-3.544198020416320305e-10
-8.460963198533137352e-11
-2.413699707153095897e-11
-4.470167030953154674e-12
-8.483489728386577671e-13
-2.477090495718304522e-13
-6.865196248923200552e-09
7.730387347873345473e-07
1.426625389699122690e-06
2.410219067649820327e-07
3.123717512318104014e-08
1.180191744662553627e-08
6.386413250372479715e-09
2.921444087690745838e-09
1.286126888434193820e-09
6.380017019187529574e-10
1.256818897924839506e-10
1.155015008866618409e-10
2.609860949391363506e-11
7.150135888705393311e-12
1.012350059085195129e-12
-2.582276947262680866e-13
3.447242151076617159e-14
-9.145397908238796272e-09
-2.659409248445468802e-07
-7.285375996115492215e-07
-1.373738802570400205e-07
-1.993405037033230827e-08
-4.770470854722921949e-09
-2.289548387794083720e-09
-1.003840415620514921e-09
-4.473432618226102508e-10
-1.504215697823342953e-10
-1.141412617991334937e-10
-4.307163765841167062e-11
-7.780170629405804983e-12
-2.004753174695890491e-12
-2.876113576835724607e-13
4.288562959100343772e-14
2.625227451053305311e-14
-8.968576872657945110e-09
-8.454617110647056553e-08
-1.802479127566246595e-07
5.680514917826116678e-09
6.678860516847343032e-09
1.825233676302028861e-09
7.183676874204093627e-10
3.053367182015490521e-10
1.357584666083698190e-10
3.260694055021505152e-11
2.439871977346886560e-11
1.378541311575675841e-11
4.758578106875212655e-13
4.529623189642688049e-13
2.237830479384350932e-14
-1.534202731481310567e-14
-2.400097724473192481e-14
-1.533824942021468793e-11
1.797881118653950728e-09
3.262357527814911764e-08
1.047268253757277044e-08
-8.698058800345037381e-10
-5.629656474904100495e-10
-1.947609919858504153e-10
-8.174445592079972518e-11
-3.966588161905167347e-11
-2.016557572800474099e-11
-8.142119546303818747e-12
-4.764737475172044992e-12
-5.203054410329557692e-13
-6.471691698226534092e-14
4.618195141041915562e-14
3.024017060953665936e-14
8.504851412990430370e-15
