9.999999999814468902e+04
9.999999999850556196e+04
9.999999999851445318e+04
1.249471681863550288e+00
2.027944952324748154e-02
6.864078111783304958e-01
-1.111040675311685509e-02
2.327251035862301087e-01
1.561251531436255377e-02
-3.984532168134935493e-02
-4.165068553145342273e-02
-4.020810160586731768e-02
-9.815017859292490127e-03
-1.786880606562285534e-02
3.117094975260306482e-03
1.164201740416593092e-02
1.230533462491190284e-02
9.142577343556199804e-03
7.773448282879774802e-03
-2.024413216657236069e-03
2.198643885529693864e-01
-1.821709802465441008e-01
1.743351474191348338e-01
1.129437660353157930e-01
-2.653126757352859688e-02
-1.649278595134803793e-02
-1.084223336617137420e-02
-4.893507609177575463e-02
4.123101046300002570e-02
2.292324156021426779e-02
-9.119884365576107557e-03
6.475810504469119502e-03
-2.270176665837227159e-02
5.201658246095443349e-04
1.774263971625545961e-03
-3.651296326951808131e-03
1.238282977369696558e-02
3.313460005127936286e-02
7.794481866279779902e-01
1.077973089810105832e-02
2.187101495615141333e-01
-4.583426855629404995e-02
-6.984717325345911332e-02
2.732701358723968812e-02
-3.052587359810704504e-02
3.648833695713252223e-02
5.105653476209271596e-03
-3.473480145625700011e-02
1.717190925348112320e-03
-2.223366590270461213e-02
8.611820377603961185e-03
-4.786975970106787173e-03
5.800695087143757298e-03
-1.244834422893003126e-02
1.043091326827516818e+00
8.332956989794226485e-03
5.219342086872493791e-01
9.361144796998807638e-02
2.524697281098529644e-01
-2.328452082271119383e-02
-3.572809810073611370e-02
-5.848687384680354567e-02
6.254176750603294109e-03
9.437717039734729377e-03
2.894510445680708796e-02
1.382910177510424631e-02
-1.355054135913937724e-02
-1.253000032702228025e-02
-8.045196628967462432e-03
3.134855059224229881e-03
-1.699654959527800409e-04
6.013656601595352980e-01
-1.092537890098199405e-01
4.749000878670656123e-01
5.270169065016911542e-02
-3.716114101426990640e-02
-3.938623270542834787e-02
-5.824896049112884312e-03
5.037718536884863013e-03
5.422288010579755929e-02
-1.184629126211970973e-02
-1.975986295320890027e-03
-1.721961511158044689e-02
8.435355119915876124e-03
6.314118136182473792e-03
-6.129135379056543063e-03
-6.681713584876573103e-03
-4.410608006493638850e-03
1.062163061459920760e-01
7.356464214076842145e-01
-2.045969218850777344e-02
1.598453210648142220e-01
-8.696758601363822894e-02
1.308895618395025662e-02
5.224898711749931951e-02
1.983964608343157660e-02
3.014096802103327297e-02
-7.153530020204835159e-03
1.660700107768287720e-02
-3.691384450044719618e-03
7.149740526028996318e-03
-9.883801821225010956e-03
-1.916137997916962220e-03
2.911879106965159091e-04
1.229985838471675703e-02
6.689991900695317906e-01
-1.644311112337945580e-02
3.331284953842595375e-01
2.005450475925137643e-01
1.837013289845772779e-01
-3.714517375772053570e-02
-2.078394287758355066e-02
-1.055645208258790442e-02
4.376202154408118106e-02
1.275850414203775172e-02
-1.708545644375266889e-02
-1.212877132165208864e-02
-9.721034774571311095e-04
6.428408192411238023e-03
1.131826497312585222e-02
-5.158440935492506624e-03
-9.392075155334741327e-03
8.762334345643159050e-01
-3.275197302560124007e-02
6.473901940046380421e-01
3.703967989334561173e-02
-1.488953772109536354e-02
-3.303367299524403305e-02
4.834736895644139998e-02
3.344781396045663074e-02
-1.132413862788663947e-03
2.580391843410788279e-03
3.664658756809317797e-03
-3.767787279325756841e-03
-1.867666645098748539e-03
-2.627295075956767763e-03
1.197577346248094666e-03
6.497330602072776129e-03
-5.130019546835578974e-03
1.038902015007690804e-01
6.833797557871144068e-01
-4.280732021291588918e-02
9.251431973135824938e-02
-6.636978612495815499e-02
3.731532351231780370e-02
-1.709571204217051263e-03
1.201228918554260103e-02
-3.926626138093621508e-03
1.290670722494219845e-02
-9.539507005466916004e-03
-1.033005614310229803e-02
9.540984749098424533e-03
4.691939118873177908e-04
-4.026642372958582836e-03
-3.700273725354954069e-03
-5.006462268181050002e-03
2.328825379356240233e-01
-4.663106751406698169e-02
1.173096137014702917e-01
2.327275809122969774e-01
6.472368682268110629e-02
-6.263695428638500762e-02
-9.313738152040276427e-03
2.692105558624163786e-02
2.178929723879324126e-02
-2.469396291461081056e-02
-1.571712056801082696e-02
1.286949422959546979e-02
5.689638790357373632e-03
-1.732969624574637671e-03
-9.132894109965171425e-03
-2.322908093378156600e-03
1.298766002352654512e-02
1.019408159352175325e+00
2.252550799232807405e-03
7.077817195468244504e-01
1.873509802296736970e-02
5.187837567047387174e-03
-1.231319411532525061e-02
7.711708636868341848e-02
1.440521264646246399e-02
-3.126589193605075478e-02
7.674064201621729267e-03
-3.998676601058304310e-03
4.215131875393169844e-03
1.076079489162261229e-03
-5.995261432397909788e-04
-1.136978248816704947e-03
-1.506136496433079994e-02
5.268673939596773409e-03
4.360184843072034688e-02
6.562263446448609594e-01
-9.780055390635769563e-03
6.553862770556262429e-02
-2.354465365765924176e-02
2.553858640012039716e-02
-2.859019520774114774e-03
-1.434220262545461179e-02
-6.926287447544485568e-03
-1.153297345779582921e-02
-5.577231318895460588e-03
1.218411398770651889e-02
2.053308563256008717e-02
-4.287961137040734519e-03
-5.906727349322345887e-05
5.179866032315952849e-03
1.212467495565602502e-02
