9.999999999839528755e+04
9.999999999862107506e+04
9.999999999859891250e+04
1.240787871749772009e+00
2.339875048123548837e-02
6.884396843013604883e-01
-9.796695375961162605e-03
2.331601843064148027e-01
1.571130314034719158e-02
-5.021265453918707239e-02
-4.602231695781339171e-02
-4.077549774381106912e-02
-6.193114894676559831e-03
-7.376123945975122075e-03
3.928606555384298732e-03
9.732262424118766353e-03
1.214249579597959441e-02
1.791394886062657029e-03
5.538774552990068448e-03
-2.496919565043889504e-03
2.183194950197659967e-01
-1.766758974261356252e-01
1.767982702245677606e-01
1.141379803860321229e-01
-2.341238944926068988e-02
-2.035314198071371677e-02
-1.316053874831130122e-02
-4.627207531424344655e-02
4.016127361956992742e-02
1.783814918390139864e-02
-1.270551863756529121e-02
3.902227499334377531e-03
-2.887791302805025467e-02
3.200333435238099985e-03
-9.643863525167411317e-05
-3.093247566624978198e-03
1.445748814257179909e-02
3.539485431970271212e-02
7.836486976994062603e-01
1.237983771374143172e-02
2.125429035845034786e-01
-4.960487397675326232e-02
-6.395650706951576392e-02
3.630458601762280579e-02
-3.033632547731606940e-02
3.369526326399825689e-02
4.114940152052943244e-03
-4.364992791088607993e-02
-1.513295938189262394e-03
-2.012676967769702271e-02
7.388806103969448001e-03
-3.102769718806289677e-03
4.214282928892045497e-03
-1.271410399469662805e-02
1.035380398337750307e+00
-7.080592998834430883e-04
5.253856991267039644e-01
1.043328055404618565e-01
2.568145404126549458e-01
-3.060354916823299770e-02
-4.154778635574220280e-02
-6.441695147685787270e-02
1.353045999700131820e-02
1.753022395084429669e-02
2.224533581360488982e-02
1.007378631106673611e-02
-1.878251350304912734e-02
-1.451299958231289967e-02
-4.424582637093633745e-03
4.436171995582736081e-03
-1.005409447594184666e-04
6.007007764663417904e-01
-1.114252510655313749e-01
4.796181562452981884e-01
5.596983904929975912e-02
-3.433198576516890282e-02
-4.553284772530654528e-02
-6.666645746903691362e-03
5.078180259217447701e-03
6.089188206932388825e-02
-8.906168388950070833e-03
-1.573243914769829974e-03
-1.612304198959581963e-02
5.134249087545239738e-03
9.187757234103529486e-03
-4.505974618123698323e-03
-6.923420600512589750e-03
-2.368222094184779022e-03
1.041369388253143291e-01
7.393995256072058986e-01
-2.404992868775553475e-02
1.542764345889549304e-01
-8.190146818044280463e-02
1.906387367466074942e-02
5.504495478059577562e-02
1.858324486106665077e-02
2.298065588475343632e-02
-6.941405460912721502e-03
1.981543013393629801e-02
2.766094236563756189e-03
8.640627022869737037e-03
-9.584556549009009413e-03
-3.200152804714637752e-03
-4.947066532363645535e-04
1.265546681678985513e-02
6.652239779025128641e-01
-2.553091526944403430e-02
3.372360519282094904e-01
2.053811323239410347e-01
1.831758074336868325e-01
-4.593997740376740135e-02
-1.917050961598504299e-02
-5.829915045901581765e-03
4.915401466214856796e-02
5.911841461072409563e-03
-1.691670435312564100e-02
-1.572053141908515139e-02
7.888720273115521625e-03
5.538855713756867492e-03
8.117908075340764945e-03
-4.644975196874749114e-03
-1.047245083953395398e-02
8.761760088770427224e-01
-3.311903727431098066e-02
6.570778067882386830e-01
4.242624645548809248e-02
-1.688675507998058101e-02
-4.712053543525495519e-02
5.180528005125136642e-02
3.951435786046736398e-02
1.596481470297579381e-03
-1.392879199013711839e-03
-1.749639949222144561e-03
-7.915184366792690860e-04
1.182077871919379273e-03
-5.621950126333686258e-03
-7.445384855155472680e-03
7.150386190262644076e-03
-1.434996732907708713e-03
9.667362439718860112e-02
6.871908636097685541e-01
-4.832606483029669442e-02
9.114682533089321637e-02
-6.246925708153065054e-02
3.805469490205878186e-02
-1.548769046778000497e-03
1.137930280356550493e-02
-5.891104407071763756e-03
2.050022989511551125e-02
-8.085459661217066912e-03
-1.170061582896505387e-02
5.854104938526701399e-03
2.489062470040673269e-03
2.375286775930867626e-03
6.931668823401358748e-05
-6.337579698348909385e-03
2.339484880079623075e-01
-5.563894056581292907e-02
1.187845591911525084e-01
2.348177430159100187e-01
6.625632979425766234e-02
-6.197313852948942159e-02
-4.325379495265601823e-03
3.358354677359130791e-02
2.845862698611098529e-02
-2.018017291657865642e-02
-1.168735718137415593e-02
1.272536834530210367e-02
3.070402972211112684e-03
-4.620394985283875211e-03
-7.940812417866021516e-03
1.979439220490380232e-03
1.552289567261614690e-02
1.023422478264698787e+00
4.157802069623050753e-03
7.153219531259136232e-01
2.020458479530454904e-02
-2.910817762470595781e-04
-1.508151309776759909e-02
8.076814160010657717e-02
1.886385413041495249e-02
-4.067871764579667621e-02
-2.086190176837927034e-03
1.249611154318123465e-03
5.639119679147934668e-03
-1.099556216681653103e-03
-6.027052937087116861e-03
4.702282901777842840e-03
-6.880350929887591761e-03
6.848468478917921730e-04
4.263906993694887432e-02
6.608553971649206993e-01
-9.832708387768514247e-03
6.589644277977969866e-02
-2.279507237813176504e-02
2.862093940096453043e-02
-5.366836266131229730e-03
-1.564527627479905467e-02
-1.265461568884966928e-02
-1.346508226965711236e-02
-2.871726149437420997e-03
1.195824124973598329e-02
1.971716838615950040e-02
-4.668445273589589585e-03
-5.866879323388463768e-03
2.439266172698618474e-04
2.033672692441110263e-02
