9.999999999831510650e+04
9.999999999858498632e+04
9.999999999856854265e+04
1.245110305178871890e+00
2.155390761545816769e-02
6.885886908968401610e-01
-1.019954145838755134e-02
2.329260289796123984e-01
1.679456864554855142e-02
-4.611190262774899490e-02
-4.470145257643624165e-02
-4.085994004604426300e-02
-9.041514029751561085e-03
-1.277782575103354051e-02
5.170294220118746772e-03
1.021584512197901834e-02
1.416672537619615216e-02
5.939921545528900615e-03
6.555655636097410498e-03
-1.961772437930884780e-03
2.183442938769861175e-01
-1.779394283717580516e-01
1.755411204957868787e-01
1.128823580477866101e-01
-2.419561878179537703e-02
-2.001444805690670570e-02
-1.172382148591917528e-02
-4.664086879748045866e-02
3.997059837799467330e-02
1.945972455057410483e-02
-1.140980630027803484e-02
2.937941839172115814e-03
-2.554831897225910697e-02
1.679177094923362586e-03
1.247181792019873227e-04
-3.062457026120525647e-03
1.292021731135196451e-02
3.477814056201877085e-02
7.831926306142290573e-01
1.145292302660800947e-02
2.152441804172614270e-01
-4.838539503096642158e-02
-6.588381781505933676e-02
3.386991850813993177e-02
-3.044315072044190620e-02
3.500787467873844178e-02
4.079077733066748326e-03
-4.130892894289375783e-02
1.783196419044590146e-05
-1.997746081634220808e-02
7.143453855279493191e-03
-2.372586240963427042e-03
4.638218704224304247e-03
-1.273728181225697656e-02
1.039996302733977140e+00
2.002552384199903553e-03
5.232206636490057683e-01
9.935393798915000130e-02
2.539601359259298086e-01
-2.600255108839947399e-02
-3.751852009211676525e-02
-6.217238547845584801e-02
1.149438284799418966e-02
1.408854716526878291e-02
2.514293589624439981e-02
1.303150853264616917e-02
-1.503848305222384683e-02
-1.273878652874492652e-02
-4.798394525806925874e-03
3.772477200361800277e-03
2.305656349427996307e-04
6.010342729655385741e-01
-1.103702406662667168e-01
4.768676068286015757e-01
5.440387585301163093e-02
-3.589247791399627352e-02
-4.199274848689588113e-02
-6.650416689461537481e-03
4.886862131268331771e-03
5.953421424388949390e-02
-1.048755557470321814e-02
-1.919776956435323943e-03
-1.665877442881685128e-02
6.429337170446569431e-03
8.023784272891798519e-03
-6.455421969992436448e-03
-6.932673812743344287e-03
-5.342928292551707078e-03
1.055636009067476289e-01
7.361394631185993465e-01
-2.197139995219084610e-02
1.564086008028879315e-01
-8.555333957620119001e-02
1.544935053119097547e-02
5.492865052329921199e-02
1.940469411140841038e-02
2.621297904843645013e-02
-7.062539840132713888e-03
1.856899021433931762e-02
8.437594407864591143e-05
8.183805993032002707e-03
-9.760709851303277229e-03
-2.916954334292046550e-03
-1.127193423619118158e-03
1.267781636223594410e-02
6.674555786985048034e-01
-2.087379976966353967e-02
3.344077218696736575e-01
2.026755283866173152e-01
1.825659470412014929e-01
-4.140631194546551958e-02
-1.953529561443176701e-02
-8.663781024871601913e-03
4.618892824450635676e-02
7.009565300557890795e-03
-1.632345510149556950e-02
-1.253271270190705992e-02
2.084126016774853589e-03
5.490950505121963872e-03
9.102156438515075082e-03
-4.944330945397291954e-03
-7.994317765621660604e-03
8.776332084854433502e-01
-3.437204100442186466e-02
6.523946889837534124e-01
4.063530098295207310e-02
-1.635478212082317612e-02
-3.965355280916667280e-02
5.023197767014114107e-02
3.679997710579997056e-02
-2.052120285803084483e-05
7.219221882094113306e-04
3.150031075781790642e-04
-1.096228950071037557e-03
1.154782263548336072e-04
-5.651087202653926576e-03
-3.813560519938990860e-03
8.146783817830169361e-03
-4.475201827645148428e-03
1.005330315382953060e-01
6.849991108786447347e-01
-4.565316817390686205e-02
9.259231990431732173e-02
-6.540052445999651465e-02
3.890516698696365461e-02
-4.834880456773216965e-04
1.124332244851490407e-02
-5.167158322259528778e-03
1.702866395029832558e-02
-9.022349236579107687e-03
-1.276316496528556894e-02
9.312963636347435306e-03
3.472968030103195866e-03
-1.043762182096788548e-03
-3.521912347871578638e-03
-6.141247708702727431e-03
2.334589025674134732e-01
-5.050067563066729104e-02
1.187722676619403644e-01
2.330360023980000972e-01
6.551177396430958588e-02
-6.168682025558593768e-02
-4.886471913617193921e-03
3.125061236883176774e-02
2.637020792474628270e-02
-2.349660502726973535e-02
-1.264504105115481572e-02
1.327145914497364527e-02
4.008279061745013624e-03
-4.493050307670972202e-03
-9.411923646894311546e-03
1.921625203699721526e-03
1.535041105321559643e-02
1.022108858072534154e+00
2.606376571104830620e-03
7.124625851497199402e-01
1.986957296557764069e-02
2.441572124039041985e-03
-1.427105652410515409e-02
7.840615767393015190e-02
1.652382987046025972e-02
-3.750926978829335900e-02
2.545443177977532116e-03
-1.230219020396158998e-03
5.576012705269048873e-03
2.797246198021003977e-04
-3.412368927731875088e-03
2.139921763991077357e-03
-1.290939391682792425e-02
3.023730724109986896e-03
4.291718316025806834e-02
6.583467962422456798e-01
-9.418956131131969028e-03
6.843570983655093698e-02
-2.450870787944394238e-02
2.618682717772476132e-02
-4.712023510412636715e-03
-1.542453133803121240e-02
-9.650689010466940304e-03
-1.078622624729479521e-02
-4.202678690422163507e-03
1.015487602355060956e-02
2.170702662373907854e-02
-5.728269346896540382e-03
-4.452660849895367402e-03
3.532031265493777283e-03
1.396677602457082473e-02
