9.999999999857363582e+04
9.999999999867939914e+04
9.999999999862653203e+04
1.230354657924457307e+00
3.602096078352744202e-02
7.152430457160644517e-01
-2.221393142531579226e-02
2.513870235407678622e-01
1.236650702306578593e-02
-7.145111434909673376e-02
-4.786875570851373968e-02
-3.569857654367995098e-02
3.845867012279927935e-04
6.105688295940112434e-03
1.111647778151956915e-02
1.808103373835500891e-02
1.632576761644901481e-02
-2.432458515839003212e-03
9.363852872074376887e-03
-2.659521914785523567e-03
2.178078456492747450e-01
-1.831360982455765563e-01
1.741338934278654493e-01
1.151427099682765659e-01
-2.486430793634173200e-02
-2.505426561261197768e-02
-1.421346867049495984e-02
-4.457998721539253167e-02
5.018229589647906635e-02
1.953754846306527543e-02
-9.857580944429801192e-03
7.135164628661237046e-03
-3.762802861331673854e-02
1.095446096833322530e-02
1.667121981224459464e-03
2.115450670343905441e-03
1.687610975624201370e-02
3.545574487638686323e-02
8.040223951801902524e-01
6.248664914060970271e-03
2.153310105010380615e-01
-4.811201456968344781e-02
-6.276480706825607325e-02
4.519978820318010931e-02
-3.200599111773701905e-02
3.284200299077415924e-02
-1.372369348555845881e-03
-4.371103865049159182e-02
-3.203506812667296800e-03
-1.963483521272261709e-02
5.305557178041990680e-03
-7.492483183400803527e-03
1.526449658680990862e-03
-1.640950835417553585e-02
1.026051717460281232e+00
-8.691776283923003180e-03
5.416360531231072528e-01
1.182555363574832458e-01
2.687796020980126599e-01
-4.680200159509508018e-02
-4.923388347014867605e-02
-7.537786621808834076e-02
2.009908107482711453e-02
1.830393418770232677e-02
9.774072142879799974e-03
3.908147740427174270e-03
-3.623074134620218878e-02
-1.636791310671778868e-02
-8.973137101147747249e-03
4.581532629270790129e-03
3.999570640358903958e-03
5.962634579168040183e-01
-1.138370569693380324e-01
4.845166583713254593e-01
6.283291852008350553e-02
-3.368845749513192656e-02
-5.971341018023688246e-02
-1.275834664919656310e-02
1.377362104318567877e-02
6.369047636385273548e-02
-2.256644643112808157e-03
-7.383534251611589827e-03
-1.883218872197640198e-02
1.535285805319008476e-02
4.769568101011793619e-03
2.931430771902093085e-03
-1.834525503528207369e-02
-4.179969896249710257e-03
8.657726751249930630e-02
7.648390897390955345e-01
-3.127564047678682568e-02
1.597345831279327333e-01
-7.345025879598249263e-02
2.517463250300840810e-02
5.836609616822732716e-02
1.152130426469527222e-02
2.323146692396739141e-02
-3.461066565165365951e-03
1.878264205623752028e-02
5.656613473358701634e-03
1.480791789857428993e-03
-9.268657824667559525e-03
-3.920287191332198946e-03
1.658027114765403195e-03
1.313820315155004616e-02
6.549131016439331265e-01
-4.154869077218477369e-02
3.617179471639439536e-01
2.198588576859839827e-01
1.907648829697678738e-01
-7.167857347254781575e-02
-2.098489527120112746e-02
4.001922129962033961e-03
6.572431336256705225e-02
7.120938778270509070e-03
-1.782789823535501153e-02
-2.373892881792863743e-02
1.856719530860566000e-02
9.644832522746305328e-03
9.997783668004293911e-03
-8.099780501836725821e-03
-1.035677717355493015e-02
8.643678394555247557e-01
-2.753629810129743644e-02
6.747428190126186776e-01
5.421693459928578901e-02
-2.312968071259867420e-02
-6.169232442391471560e-02
6.391537466434268899e-02
5.610627390155996375e-02
1.954833105692655153e-03
-1.434790843824907021e-02
-8.868868264405440488e-03
2.568632393766800796e-03
7.164704861192039594e-03
-1.024796129293783706e-02
-1.408441936354756265e-02
2.975303508943562963e-03
6.364576345150019937e-03
8.443019975616440631e-02
6.961088783867338536e-01
-5.364281893625819780e-02
9.203404841121591573e-02
-5.846844960517696976e-02
4.170045977003048604e-02
4.590074128298749314e-04
8.003483694812197832e-03
-1.563123010043675556e-02
2.702611837091616065e-02
-7.508721355243882373e-03
-3.914440361009594548e-03
4.453582681428434713e-03
4.235419311223151233e-03
2.756101606811414868e-03
6.266912291748213395e-04
-8.856104787365844458e-03
2.317829769205008994e-01
-8.090727487941921925e-02
1.244833304132182683e-01
2.500156639722243002e-01
6.625334643728446327e-02
-7.463768846411579505e-02
-5.864015852179276997e-03
4.868263729808104678e-02
4.025385340763807523e-02
-1.228614708050911920e-02
-1.833592256660408412e-02
1.084672358470602227e-02
2.066126185906491317e-02
-3.118853689319209341e-03
-1.512798183148648598e-02
-3.426147605358206318e-03
1.395074320511434894e-02
1.018576602077323923e+00
1.134654687305367698e-02
7.316609334077627258e-01
1.377602782218434289e-02
-1.219265994831027558e-02
-1.784353394943672538e-02
8.689877320322893228e-02
2.010028448863441369e-02
-4.044248706796636089e-02
-1.042393447453887796e-02
4.350321468676795165e-03
4.458200195075772213e-03
-2.054764826903886178e-04
-9.867408837832056592e-03
1.068004727565963208e-02
-4.939527127674221869e-03
-6.915694142892897175e-03
3.542521118369435645e-02
6.783082707418202073e-01
-1.041690731861235134e-02
4.243500122586289086e-02
-2.114208977140603907e-02
4.760226535456733854e-02
-6.645558166519054816e-03
-2.452182688701032634e-02
-1.470870688503755908e-02
-1.630731452253661104e-02
-4.587837329467376116e-03
1.692009988236435961e-02
1.915318194347674988e-02
-1.171398930854551787e-03
-4.469456108787390677e-03
3.201169855863461068e-03
1.560374043648982481e-02
