9.999999999853968620e+04
9.999999999868407031e+04
9.999999999862436380e+04
1.232191789609274002e+00
3.192229301175512901e-02
7.024434702131792108e-01
-1.871794689638449707e-02
2.445414932949144249e-01
1.382830385801206256e-02
-6.680559504078324717e-02
-4.467112235461190295e-02
-3.410779798209721825e-02
-2.808036902135619978e-03
3.086295567291780142e-03
7.285467615187343239e-03
1.199573642833438175e-02
1.598006077186732432e-02
2.239115791917365740e-03
1.259161610542093405e-02
1.810522979541597584e-04
2.163243561583404195e-01
-1.783463141853735001e-01
1.769293814076110249e-01
1.137892133114187382e-01
-2.176230750039389802e-02
-2.492488820976426073e-02
-1.680158537307614025e-02
-4.841045168474403249e-02
4.304191045697278867e-02
2.234430903356301665e-02
-8.898430358145059324e-03
2.735372164610534208e-03
-3.607206149684354796e-02
2.606988028374656111e-03
2.871384828467538758e-03
-1.157465552245134270e-03
1.961708882823608169e-02
3.464055681247738688e-02
7.921693175638725437e-01
7.804745748306200076e-03
2.123497849420294403e-01
-4.721563244705885565e-02
-6.153485741129113146e-02
4.336590552206735782e-02
-2.748690374996376820e-02
3.498134496646473218e-02
-2.530523543214982778e-03
-4.848796540257299670e-02
-3.585478900323936513e-03
-2.014385663255690087e-02
4.615533815396226890e-03
-3.784590130976307493e-03
9.608134065159534181e-04
-1.431750946958320475e-02
1.027378799766097695e+00
-7.191117452653723006e-03
5.316651942222087035e-01
1.115475965104952144e-01
2.639082299019998024e-01
-4.181388976501313609e-02
-4.899110651326633176e-02
-7.086728702388628287e-02
2.000499890056896615e-02
1.836111977005611129e-02
1.654662224237346199e-02
4.141735404649769109e-03
-3.199607440347683462e-02
-1.543237563011256620e-02
-7.978841317054799487e-03
6.325793025566988324e-03
2.802497597510177768e-03
5.983064228696437503e-01
-1.123225616191228793e-01
4.820578435314494259e-01
5.970254537176110377e-02
-3.695714606183323619e-02
-5.251319802268711312e-02
-1.235360737477914778e-02
8.223461232462562706e-03
5.838221466811151228e-02
-1.857213092074373652e-03
-6.753402306943282786e-03
-1.806006357368598533e-02
1.314082923283584579e-02
6.025470885818120029e-03
3.326404165083236939e-04
-1.070794550783006963e-02
-4.864727057635419120e-03
9.315181682307595301e-02
7.521948669506157703e-01
-2.892426032914864262e-02
1.530630123204136384e-01
-7.662856127431121045e-02
2.419622249570925823e-02
5.398608929198273065e-02
1.593571564237816415e-02
2.387787240490071849e-02
-9.725181183039208199e-03
2.151106872766306646e-02
8.117846203676054931e-03
2.016158017667110496e-03
-6.521297766806782685e-03
-3.707920586600813462e-03
-1.497786775584384993e-03
1.591677776322477159e-02
6.557274602031453181e-01
-3.421234496019308347e-02
3.485762969279726509e-01
2.131902570242626138e-01
1.901558965195451756e-01
-6.601844672785933676e-02
-2.268972371445967043e-02
2.303065498354350815e-03
5.591766593699775550e-02
6.521307761152237217e-03
-1.848188775255671726e-02
-2.240338478787623142e-02
1.736026088980890947e-02
9.733475293497585723e-03
9.714718572286520915e-03
-4.913011631700397834e-03
-1.515250707515303739e-02
8.688672629027129890e-01
-3.017850323480596869e-02
6.708789112851578640e-01
5.137162243156002950e-02
-2.132582143282017034e-02
-5.737009452386494790e-02
6.127911135006810367e-02
4.980919604884896656e-02
6.938171513899853149e-03
-8.182278733348960845e-03
-8.752795891800550787e-03
1.812565699407922776e-03
9.271060324410442324e-03
-1.197068246468285801e-02
-1.448585041816529383e-02
6.914189792545169522e-04
2.540094074453997774e-03
8.805724226950931155e-02
6.911717059173436706e-01
-5.328808101601145708e-02
9.062818665152848341e-02
-5.666131986572166268e-02
4.000838420196852624e-02
-2.358448943144942321e-04
8.051265662113671340e-03
-1.064447875226341537e-02
2.376206960024533632e-02
-8.017841924187352892e-03
-3.581274244651129392e-03
-8.978630976781216055e-04
3.498657127816440769e-04
6.834046827932379643e-03
3.955083366609231550e-03
-7.519669601851728703e-03
2.332271790305613657e-01
-7.525320446352712356e-02
1.203610255709832710e-01
2.446029422791670127e-01
6.649904950894992839e-02
-7.070684966332882460e-02
-5.547159121104544219e-03
4.286072582490128152e-02
3.686576812020166821e-02
-1.333996690139472620e-02
-1.663690448962512961e-02
1.162234756098359453e-02
1.240885642146582341e-02
-2.792855233816815205e-03
-1.051432332731769108e-02
-2.988068825198426492e-03
1.333506594586642696e-02
1.022836339335102984e+00
1.064026912580793953e-02
7.266184370738207887e-01
1.689503743542174544e-02
-8.003789084259169823e-03
-1.542598886878510968e-02
8.505604063665318793e-02
2.222547788244489883e-02
-4.045781454928682602e-02
-1.151117412926912741e-02
3.356522947477067528e-03
7.486693953992995705e-03
-2.360297409830443803e-03
-1.264744252100112772e-02
1.250737413374878974e-02
-1.518357328660483504e-03
-8.154883764076210212e-03
3.551452206941346085e-02
6.740279133947366663e-01
-8.239400536480746134e-03
4.943030930210743495e-02
-1.862033336407927300e-02
4.332046041833081951e-02
-8.744657732627324556e-03
-2.241395000338913812e-02
-1.440606450163766684e-02
-1.803738361130252654e-02
-4.137220810032139068e-03
1.819341669212668627e-02
1.629445075873189874e-02
-2.316768131773827392e-03
-1.681813434690207975e-03
4.692456012033007634e-04
1.680731227963739097e-02
