1.350483136844693455e-01
1.027529624974040434e+00
4.324125616613404277e-02
1.356287637241969336e-03
4.004978935733042423e-05
3.608771485268725307e-06
3.766770122620112734e-06
3.251894536977001498e-06
-2.950669841423725846e-06
1.754469151941483372e-06
3.097637991132923247e-06
7.656165849832356788e-07
1.155417068390304931e-07
8.218761045934251555e-09
2.645387385734017365e-10
-1.154480972398166899e-09
-5.560953865122497243e-10
-3.862382943313610872e-02
1.028111033959680787e-01
-1.084427459206689648e-02
-9.269287741766079518e-04
-4.934171802652605459e-05
-3.606590103644161046e-06
-2.354373405541418638e-06
-6.141619474890455149e-06
-2.027673229455869173e-06
1.718496676822925492e-06
3.621752873265675095e-06
5.604510181656367166e-07
4.370591684639343152e-08
-1.739001018866524009e-09
-7.818308774710671954e-10
2.953904887694738284e-10
-5.932202276344966465e-10
8.342882576634605765e-03
-1.045596653491427837e-03
2.266303654494089027e-03
5.002894065439125824e-04
4.816769271860289232e-05
2.584122385767895668e-06
-3.264143760167213448e-07
2.634873195483239739e-06
-8.002447424562725816e-07
-5.115783655811274714e-07
8.713612436218764999e-07
-1.368281328452593481e-08
-9.704078600420765915e-09
-8.402804473518555253e-09
-1.292691295498585481e-09
-4.976013811820468479e-10
1.696263675046450457e-10
-5.991239355120879517e-04
-4.471536133558847922e-04
-2.084137694355309807e-04
-1.101407535798563659e-04
-2.466364355241854362e-05
-2.875266485211621122e-07
-5.821194549773464833e-07
3.293530069410022197e-07
1.193453984746182646e-07
-9.084367228989557437e-08
-1.864621970044407479e-07
-1.087289112533732221e-08
7.268842249716687941e-09
1.295838732098682969e-10
-1.898567247306023000e-11
6.104203203970990401e-11
1.165704980719813161e-10
1.584207646584644949e-04
-6.666699048167651017e-05
1.307345165750087334e-04
2.036823924024112160e-05
1.107675426214635276e-05
1.071304621621484324e-06
-4.998682082720077432e-07
1.070475611225822664e-07
-9.103589520441670943e-08
3.336518619061485289e-08
-7.341838810384919797e-08
-2.012993214975153444e-08
-8.294422567147569873e-10
-1.439099846146734810e-10
-6.583845150513772550e-11
1.216558967979694263e-11
9.456145622775069611e-11
1.239929675874900277e-05
-4.675994471338175949e-05
1.123920893103758476e-05
-7.788995657298011715e-06
-2.815106088098189764e-06
-7.646232032748940335e-08
1.159564914666259414e-07
2.959957673521576809e-08
4.591781440169636383e-08
2.862992340200687682e-08
5.042826053277104825e-08
2.546902678038987361e-08
4.239208353120475350e-09
7.963269714203678826e-10
-6.159869863604640261e-11
-2.105026984368576369e-12
2.756229103560963166e-11
3.455493825179856241e-05
-2.016005768609749639e-05
5.303950998292638399e-05
-1.248013044167779825e-05
-1.203468510291743886e-06
-2.330812672230739454e-07
-1.408747151672572112e-07
-1.178993186049405725e-07
-5.002928227836608354e-08
-2.329140215222362847e-08
-1.266115317661216058e-08
-3.053953951573527691e-09
-1.562574274453265493e-09
-4.309102089766516116e-10
-4.076772383855774113e-11
5.116707127527880786e-14
-1.723548950805521144e-11
-6.997754889611171849e-06
1.889818754916891807e-05
-1.148678650651617663e-05
8.369738717252488068e-06
1.672513177314943495e-06
3.009651285972616550e-07
1.343009109018637693e-07
6.631524629912977886e-08
3.456630464433040346e-08
1.311376976646173731e-08
4.738700466430950172e-09
3.173570354885743880e-09
6.575206680755424948e-10
2.346236594203124272e-10
4.250352291179828698e-11
1.391107586586100181e-11
-2.592008697060735706e-12
2.600280814293135633e-06
-1.125142364197733294e-05
3.660570052081224046e-06
-6.853671896808752811e-06
-1.353268039556380607e-06
-2.754298640587858948e-07
-8.260151180232024887e-08
-3.738287871875815741e-08
-1.718894146340877107e-08
-6.573217059323668083e-09
-3.336723772508372759e-09
-1.848601892738500272e-09
-6.242095916741850137e-10
-1.262497926382056566e-10
-2.042041131400228134e-11
-4.211192712987485548e-12
1.166702964566006122e-12
9.788736525064615291e-07
-3.327264905382028756e-06
4.003937985901277726e-06
-2.267936562526287604e-06
1.959180417020853450e-07
1.535464549941231267e-07
4.901736487569651408e-08
1.742838598351550097e-08
8.010705673460696089e-09
3.261817855745182479e-09
2.338312589596939829e-09
5.465666278945671435e-10
6.557464667692813780e-13
2.422957908999825803e-11
3.948376199743609161e-12
1.720543578080092234e-13
-3.586546604627667446e-13
4.637966413550493730e-08
-4.959740995409627334e-07
1.008565096078409399e-06
-8.555182561157395881e-07
1.904084287939116573e-07
-4.889148655012035769e-08
-2.023476025273679262e-08
-6.909618690675872451e-09
-2.867668462458664968e-09
-9.815422941856643561e-10
-4.622294251536486830e-10
-2.800598545751978168e-10
-2.469004246730967500e-10
-1.986886522192208518e-11
-4.487778589751256533e-12
-1.015833848625232007e-13
-1.664737436077259815e-13
1.942992385452171900e-02
-1.947860880407024584e-02
-1.435289573894396164e-03
-7.334349635207164581e-05
-3.515243569664347210e-06
-1.133106838467094867e-06
3.960152218175611742e-08
3.821639524295739629e-06
2.197516337557910957e-06
1.515818429329799685e-06
-3.794025814567517351e-09
-3.369795672575889346e-08
-1.297439224584904990e-08
4.504497462486983614e-09
5.651146044540967423e-10
-9.988729365050203104e-11
3.852406881875982889e-04
2.088119209490472104e-03
4.653280668876443363e-04
4.571717794702249011e-05
2.179143264194542555e-07
-2.205853339218921076e-07
-1.565856606787733273e-06
-8.527552147511131335e-08
-4.187707747563477857e-07
6.225127512173870426e-07
-3.320131323096280753e-08
-8.693402343102391208e-09
-1.801389233925164123e-09
-2.169842454173480307e-10
-4.036011735345661488e-10
-7.266680958819041954e-11
-3.714111731919470427e-04
-1.999640534186884571e-04
-1.115263793205505718e-04
-2.544985723498145171e-05
-2.536075870669267078e-08
2.326581178062882459e-06
8.580717068245081719e-07
8.951779178061845325e-07
-2.900593826044197614e-07
-2.025717089701043151e-07
-2.094212958946859267e-08
5.361837663694698659e-09
3.329434141261395826e-09
-2.454314010014966026e-10
-1.619294071209811393e-10
-3.345471070781241729e-10
-8.444708818835265356e-06
1.372798032172899867e-04
1.978821734006341770e-05
1.059107918504026827e-05
-7.981008433167673933e-08
-1.185380332560119096e-06
-5.295418685351093741e-07
-1.328353214977336967e-07
2.534455640965829700e-08
-5.137899888123537572e-08
-1.390487817730188307e-08
2.588536273563433247e-09
-5.423779488107529317e-10
-6.909355334164666658e-11
1.323270410987498342e-11
-1.394385706014230681e-10
-4.075999300497431643e-05
1.273378714948491940e-05
-8.360340877617688794e-06
-2.254477918242782003e-06
4.290540391708249801e-07
8.761889676925094392e-07
4.482048577289973639e-07
7.871296103893919211e-08
2.779824273852043936e-08
3.894555030078247718e-08
2.058017447594735533e-08
3.500341187299025818e-09
4.444362011365896363e-10
1.037313359727179636e-10
-5.748770397844017648e-11
6.054532141425399646e-11
-2.704636706383270326e-05
5.241808317566017166e-05
-1.234851214671527129e-05
-1.500526150420168854e-06
-5.670244930116918578e-07
-4.061545581716994921e-07
-1.917769604167847830e-07
-6.850185809352558091e-08
-2.323313736767343535e-08
-9.215461040892275613e-09
-1.117100766851916559e-09
-1.268215218497611702e-09
-4.335947875828155392e-10
-9.149879674890432737e-11
7.629005957527020566e-14
-1.830592177400234408e-12
2.002673835305206006e-05
-1.143506114068222497e-05
8.427502470521620735e-06
1.813727100791636507e-06
4.522396428172007149e-07
2.009260123197310346e-07
9.340451903629153407e-08
3.875543548653288103e-08
1.033991072437347391e-08
2.764300965113197305e-09
2.380542594212130124e-09
4.646719318941293734e-10
2.333980063142312217e-10
4.508538283926890021e-11
1.866942237359921365e-11
-6.152716508342913426e-12
-1.161525644369320844e-05
3.630202870108683244e-06
-6.894270374901165658e-06
-1.418191412942472182e-06
-3.220218474098215365e-07
-1.108448545352802847e-07
-4.595923061444255912e-08
-1.812221973771913216e-08
-5.426689197111499938e-09
-2.477508292103195724e-09
-1.517842472234261409e-09
-5.386858602693243118e-10
-1.252751824674762927e-10
-2.588169354991703211e-11
-7.899949050084674067e-12
9.109085727194963609e-13
-3.458218826985736375e-06
3.999789189874558845e-06
-2.254681453166133383e-06
2.213092273910216059e-07
1.709951796163888314e-07
5.845521472171890112e-08
2.197261559031883776e-08
9.386809306650196659e-09
3.073277576201062126e-09
2.040694265817550769e-09
3.601735812823400345e-10
-6.526515600859628698e-11
1.737486276303552121e-11
6.659569039416944940e-12
7.628210669795287348e-13
2.341623757095751504e-13
-5.547000297037119649e-07
1.024569617015905064e-06
-8.943119668829671061e-07
1.761274368797704194e-07
-5.587404755598661613e-08
-2.882393390519654150e-08
-1.087053825386767097e-08
-4.090356715878222490e-09
-1.563777856618339174e-09
-6.173524543245906104e-10
-2.361840511054031774e-10
-1.267994876497484701e-10
-2.494520743626530836e-11
-5.675852978017917972e-12
-1.558065658385389936e-12
1.171847125143695021e-12
-1.018993927942896782e+00
-4.300110527785411252e-02
-1.349270414861141170e-03
-3.755490004978405166e-05
2.414694361397619416e-06
4.857517324839697036e-06
5.807148598613681465e-06
3.338597352266572519e-06
-1.662955782589040378e-06
-3.076465434551598310e-06
-7.746981984472710857e-07
-1.176755826108116248e-07
-1.183602874149749582e-08
-9.520575096733900002e-10
-9.270505109696748974e-10
1.234021333399353915e-09
-1.086525872371134349e-01
1.053444883619671785e-02
9.157859742721081000e-04
4.836576111868424094e-05
1.503549243592675194e-06
-1.355421474301565272e-06
-4.055846616468335420e-06
3.629253144671605640e-06
-8.377264808807710777e-07
-3.451949453408124685e-06
-5.433401061264612324e-07
-3.462157129136166146e-08
1.561703973894392585e-09
2.887487844533624548e-09
-5.215157516299208959e-10
5.433944271673950672e-10
4.163611377597841237e-03
-1.997194403883568396e-03
-4.868681005468409283e-04
-5.113634754940715423e-05
-3.180863886335784167e-06
-3.368480693655858111e-07
1.063684424047829529e-06
-9.907347537967359864e-07
6.423496066302040848e-07
-9.144016160820347384e-07
-8.268698064215778762e-09
-8.334017509990070942e-10
6.545126032568440486e-09
5.210192655385458219e-10
-2.334863579251763607e-10
-5.692618160341515171e-10
-2.584236345114529032e-04
7.859891048975108021e-05
1.014294171148961922e-04
2.478267716499277479e-05
9.878076305455847554e-07
6.677803740912960118e-07
3.122447149165780937e-08
3.434210847876460401e-07
7.291829834930175022e-08
2.363094771492096829e-07
3.382236968416065968e-08
-6.267700562647591511e-09
3.140629432242307100e-11
-3.210192827125043565e-10
-2.413789611953336988e-11
-2.754090407849794058e-10
2.253589569961476577e-04
-8.073520553602684302e-05
-1.626810277198591261e-05
-1.204199422807196211e-05
-1.110636000023563338e-06
3.715826323813733697e-07
-3.794302459500117642e-07
7.777128422858465211e-08
-1.880520401481557983e-08
4.349498582488925465e-08
1.237504754890244654e-08
-4.009997956979374443e-10
-1.247857203242437147e-11
6.156021662773066867e-11
6.274311419005588269e-11
-8.064873152596496059e-13
-3.417726610260951960e-05
-2.782807639832504608e-05
6.517076238093693094e-06
3.532486143544971132e-06
3.462382128392376315e-07
1.013744122059736410e-07
8.038010301193413723e-08
3.620634862770068593e-08
-1.216813167242256514e-08
-2.650794541323995611e-08
-2.102164362126448764e-08
-3.077592492254462609e-09
-7.696393255969960316e-10
-1.879844873391420659e-11
1.107903559823324995e-11
8.556842316120934503e-12
-4.425293172951542259e-05
-5.569255452702836893e-05
1.226034673245333443e-05
7.801958163090308929e-07
-7.468107128453641769e-08
-2.783787394336745033e-08
3.186573358634686457e-08
-1.657567147647661971e-08
5.151621727618938784e-10
1.427863800277149181e-09
8.245413264870357566e-10
1.006608399940394407e-09
3.940664955939046311e-10
6.065106917849652426e-11
-2.825507864844750682e-11
5.652323275068218736e-13
2.154579025607769648e-05
1.816801402251467902e-05
-7.557581543254174186e-06
-1.362198917298618128e-06
-1.007227289299822359e-07
-2.164139531676178640e-08
-1.274409388528408466e-08
-2.643907199445042624e-09
-5.386243024420715838e-09
6.737075235468761841e-10
-2.152220118151388596e-09
-3.330681490139509221e-10
-2.028690504700333379e-10
-3.216347851393607737e-11
-1.098350946353018561e-11
3.083227198304000631e-12
-1.207779902556991931e-05
-1.006678657731191546e-05
5.942904595010420342e-06
1.135198431734562933e-06
1.642009175001118291e-07
2.264236643233454592e-08
1.011946652159487268e-08
4.932452904833035535e-09
2.940766035982841722e-09
5.964767274862630560e-10
1.317393858470131284e-09
4.576465207688204082e-10
1.103369804809609411e-10
1.425387080786844348e-11
5.349147179859821068e-12
-7.902791692673270207e-13
-4.091251773512566295e-06
-4.022540073969270833e-06
2.736933044077791097e-06
-5.939555793749451656e-08
-9.710995305773220623e-08
-2.131855909020436896e-08
-6.469376569350136791e-09
-3.493699117636806460e-09
-1.124837876295736616e-09
-8.057061423231422016e-10
-3.675001179449865967e-10
5.915110176052839528e-11
-1.441925625562633950e-11
-2.803270605730725431e-12
-3.735963649225087522e-13
1.033324518474814486e-12
-5.994805896339491414e-07
9.989692740150471346e-07
7.848869481350833081e-07
-2.469398307535897334e-07
2.684049630149133568e-08
1.051531674440303235e-08
3.429308973490459596e-09
1.713141845132151398e-09
5.584914882568168664e-10
1.162035874869833984e-10
2.094907570697472320e-10
2.307667072678030714e-10
1.343954743982662496e-11
2.983272785997979416e-12
-3.605908885937224889e-13
-2.270356419162504868e-13
6.738739822175904282e-02
2.840658787586339967e-02
-1.903486061204047453e-02
-1.420023884939672180e-03
-7.384868176651588375e-05
-3.777087416284807522e-06
1.517238192668165958e-06
8.727854097448691713e-08
1.266867209679231116e-06
1.905372770744968982e-06
1.664342972863508076e-06
4.627659087356636821e-09
-1.591739576330160931e-08
-1.316275101006994972e-08
2.954969145344975259e-09
6.265246828153772105e-11
-4.096986162612663603e-10
-7.709339281128419971e-03
-2.516983979132468227e-03
1.832165078297839748e-03
4.509595149097378572e-04
4.574485550784033143e-05
2.754315748947569820e-06
5.755138856306091544e-07
6.244464522256568601e-08
1.367791523493369071e-06
-5.603199832083838910e-07
5.978406674932962615e-07
-3.277526741838521726e-08
-5.615307803838379267e-09
-2.338091776109656573e-10
4.061054583796486129e-10
-8.468956979848294324e-10
-5.607142873874823872e-10
5.654232886638969413e-04
3.409839024208407969e-04
-6.861788472852881158e-05
-1.042337568142214161e-04
-2.798577858741588400e-05
-2.991624022259867990e-06
-1.223704448074153150e-06
-1.025637833163495880e-06
4.616183633791979806e-07
-1.604264851019773363e-07
-2.122007355876593095e-07
-2.074967953993712627e-08
3.597900770238189213e-09
2.980221195018678484e-09
-1.092444346787700411e-10
-8.607909373012534137e-11
-3.050116297793432766e-11
-1.795899016495708606e-04
-1.687242125253172835e-04
8.456283815385986905e-05
1.545176579868480903e-05
1.262144345377042216e-05
2.181219154947677608e-06
8.564491837935210820e-07
1.024308858210415350e-07
-1.007663922534368335e-07
-4.511706287211518715e-08
-4.874178654066410006e-08
-1.332985223767829870e-08
3.133644005925582743e-09
1.109948485481481802e-10
5.812095847925212870e-11
-1.074827290810041093e-10
-2.845363426801849329e-11
-1.332263691431245267e-05
4.068832367362480913e-05
2.925299640543260651e-05
-6.728313123970902074e-06
-4.080164731861879302e-06
-9.189319843375943854e-07
1.060619124524079060e-07
2.024663806350615592e-07
7.874225745296862693e-09
3.587330232481826563e-08
2.846721191946891907e-08
1.836423245836390476e-08
2.680148252693151548e-09
1.217662339625727597e-10
6.471953642879826824e-11
3.971180526014586567e-11
6.921556532550406744e-12
-3.409066290704634096e-05
3.658909811883751591e-05
5.516445335013664219e-05
-1.201461317168266255e-05
-3.773647328643464580e-07
1.804186321790624318e-07
-7.933428767291542165e-08
-6.544035311258328397e-08
-1.269219038178600394e-08
-1.230834676445578584e-08
-3.010334583015113882e-09
-7.319508696355402554e-11
-7.357680211064274850e-10
-2.531119555438558883e-10
-7.082472283679160419e-11
-7.478692344653289563e-12
2.754246068208490185e-12
7.207555955705706167e-06
-2.015981154092321892e-05
-1.812061739863971612e-05
7.442491476202254840e-06
1.221688944345724131e-06
8.928299486574382324e-08
3.887318569905003407e-08
2.994176893937457652e-08
1.312678688054568203e-08
7.849060544278606722e-09
-6.950718904834613244e-10
1.850973404137821623e-09
1.148503092702139018e-10
1.246638520592491246e-10
2.660213253115802009e-11
8.947118870280437514e-12
1.631558280500260521e-12
-2.661525168081427480e-06
1.165641168315757527e-05
1.005608548196134800e-05
-5.905300893068208793e-06
-1.102655555003891770e-06
-1.605669687717831234e-07
-3.620902887662391009e-08
-1.718249356482164615e-08
-8.542600616462198690e-09
-3.791712744878533134e-09
-5.406362483564585561e-10
-1.165370530379167146e-09
-3.453797234530625660e-10
-7.758642102040497766e-11
-1.381719188274932917e-11
-5.183126396831749105e-12
-1.243218086618584869e-12
-9.231120769579328258e-07
3.965999326477978265e-06
4.009643308557006840e-06
-2.743462104003885167e-06
5.571842280320261716e-08
1.005531751952569630e-07
2.574525276059811950e-08
1.047323406013198300e-08
5.625371278467050999e-09
1.544840921745990272e-09
8.521995901114703914e-10
2.483057967320671688e-10
-1.433101496010331774e-10
-5.160831929019656149e-12
1.301223236759222637e-12
8.126428762937521827e-13
-2.929981417905642276e-13
-2.747422072358922660e-08
5.575200217764794989e-07
-1.108559228922536803e-06
-8.400896368124275257e-07
2.540423091597152903e-07
-2.267803380040812479e-08
-1.395438557004745840e-08
-5.640010067565772013e-09
-2.244784606805698382e-09
-8.668721719004035908e-10
-6.357692169485469612e-11
-1.610468520578195832e-10
-8.175027817614340135e-11
-1.069185291331002670e-11
-2.893348541989263018e-12
-4.914746897537940389e-13
1.210531139158210758e-13
-1.541067011941954501e-01
-4.790321930701308718e-03
-1.362718193416914822e-04
-3.875708318720384483e-06
6.682670901116363947e-08
1.305154330697446023e-06
-6.059739983576868892e-07
-4.722287304814298495e-07
-1.838181160830619658e-06
-9.579901430894033813e-07
-2.053981631990427168e-07
-3.665873168305857317e-09
-6.320570997077004825e-09
3.599637888400970954e-10
1.884869994606162668e-10
1.527566903293382772e-10
4.050556429156916549e-02
3.289883381720890097e-03
1.700174964664446511e-04
7.533742503524663313e-06
-2.887317360297692537e-07
-3.986630397994834924e-07
-3.033449334459081760e-06
2.393847399306790622e-06
-1.321486988014477265e-06
-9.640417507235182231e-07
-6.225506068083423358e-08
-9.379323348446528820e-09
1.150221124893501459e-09
1.453274678645197995e-10
7.009780466268771620e-11
-2.447365021478314797e-10
-8.712908745197632879e-03
-1.734642871902779791e-03
-1.668278759291357363e-04
-6.678140293124438464e-06
2.441048520759702728e-07
2.527657579204262335e-06
2.954686704968752751e-06
2.829954218178416645e-06
3.013065487386325435e-07
-9.277735958945531301e-08
1.080876496722488620e-08
-1.081695378178367007e-08
3.688806357251194577e-09
7.434680412478686183e-10
-2.212797813943769753e-10
7.610929672757974668e-11
5.224894951893157722e-04
4.051585301952463484e-04
8.315947297767295866e-05
5.150970582123492017e-06
-1.580506959878662100e-06
-1.121651672171425723e-06
-2.219017949386384718e-06
-4.994154610924085486e-07
5.184721480774172956e-07
7.134304697841359439e-08
7.531371318945004236e-09
-1.962497485910640304e-09
-1.135714505918378628e-09
-4.294853147755937045e-10
-2.654358528555873645e-10
2.033853527072775389e-10
-3.402030937604447972e-04
-7.806789066647589858e-05
-3.414924801032455192e-05
-3.109860576958034710e-06
9.796734932226972459e-07
8.934001852797166717e-07
8.948663420910657668e-07
3.941499603203168045e-08
-1.554240891835175375e-08
6.979877350529757976e-09
-5.145324992731459023e-10
3.804074509784829754e-09
-9.703918578945602912e-11
2.820454326056886548e-10
-1.651319366076916578e-10
4.867191738905642007e-11
9.014899514916910209e-05
3.615784326133253981e-05
1.144070661148613079e-05
1.138255732420689189e-06
-1.164014224308805900e-06
-8.411200957067024885e-07
-2.744997810341332863e-07
-6.925148725632189310e-08
-5.634534954053608174e-08
-2.671481050637870616e-08
-4.579095730691854940e-09
-1.403643378127252222e-09
-1.712292341795237290e-10
-2.196606924076789952e-10
4.283067130808630970e-11
-8.924463542338818351e-11
8.959535445955846440e-05
3.820247201737323085e-05
2.042637488422655649e-06
2.896485787928625760e-07
7.223166580115152265e-07
4.739651089280297224e-07
1.624574129993536339e-07
5.105957363847381639e-08
2.703440133387236742e-08
7.976642096064897636e-09
2.746070582882304960e-09
8.135021941503975090e-10
2.898346544628444986e-10
8.993951478649743273e-11
2.074903885094548557e-11
-5.474587032348649035e-13
-1.576715113882608751e-05
-2.566416458398305947e-05
-4.365471509756889003e-06
-7.006213706472325157e-07
-3.664559441097708291e-07
-2.109024706142811601e-07
-8.995531171177432269e-08
-3.105901082787845216e-08
-9.322896879364843465e-09
-2.236860760192920586e-09
-1.467719665089075390e-09
-4.720783905416370907e-10
-1.868864280095739627e-10
-3.819810904940828167e-11
-1.567365562770614922e-11
7.698403457155305327e-12
6.452212878560182859e-06
1.994184677380476893e-05
3.973014988968418341e-06
6.638134208825924273e-07
2.042221841536066916e-07
9.505232214630178040e-08
4.405771376297554263e-08
1.450075967700467984e-08
3.952529389681938064e-09
2.691886318490139413e-09
1.010248341267766733e-09
2.980001871680075586e-10
9.724111752640820041e-11
2.730654698784212287e-11
5.093365692006644030e-12
-1.068323201897774534e-12
4.496027270870269446e-06
1.009867631773484675e-05
-1.872383837938078967e-07
-3.643931254928147829e-07
-1.111351039045633178e-07
-4.283596225688794216e-08
-1.992709555411654063e-08
-6.594414934395711828e-09
-2.275829200407123141e-09
-1.304914829739728865e-09
-4.084966330777916834e-10
-8.524107184230496279e-11
-2.662959539331947785e-11
-1.106395779409678879e-11
-1.436562723089041177e-12
-5.202704920776319918e-13
-1.295079280627483340e-07
-2.999000682841758619e-06
-9.453775360822353793e-07
7.520932332310242741e-08
4.440376462045934582e-08
1.493852706366860169e-08
6.825144060745292378e-09
2.521396856217337047e-09
1.412077358815462447e-09
4.901224502444952687e-10
4.045757642369212498e-10
6.327948378495621428e-11
8.413996279405045909e-12
7.358901727404235854e-13
-7.472688823666809689e-14
2.679563749881382874e-13
-1.434635313631177356e-01
-7.198880814948652174e-02
-5.038065569376535061e-03
-2.483929521093765857e-04
-9.884023005659838728e-06
-3.403479755462798836e-07
9.671660507344966949e-07
5.217792884176096520e-07
-1.920574035212324714e-06
7.697354408475569809e-07
1.961123935517552226e-07
-7.528642826374425603e-08
-1.045514369287901002e-08
-1.752505757661494609e-10
1.775026428642288945e-09
5.188324633992448232e-11
4.731171913707753901e-10
2.471868683251985267e-03
7.977405428368968682e-03
1.616666368236203575e-03
1.600093268050653149e-04
8.498843567791221115e-06
-1.254137067626637073e-07
1.504759910962262913e-06
1.085155948438896133e-06
-8.811219445284818575e-07
-6.489732249319870853e-07
-1.040167266512990746e-07
-3.279308268696812625e-08
-8.535630657289625124e-09
2.073998396923932830e-09
3.214065558625131671e-11
-1.608727929123610793e-10
-7.957833083143979486e-11
1.769424291644141581e-04
-4.855507863530856855e-04
-4.048956748056373178e-04
-8.035987833607315198e-05
-4.053016035822135924e-06
-4.512956323967024365e-07
1.594541098061156357e-07
-9.780858687985153088e-07
3.907683587735081818e-07
-6.157697720320960183e-07
-2.588539849123927668e-08
6.332018667765633676e-09
9.315976910077708250e-09
1.059884303959678013e-09
3.927655503697177915e-10
2.212344360830451303e-11
-1.196582108682275805e-10
1.229172815155492641e-04
3.621537160406695607e-04
8.098629548642608542e-05
3.343395091372919087e-05
2.696545642748928013e-06
-8.552986098340377933e-07
2.847363412745892968e-07
9.342272272469442977e-08
3.422642961891403017e-08
2.092224477571487946e-08
-2.162829655767157202e-08
-1.214415872120497391e-08
-3.413842255271081651e-09
-6.628220882582111574e-10
1.177100644851747342e-10
6.142171945273264468e-11
2.638003280900804517e-11
-4.715430860756655295e-07
-8.867213196068667524e-05
-3.507676554828941434e-05
-1.142513908029816278e-05
-9.871476292853858582e-07
2.941989853491049449e-07
7.915281010497798761e-08
7.552365641653802530e-08
1.169073190441524775e-08
6.618701415424350211e-08
3.708904534055506897e-08
9.669484648828656236e-09
2.210163801288606482e-09
2.635302963671625032e-10
4.168713717382893804e-11
-3.466802158913177415e-12
4.045301935763600115e-11
-8.131006922494338665e-06
-8.996388761847452223e-05
-3.872068767051757066e-05
-2.125156202974498852e-06
-9.700997453478796734e-08
-2.025457030434568936e-07
-1.948461310025711638e-07
-6.708281094866009746e-08
-3.397840101446429893e-08
-3.411839724444952537e-08
-1.430247506360697517e-08
-4.608778069502860488e-09
-1.425032988055657864e-09
-2.322992935530532556e-10
-4.543487215664020032e-11
-1.306913501191438292e-11
-1.581985991837780119e-11
1.636954881560757544e-07
1.563233653821927778e-05
2.576716534196656785e-05
4.380601618500338740e-06
5.411149918433259660e-07
1.975229790286505366e-07
1.245294313764447001e-07
5.741870607010798905e-08
2.624988883589150021e-08
1.232606088925904176e-08
4.780797237291264717e-09
2.327679234412411398e-09
7.113969577867748186e-10
1.506416990098509081e-10
1.691696844324909899e-11
3.531242829200363194e-12
6.852703109225901452e-13
-4.269916268027230617e-08
-6.416650486446702384e-06
-1.995787441806018181e-05
-3.950756935557437988e-06
-6.016004848037467537e-07
-1.439559364671441512e-07
-7.252207728943855031e-08
-3.396712326841538245e-08
-1.426483041452217761e-08
-5.561927666548839742e-09
-3.704112447361093149e-09
-1.410367000830446152e-09
-3.823493795694167744e-10
-8.134513819633114403e-11
-1.665857199486175771e-11
4.016004997244005362e-13
1.923768135002442974e-12
-4.274547409361173296e-07
-4.531736783499082271e-06
-1.009519281304223603e-05
1.734758362956020562e-07
3.323366678394436409e-07
9.400554649986682809e-08
3.807657790335398598e-08
1.841057123968721012e-08
7.439125123601314751e-09
3.219336916845216793e-09
1.795238102512199747e-09
5.067619837551957149e-10
1.009822833613399334e-10
2.206840293427760527e-11
4.791085648491916708e-12
-1.015251062363936815e-12
-4.043172372732032304e-13
-9.922488444249763448e-09
1.447940801790761770e-07
2.998911783396030110e-06
9.908396122002007030e-07
-6.156775735226042692e-08
-5.025190526187116609e-08
-1.916788863334988830e-08
-8.838339445379194702e-09
-4.153053633637405235e-09
-2.442048870717383957e-09
-9.519512702214900966e-10
-4.334115580915445311e-10
-7.084903823060132720e-11
-9.013693291470838137e-12
1.657596046582084930e-12
1.113258214426006270e-12
-6.200785323218095646e-14
