1.382468604152607694e-01
1.025852267344675939e+00
4.415055921832389263e-02
1.474353841544762556e-03
4.934911463872406222e-05
4.912038769194273007e-06
3.857046742641074370e-06
2.869848571279784449e-06
-2.311665680427480852e-06
1.184772462858716415e-06
2.455465216222811660e-06
7.223267823095126252e-07
1.071284619842119675e-07
8.762441203011623325e-09
-1.030430190096951716e-09
1.333379447887922241e-10
-4.677872791260944115e-10
-2.762808776089584889e-02
7.249301202252145249e-02
-7.755068694467455274e-03
-6.959541805330265009e-04
-3.975736414688029851e-05
-2.527110201159530996e-06
-2.230126619509103372e-06
-3.491030538023869534e-06
-6.716515306729105022e-07
5.130509338911904701e-07
2.293787174120452976e-06
4.029868108364635176e-07
3.845410032485524081e-08
-1.728954587663042805e-09
-6.958854328265652549e-10
2.755321452023985539e-10
-2.449050908157105450e-10
4.208982958215289234e-03
-4.694711336698813753e-04
1.148285856257409568e-03
2.595954251953245303e-04
2.564680308108110540e-05
7.181106796740095710e-07
5.660224804525619532e-08
1.915377239918075327e-06
-2.030292531211219153e-08
-1.279519558795584851e-07
4.424432846082600087e-07
-2.658473498864075983e-09
-6.867134106092572444e-09
-2.420077532535706596e-09
-4.032585571150315481e-11
-4.701142169631913840e-10
1.582924687724693165e-10
-1.696738459805212720e-04
-2.107124641021388247e-04
-4.949378690619835996e-05
-3.634812092874874987e-05
-8.899269064754492989e-06
-1.534999707113436839e-07
-9.239709901796509756e-08
1.946732825334435917e-07
2.758201357390377131e-08
6.169719209895592919e-08
-6.780164524999069338e-08
-3.160805922341084077e-09
3.024517654178771171e-09
1.950318294051997093e-10
-8.386110077355375369e-11
1.650204190189525871e-11
2.365870355409036792e-11
8.408113296841454186e-05
-5.946531849226647598e-05
6.341248249745950279e-05
7.214718013101880857e-06
2.644375567702701953e-06
1.146264647479383634e-07
-8.762391354985733358e-08
-2.442569206127872520e-08
-3.175090232278525694e-08
9.146462679630827863e-09
-2.478961869850961395e-08
-4.347468699306608904e-09
1.104246845466160394e-10
-3.777088757476832020e-11
-6.609866954351698412e-11
1.728053087042610256e-11
1.927697300124032917e-11
3.686391568287210966e-06
-1.604648880593636227e-05
4.923967041556202463e-06
-2.660904691385959861e-06
-5.217731183965938764e-07
5.725642925480531915e-08
4.441454625182957077e-08
2.502509259715559106e-08
1.659369728770836478e-08
2.430457920812653811e-09
9.447902455448588207e-09
6.100216857696250217e-09
9.146611824321849084e-10
1.731211903083909697e-10
9.958392949335794997e-12
2.059127048466994254e-13
3.439500332956196556e-12
7.481608405574949416e-06
-4.042590119350701603e-06
1.135933375803797384e-05
-2.722820627386175844e-06
-2.472403343876285112e-07
-5.558149084606765120e-08
-3.418177919183585016e-08
-2.313016939795009132e-08
-1.059149287693822467e-08
-3.965607865006373655e-09
-1.928145991882792868e-09
-8.189800562649718824e-11
-2.456620601267218289e-10
-6.642958038817467805e-11
-7.852332221926447660e-12
1.079117911290234174e-12
-2.269493606542328898e-12
-1.043882904820099100e-06
2.850426582897132329e-06
-1.650386749806010728e-06
1.285382633691015416e-06
2.480905094362514950e-07
4.217515240754863296e-08
1.951754678044861769e-08
9.396402019298480366e-09
4.877210246744560008e-09
1.491552352418021406e-09
6.621125448260527746e-10
4.003521489197102168e-10
6.060450043991609436e-11
2.420769399517919109e-11
6.112387959780865480e-12
1.049487132771959582e-12
-1.291791882502923938e-13
3.213046870195813970e-07
-1.255494263318015695e-06
5.215136312724713403e-07
-7.846747978770378537e-07
-1.497398735116973469e-07
-2.821274667680549123e-08
-8.128628637104341378e-09
-3.713653763563816360e-09
-1.598546774785627078e-09
-6.004295343589912326e-10
-2.790304073822492090e-10
-2.078527526104926350e-10
-6.243899805738441066e-11
-8.914258679475115036e-12
-2.065175236239790305e-12
-1.872601391233887591e-13
9.494759336262157379e-14
6.811212092724230198e-08
-2.227175280197334371e-07
2.877742297339545551e-07
-1.516963144716281946e-07
1.613734092665089442e-08
1.121757881556267332e-08
3.353997786158251955e-09
1.274060999210704002e-09
5.188195907980941576e-10
2.351930390406359139e-10
1.531735759573651166e-10
4.032422444535523561e-11
1.612134838399948559e-12
1.133885757402872580e-12
-1.207710595442716892e-14
-2.649953848393239130e-14
-2.307039987540553560e-14
2.070090132670651656e-09
-2.445121352718637140e-08
5.032009728792937305e-08
-4.568857648646381002e-08
9.457880819108400991e-09
-2.456966648512522270e-09
-1.004939200895171342e-09
-3.361542280038147583e-10
-1.226274497805281316e-10
-4.146530601844637773e-11
-2.049274154081002932e-11
-6.910327965442224222e-12
-1.054426889579237015e-11
-9.687288066864932437e-13
-1.865702795022578310e-13
-1.649151852345871851e-14
9.136479352927618056e-15
1.361371854687468477e-02
-1.394971996033601142e-02
-1.070748287849073409e-03
-5.791736726304733390e-05
-1.867626746166084689e-06
1.319661368364132356e-06
1.266506999229669115e-06
2.316400855239649544e-06
9.657314236486426700e-07
8.557798901400416798e-07
5.487995945779813626e-08
-4.392964047641329871e-08
-4.451261320807295892e-09
5.536008306261654946e-10
5.957529301781239964e-10
-1.790757420968043279e-10
2.348694207407402525e-04
1.053972531181956735e-03
2.434777775983422432e-04
2.477062014180620824e-05
-3.801384403175453664e-07
-5.545837140917399742e-07
-8.737547682313253696e-07
-3.673837007229744634e-07
-7.750030491231546073e-08
3.167709931635287623e-07
-1.379562379311933211e-08
-6.107726320441208322e-09
-1.865986428412148805e-10
-8.151969301056821573e-10
1.424447264768423544e-10
-1.471092850119382234e-10
-1.508061897071844969e-04
-4.246257097122012742e-05
-3.683107654069386108e-05
-9.223884755312631149e-06
7.857111118293593064e-07
1.021516978258651728e-06
5.817395701702086719e-07
2.498407033261662110e-07
-2.906062967435005966e-09
-7.602425042951207720e-08
-1.433891353121725115e-08
2.138878422623526928e-09
5.163331283365331702e-10
-8.524286222560372049e-11
-1.665476379774300759e-11
-8.345363577829554835e-11
-2.342995095372126760e-05
6.686523785535706458e-05
7.487891316089228324e-06
2.613372345011432607e-06
-3.684946748719061762e-07
-4.440836192917979689e-07
-2.846079728495556836e-07
-5.278172843729631174e-08
-3.175823199859785531e-09
-1.909722427677666532e-08
-9.510239742316909848e-10
1.086763617789715784e-09
-8.090153287557095510e-11
-4.068729562004835712e-11
-4.567707132471851234e-11
-2.016385391126653254e-11
-1.393568955095707421e-05
5.375459753302034629e-06
-2.733267883256497048e-06
-3.800230713852818899e-07
1.976996945126675700e-07
2.405270343448327092e-07
1.076146753644954827e-07
2.715968632931271725e-08
1.197121437307357846e-09
6.561408717220645095e-09
4.965957067296799876e-09
6.070362444100346525e-10
1.073298265337176194e-10
2.759898550424115487e-11
-3.496853171089164587e-12
5.520463461469113707e-12
-5.601168170525207219e-06
1.124315660620673080e-05
-2.721055927621592994e-06
-3.135573737705762690e-07
-1.171601836767045745e-07
-8.112478700806952582e-08
-3.447018405513146479e-08
-1.374559702011546918e-08
-3.959906254630901457e-09
-1.209670303937633157e-09
2.746002041523593295e-10
-1.528871177769868386e-10
-5.195775813426933249e-11
-2.091045187075482377e-11
5.427524187620802574e-12
-6.034405869503238189e-12
3.025382927658437547e-06
-1.638577924898358947e-06
1.294589610060540478e-06
2.690420504224256051e-07
6.232090993413942676e-08
2.738711710665771033e-08
1.287551501775786859e-08
5.333493669483765230e-09
1.157148380670033358e-09
3.780352611775973240e-10
2.801629695805377846e-10
2.714013556434355271e-11
1.947872935061072281e-11
6.895339595457162599e-12
1.918731726975960434e-12
-2.832913648472858163e-13
-1.311008864746027861e-06
5.149187879552686188e-07
-7.890276283512565596e-07
-1.558178683042715958e-07
-3.282089903769829066e-08
-1.077049322761904603e-08
-4.506975303509314403e-09
-1.693151490718908367e-09
-4.850879947105919293e-10
-1.955756473709403691e-10
-1.685361305837853240e-10
-5.120262836235638699e-11
-7.472413859967993554e-12
-2.601186869720157808e-12
-7.163604644496447648e-13
-6.950657286755242846e-15
-2.323887817192664746e-07
2.881678958356929823e-07
-1.504304974575189245e-07
1.761501797836457990e-08
1.237376030285029417e-08
3.827172294208569841e-09
1.486178103832553955e-09
5.757600132506388907e-10
2.087294601966515256e-10
1.283564389727398002e-10
2.801202011156003494e-11
-2.713841076597403590e-12
6.052371773319031674e-13
1.729917106234550604e-13
4.653576577164136713e-14
7.081057484371742252e-14
-2.727031199665619404e-08
5.061881931734409327e-08
-4.714500062173484540e-08
8.920757894251817561e-09
-2.690130387804695302e-09
-1.285512581549051574e-09
-4.637727027915475982e-10
-1.479166403027706874e-10
-4.942223706225048627e-11
-2.485872815014426181e-11
-4.355809908838770317e-12
-5.221069944163599045e-12
-9.823602921041418467e-13
-1.889302133583535735e-13
-5.302200241403155422e-14
5.333131866317995279e-14
-1.016602227366475431e+00
-4.385500772117507245e-02
-1.465984605466895841e-03
-4.650513287334777796e-05
1.587343769891254511e-06
5.130785461528230663e-06
4.701324583511068461e-06
2.959037091543416464e-06
-1.131277779449212111e-06
-2.441781875313296381e-06
-7.322663625031490224e-07
-1.111800047550857291e-07
-1.381497200390486751e-08
1.254061707633801961e-09
-1.376808026433228050e-09
7.225136311754885418e-10
-7.686369016191763048e-02
7.509889390012550528e-03
6.865167924807438673e-04
3.951911386639007738e-05
1.241273667810395342e-06
-1.041794934548289262e-06
-2.946214765369340607e-06
1.930061453894939214e-06
-7.388928278268532339e-10
-2.169131250617675248e-06
-3.802850883145680207e-07
-3.395979026097057336e-08
9.096951134294665256e-10
1.769530841366799338e-09
-3.329441844643135136e-10
3.141786960311578947e-10
2.092911737427298729e-03
-1.002537854280580914e-03
-2.551609661474587383e-04
-2.838451242737354848e-05
-8.470214631699872671e-07
3.416857602599061400e-07
3.217553024976513335e-07
-8.287614179130277419e-07
2.109129149806613776e-07
-4.717708929607855033e-07
-1.461648049602815759e-08
-1.086767792342690023e-10
2.442615435579752301e-09
-4.718698058006533490e-10
2.127580070768192202e-10
-2.496434054856569675e-10
-3.040049812835040368e-05
1.192927153494924711e-06
3.439890671663937738e-05
9.820197421279466110e-06
-5.294088203677685319e-08
-1.231438635952299177e-07
3.549659607346933621e-09
1.831264219279293450e-07
-7.390591170191234909e-08
9.682207718242377170e-08
1.202642214550207574e-08
-2.562465172120379825e-09
-3.496471072710947387e-10
-1.482703447593857817e-10
8.580182499282233135e-13
-9.341892248469632560e-11
1.191452125519935960e-04
-4.987177088706931855e-05
-6.692889026946926626e-06
-3.162879829233924055e-06
-9.146053106153669903e-08
7.414195159610550884e-08
-1.167794633340378074e-07
1.313295191085175806e-08
-2.095817725130302458e-09
1.390316946476853633e-08
2.295604731695860868e-09
-4.049390163751355587e-10
4.248664901638460409e-12
6.019997139242598455e-11
5.975814996902075540e-12
-1.301186765022858238e-11
-1.205460319890058122e-05
-8.641921787662666644e-06
2.601988327373572381e-06
7.276060953471527587e-07
2.846266600224305333e-08
6.702435433394994471e-09
1.321012432672311401e-08
2.488201745561535662e-09
1.020316976210415035e-10
-3.758278917972469186e-09
-5.178145325841694024e-09
-6.375941398582208335e-10
-1.727457262650410236e-10
-2.134819850197284171e-11
-9.649888899298054010e-12
3.671440900400856319e-12
-9.270796225599107671e-06
-1.198841956008426377e-05
2.629682948179987699e-06
1.635854010853294283e-07
-3.162419665067350680e-09
3.780024110806259404e-09
5.519445936892758594e-09
-1.420405585023074346e-09
2.510471839732561180e-10
-7.337711376865358105e-11
-2.637199140461415146e-10
1.548729849194011900e-10
7.386499124019057638e-11
8.274187072560853021e-12
3.869284995312829028e-12
-2.694338685057576432e-12
3.236882169559499028e-06
2.684686826502776485e-06
-1.163196522371904450e-06
-2.037408030564236947e-07
-1.514367976997977293e-08
-4.842592789607386316e-09
-2.420234790561418300e-09
-7.255561457066521424e-10
-8.730275806984343004e-10
4.236355400554475265e-13
-2.886610556786332529e-10
-2.338297134853833838e-11
-2.182528593963483711e-11
-4.909516152760520682e-12
-2.210933511560133961e-12
8.145435191394042523e-13
-1.406427427342776299e-06
-1.247528430629797501e-06
6.877391447301641136e-07
1.275586538627943737e-07
1.747716096230990578e-08
2.581303315842831853e-09
1.165011302830064352e-09
4.072566657399384210e-10
4.167635759091324133e-10
3.082077272772475485e-11
1.629725893290250431e-10
4.909157874969665454e-11
7.930239097037418132e-12
1.983180787708653167e-12
5.261508988970724388e-13
-2.014985087822717237e-13
-2.799251715836969669e-07
-2.793080973032436283e-07
1.869009350551058622e-07
-6.452730632654054927e-09
-7.389137272567860226e-09
-1.602353419510685122e-09
-4.878652275493492648e-10
-2.185175121041179962e-10
-9.657991152774906111e-11
-3.720009433395313168e-11
-3.224606206115104574e-11
1.816083960102039692e-12
-1.262986604775305305e-12
-1.213792026007555593e-13
-5.855394651250510498e-14
7.503835988690409805e-14
-2.977257133229240847e-08
5.117626899739679397e-08
4.204643303751227730e-08
-1.233655253456578786e-08
1.392519958579469802e-09
5.511639888367080672e-10
1.462723244201338994e-10
9.519348655445352199e-11
3.942813105306105793e-11
-2.744388802775815678e-12
5.626147471543187148e-12
9.871073191617323898e-12
6.786462778950384516e-13
1.080439441350246726e-13
-6.005670074625460291e-15
-1.294945421313806960e-14
4.829013845415822126e-02
2.029318015850426621e-02
-1.359852056881597111e-02
-1.059907709705555949e-03
-6.083221907559980006e-05
-3.807105633382858829e-06
6.042811076104844391e-07
3.796337894247816750e-07
9.591260079609990142e-08
9.950937952748734684e-07
8.847293720851602758e-07
8.933635100061300313e-08
-3.207923905041957564e-08
-4.112540279343883185e-09
-8.713702551872538998e-10
3.743916304417418569e-10
-2.951457048561531417e-10
-3.880726541859455016e-03
-1.282241456868537079e-03
9.130488638943900148e-04
2.360375757622456909e-04
2.656093255075319505e-05
2.283182822852911945e-06
6.903592297843410790e-07
-5.208391465700366262e-07
3.694536724116415965e-07
-1.694433897769347494e-07
2.986915413966519383e-07
-1.551487620678412564e-08
-5.287508531666993039e-09
1.820862084573776515e-09
-7.008037711015689760e-10
1.324685448530447106e-10
-3.671080378280318432e-10
1.519758759057023196e-04
9.398763936973657761e-05
6.824535949576171622e-06
-3.457182463907025041e-05
-1.076357641115572938e-05
-1.338878252877435389e-06
-3.866729447555449116e-07
-8.794686036977756184e-08
3.367272290171049619e-08
4.024872793555560713e-08
-7.673579481914572441e-08
-1.333342149783698196e-08
1.836848876698709866e-09
4.556891075711848474e-10
-3.831709948372615777e-11
-4.882856652764738492e-11
1.113079855885975237e-11
-9.642860399206424108e-05
-8.513703708903576264e-05
5.238151031534998733e-05
6.746728482198397042e-06
3.562198733125021135e-06
6.754637795383839202e-07
6.655354569720183727e-08
-4.374459722789825064e-08
-2.285836237350144939e-08
-2.729935563713408256e-08
-1.820817936007878226e-08
-1.788290140206917822e-09
1.271064974491228178e-09
3.076443248932882912e-11
5.764750948741561940e-11
-4.945383288188163011e-11
-1.134101109384197172e-11
-4.074621859322349096e-06
1.434676633179849071e-05
9.282831904479575642e-06
-2.601555886076799699e-06
-9.604120393577942278e-07
-1.783879729799405958e-07
8.336973850736867290e-08
3.922288228756150689e-08
9.908093025741031808e-09
5.235530059966717015e-09
4.142726638363128007e-09
4.802442851043838542e-09
4.390195985756115562e-10
2.647008257073575480e-11
1.132197578763861069e-11
1.227814472616274404e-11
9.493538237712276182e-13
-7.385732766304737814e-06
7.594189409495382220e-06
1.183312882456495467e-05
-2.596922676716134761e-06
-7.646576447968871636e-08
1.522710527202586684e-08
-2.546616774291031858e-08
-1.066532546976595245e-08
-3.295600310026078946e-09
-2.398477507015124597e-09
-1.825926881823593981e-10
3.678908849866497404e-10
-8.265206360330657289e-11
-3.411486889854369218e-11
-1.158050822928661844e-11
-2.969915947254109753e-12
6.583773566932516341e-13
1.070011913029670970e-06
-3.030015651704856690e-06
-2.666291704647921940e-06
1.148288277305343960e-06
1.852885409358805737e-07
1.554368486114054100e-08
7.011437898573793063e-09
4.737648658312681727e-09
1.951094990624549724e-09
1.205736860098899458e-09
6.317576778496631372e-12
2.408382994732254265e-10
-6.562709308224792957e-12
7.659331988951154468e-12
3.664036703024277251e-12
7.616046499555428432e-13
2.192934272757349449e-13
-3.216256977374273176e-07
1.345223062001924103e-06
1.242846108286109259e-06
-6.837357268658630331e-07
-1.248383778226183478e-07
-1.784143111056452995e-08
-4.056904329625271441e-09
-1.825521584015143096e-09
-7.630085609488839347e-10
-4.900598945266952244e-10
-2.936081230063589802e-11
-1.441321530019399385e-10
-3.771956631425945485e-11
-3.781694750296071418e-12
-1.520465964331333422e-12
-4.196839372991251013e-13
-1.418284774216627164e-13
-6.422563216428076693e-08
2.708578281105202110e-07
2.783820852570187821e-07
-1.878326339408694052e-07
6.416366570230843842e-09
7.830717293719113375e-09
1.823277149721260251e-09
7.075474066983342725e-10
3.466604357354131379e-10
1.203324871221029549e-10
3.538359159175652845e-11
2.617533291202685165e-11
-6.562733944548278063e-12
-2.108144481792940300e-14
-1.007372716547890348e-13
4.579295641340514253e-14
-1.232216429248165687e-14
-1.303232725796970009e-09
2.753913829028555321e-08
-5.496426067500768120e-08
-4.396867884488994540e-08
1.245638361508789252e-08
-1.272163900426243773e-09
-6.796334186428667860e-10
-2.329930147353889322e-10
-1.138532524626909361e-10
-4.906878240732899454e-11
5.438178740112803683e-12
-4.779889357343453580e-12
-3.763759534613125369e-12
-4.249563983474561394e-13
-4.482694999362508568e-14
-4.710743872636524406e-15
2.212959306268408678e-14
-1.574220151741864970e-01
-5.216333548776669153e-03
-1.672658741839702396e-04
-4.781968967072712587e-06
4.577057788428941568e-07
1.579991423041256674e-06
1.204153886848919562e-06
5.114639230054101368e-08
-8.425738812722531214e-07
-1.021395993778628099e-06
-1.490864289535066892e-07
-2.629384309066865659e-08
-1.599471319450181676e-09
1.826011836225401221e-10
2.719720803342316364e-10
8.102290957865724851e-11
2.906600922350282418e-02
2.454249891676296962e-03
1.393228521360967843e-04
6.239442012342449774e-06
-1.470243712916694506e-06
-9.898751660835762724e-07
-2.809981909671747641e-06
1.697916747072792905e-06
-6.696509726703945458e-07
-6.380976297404460848e-07
-4.202688560765934141e-08
-8.828312918646442869e-09
1.591603795970056433e-09
-1.139673111277858237e-09
3.439344535571476310e-10
-1.148382961247532341e-10
-4.388149137861135744e-03
-9.043397082370711925e-04
-9.097676749174503428e-05
-3.964268419647860135e-06
5.563869175554376807e-07
1.924412800586118852e-06
1.968180598954078626e-06
1.174406252675391622e-06
1.755865111970874100e-07
-2.657484911430504109e-08
-3.507242116503452039e-09
-4.151631885061211453e-09
1.667536721474823153e-11
2.786465316073024698e-10
-1.624824391349776101e-10
1.042817350479872166e-10
1.041536296480433707e-04
1.398926901970804729e-04
3.203484198012434669e-05
1.715740063167175187e-06
-9.022913909325651974e-07
-1.111784482453661026e-06
-7.676248964677796226e-07
-2.991434606024160476e-07
1.846194156110896073e-07
3.156796538896757526e-08
2.959299966082715787e-09
5.489595670944998523e-10
-8.194907054791160052e-10
3.128677534882055418e-11
-2.276765804933466207e-10
4.036385207894306486e-11
-1.970710461239023837e-04
-2.990697557033384472e-05
-9.210539615777554620e-06
-4.792485595016412545e-07
5.753145638890158341e-07
5.297504817705762992e-07
2.146078533278089317e-07
7.468014078475906775e-08
1.006614791802180818e-09
-1.627041568721621482e-09
-3.144160401298556465e-12
3.839042390572040999e-10
1.768386413464430323e-11
7.298008513762050089e-11
-1.468971511623043082e-11
2.776474084933505461e-12
3.378953036054726611e-05
1.265044005677229295e-05
2.575695100824556268e-06
9.479888998558537733e-08
-3.906137543725081899e-07
-2.170941712941914930e-07
-6.982972849540041762e-08
-2.648359447492421384e-08
-1.434633237292233857e-08
-5.587679085609308519e-09
-1.133086961126490091e-09
-1.331084859827944217e-10
-9.852673554825807934e-12
-5.231974349135594056e-11
3.845363126219053663e-12
-1.089697254739913213e-11
1.878608374904545161e-05
8.173479871449390054e-06
4.349490524769524100e-07
9.038915353704664418e-08
1.571103564011376808e-07
8.132440284898943116e-08
3.136840496537659532e-08
9.199589037383226061e-09
3.700066650743777016e-09
9.189355750230213347e-10
3.069832423920158397e-10
1.031664860685631575e-10
3.361628860455416477e-11
2.653756928805329737e-11
-6.261326184220194701e-12
9.874467104453874008e-12
-2.249313340494269885e-06
-3.975072115245025484e-06
-6.694844640479423596e-07
-1.041080581154957947e-07
-5.250117124266722973e-08
-2.784993037768687797e-08
-1.205302714964689977e-08
-4.155734606201907306e-09
-1.288178953031427177e-09
-9.818093119465214653e-11
-1.574056187826901277e-10
-3.774404239622488760e-11
-1.905402303520045826e-11
-4.507438727130243420e-12
-1.015757434730512714e-12
-3.450011586469023436e-13
8.336659915997275327e-07
2.329679684715718176e-06
4.468392595651040212e-07
7.041128818067913566e-08
2.026561441433386587e-08
9.077910473649683362e-09
4.045572509992116486e-09
1.444367395920450938e-09
3.074208606652721201e-10
2.830846721805622852e-10
9.291074493643317572e-11
1.605267686665146361e-11
7.756452383226836956e-12
1.906149422804154534e-12
4.466718613234955408e-13
1.638830522329345303e-13
3.221793450671200522e-07
7.028996514233723511e-07
-2.211321193972268930e-08
-2.724122140506751355e-08
-7.732532642668830157e-09
-3.004505715933497348e-09
-1.288992538585086526e-09
-4.854487055289947553e-10
-8.481212718319642284e-11
-7.048951676799069452e-11
-3.498575382236806702e-11
-9.666084160448214766e-13
-1.798664269858753996e-12
-5.512510141723468272e-13
-1.927021510956996821e-13
1.985129298754359544e-14
-7.126130963603322634e-09
-1.496035426700747948e-07
-4.652511936923574653e-08
4.284077649024597340e-09
2.254378902752827182e-09
7.402361597599047018e-10
3.064991302252899585e-10
1.389916826760545124e-10
6.294981307701511789e-11
2.440695589082387553e-11
1.846833896148344254e-11
3.132946017899970763e-12
3.020457364725755144e-13
-3.343193861282681573e-14
-7.515234764656723602e-15
-1.777047882350425445e-14
-1.017591635385465682e-01
-5.160467755402942808e-02
-3.749547025723764908e-03
-1.983255339845058193e-04
-5.520574483180757682e-06
1.944567470523900395e-06
1.692189891404089497e-06
1.484024490743120486e-07
-2.367581475763896907e-06
4.001292274018948182e-07
1.192185306325860618e-07
-4.081015033912783277e-08
-1.165324156008998701e-09
3.581732399620995911e-09
-1.515394886425644568e-09
4.288998922384689351e-10
1.419998336460434143e-10
1.219376882565465035e-03
4.017546163492313749e-03
8.434186716214075443e-04
8.681702561696719861e-05
3.220314358508838627e-06
-3.867991343781408438e-07
1.355567537517812278e-06
7.283549375420991764e-07
-3.085069803139158676e-07
-3.470818217462313644e-07
-2.386383963371740011e-08
-3.535590064304094738e-08
-3.673434641819799613e-09
1.189932406870511694e-09
1.320191547422560111e-10
1.040791377699831446e-10
-5.169670727087495994e-11
1.043950578887683698e-04
-8.912638101566275968e-05
-1.397020322396207344e-04
-3.054089883360823954e-05
-9.501105849323758345e-07
5.222135706353220868e-07
-5.614459133811848894e-08
-5.323032070248282911e-07
2.274553848923648644e-07
-2.340154245325914979e-07
-1.478032374337333415e-08
5.996793514092366119e-09
3.185113124546917340e-09
2.400611082397419532e-10
3.169729231304152657e-10
-9.824675157776369088e-12
-8.589483746776212614e-12
7.811673253036109904e-05
2.115556598592089298e-04
3.083847428627987887e-05
8.749231696872197250e-06
2.967622465911174135e-07
-2.729687877360196269e-07
3.813182369153196543e-08
3.786768489211187911e-08
-4.226909472169721374e-08
2.104134181204737546e-09
-6.859494688105768251e-09
-3.783886908428497805e-09
-9.407816066108649116e-10
-2.129016206862036659e-10
2.298569091994347976e-11
2.461834134230898640e-11
5.238313671985498002e-12
-8.248029384556336245e-07
-3.342953162490114587e-05
-1.241359159835364330e-05
-2.439739025789090088e-06
-6.172134995995245397e-08
7.635975851383570181e-08
3.476585030253223016e-08
2.325750546247436429e-08
1.078829144712551576e-08
1.578358636465812411e-08
8.611400388634272428e-09
2.520031586809621745e-09
4.078823426125621008e-10
8.209724995608760033e-11
-7.521890975002495000e-12
3.939394800851332210e-12
-8.118681785125942082e-13
-1.608707701293156656e-06
-1.882006855991526188e-05
-8.235762952243102120e-06
-4.717352536224733954e-07
-5.046287509615046507e-08
-5.129451427153826965e-08
-3.802908396065108732e-08
-1.427958387147628547e-08
-6.254754575823289086e-09
-4.982821948560315476e-09
-2.001342545288380083e-09
-7.548831063876447570e-10
-2.127714706444229802e-10
-4.875819103202596878e-11
-7.823626193514459392e-12
-2.257524564092955248e-12
-9.351226541266611701e-13
-1.147523316971127648e-08
2.209901649483043575e-06
3.983551357446005104e-06
6.706452001889243910e-07
8.102283016725949565e-08
3.057277413908215411e-08
1.741142084612736753e-08
8.201758117883698021e-09
3.488520482078997632e-09
1.705633662972918142e-09
4.233302161362719528e-10
2.955857010142884371e-10
7.586690563130104690e-11
1.885301277813296903e-11
2.026429440192107729e-12
-4.855384775384572530e-13
1.865858645470022637e-13
-2.453960512004999602e-08
-8.292840920866657037e-07
-2.331052947120764136e-06
-4.440689916351590090e-07
-6.351654646059922513e-08
-1.478550100666167650e-08
-7.200284455310897870e-09
-3.168941091499582202e-09
-1.415023264439785423e-09
-4.562394620808002744e-10
-3.863113313661220889e-10
-1.351177306360469248e-10
-2.733945155831457181e-11
-7.498294943290272339e-12
-1.008021378491687255e-12
1.663059717570946755e-13
8.080999820960046757e-14
-3.367517828402410269e-08
-3.269980906263582691e-07
-7.031826155651892296e-07
2.073620687964369324e-08
2.509606975179844294e-08
6.701357306902346246e-09
2.636076505550188330e-09
1.148540630673018300e-09
5.260719043771683931e-10
1.343085736204251088e-10
1.038951696642714179e-10
4.551250529289499839e-11
3.288911973998949392e-12
1.728437119781176364e-12
1.319871270011671300e-13
-4.655394285035049049e-14
-7.288528250355109176e-14
-2.579162086987177135e-10
7.924239383221450817e-09
1.499195054880820227e-07
4.842988921610682314e-08
-3.808992510569056741e-09
-2.436000628461789800e-09
-8.372568011367539651e-10
-3.607431669078052009e-10
-1.883524821964274514e-10
-9.452530042294050704e-11
-3.812157839685973795e-11
-1.987702966647038048e-11
-2.953591852158623529e-12
-2.880818387194811870e-13
2.030397094404802716e-13
1.085382741821667695e-13
2.415802498398535718e-14
