1.279764733549584865e-01
1.031518038462270415e+00
4.121283973075963447e-02
1.124848941694201474e-03
2.340936790320310664e-05
2.949878872595905816e-06
2.423382749594659009e-06
5.072639537701314581e-06
-4.980019990549882412e-06
2.489129577017520932e-06
4.521847149433704046e-06
9.581678158569568098e-07
1.343871883291343101e-07
2.175671139384403819e-09
-1.721504804637594081e-09
-1.543449885369756646e-09
-1.110962165181675627e-09
-5.500862984467983635e-02
1.512746795343072881e-01
-1.545528721086127620e-02
-1.179088495953699777e-03
-5.474172981722319210e-05
-1.819077286651527852e-06
-4.253949363061428170e-06
-8.014304423234284365e-06
-4.734593811028402762e-06
3.088423459244167006e-06
7.060980788596251064e-06
9.233667855692037318e-07
6.985126285185343036e-08
-5.539232594304937284e-09
1.096912259723737212e-09
-2.571537272028797694e-10
-1.243859677439490647e-09
1.744981194641536879e-02
-2.461041436104872884e-03
4.677831348050697120e-03
9.615453111574216163e-04
7.388035382801754858e-05
4.587940573676510234e-06
1.423563712411121724e-06
9.881407531562408128e-06
-4.261938108893770080e-06
-7.115193596792604023e-07
2.116405563044547721e-06
-3.736058551836259372e-08
-2.305681229100935141e-08
-1.914981196957954281e-09
3.649205725610201147e-09
-6.774600428319517039e-10
1.128314061980964491e-09
-1.990223219509462422e-03
-1.332794332465818106e-03
-6.834887000430536893e-04
-3.261695226269429844e-04
-6.774946655766678650e-05
-5.910932832872120481e-06
-1.736595319656843438e-06
5.457484764802846679e-06
7.515637766677353693e-07
-1.435202161906132439e-07
-1.117892669180210396e-06
-2.322410019784136851e-07
8.891548616440684035e-09
3.481741437499455567e-09
-3.203443073677318143e-10
1.722997311539484198e-09
-7.905918287094281200e-11
1.561895016973302640e-05
3.370189940973607624e-04
9.640055289622466547e-05
5.834579861268638225e-05
4.604745499699495012e-05
3.605705168637733813e-06
-1.679475271818942740e-06
-4.659777993140743152e-07
-1.711111917508401874e-07
5.050328688064700657e-07
-1.243206584104029433e-07
-2.017366910905886973e-09
1.959684309883772984e-08
1.056714533648724578e-09
-3.814641089897124858e-09
1.141056294026166546e-10
8.923098547003355922e-10
3.993817790381311002e-05
-8.206953259644217164e-05
-1.407117054385553507e-05
-1.227829215561234157e-05
-2.193025873533372403e-05
-6.251171047398647028e-07
-3.111241836899082058e-07
-2.208960522203440786e-07
2.142561171735995718e-07
-7.250398333097717434e-08
1.929033495805212160e-07
1.044030905755467587e-07
1.310891540993773923e-08
7.606923668570802913e-11
-9.104750728869501937e-10
-1.015277832277023018e-10
1.732866031496038473e-10
1.742683761311925636e-04
-1.313792585222713701e-04
2.802978993717732798e-04
-6.611407929640711171e-05
-7.959830740351485769e-07
6.222931258481434101e-07
-1.079946118136804032e-07
-4.766249081881255462e-07
-1.923404086059065808e-07
-7.917828223715990777e-08
-8.134153908873371242e-08
-3.185487787519433126e-08
-8.939251475153053409e-09
-1.095649908459685524e-09
6.079028118366164586e-10
2.479322515422289156e-10
-2.561518018231663968e-10
-4.818348360898580004e-05
1.453192153270484643e-04
-8.100770846246685224e-05
5.714365863791871856e-05
9.834691215127103271e-06
6.650223196888582826e-07
6.277514663356689566e-07
4.262218843372011885e-07
2.127357501326830257e-07
4.495527146257265153e-08
3.514136430015253092e-08
2.124345679445461797e-08
2.270719785290273358e-09
1.269260363279975205e-09
4.910339452220246911e-10
4.940848598155394236e-11
3.197032609095930175e-11
1.680353159806464533e-05
-1.008060908341453779e-04
6.647545962920325816e-06
-5.606616565109351786e-05
-1.167798971349517810e-05
-2.036287334400028140e-06
-5.782414673696476096e-07
-3.014601441430065250e-07
-1.377902400485029218e-07
-5.620522956872306334e-08
-6.992652162095287314e-09
-1.619461719886113525e-08
-4.997698503420420119e-09
-8.927006575494826797e-10
-4.107436829448497569e-10
-1.338199726973133271e-10
-1.449722218405797500e-11
1.649758850938113852e-05
-6.193164586272095784e-05
6.341738522768288920e-05
-4.217164584591843925e-05
1.605862706144433071e-06
1.826363037482910062e-06
4.982275110478876488e-07
1.702505210689292283e-07
6.609431736630516307e-08
3.444783916366124119e-08
4.059941499276733957e-08
6.463013398240636309e-09
9.866591364530301749e-10
1.919181854908386879e-10
1.823797881228874656e-11
8.666424417763472482e-12
-7.003423843341149885e-12
1.435505144291620402e-06
-1.154371453926401130e-05
2.312394955117831280e-05
-1.467101086641346732e-05
4.494590728203240005e-06
-8.954541368380702893e-07
-2.595488974149233117e-07
-9.383734523567892625e-08
-2.726841100039295219e-08
-1.423898341384156291e-08
-1.360816156433479471e-08
-1.096885360973148226e-08
-7.960867030585072538e-09
-5.566077213364173800e-10
-1.293073128282954127e-11
2.721760494557805026e-11
8.135556202683033774e-12
2.896426798990497931e-02
-2.767400958302067976e-02
-1.848902006939773766e-03
-7.975571782173549438e-05
-7.150151872252002962e-06
-6.495401285388080001e-06
-2.749783659769941972e-06
9.498534372065919014e-06
4.464179313118341718e-06
3.828123732151135177e-06
6.526064704574620584e-08
-1.009191322970619002e-07
-2.264822855346325429e-08
-6.157494815741163080e-11
1.394863438778722730e-09
3.160596755244847678e-09
5.197178369866613462e-04
4.318869134393837558e-03
8.887256044770182849e-04
7.124086136693845819e-05
1.523155615448247841e-06
4.312468417353038142e-06
-1.904721804333600172e-06
2.830441315225436533e-07
-1.401624965351807602e-06
1.554894973139461866e-06
-1.928029115023963944e-07
-3.384578747352136052e-08
3.189566419888015932e-10
-1.140336085431822863e-09
-1.411967138189121431e-09
1.119958486184999197e-09
-1.133599314560046305e-03
-6.512751432998759677e-04
-3.317358335612004727e-04
-6.401813457440074548e-05
-2.176845767310006606e-06
3.112234019533298598e-06
-1.190722595827931720e-06
8.042079075156494689e-07
-1.108474865825227399e-06
-1.193278515639053922e-06
-2.550557569527247317e-07
2.114483405221599630e-08
9.808980663038618013e-09
4.522332636818065426e-10
-1.609078613613959129e-09
-1.948989610162308581e-09
2.842077802256770059e-04
1.013273607904596562e-04
5.672665279010004330e-05
4.746187214550751804e-05
2.074647525188853970e-06
-5.697942699778159954e-07
-2.129885249911349741e-06
-2.858322011655343810e-07
5.788323992408140835e-07
-8.621200182366929866e-08
1.246218383592497517e-08
2.345671043196142163e-08
-2.114960606823378224e-09
2.513667164175956420e-10
-5.983333367278487612e-11
-3.877337869862867512e-10
-7.027138663117114869e-05
-1.256464945740570177e-05
-1.628988695067180213e-05
-2.082723947763066705e-05
-1.305701408599352967e-06
3.192664103128272827e-06
1.906227903342550242e-06
2.548683204435136500e-07
-4.052600190197221762e-08
1.640612722103378253e-07
9.388234280334817890e-08
1.075056625978809402e-08
-1.778887064647439597e-09
5.599647649963359279e-10
-3.538182367895320189e-10
6.897223797049500793e-10
-1.671821885987435691e-04
2.784567348599217254e-04
-6.403697870410157548e-05
-2.649139493096231602e-06
-6.726612838384648763e-07
-1.884977158948171959e-06
-7.275744775363487636e-07
-2.180652681469846283e-07
-7.894232875249935052e-08
-6.631198639937340814e-08
-2.723923331574184909e-08
-9.276448024665311914e-09
-2.113893756207521468e-09
-3.007220275824271591e-10
4.060626344474250952e-10
-2.371555784767175301e-10
1.516723282597068183e-04
-8.171630653046008748e-05
5.709389933598565036e-05
1.114721426440719483e-05
1.805909503977704508e-06
9.617246575213449846e-07
4.856578177841554067e-07
2.179013121425001713e-07
2.428331344938729867e-08
2.569927797849652675e-08
1.993572065802605252e-08
3.520481300788366638e-09
1.586429347293332966e-09
4.127579127767577129e-10
-1.629268798013076320e-11
-6.995253664560970377e-11
-1.013979897684990310e-04
6.863510328961146708e-06
-5.622944977685582856e-05
-1.237629408637301926e-05
-2.458493558464823282e-06
-7.773485581910079606e-07
-3.697832332252300259e-07
-1.390624262126500185e-07
-5.174561753626533954e-08
-3.550047855525033266e-09
-1.557402352124661404e-08
-5.533951512282892148e-09
-9.983027511617753810e-10
-3.548267324228986260e-10
-1.199673043982632391e-10
1.879515985179386230e-11
-6.376709937675473770e-05
6.318468966756173098e-05
-4.209734248808664477e-05
2.062009757506765881e-06
2.027889903538243699e-06
6.416179611143912297e-07
2.614063904766074303e-07
1.059324282650597332e-07
4.335967448766409964e-08
3.852143341568688523e-08
2.357853483555377238e-09
-1.555531525545724317e-09
-1.692113772995027287e-10
1.010363350729783245e-10
3.240474618657042454e-11
4.309379483016939319e-11
-1.290848053996220823e-05
2.394839275818293572e-05
-1.582592596333459476e-05
4.216488930325542359e-06
-1.027239280323996946e-06
-4.666951001244870325e-07
-1.774419510423304609e-07
-5.516163238028355768e-08
-2.585864303009806392e-08
-1.810065748488569573e-08
-9.428025663878473562e-09
-3.572051702788118971e-09
-9.188638874206663149e-10
-1.946431561058034820e-10
-2.955764248161687245e-11
1.325388398193531322e-11
-1.024439431117840416e+00
-4.107883597878605325e-02
-1.121066169723713805e-03
-2.174998458665935915e-05
1.887304074253983544e-06
5.415212527172986644e-06
8.363132519009855583e-06
4.571226295321661342e-06
-1.855120370013946632e-06
-4.518828037152733379e-06
-9.517179430347166025e-07
-1.248685696607087834e-07
-1.360959139059098884e-08
5.055946051810510675e-09
-4.193699461735095891e-09
4.965399453118037536e-09
-1.587963109788063654e-01
1.510685608466567562e-02
1.170009540935855637e-03
5.360870868036977124e-05
6.119837926872597652e-07
-1.907563247458559433e-06
-8.757749964636895511e-06
7.930093929355984229e-06
-2.079323520437656336e-06
-6.881545109531240577e-06
-9.100433448664302884e-07
-5.302681431289802975e-08
2.465014473485989125e-09
3.614894261008504876e-09
-2.072817485377504705e-09
2.193948208670085425e-09
8.509177125813383730e-03
-4.227359800839045230e-03
-9.381183639779525334e-04
-7.273560916638409802e-05
-3.295919955777782456e-08
-2.564975356107826842e-06
-2.313586099232536634e-06
-2.754696668596907348e-06
1.043133112841906555e-06
-2.187968361681994461e-06
1.998625225846469432e-08
-1.781304457740313437e-09
6.287437028384907683e-09
-6.740016083931151012e-09
-2.171971976075094610e-09
-2.565678807015715207e-09
-7.624709158393670272e-04
3.467967577651601000e-04
2.991304963176206187e-04
6.543363085029578442e-05
6.897581566254979870e-06
9.589404911019184622e-07
-4.633793815540158534e-06
1.402758331273715603e-06
-3.363237726825199927e-07
1.225699334379668638e-06
2.625765692796467175e-07
-8.304610287157884112e-09
-2.783325736393142415e-09
1.892100002787681497e-09
-1.746452991837029985e-09
-1.076074677403823906e-09
5.639541415314021323e-05
9.828232901972829710e-05
-3.725541054359802703e-05
-4.829452734536972589e-05
-4.920983852247769267e-06
1.647823780328499066e-06
-1.560049133946741776e-06
4.573976786750701717e-07
3.766628724654250184e-08
2.128322047199970321e-08
-2.327568321474258383e-09
-1.913564686797076435e-08
-8.966062709218608414e-10
2.222740739932049705e-09
1.319889012563134741e-09
-1.463852602541008646e-10
-3.785143449261421748e-05
-7.546086438310263707e-05
1.965359406585166127e-06
2.295350451591591376e-05
1.458499956968809752e-06
8.401105534975673407e-07
1.217221944379828368e-06
5.863657305206095817e-08
-1.131341231720307987e-07
-8.829066013365215457e-08
-1.024883577298494022e-07
-1.022646545968060260e-08
-1.052587403451188367e-09
6.412218711887639448e-10
-2.390294012878335828e-10
-4.118419870930052538e-12
-2.658364299927685310e-04
-2.864139946054181096e-04
6.995678421089650311e-05
6.157592155821882579e-07
-1.702492700812723025e-06
-4.131864997839795650e-07
8.280454335473161721e-08
-1.526661530731437545e-07
1.701326232563273315e-08
8.221104228863079226e-09
3.054937656151852101e-08
6.068759793868654381e-09
1.317244882194024731e-09
-3.569639496370852013e-10
-3.133125550589933160e-10
3.153522451025665950e-11
1.593196512017848758e-04
1.271918593841622443e-04
-5.517964741063159607e-05
-9.101624212230832123e-06
4.945103019209073284e-07
-2.150252068561824922e-08
-1.543886128002697032e-07
-6.552169758727166624e-09
-1.031185817335516855e-09
9.839018183085721965e-09
-1.969372668447027437e-08
-5.031855087512052118e-11
-1.267009657574475130e-09
-3.044538832082932468e-10
-5.622689567209710797e-11
5.881231384708818656e-11
-9.764381758863431332e-05
-6.437176254183028161e-05
4.898532715795732024e-05
1.040137594561293373e-05
1.105161561962144542e-06
8.758660192477474016e-08
6.711931016687264397e-08
4.941981266130259174e-08
3.897780842756297339e-08
-2.000253237035613683e-08
1.439162131020557984e-08
3.372847760800661554e-09
7.769008631822929399e-10
3.012089349175783265e-10
1.016941198874203827e-10
2.489817064884554818e-11
-7.255208131955313453e-05
-6.882905018948866111e-05
4.798650775341456763e-05
-1.940803058315496840e-07
-1.209827663805634550e-06
-1.980478927815061406e-07
-4.051337344071976902e-08
-3.156418792458357879e-08
-2.079155413312688315e-08
-1.764816270915241353e-08
-6.167765442061640191e-09
-2.769038831732818472e-11
-6.149494623500684377e-11
7.781391724621690090e-12
-2.570391264136119467e-11
-1.338198072380196652e-11
-1.402534733133703532e-05
1.914523162147762020e-05
1.338716148937471623e-05
-5.371026709486662905e-06
5.713568633377258581e-07
1.247638005242978372e-07
4.167919442468564494e-08
2.070479874387520764e-08
3.505381380399854654e-09
4.614199452401746909e-09
9.755239256560061397e-09
7.641242895969572460e-09
4.813571776457310985e-10
-1.281705861188972036e-11
-1.320289512166733155e-11
-2.129294074137356076e-12
9.574666287582914159e-02
4.068184177816381447e-02
-2.717349855538625861e-02
-1.831327915728241280e-03
-7.627040267779517442e-05
-5.439375006575401058e-07
5.907419801996700824e-06
3.600997047548481679e-06
5.087253179133046079e-06
4.596907809114500895e-06
3.911385259588920344e-06
7.017394237358669210e-08
-9.133371372011814309e-08
-1.196184620491827906e-08
-7.404624352735146477e-09
1.095332402048505054e-09
-4.493080097515540271e-10
-1.615461397206995747e-02
-5.079386381867074390e-03
3.888727283011808242e-03
8.666774823857367662e-04
6.988926768411601073e-05
2.430702419404364067e-06
-3.020844030152828246e-06
-3.563679603782950764e-06
5.955313171822047166e-06
-1.758294733299233891e-06
1.625879944087854952e-06
-1.774509198914277598e-07
-3.753714290428618667e-08
7.402835883180227695e-09
-4.019705877487942454e-09
1.127128057052369760e-10
-2.452526086083980737e-09
1.852856290709250023e-03
9.719317353756261584e-04
-3.179860821945230259e-04
-3.069082041716003585e-04
-6.620390248414948094e-05
-6.500402885099093363e-06
-1.202562004059242497e-06
-4.133363350533927567e-06
-7.592302040672781878e-07
-4.844983396636096440e-07
-1.238750382436095450e-06
-2.488927891690892759e-07
1.339239358190878558e-08
6.463047608818555129e-09
1.072019960668259999e-09
-1.566081033594508669e-09
-1.807454508397319860e-10
-7.961743292198522777e-06
-1.033565809109229528e-04
-9.477848764762884023e-05
3.638142750392278125e-05
4.715331112869398277e-05
7.048118614378340275e-06
4.421271897747971110e-06
3.608614749708376817e-07
-5.778426642785087413e-07
-5.708951705283528670e-08
-3.196286560536669810e-08
4.133128484093326863e-09
2.906913187856522358e-08
-1.537180592085674499e-09
1.255345122101395051e-09
-6.922841477726097068e-10
-1.449524593876806882e-11
-3.706594812084623627e-05
5.253674918708404036e-05
7.603370314677441631e-05
-2.108310937793065058e-06
-2.528512863665443171e-05
-4.862104339436562652e-06
9.645229193079479975e-07
6.652077138694547840e-07
1.399520878891083091e-08
2.140445043521695477e-07
9.281670023478413950e-08
9.206321472014598632e-08
8.223920082987815472e-09
-1.641006521089041086e-09
4.061004887394030971e-10
5.596663925504149002e-10
6.481913521226416151e-11
-1.731700274902203565e-04
2.253567847112025540e-04
2.840235782097871799e-04
-6.925928360497356662e-05
2.852152187459233602e-06
2.202514743711700263e-06
-8.301199870730072293e-07
-2.132237608380202324e-07
7.335720293846373952e-08
-6.629068874926350852e-08
-9.662159310554550243e-09
-2.642426174972140438e-08
-6.866562037856878331e-09
-1.833655497206715985e-09
-2.822430513765616013e-10
-1.147811488362629462e-10
1.153551367857713691e-10
5.102042808312645840e-05
-1.504410677792191050e-04
-1.271436583060497536e-04
5.428238826178211318e-05
7.366582450128213245e-06
-3.166917398870040820e-07
1.213832637783573392e-07
1.677582046138056922e-07
5.433417460481157869e-08
7.649181955944719225e-09
-1.253187806715457545e-08
1.873746191635960192e-08
9.807796101150336485e-10
1.105166853620190536e-09
3.330727096550022441e-10
1.576178129270830259e-11
-6.175000850560550098e-11
-1.822478037069888787e-05
9.604306137657325922e-05
6.448646438809589512e-05
-4.849177869110127839e-05
-9.934913359926024934e-06
-1.126663592808007822e-06
-1.460561957684311356e-07
-1.192249941834333908e-07
-6.701041343496198495e-08
-4.178435782495596335e-08
1.777321720116357791e-08
-1.447316105501611341e-08
-3.227515807801159322e-09
-6.401546483614449976e-10
-2.938996672761481303e-10
-6.010556476094244287e-11
-2.676214472586694951e-11
-1.576416632511414310e-05
7.101912513299883060e-05
6.887958155896219017e-05
-4.783598134012518086e-05
1.924021081398860876e-07
1.219099962650590732e-06
2.451337053555675619e-07
1.033327498457759560e-07
6.483938172519803907e-08
2.866112999966730409e-08
2.052136578467506606e-08
3.007886693472744074e-09
-3.189446950380279994e-09
-3.831651108116841735e-10
1.255478115838291349e-11
5.236167090375032612e-11
6.238469435270904003e-12
-9.082896072565960776e-07
1.315133041837024805e-05
-2.251125738509249244e-05
-1.512824702213796214e-05
5.618929353495370032e-06
-4.793984886363078118e-07
-2.119737552805387687e-07
-7.600090219932497960e-08
-3.313699382342955555e-08
-6.879422627986286020e-09
2.680538461034016809e-09
-8.028555019457121756e-09
-2.345988835587530634e-09
-7.094796598720354174e-10
-1.185691894110202054e-10
-2.559331652197813782e-11
6.943166589981947591e-12
-1.468188379306649693e-01
-3.925031135705342629e-03
-8.311952898375803004e-05
7.344023819945953707e-07
5.659797999501669926e-07
-3.081075663327041481e-07
-4.670781427072511838e-06
-2.289522235400470121e-06
-2.976632663423804059e-06
-1.366779101360281529e-06
-1.599760860180244345e-07
-9.405810203483843898e-09
7.758331453736142674e-10
-5.004996762943783212e-09
2.861517018334253689e-10
8.203030839155304843e-10
5.731237068439989230e-02
4.273080513190710694e-03
1.800762747989061933e-04
7.747429629411203521e-06
-4.279477730701991645e-07
-9.795995690743431639e-07
-5.102251277884169854e-06
8.353193739647176550e-06
-4.911476127793540081e-06
-1.464248569088803777e-06
-1.163816639313773627e-07
-1.300578982293178084e-08
7.238519844627866718e-09
-1.923649303000369633e-09
1.217488738726678565e-09
-1.483144879295008784e-09
-1.818263821894840551e-02
-3.340617551872881313e-03
-2.766810600414348529e-04
-1.052021138641107027e-05
-1.128983705688651109e-06
6.309167672757021430e-06
3.757774162402657356e-06
4.080062335434521517e-06
1.513433527360819892e-06
-1.139047267931047006e-07
-3.175306726728038676e-09
-1.597861135052154866e-08
1.531200996333978285e-09
5.611707286414633173e-09
-9.006557419145103722e-10
-4.450674154455287399e-10
1.853381639108782472e-03
1.177442040903008743e-03
2.021863030601919644e-04
1.582447434109614571e-05
-1.260634027783219632e-07
9.251294168150305855e-07
-4.329230624926507622e-06
-2.663821763449417129e-06
2.108843939163955798e-06
4.224861973504899404e-07
-1.146116029717495553e-08
5.356849169817434609e-09
-9.174929490388436033e-09
3.800759138365830160e-09
-3.314878445572243996e-09
2.031911999982900195e-09
2.398094108821523381e-04
-2.034225946596094009e-04
-1.340638904877939296e-04
-1.400814848955338844e-05
-3.080803656492701205e-06
5.018462695617645614e-07
1.693970520715870108e-06
4.844768253747054373e-07
-3.429977821728765545e-07
-2.381529199659648954e-07
-4.444786157031737406e-09
8.712852755265873349e-09
-9.311163594279697657e-10
-1.106615949539118668e-10
-7.895845868281401160e-10
9.990710409405731417e-11
4.006288824860408811e-05
4.677257997149725189e-05
7.092867080344559606e-05
1.047348603515563556e-05
-3.266119190704497525e-06
-2.432061190550002219e-06
-4.603810098108218697e-07
2.936247394429143785e-08
-1.899714400360475605e-07
-5.624651416381101496e-08
-1.548023362256712360e-08
-3.556044650636131141e-09
6.947365761488483700e-10
-1.493574398053030457e-09
1.090787939980382211e-09
-6.799225090402697731e-10
5.192096767777650912e-04
2.292733894185430376e-04
-9.958455604295746132e-07
-3.627287007222645965e-06
3.808179623465956749e-06
1.994905569726594531e-06
4.992328609843546725e-07
9.616460589510843067e-08
8.549606907557065056e-08
6.125085622872269617e-08
2.631203198484027869e-08
2.578001471069969830e-09
1.019431322138723607e-09
6.263486491502218439e-10
-5.616405812436856294e-11
1.715491289350370599e-10
-1.185958835409482210e-04
-1.867317037347582232e-04
-2.788890239804811267e-05
-1.730098667168963270e-06
-2.048286648862247985e-06
-1.181143421566574696e-06
-4.751005275356451783e-07
-1.710643469263393850e-07
-3.746778915193953656e-08
-1.717657468765373773e-08
-1.557342265903776854e-08
-2.021718629873387829e-09
-1.344056644234119111e-09
-1.557223145320924959e-10
-1.022559756605375178e-10
3.846464488275596446e-12
3.152404891706356088e-05
1.586328346461461647e-04
3.571105468485745622e-05
5.010521824997950609e-06
1.387955027339090697e-06
7.023538880581340495e-07
3.363136196798489432e-07
1.000647293723480729e-07
2.546057111981302981e-08
2.264969478813338570e-08
1.343288863645957978e-08
1.570922353698686115e-09
1.240338422207112750e-09
1.542696938552160622e-10
2.149170761152112196e-11
-2.922346852677747062e-11
7.296754123324707077e-05
1.747109221097479462e-04
1.000889664869467683e-06
-4.573793722343155107e-06
-1.100812023214728783e-06
-4.518793885874328045e-07
-2.077561042204163208e-07
-7.086878347372333695e-08
4.406234415557792304e-12
-2.161067488504462550e-08
-9.228271603652042641e-09
-6.293963896471241975e-10
-3.491443168115031934e-10
-1.074478982588289264e-10
-4.490144865641173776e-11
-4.057065083466707107e-12
-1.040419373926504858e-06
-6.097047283015324606e-05
-2.069853410470957745e-05
1.409197163164410549e-06
6.875933113803536580e-07
1.939669147836575564e-07
1.027706374132200017e-07
4.533435794906977745e-08
1.361945623453824246e-08
3.740376099847942552e-09
1.304751504247347421e-08
9.679291122527967769e-10
1.320575659515156206e-10
2.783117000394703370e-11
1.792906008274326759e-11
2.426778690929179673e-11
-2.088077063633858033e-01
-1.022447036842638185e-01
-6.585027176989744283e-03
-2.748552195311354139e-04
-1.106556497128196845e-05
3.917951685398930262e-07
2.130136277827799723e-06
-3.244981473662276301e-06
3.692346692878242052e-07
3.635050332630201376e-06
3.800458939419267328e-07
-1.717077184823374863e-07
-2.154096922178610519e-08
8.857597741312597453e-09
-1.130081376636928718e-09
4.443724221411821546e-10
3.012281539319160975e-09
5.342165765550944100e-03
1.666593053666911434e-02
3.111525200946530650e-03
2.566737403520498624e-04
9.387896821892029612e-06
3.563102673041493270e-06
7.988242144366819062e-06
1.070074984588762252e-06
-9.730781937500578775e-07
-2.545016840642089812e-06
-1.609991775981733751e-07
-7.856758206586918455e-08
-5.843152806235535295e-09
1.783367878179911983e-09
1.340373009140607281e-09
-2.481726995093168066e-09
2.626843590609197393e-10
5.212178229640875363e-04
-1.709197844209885348e-03
-1.176242536501468337e-03
-2.048347467850008738e-04
-1.680819689506862463e-05
-2.540031399567858412e-06
4.320274167076991855e-06
-2.548014112743816422e-06
2.358329778719269208e-06
-2.360957278547805601e-06
-4.122522092737602230e-07
1.280186582201004161e-08
1.175455013206257162e-08
-6.438647498325679652e-09
1.581205054004827853e-09
2.805571298665262358e-10
-7.842281093251454698e-10
-1.618713016113950212e-04
-2.658670539508832921e-04
2.057359551945553097e-04
1.338704195762236088e-04
1.404700238506917888e-05
-1.905922206288425854e-06
-8.242796418507583450e-07
6.292008846038173626e-07
-7.403878588533546055e-07
3.688356323771880561e-07
2.122778694028997095e-07
-9.576351280162189270e-09
-2.175547283679834013e-09
-1.600478426418164923e-09
3.752750247069846444e-10
6.227826753510819411e-10
4.842145191157735996e-10
1.562877198175388906e-05
-3.366671047807848183e-05
-4.215306484435543834e-05
-6.989974486915420671e-05
-6.623543105937571628e-06
-2.779855357492486771e-07
-3.798088293489071100e-07
1.059205839210304292e-07
-7.795825460965270220e-08
2.279786955651677371e-07
8.634026454202795917e-08
2.975137599370308124e-08
1.637021741430416648e-09
1.899618298612804441e-09
3.096009468514285971e-10
-1.657177175986914502e-10
-1.176833169362977577e-10
-4.998748127859073902e-05
-5.237642813618043200e-04
-2.329189862044207077e-04
-6.921884689111197853e-07
3.410648467573666784e-06
3.626167853300010036e-07
-5.070036595201019585e-07
-2.067826069865601116e-07
-3.864514703964976793e-08
-1.219889639180723228e-07
-8.622675030236453212e-08
-3.196070532273239675e-08
-2.862090960011949580e-09
-6.717411180599992720e-10
-2.129450682555820540e-10
-2.709654068588813724e-10
-1.219821257212553083e-10
3.933210721582315267e-07
1.178776619100711023e-04
1.879715323854883079e-04
2.864271193544259674e-05
4.604532026470127793e-07
4.153173692171337472e-07
7.432326127549316313e-07
3.036294791579726397e-07
1.512901892019867828e-07
5.924215784573933847e-08
2.894398254660024917e-08
1.719739692021653987e-08
2.696488411022438882e-09
6.629198560919519215e-10
2.562345006558874276e-11
7.163756671413802096e-11
1.122198458620425230e-10
3.675109580203338091e-06
-3.114565731071689073e-05
-1.591707302313257204e-04
-3.571284735667773724e-05
-4.151435285026687214e-06
-8.174821490434058315e-07
-6.092679249428806964e-07
-2.751956827886512899e-07
-1.107974961110153628e-07
-4.073287221210858130e-08
-2.823182782147152651e-08
-1.397057514407559438e-08
-1.883878048051080701e-09
-9.412145614505153280e-10
-1.402368949707482531e-10
-4.629230900582204865e-12
1.161008346483529578e-11
-5.694025519865078942e-06
-7.292652032723255311e-05
-1.742958415516138062e-04
-1.146344493732412528e-06
3.972972471748371923e-06
9.540358781890073700e-07
4.459355893408423737e-07
2.272836964169811326e-07
9.656917473436624140e-08
1.649817899159992203e-08
3.209866808953118580e-08
5.157051664227986508e-09
-3.097515332260888981e-10
5.229479783170992195e-10
1.285943924000899117e-10
4.497630419851558089e-11
-1.538368831742011925e-11
-4.667639643681634115e-07
1.435094177272429704e-06
6.081314064586680151e-05
2.219245308187333340e-05
-1.152802641831780581e-06
-8.772381684868102800e-07
-3.055327741176085802e-07
-1.532434395986698065e-07
-8.716781159876962136e-08
-4.449089958958774054e-08
-1.707110696156977653e-08
-1.194054759791980676e-08
-1.305045960453514541e-09
-4.559333605804425849e-10
-4.869155965800715597e-11
-1.744356683954987104e-11
-2.979455146536592368e-11
