1.321847021368817710e-01
1.029111331454908740e+00
4.241785668174336693e-02
1.257605051603338320e-03
3.318176361943226034e-05
4.184241376707104646e-06
3.561520922155289086e-06
3.301337445044372499e-06
-4.270841764189959982e-06
1.165552543327948729e-06
3.479140807142186948e-06
8.590583322992309077e-07
1.235968926365440127e-07
6.687170625053536753e-09
-1.655079914211127332e-09
9.366772955641540696e-11
-5.052054323475075248e-10
-4.609364864836826975e-02
1.243290246790467318e-01
-1.294248957132857619e-02
-1.057298413277140293e-03
-5.401264265059483281e-05
-3.755249532661092443e-06
-3.313224544010981766e-06
-6.684273825590774058e-06
-2.295327587937012922e-06
1.152069316187707397e-06
4.909860152221613964e-06
6.939534435091357675e-07
6.826384587907461735e-08
-4.001011489916009156e-09
-7.001204327519808723e-11
-5.178227678383982830e-11
-5.497394946227124074e-10
1.204906683747622963e-02
-1.628381417326413587e-03
3.258073483837872330e-03
6.982885577769987759e-04
6.211255933292099418e-05
3.905487339905829788e-06
4.806819728426289519e-07
5.597232051971434846e-06
-1.831153658894248222e-06
-2.694880528130469555e-07
1.392741491178734194e-06
-2.197707143678578240e-08
-2.049187486811212513e-08
-5.156529046586517487e-09
4.001071816740713647e-10
-1.693198061425062362e-09
4.317425966430073235e-10
-1.102029346671905621e-03
-7.308994662921804554e-04
-3.869627216800887080e-04
-1.908898512758214216e-04
-4.234030631502188848e-05
-1.714998651608890449e-06
-8.649658367959929968e-07
1.979312725788228683e-06
2.539307371416742259e-07
2.318460752349372713e-07
-5.593535615286898973e-07
-8.771736423619218675e-08
6.156059008713617797e-09
-4.569780462536744040e-10
-3.633584621404652751e-10
5.477244371005117943e-10
-8.041323964122703649e-11
1.885284702800137514e-04
6.534864316668324658e-08
1.739900497414182930e-04
3.768599702826260596e-05
2.290759906711367432e-05
2.478420135900259380e-06
-4.945353961065453708e-07
-9.877314236546043114e-08
-5.349263533935702112e-08
1.889056125516632475e-07
-1.254765773316457251e-07
-9.788983359630092602e-09
5.347550482252194715e-09
8.470764274421106888e-10
-8.911109523773169045e-10
1.038379448615487674e-10
2.876812242847087597e-10
2.485656719378479218e-05
-8.101847103951750656e-05
1.178715767164085397e-05
-1.377495021702313541e-05
-8.284451328483282792e-06
-5.119271316047200888e-07
1.111797067947866027e-09
9.058578382465705817e-08
1.435484879521881725e-07
-3.981331985617063910e-08
9.125842261532940511e-08
5.394876928118135962e-08
7.434424691437841388e-09
6.573579443666930892e-10
-1.736918177180278546e-10
-3.793238136790775420e-11
7.430696698347247926e-11
8.299235693038465667e-05
-5.372645785483159015e-05
1.307233949814602604e-04
-3.065160456026083636e-05
-1.362438456880146033e-06
-4.448552696186508469e-08
-2.212422460181354874e-07
-2.675775385699676568e-07
-1.223967717617240212e-07
-3.818037357616076235e-08
-2.664485814388576048e-08
-7.060951466992289646e-09
-3.583634017419805376e-09
-6.514557487368223424e-10
-4.253949191849591037e-11
3.864123097844300913e-11
-6.249822636486925275e-11
-1.921703030083704071e-05
5.522091373040670262e-05
-3.230268842620983384e-05
2.327605769955387038e-05
4.160077435428322306e-06
5.199620269589295954e-07
3.140696009232050692e-07
1.777506549442478221e-07
9.215229060743887519e-08
2.537355299055343450e-08
1.396785859379845423e-08
8.015749461255540051e-09
9.188429684010526370e-10
3.851778246507074633e-10
1.859146066255920610e-10
4.099771235536533250e-11
1.174168193282268785e-11
7.098031209061292658e-06
-3.481748260050838615e-05
7.683939673793751664e-06
-2.035877834773793354e-05
-4.114472297052562567e-06
-7.711351875993570918e-07
-2.217290700864113918e-07
-1.127061885375375876e-07
-5.216371047401475481e-08
-1.984382135627166091e-08
-6.360961415911289702e-09
-6.473852298533398685e-09
-1.895436169262965862e-09
-2.408177609695358639e-10
-1.058916325310497408e-10
-2.649234545660053182e-11
-7.125591315990449834e-12
3.922358930461520104e-06
-1.381275201047250833e-05
1.580897376520965270e-05
-9.422591797675951771e-06
6.608088278560097288e-07
5.451423275915694982e-07
1.647959769100468064e-07
6.194268847767777925e-08
2.451653214591005776e-08
1.188931300890051829e-08
8.997059976524672480e-09
2.155859531459841653e-09
2.719562992942129183e-10
8.433620436707964239e-11
2.306461709349396787e-11
6.966988204797722025e-12
4.389286974420201261e-13
2.492914400934583993e-07
-2.361429800366713232e-06
4.746280079230629320e-06
-3.716242493622061394e-06
9.029947435268033150e-07
-2.143489012118675246e-07
-7.926624101936409028e-08
-2.680141849710542270e-08
-9.549681856659592876e-09
-4.273068320829485522e-09
-2.575194113286312042e-09
-1.410090364008893190e-09
-1.477650838845586509e-09
-1.177577138861182203e-10
-2.417629721291824349e-11
-2.265832970699414032e-12
8.320244245221835950e-13
2.362995716827695838e-02
-2.322248077922032042e-02
-1.645777687980603003e-03
-7.936890688846531458e-05
-4.143797259902972212e-06
-2.403392499730733354e-06
-1.110210154144078997e-06
4.608900316186079499e-06
2.145514029843275936e-06
2.312691181151184357e-06
1.157392211180148466e-07
-7.697705776369751477e-08
-7.186485454118034993e-09
-5.435674029643584903e-10
2.141495826735006383e-09
1.455899596186439280e-10
4.635748154075826724e-04
3.010171195326725568e-03
6.491833724341817017e-04
5.796103986319925161e-05
1.219840700377948637e-06
1.024787396817925650e-06
-1.252877712138786922e-06
-9.584769433857025063e-07
-3.871183684333881107e-07
1.031706737142574691e-06
-8.681652128284965777e-08
-2.444084559061978247e-08
-2.956694537493434203e-10
-1.202847313781964316e-09
7.648928347564253429e-10
-3.253616546151900283e-10
-6.309831218945553214e-04
-3.720780803461707135e-04
-1.952421306175444076e-04
-4.165639360540279658e-05
-7.269009059689580243e-07
2.480659969960204781e-06
2.390903965696887038e-08
6.512482134809847882e-07
-1.909010466846661856e-07
-5.764505570663763728e-07
-1.270707641907931433e-07
1.407359371360266788e-08
3.267943508552086419e-09
5.723960983152328625e-10
-6.043644124573742766e-10
-6.370030416251434169e-10
5.473157796599654952e-05
1.820916553938691418e-04
3.773742008872026067e-05
2.278236310913286271e-05
5.877782146126001343e-07
-1.289454188416720457e-06
-1.568887651188551563e-06
-9.576292911419040667e-08
1.647016680918963264e-07
-9.804808855074348962e-08
3.214134284874765171e-09
8.066152644516271397e-09
3.349621893661408380e-10
1.778568076296119794e-10
-3.402145095939345425e-10
-1.070610886664960976e-10
-6.893293869415224428e-05
1.298029172956890545e-05
-1.476673641519520220e-05
-7.390407969870857448e-06
-2.750282054799942370e-08
1.882920089747104375e-06
9.812062152336640084e-07
1.793578450993485513e-07
-3.900860364331675684e-08
7.052523497766785394e-08
4.927687663174252876e-08
5.760658679306899731e-09
2.013117951716762273e-10
1.679249027920888962e-10
-1.363262551906389965e-10
1.630947743381226176e-10
-7.081208154301284663e-05
1.300112385497683982e-04
-3.022804510102955564e-05
-2.319306770612247025e-06
-7.177196168234335843e-07
-9.591294865109760943e-07
-3.735099513510152130e-07
-1.509720133017959906e-07
-3.694786724921873378e-08
-1.841680991951808361e-08
-4.180669544657898921e-09
-3.019934310218927310e-09
-8.942676094739857750e-10
-3.047073286685170143e-10
1.043548964368811557e-10
-6.217577249746867017e-11
5.817388786891863190e-05
-3.237136538271228502e-05
2.333175593961368501e-05
4.686358522457606826e-06
9.352788269826570281e-07
4.596694213794451410e-07
2.291973778772320560e-07
1.006781890357189764e-07
1.842946866192556260e-08
9.524684698242290501e-09
6.547830917742881035e-09
8.281129644830206179e-10
3.827766781864298666e-10
1.903421572476837344e-10
1.551375652376669586e-11
1.131641929968032737e-13
-3.556494160584783830e-05
7.638510701431921126e-06
-2.043432789567453493e-05
-4.344850582182564603e-06
-9.164337418330777875e-07
-3.069235868646382985e-07
-1.401427872324009934e-07
-5.428051751509461501e-08
-1.722203784027029130e-08
-4.493505609282724200e-09
-5.729603520986680587e-09
-1.825087050747430312e-09
-2.407863265571025900e-10
-1.112987410886146277e-10
-2.803087412528203835e-11
-4.353831531380732214e-12
-1.428980944487843068e-05
1.578718270570230600e-05
-9.393593511320610454e-06
7.682873029205165624e-07
6.092479848478338421e-07
2.001903993090791322e-07
8.126523392495372319e-08
3.185365777457220525e-08
1.232155905699010166e-08
8.272518422716165705e-09
1.589665806747502154e-09
-1.019613593258941609e-10
3.568351137654980858e-11
3.482841061547607525e-11
6.090509477557810642e-12
6.655272023569683281e-12
-2.662577981807699058e-06
4.862497779347800326e-06
-3.929290513438086721e-06
8.343043814026008047e-07
-2.461174074339415965e-07
-1.233335326483636269e-07
-4.626618457524560252e-08
-1.549472537006325756e-08
-6.648343896219707487e-09
-4.147209809888473279e-09
-1.365208785349734805e-09
-7.325217285681694085e-10
-1.750774336684181986e-10
-4.734983335473168547e-11
-7.978605049197525388e-12
8.637078605044822477e-13
-1.021189022364552779e+00
-4.222382553899333563e-02
-1.251287384928133004e-03
-2.943535563700587943e-05
3.003184640539886597e-06
5.111075130618319931e-06
6.406465203594365212e-06
4.196264251733635543e-06
-9.758102354046924432e-07
-3.451650918249363921e-06
-8.558167860969528049e-07
-1.200062654120522577e-07
-1.633519301412645717e-08
3.191223702365081848e-09
-3.374164364128251066e-09
2.422340866744961241e-09
-1.310199965793183152e-01
1.260625430669204232e-02
1.045405042910698985e-03
5.215466488966528653e-05
1.513420903578216773e-06
-1.629212555341415177e-06
-6.057081138545983009e-06
4.948951383123249119e-06
-2.840615260714556934e-07
-4.775495640938686697e-06
-6.610190606408098629e-07
-5.900720535871722504e-08
3.725217224188743885e-09
3.353822301402563532e-09
-9.302989675219821022e-10
1.203029431909575060e-09
5.997164441609586713e-03
-2.902495549985665679e-03
-6.798699218633066574e-04
-6.299675854301082481e-05
-2.640472886329877477e-06
-1.109728577112239646e-06
3.270101280178027821e-07
-2.360866423912195177e-06
5.683403752243926360e-07
-1.444497898648048493e-06
-6.511121433219361003e-09
4.736594551256810241e-09
7.844889611846334446e-09
-2.333631882680114024e-09
1.068092601973192855e-10
-6.238368159015184725e-10
-4.920187126195505996e-04
1.720832396767806862e-04
1.767167374782082690e-04
4.178597394683404408e-05
1.733713183001007635e-06
6.886274359024313694e-08
-1.227945888017867677e-06
1.022550222433826789e-06
-4.783994503071381294e-07
6.518810631553771590e-07
1.132762202991300347e-07
-5.289799238844169362e-09
3.376265455607720170e-10
5.206830681585519562e-10
-4.653500528541614914e-10
-5.115504095246333878e-10
2.664546849892275105e-04
-7.209166007204240547e-05
-2.841019762793690090e-05
-2.436179519060022869e-05
-2.435715526985238680e-06
6.159557036635143072e-07
-1.073975565331584380e-06
9.095529269714216561e-08
2.500294170331687041e-08
6.241509643145606835e-08
1.977892023277004193e-09
-6.162747835771783102e-09
-1.052952403187462434e-09
4.146383718801263229e-10
3.382898366769862861e-10
-1.389321441879112939e-10
-4.902024790515898805e-05
-5.153656113054818440e-05
9.397108007498730591e-06
9.051907172622420848e-06
9.729684681628755531e-07
3.163801230137627511e-07
3.942422943786885504e-07
3.312287531073788944e-08
-5.782169811529822030e-09
-3.656677682553930808e-08
-4.932133869296119178e-08
-5.584726049212018225e-09
-9.051481618203847438e-10
8.478780203104947456e-11
-4.950665119735329788e-11
1.309175863780570581e-11
-1.149452679678827108e-04
-1.353655154598681237e-04
3.156189276767027482e-05
1.020009991136232868e-06
-6.134847434954005184e-07
-1.202262232245473977e-07
5.765237710532858347e-08
-3.865101984549078075e-08
8.493602563056632895e-10
-5.427339354112863803e-09
4.337378195778568130e-09
2.494700509992049218e-09
7.022518390098547327e-10
6.659206007455469302e-11
-2.617562962184654214e-11
6.513644976368240890e-13
6.223551572025301818e-05
5.083842121331063317e-05
-2.186901237845293475e-05
-3.678508493184522119e-06
-4.110338608854808256e-10
-2.721623435072717919e-08
-4.328359613918562114e-08
-4.812967181928561287e-09
-1.124265526773849808e-08
2.935334909884587821e-09
-6.220630393724530152e-09
-2.402407057429424797e-10
-3.224697145557689553e-10
-1.374901505430214581e-10
-5.393779157239893605e-11
4.741750951563314619e-12
-3.595601507749995071e-05
-2.771644195522945966e-05
1.774521290352600646e-05
3.582360860908149446e-06
4.312560461631465018e-07
3.887521864962022492e-08
2.640726923083985677e-08
1.376756591265035289e-08
1.370611988428551946e-08
-2.273721639059332428e-09
5.219836127740764571e-09
1.470437415339534174e-09
1.633809626023747730e-10
8.984246064529134588e-11
1.558923749355226010e-11
1.052947530717086487e-11
-1.661675445030562942e-05
-1.614440535515014846e-05
1.113527747092398816e-05
-2.093676847438221325e-07
-3.491880879850628566e-07
-6.756230885158650240e-08
-1.881011913518487275e-08
-1.175209266722615756e-08
-6.422487645557748419e-09
-2.618172349606876408e-09
-1.851380399003180975e-09
-3.676462156678467542e-11
-4.212750366019354628e-11
-1.832331783076585870e-11
-4.871364826642330264e-12
-2.663867988772327059e-12
-2.898507437144962965e-06
4.414290690361783156e-06
3.394487704444594611e-06
-1.135694703455566864e-06
1.273819095643606451e-07
4.106102926322463254e-08
1.051948081590663768e-08
7.188197717984958487e-09
2.480189372490738617e-09
3.009390437882552961e-10
1.150391098128608641e-09
1.419496160503079632e-09
9.086995254657547752e-11
1.762555906846496715e-11
2.149374656474471919e-12
-3.699371033284727797e-13
8.034258867585566954e-02
3.396954161998517324e-02
-2.273912961260737831e-02
-1.629276856880202892e-03
-7.915641348530139002e-05
-2.100737406419075073e-06
4.351415491493738826e-06
1.544710452149221389e-06
7.350292386986187195e-07
2.468420429736126521e-06
2.306416034222309715e-06
1.480866267077397433e-07
-7.020477873495955734e-08
-2.340647744497514623e-09
-5.038065233839477725e-09
2.363559861129492225e-09
-9.602235995192797777e-10
-1.114889937399281446e-02
-3.594595704549612136e-03
2.671552447620333375e-03
6.305258146933473418e-04
5.855621325593539172e-05
3.376614557678695067e-06
-8.093590234243306234e-07
-2.036425625105857721e-06
2.389405446582034458e-06
-6.341010065490928568e-07
1.029602330516814654e-06
-7.455038373449803141e-08
-2.436971204054526691e-08
5.349900332910809620e-09
-2.981018511784271482e-09
1.157515278467450441e-09
-1.697702482190088393e-09
1.041448297524395035e-03
6.044035955218337707e-04
-1.579445293152021877e-04
-1.809014322685684282e-04
-4.477285360537554954e-05
-4.335629978099905576e-06
-1.840941731545102440e-06
-1.857811823511367375e-06
-4.381128818388237343e-07
1.025783290170820037e-07
-5.866639390979869769e-07
-1.307026980313407936e-07
1.134260266944039805e-08
1.643758977724001299e-09
1.176045642955953393e-09
-6.612782342843996532e-10
1.205506702474937048e-11
-2.092404424699929595e-04
-2.129154460856161628e-04
7.744070177693341682e-05
2.723688715672778135e-05
2.500151814507248178e-05
4.448614193002353255e-06
1.565067121207917482e-06
-8.540236192812216278e-08
-6.960092237945257294e-08
-1.285920305213779162e-07
-7.302768936793447006e-08
1.418532883317865970e-09
1.040534621920011673e-08
5.825541566621601118e-10
7.083828325783441798e-10
-4.991394899327660337e-10
-1.026414290149050432e-10
-2.545368347113384708e-05
6.133092627228853636e-05
5.410064897657113889e-05
-9.105871855421872809e-06
-1.119873062481543962e-05
-2.598999330646829428e-06
6.896639464863497119e-07
2.916224707584277158e-07
1.256702188928745818e-08
5.789851518993096084e-08
3.518634626003810167e-08
4.761875250889714801e-08
4.419704146925447448e-09
-1.872766099074908535e-10
9.593796160962298606e-11
1.775200785756594978e-10
1.215225629833475461e-11
-8.212663445168635716e-05
9.661483916011306798e-05
1.337108723428941201e-04
-3.124044484058995417e-05
6.428179341884639355e-07
8.454322752109110596e-07
-3.227892138403174032e-07
-8.421620515009963182e-08
-1.377772994631916387e-08
-2.471891346248681502e-08
4.192105886023637335e-09
-3.109737549346318971e-09
-2.132204872898674256e-09
-5.464375547559381819e-10
-2.922863622621435008e-10
-5.642372255723279869e-11
4.652632611941749164e-11
1.992150455083279979e-05
-5.856779920804138423e-05
-5.052880540327833248e-05
2.154116800381851820e-05
3.062900958149894145e-06
3.043071760461405875e-08
5.629480165437854754e-08
7.075828116236200597e-08
3.026979567103625278e-08
1.590166596119611883e-08
-3.087126252175757477e-09
5.523810932373383818e-09
3.648506457308341591e-11
1.498230284469284210e-10
1.508907080857271410e-10
2.447667264240061019e-11
-1.013023121608540350e-14
-7.369270256386994531e-06
3.491969154800564362e-05
2.764601687205533019e-05
-1.759420030784249496e-05
-3.432463356373360493e-06
-4.392967906378267930e-07
-7.468042941028511635e-08
-4.881636623614291516e-08
-2.346551533188652138e-08
-1.542355106704428118e-08
1.969435353513703535e-09
-4.873300539576794588e-09
-1.273086550054972905e-09
-1.042373634173513961e-10
-8.503839852114423650e-11
-1.453106994602309269e-11
-1.242592997702393620e-11
-3.727893449464942502e-06
1.621810769902690502e-05
1.613074825730859827e-05
-1.114635450315442294e-05
1.948349790927384219e-07
3.616674287182854441e-07
7.875851945174082860e-08
3.442423269554259910e-08
2.000359582183379145e-08
8.178363137178021851e-09
2.997868600311127937e-09
1.580920969770076189e-09
-4.341312151047469291e-10
-3.418613552935112978e-11
1.476849252845427317e-11
8.167014928999834244e-12
2.002338501395134181e-13
-1.515828946094710436e-07
2.684236941222301813e-06
-5.015634681221243961e-06
-3.702782991018507846e-06
1.179533230421280034e-06
-1.079238722699955831e-07
-5.929328736696541322e-08
-2.001025591586279863e-08
-1.003924740547349965e-08
-3.825430912470961591e-09
2.597223073375805535e-10
-1.147169036047694166e-09
-5.253077389266293253e-10
-1.137702561483207645e-10
-3.357786972256002321e-11
-7.503295643742883597e-12
1.482916652640266802e-12
-1.511392019690647182e-01
-4.423627190437006730e-03
-1.113735374027035745e-04
-2.516243033321771593e-06
3.936685353463784373e-07
6.871128404588094201e-07
-1.287100131794225608e-06
-1.338810323194954866e-06
-1.606892633370570860e-06
-1.319834466984252213e-06
-1.248123617198936514e-07
-2.413369806320752016e-08
1.771666904801057179e-09
-3.157823249211746467e-09
6.809485055010774462e-10
3.220934742833918176e-10
4.820312526756524718e-02
3.778901944981453206e-03
1.811313585560786108e-04
7.359842140674290113e-06
-8.317363035122606362e-07
-5.258660783034410801e-07
-3.458066273792421267e-06
5.184715691645439901e-06
-2.688879559657897970e-06
-1.168063416998127051e-06
-7.462352130285167041e-08
-1.660965683872561607e-08
5.050120143131478462e-09
-2.298250909651058532e-09
1.367633543921508821e-09
-5.965757620773258187e-10
-1.259163026088306638e-02
-2.426786142808478805e-03
-2.198986031788896490e-04
-9.622597246288563328e-06
4.827204399111420933e-07
3.540448588337957764e-06
3.747728712932300891e-06
2.070222054737055729e-06
8.333089014118118803e-07
-5.905133291965811840e-08
-8.819151182305843687e-09
-3.154957784887124576e-09
-2.659585052448148441e-10
3.422655585392172869e-09
-9.266556901820605032e-10
1.252992996274755723e-10
1.003905257029384570e-03
6.983079102569029551e-04
1.344050629831561642e-04
9.206747621537961779e-06
-1.282685024343207277e-06
-4.801973033426664732e-07
-2.976837214452836226e-06
-1.418924013458873166e-06
1.068951618301968191e-06
2.405136261805803822e-07
-7.420471277185850940e-09
9.125782863550753655e-10
-4.667818023695539801e-09
2.164966932485463081e-09
-1.624238801453919437e-09
6.445731012963251277e-10
-3.287319610390130394e-04
-1.382838372392694809e-04
-6.945007982290053500e-05
-7.439924954328814176e-06
3.918914364135465965e-07
1.624793149445368779e-06
8.490968922736185369e-07
4.740709874846562543e-07
-6.374069270030260364e-08
-1.049160518431739025e-07
6.280930398803231228e-09
2.099351865566432323e-09
4.504533122396680135e-10
1.866475766858238788e-11
-1.015068433799689947e-10
-7.699165664186740135e-12
1.195120949136251807e-04
5.660607031775797740e-05
3.035227657860390852e-05
4.436102729387752014e-06
-2.663047231921006956e-06
-1.668175911046886810e-06
-3.576750726065416867e-07
-1.071067239296557522e-07
-1.191462039071350390e-07
-3.618421956336454006e-08
-1.281594700694787218e-08
-6.113800919550822197e-10
2.089950049265054752e-10
-7.479620708768067842e-10
2.769952664465821666e-10
-1.758870686718854531e-10
2.308406260133564743e-04
1.004677752652382764e-04
1.694658529445889228e-06
-7.773893462656204910e-07
1.915388809490479373e-06
9.688308218288850952e-07
3.434179637595655820e-07
8.334315638939402002e-08
4.237505594555017965e-08
1.937053262100245832e-08
1.062890463060499920e-08
1.199632106967144779e-09
5.921915394669888367e-10
2.421611038783163403e-10
-1.030721955692005762e-11
2.956116170235031840e-11
-4.618617593067444213e-05
-7.385633951556500054e-05
-1.145430608836570205e-05
-1.204948716563567867e-06
-8.960796888733408318e-07
-5.099344694655306571e-07
-2.294893063747358952e-07
-7.639915406977037934e-08
-2.146809290361795787e-08
-2.500701871503953439e-09
-5.060796129207365412e-09
-7.272993939800921513e-10
-5.729742370582714327e-10
-8.105851585021965225e-11
-3.373303167165253159e-11
1.526948650291647102e-13
1.637519316253891361e-05
5.875748505121091412e-05
1.237672633999839049e-05
1.876321984483688483e-06
5.411839842997629802e-07
2.721529491665557037e-07
1.313677477582095495e-07
4.458197338540843133e-08
1.003578080280211993e-08
8.017207128910046547e-09
4.182565560674895456e-09
3.978616019247704474e-10
3.765880998970267707e-10
6.260356033184014557e-11
1.976880772024785299e-11
-2.816159612150319662e-12
1.783595091660698998e-05
4.092585545931993714e-05
-5.038512966227920833e-07
-1.331042438898929639e-06
-3.613277760370698669e-07
-1.473308970458768474e-07
-6.733977759619436176e-08
-2.637729446983915666e-08
-3.958454018038868333e-09
-5.115005837272194270e-09
-2.822969757060281569e-09
-9.015740525952393313e-11
-1.090187724828642567e-10
-3.061677037753200069e-11
-1.220649229555890136e-11
-1.090995550134907738e-12
-4.957957646105057389e-07
-1.366801992201993947e-05
-4.384677053354585153e-06
3.486787362227803492e-07
1.806628728681627334e-07
5.570480949561926340e-08
2.690008020101475383e-08
1.239155052607486045e-08
3.865796875506606627e-09
1.405906064002255474e-09
2.476815902000474759e-09
2.716540260812640566e-10
3.913926741487149614e-11
5.613927372983951820e-12
2.447634322539420218e-12
2.631464586709729495e-12
-1.727114536515526877e-01
-8.580698135515874014e-02
-5.805563031877123033e-03
-2.684348707478636359e-04
-1.135246216039220685e-05
-5.639802183186707834e-07
1.931001918941226600e-06
-1.203894271070822434e-07
-1.565348167084085800e-06
2.199714258132117376e-06
1.957968291938233776e-07
-1.132185106245862123e-07
-1.394420950756177871e-08
6.092450974803573027e-09
-3.878813637509579051e-09
6.049206113468053857e-10
1.285817697075526211e-09
3.636412450810620929e-03
1.153535880073366764e-02
2.260452955070325377e-03
2.087150267704002376e-04
1.031603981665993227e-05
1.692801870053186812e-06
3.766115786362453991e-06
8.354070135976833933e-07
-3.317914330636114782e-07
-1.551983029528368651e-06
4.798766398199969430e-09
-9.015752427708256867e-08
-3.528837946110745398e-09
1.790791283741152923e-09
7.575558875636725896e-10
-8.594112066704294404e-10
-1.606183206177989203e-11
2.743781647088540669e-04
-9.396484227264576385e-04
-6.969071167791876390e-04
-1.330526122052391258e-04
-7.419878161089288045e-06
-3.920927887940464979e-07
1.291491296211485938e-06
-2.090478969266840771e-06
1.360535676195385689e-06
-1.264174518358049086e-06
-1.982122366040264052e-07
1.961988643240856567e-08
9.211063577506437221e-09
-1.437917913415921055e-09
1.500806646635044651e-09
1.417613167325562369e-10
-1.989552794742044462e-10
9.991672157441267162e-05
3.445249429800496463e-04
1.405023224235713800e-04
6.844044169480151783e-05
6.730196525269337367e-06
-1.096504899349731528e-06
2.224854395034548914e-07
4.626564540465496911e-07
-4.585305627525974467e-07
9.382926150265229337e-08
5.975904742344723965e-08
-1.458446725974580325e-08
-1.600439170155214167e-09
-8.148074215702543135e-10
3.645249196995362537e-11
2.588919060665873403e-10
6.273418006906196403e-11
5.268284469742554307e-06
-1.151772039730919825e-04
-5.517597243135862823e-05
-2.896385797533986977e-05
-3.291586281199278541e-06
3.728764399548042587e-08
7.800698774881734038e-09
1.175863732572484536e-07
6.212135573895608262e-09
1.380669955550259056e-07
5.604796965157969107e-08
2.092834042790763442e-08
1.058213986920493639e-09
6.280237764131065883e-10
-4.482114937842249407e-12
2.510177797575056517e-11
-4.382670357407763534e-11
-2.174620301132035153e-05
-2.324582001835720057e-04
-1.014556134803695965e-04
-2.592622286510355686e-06
9.529908286434619174e-07
-1.017698529726159809e-07
-3.726929786562168990e-07
-1.607690071730180740e-07
-4.675694667870363388e-08
-6.072273244947428910e-08
-3.010431824800849896e-08
-1.447071361407804066e-08
-1.803088533794611953e-09
-4.456364389907927475e-10
-5.655170577867002705e-11
-1.066657603120553208e-10
-6.039107946765044178e-12
5.373307999573922822e-07
4.574339500853597060e-05
7.421534297413225588e-05
1.168833987673643224e-05
7.523697391043557423e-07
3.376229974501989056e-07
3.217902222643863885e-07
1.488169733937209877e-07
6.530072104424933596e-08
3.006424574588127102e-08
7.495234185776919368e-09
6.733653920038840570e-09
1.147432262423091574e-09
3.704204607663972932e-10
6.141316190588019827e-11
1.601957288416764254e-11
2.018238886311866056e-11
4.540236113128039285e-07
-1.615489727986123609e-05
-5.889744267362024887e-05
-1.234955723996363793e-05
-1.641168927380305402e-06
-3.496942525623409075e-07
-2.184321000348781951e-07
-1.026285001783606787e-07
-4.524590366523417891e-08
-1.458244036768751045e-08
-1.068516773213769883e-08
-5.006892754215775119e-09
-5.712829537142927499e-10
-3.079170363061420550e-10
-5.747753034514766396e-11
-3.487852030372488686e-12
-6.026300122983949560e-13
-1.595977328481889931e-06
-1.793410481521617652e-05
-4.084958781845297187e-05
4.577704852710815273e-07
1.192731710808032873e-06
3.072943745242338581e-07
1.342662625757193642e-07
6.565785072315795532e-08
3.074631606331002608e-08
7.479226988715514304e-09
7.629943322565215420e-09
2.626454648277540301e-09
-5.438564251353730985e-13
1.326392780113752362e-10
2.162090627941090111e-11
8.686519849441373935e-12
-2.327496803652261806e-12
-5.948271692387864105e-08
5.619936780126954551e-07
1.365190120219467064e-05
4.646683340177882889e-06
-2.985307991463627937e-07
-2.207386100727229305e-07
-7.696982804050353243e-08
-3.794622274574324434e-08
-2.075513894734513738e-08
-9.386831917170513541e-09
-3.450500601857092658e-09
-2.568535835754119533e-09
-2.770286173109546100e-10
-1.076518339734287454e-10
-9.465486956228076835e-12
-7.780907077898853386e-16
-3.473557824135817545e-12
