1.394182331408815034e-01
1.025263996820067858e+00
4.448643233671111669e-02
1.519077456900158954e-03
5.253662290278721857e-05
4.455830382638365600e-06
4.562422042879574103e-06
3.133487947209504441e-06
-1.866211182921210090e-06
1.018444273876859566e-06
2.105338476086669902e-06
6.964768840604986132e-07
9.375217656838700133e-08
9.053716731563463744e-09
-1.236166042800748377e-09
1.614027585445419238e-10
-4.882683048861360117e-10
-2.214765817027605083e-02
5.781138261736329387e-02
-6.216530274032982563e-03
-5.669591614248951699e-04
-3.312240877763008478e-05
-2.155281749311168252e-06
-1.699872698735808290e-06
-2.763773557576382432e-06
-2.294185245068024357e-07
2.013804630206896857e-07
1.670576306456403125e-06
3.177993482742617683e-07
3.125960368422142830e-08
-6.882371787989912852e-10
-7.948513356574318309e-10
7.651444521744648942e-11
-1.254066890515427659e-10
2.685993772945019856e-03
-2.801440290583758429e-04
7.329310645183395980e-04
1.675853540465495263e-04
1.722968935227590901e-05
7.314946636793854550e-07
6.992414967605911773e-08
1.235105554021672680e-06
8.120738966377873439e-08
-6.938095952858012548e-08
2.686770016736747585e-07
-7.515749224236096207e-09
-6.161499467449406561e-09
-2.155912358851089164e-09
-3.674565967366015596e-10
-4.720259287641383338e-10
8.000588627905600376e-11
-7.757776351665902860e-05
-1.202660545178576255e-04
-2.020711118461287234e-05
-1.791752876442832818e-05
-4.470118010950053001e-06
-4.908364354156875251e-08
-2.658518627541365208e-08
6.862929911373771605e-08
1.980503981847224716e-08
4.251172371194492814e-08
-3.355900095717670741e-08
-4.065155231096426248e-10
1.977517514956430955e-09
8.195342991321621809e-11
-7.639102273352934579e-11
-1.816064297382221653e-11
3.762797715075787086e-12
4.023211664162609655e-05
-3.033596930494997137e-05
2.993070420775501226e-05
3.195202955254363302e-06
1.052298986816192895e-06
6.461604082877640994e-08
-3.372393716002439711e-08
-1.430176639808089095e-08
-1.524587472533511057e-08
4.094657315873763428e-09
-1.106186704188130652e-08
-1.700451425928514472e-09
-8.452040006825260540e-11
-4.512947261821700130e-11
-3.911231161820457587e-11
2.900648342579657187e-12
4.776032840474974277e-12
1.287096756328076840e-06
-5.928052545062413790e-06
1.876075253926947793e-06
-9.998612026087361364e-07
-1.472857459590987555e-07
2.414626046015633310e-08
1.814748703898877770e-08
1.098357090190914922e-08
6.175683473098390964e-09
2.731497923988103637e-10
3.050269462730682566e-09
2.095858458486893930e-09
3.423886160335944628e-10
6.697875952269938269e-11
9.691984209261237799e-12
6.678455665884034781e-13
9.798980223965826773e-13
2.129467655908770836e-06
-1.127494258715119564e-06
3.214088972200866326e-06
-7.760155656150801634e-07
-7.664960271194924487e-08
-1.912627251759687904e-08
-1.079810690561879584e-08
-6.689519167467524618e-09
-3.165391740257147976e-09
-1.182067942062365124e-09
-5.735298655765700146e-10
-2.945665483475314247e-11
-7.542428691383179042e-11
-1.847128782099640191e-11
-3.293954551186336049e-12
2.168555511054067322e-13
-5.202330124134027302e-13
-2.353647154696700966e-07
6.483399468795022183e-07
-3.638080817487153453e-07
2.950744908422563595e-07
5.787924674470779116e-08
1.065966334515594121e-08
4.758112279529303672e-09
2.228296580228278185e-09
1.094571386970847085e-09
3.408546766017502199e-10
1.694148929909612296e-10
9.124747796998196425e-11
1.440038920070976634e-11
5.077288969980756780e-12
1.279425878845723796e-12
2.520002323182624311e-13
-1.570391181677593621e-14
6.170160079622223043e-08
-2.331456962853951232e-07
1.040314514717725049e-07
-1.476644194437027006e-07
-2.806794398775066508e-08
-5.426884936047029028e-09
-1.592650733179830568e-09
-7.073759571193698687e-10
-3.099181217563613331e-10
-1.071997786652961999e-10
-5.013457636756696971e-11
-3.947644018955369344e-11
-1.121545053421610321e-11
-1.480421756221135992e-12
-3.585578184343543021e-13
2.431862265267556794e-16
2.585458857431457432e-14
9.747427085054432885e-09
-3.151678870797309538e-08
4.158587616075936191e-08
-2.132578560920325418e-08
2.464695108678423783e-09
1.701036775503593096e-09
5.295436189739104807e-10
1.997492796414445592e-10
8.118305118652822775e-11
3.705850441317501794e-11
2.212686209593293719e-11
6.363292307650239829e-12
3.952560849026352437e-13
7.646440116031069089e-14
-1.766051715356745363e-14
-1.403389881704139900e-14
-8.542483849560667603e-15
2.402358525507107944e-10
-2.763216613976431215e-09
5.778419846824934573e-09
-5.296790226219624808e-09
1.060895625935729434e-09
-2.897504563513558859e-10
-1.280720990610373021e-10
-4.246706297275672323e-11
-1.523036934224103645e-11
-5.145363656071382392e-12
-2.447872065470305139e-12
-5.603441582220777335e-13
-1.082536239003686923e-12
-9.057803832693133938e-14
-1.936167999681042660e-14
-1.001392423451730947e-15
1.665526987137438165e-15
1.083088411779124099e-02
-1.118685412645113036e-02
-8.701349127376220832e-04
-4.787410431083694159e-05
-7.532073734644738046e-07
1.555306605885432221e-06
1.289264351926606027e-06
1.668021692464362811e-06
5.968428403745795900e-07
6.115798276871502727e-07
5.959994430345695133e-08
-3.164247813496382095e-08
-3.100496197094346763e-09
6.535086516284073314e-10
7.824581287477162245e-10
-2.582275732039401499e-11
1.598236653497067986e-04
6.711427066868404538e-04
1.566041549576328731e-04
1.651631826866437573e-05
-5.218728183722014232e-07
-6.813944176874765278e-07
-7.075045298917187198e-07
-3.795370137557855156e-07
-3.353500586134244191e-09
1.896303086510963233e-07
-3.721384007488446087e-09
-4.431518809851579695e-09
-2.329147784182105548e-10
-3.593278440264552111e-10
1.766004429607573821e-10
-1.396923941052459991e-10
-8.184035780178582856e-05
-1.568974711883550560e-05
-1.797420754413561934e-05
-4.523242931784581355e-06
4.242030164121981897e-07
6.621516994697374789e-07
3.031040211404591150e-07
1.397469083035825882e-07
1.875017089721859099e-08
-3.601567777323842042e-08
-6.979890972106896802e-09
1.259636800155345572e-09
1.976696682951580401e-10
1.492091649255451923e-11
-3.454441401883905027e-12
-3.429327963215190783e-11
-1.258817622859061128e-05
3.149952097316504381e-05
3.321172264841862486e-06
9.641847765368707197e-07
-1.870281457838966421e-07
-2.180245689174731234e-07
-1.404946362046068086e-07
-2.426677163510737972e-08
-2.792253803790552801e-09
-8.247708693374988307e-09
-5.875981199747459877e-11
4.546255458283495399e-10
2.455080043425021963e-11
-1.036276326394804956e-11
-2.179350264954485750e-11
-8.375109436637805498e-12
-5.178560000737432407e-06
2.059781830774372879e-06
-1.005129650824199376e-06
-9.336142749129330893e-08
7.727731068236583531e-08
8.807825650276525188e-08
3.979733870913811839e-08
1.061311903909034257e-08
-6.905369381083551324e-11
1.950572672030278335e-09
1.642898588125866304e-09
1.918578073300029859e-10
3.485878849345177804e-11
1.114826524185334876e-11
-7.626310413348926699e-13
2.063042612052315106e-12
-1.573034154588093101e-06
3.178882149501327998e-06
-7.790305614017123419e-07
-9.659946581850491361e-08
-3.624939914876681256e-08
-2.452327476196641961e-08
-1.026955911946499453e-08
-4.233062692853652397e-09
-1.204362924242415746e-09
-3.495343472784247961e-10
9.337885021137527813e-11
-3.653559033655518043e-11
-9.323009630602308153e-12
-6.377848854054534495e-12
1.980051613468820299e-12
-2.323062976980980942e-12
6.881058752404167007e-07
-3.603506889209579347e-07
2.972654904505452546e-07
6.292671319418783147e-08
1.531769090047069322e-08
6.700221975840251367e-09
3.102373907909261458e-09
1.245407318193463802e-09
2.681452719541898689e-10
9.829940483608057597e-11
5.739544823450107603e-11
3.591906353754891175e-12
3.018103756533063974e-12
1.270957569843700466e-12
5.338704130658964127e-13
-6.554122469437376949e-14
-2.446695650578227473e-07
1.025533866347456085e-07
-1.485027083589676290e-07
-2.925273322399940630e-08
-6.292190602413267743e-09
-2.116936989522281239e-09
-8.705523538821611520e-10
-3.352609856938432668e-10
-8.441370321887137715e-11
-3.271703723567900765e-11
-3.053910534335516853e-11
-8.303883561355686490e-12
-9.496678126054872183e-13
-4.196185478109916707e-13
-1.078113361353114141e-13
-3.750996694793906357e-16
-3.291209554515621928e-08
4.169266552344230428e-08
-2.113206963414172684e-08
2.682294965695650974e-09
1.873540067423023674e-09
6.013379546125321642e-10
2.325834170114257566e-10
8.905342758040741936e-11
3.251094815601339531e-11
1.788283727128089035e-11
4.194280404820582029e-12
-3.495504241205427773e-13
-3.109878696018271791e-14
8.349313922494751378e-15
3.587458101468253622e-15
8.172362410447063740e-15
-3.084758754026373204e-09
5.779304066557022645e-09
-5.439836803641821794e-09
9.983193110514649996e-10
-3.162767055143717917e-10
-1.581371699535796232e-10
-5.698571123463847998e-11
-1.745433923353181072e-11
-5.465327769249814416e-12
-2.669631921887193446e-12
-1.728263157241671367e-13
-5.412940473492044318e-13
-7.644934880176082185e-14
-1.828598629174988778e-14
-5.860973371505076837e-15
6.372784008958714112e-15
-1.015740546514987575e+00
-4.416992293605007114e-02
-1.510759173938192599e-03
-5.062803827513039019e-05
1.596415693588970534e-06
5.246147018201316582e-06
3.967243990078503452e-06
2.658843800281730700e-06
-1.105826975586546369e-06
-2.078275575959940839e-06
-7.166762783393461551e-07
-1.001760451769948939e-07
-1.415879585449133748e-08
1.442732493414507030e-09
-1.119357380379960308e-09
5.722891701131542958e-10
-6.137201495563532339e-02
6.013109829327759233e-03
5.593211949751855129e-04
3.287493530594337593e-05
7.688622210755478485e-07
-1.079220910054332946e-06
-2.112289853951312887e-06
1.393737527349773111e-06
1.733745398182732647e-07
-1.559329583560405783e-06
-2.961106107712760262e-07
-2.751409717519852321e-08
2.064880590630496191e-10
1.502953502024949456e-09
-5.210007414997480223e-11
1.585159494775464830e-10
1.328345579298381707e-03
-6.366288199202492937e-04
-1.646330120762596911e-04
-1.917566083453843605e-05
-6.136350704308970864e-07
2.776238658305772262e-07
2.330291043499901444e-07
-6.267694293640993756e-07
1.395584764926089950e-07
-2.944280582941910264e-07
-5.792126561464594737e-09
8.576160107674280750e-10
2.034196462269788786e-09
-7.101694572934248272e-11
3.287296083172952563e-10
-9.378048812806414974e-11
-3.299164182337135511e-07
-4.733545009051118206e-06
1.696264062164297074e-05
5.010036658371362208e-06
-9.575690416088984284e-08
-9.986643004663543754e-08
6.369361457210187207e-08
9.997582603766742164e-08
-4.668307084163005265e-08
5.114594202043454568e-08
5.787195332948571023e-09
-1.515174658579020058e-09
-1.606153270609187832e-10
-5.925587813846978513e-11
1.540923334951333354e-11
-3.576196296959255971e-11
5.747506214255550006e-05
-2.431146147730596524e-05
-2.993976551415697309e-06
-1.282306250426773105e-06
-5.924926498286931298e-08
1.656267779770957064e-08
-5.387274183540046732e-08
3.636609612429814550e-09
-2.119603869083149363e-09
5.896510331789116766e-09
6.638030520025762044e-10
-8.250304337950053072e-11
1.832460546306981760e-11
3.723157347579514174e-11
4.946378288453409660e-12
-3.396072339467281696e-12
-4.572901240461468768e-06
-3.120888172612874423e-06
9.849906503163293872e-07
2.202297403360416248e-07
1.212715411240929356e-08
4.447707182952566592e-09
3.083094185863109492e-09
4.202307969190740454e-10
6.811233939931971669e-10
-9.539648029073677601e-10
-1.724832620266529397e-09
-2.243227862170214058e-10
-6.169889838131144526e-11
-1.260582228949731302e-11
-4.537040854730641791e-12
8.456789065170109755e-13
-2.600447700172951783e-06
-3.404369831148433107e-06
7.433415049560346930e-07
5.227333648512816347e-08
1.005563560636145450e-09
9.781913081881979258e-10
1.228149801759652509e-09
-3.514143047429375221e-10
8.571151266354461692e-11
-3.278795046012104120e-11
-8.204746282577437864e-11
4.675068400986967427e-11
2.122098976581066549e-11
3.156674639615041423e-12
2.165153261089612408e-12
-1.232136117906205517e-12
7.324444336377269764e-07
6.038353517163700249e-07
-2.644191250242163381e-07
-4.709723141255178332e-08
-4.183726716976587710e-09
-1.227076328981654282e-09
-5.394294103069537236e-10
-1.169943703417396183e-10
-1.915179275274840813e-10
-1.315447979059928842e-11
-6.285451943673900668e-11
-5.725711316601754191e-12
-4.678861327655448155e-12
-9.790701384353210138e-13
-6.587417743773816911e-13
2.766292185758065440e-13
-2.654223131765696061e-07
-2.399546295730300554e-07
1.291049565779210404e-07
2.372592192989472763e-08
3.349768636555168955e-09
5.336100437427518240e-10
2.273644293613615745e-10
8.683381300142910603e-11
7.788709113140257395e-11
4.002796271112468558e-12
3.045242020109144232e-11
8.900916765541586887e-12
1.316542917750492615e-12
3.874664662161339854e-13
8.804387789269423486e-14
-5.182273327931429733e-14
-3.989651702318897423e-08
-4.007276845632404795e-08
2.662762886424425554e-08
-9.596822749088418430e-10
-1.108329345859337999e-09
-2.594170431330333382e-10
-7.814192420964265797e-11
-3.292738205591977840e-11
-1.534644226135008797e-11
-5.084744748939896875e-12
-4.962204738011779137e-12
-3.589380500629010105e-14
-1.556183037776014808e-13
-2.412517958032270146e-14
-1.031813129073455657e-14
1.785161722544485372e-14
-3.376665866051478669e-09
5.887033829952294414e-09
4.861221532591893814e-09
-1.424948225209765537e-09
1.552745098210451126e-10
7.211315326764109978e-11
1.961852587732700654e-11
1.232094715529856185e-11
5.287003986914604794e-12
-3.140725049231423455e-13
4.901686295567018507e-13
1.041695919256987561e-12
6.296941988149018270e-14
1.406013582967317305e-14
-1.247620554952798750e-15
-1.478553930586808795e-15
3.874133139359597910e-02
1.626255158449499069e-02
-1.089496183223399167e-02
-8.613315643902487396e-04
-5.077213696483702217e-05
-3.766018456863664076e-06
-2.795166399724140347e-07
-2.619592072048888325e-07
-1.460396080170696034e-07
6.208388709017129703e-07
6.242001513155239115e-07
9.239986195448051152e-08
-2.108378263631961034e-08
-2.151948597855874405e-09
-4.326134145893014975e-10
7.152924206443248358e-10
-1.119307782890405371e-10
-2.474313373727128791e-03
-8.195460474672000822e-04
5.776794025032847132e-04
1.519523440505631429e-04
1.792442238673049091e-05
1.644444093776660230e-06
4.822530506164680047e-07
-4.231130797394872720e-07
8.613734355104750031e-08
-6.005719416069027170e-08
1.733015276611687760e-07
-5.223805772917287300e-09
-3.881870875435282525e-09
1.118146536858015865e-09
-2.871596196573532854e-10
1.836893819489282467e-10
-2.486127258228255302e-10
6.663952710222902141e-05
4.015454241059943606e-05
9.781524491581107246e-06
-1.692008014620037981e-05
-5.628296648085593192e-06
-8.109336475836480695e-07
-2.062376843003662364e-07
-5.152609108911071173e-08
3.189254823854451850e-09
3.899517310961578937e-08
-3.648953972206962048e-08
-6.461984120015250525e-09
1.304737772318170334e-09
2.101501742682052773e-10
5.190971080966746602e-11
-1.500667759199331158e-11
7.581202018716524027e-12
-4.624612742006721126e-05
-4.074054760588972387e-05
2.554992960902592862e-05
3.013698227543761344e-06
1.451092184149422317e-06
3.002959275085112579e-07
2.646704509144011418e-08
-2.821625322526035617e-08
-5.114130669860402814e-09
-1.302427097440904857e-08
-7.770061829101950308e-09
-5.564487091612972980e-10
4.684366471366595655e-10
4.899923845557391480e-11
3.632764670338150861e-11
-2.321753114714910887e-11
-4.287127908726469634e-12
-1.477127743955197954e-06
5.363207038959554573e-06
3.371794395638550346e-06
-9.742112949695645435e-07
-3.120425585770877243e-07
-6.568939418629232359e-08
2.684880766723316669e-08
1.368455329649532475e-08
4.471301297092366735e-09
1.479793426510476229e-09
1.116121216911010143e-09
1.630895158839035230e-09
1.429502367101025175e-10
7.333616633879494764e-12
4.794658087467255074e-12
4.175753741317026946e-12
3.731241763785062513e-13
-2.096872688109409358e-06
2.128924293803328155e-06
3.356090773419915977e-06
-7.362541162454841707e-07
-2.590759288770382161e-08
3.226542973329935189e-09
-6.884706745073945993e-09
-2.754832359616826630e-09
-1.136046892843840972e-09
-7.594629530548995885e-10
-5.985911623962663102e-11
1.098489930531089965e-10
-2.239186648918682158e-11
-6.301970671285948994e-12
-3.446177529087527889e-12
-8.845406324367803659e-13
1.931366377328179206e-13
2.405598987503306156e-07
-6.862014278202239096e-07
-5.985684009098828038e-07
2.614356601456688319e-07
4.278630843922670044e-08
4.206987267098634021e-09
1.704422760234344698e-09
1.089799128651464975e-09
4.465612784518618156e-10
2.827076556930748303e-10
2.056597970257037551e-11
5.138028992056744255e-11
-2.000980474997494319e-12
6.006162784845742527e-13
5.473524794638437241e-13
1.705063311475222479e-13
5.656630129093087552e-14
-6.128316820731609910e-08
2.530330873989457002e-07
2.387865006392251055e-07
-1.284964320004799964e-07
-2.323260651899872628e-08
-3.418865156250559597e-09
-8.026479432882730351e-10
-3.577548236050089257e-10
-1.627649150129876814e-10
-9.358924649256980944e-11
-4.646330781575945815e-12
-2.669714212616071483e-11
-6.449681566546550726e-12
-3.183103065366294508e-13
-2.260389390589743926e-13
-5.361894921165905125e-14
-2.285906991920247437e-14
-9.207495490440502078e-09
3.858064296522262898e-08
3.996129978589536211e-08
-2.676881441044093847e-08
9.425477129901902418e-10
1.172221972731694075e-09
2.866412294088990130e-10
1.125923304350057893e-10
5.242690800255826169e-11
1.947307688385467268e-11
4.862827532535445315e-12
3.988621495185663917e-12
-6.708254856635712939e-13
-6.886178636269277647e-14
-2.008434615922794633e-14
4.691653354107815484e-15
-3.971776936686708251e-15
-1.575855948755008057e-10
3.111784437919539130e-09
-6.241188680542730101e-09
-5.041209477555926514e-09
1.432240902722823894e-09
-1.416410720348734564e-10
-8.559098655022668730e-11
-3.107721874838990871e-11
-1.482927838926306224e-11
-6.509938978843586644e-12
4.593517431772678517e-13
-3.929951250266360887e-13
-4.580107379874314290e-13
-1.895174622937463864e-14
-3.533981705924598995e-15
-5.186109851759843961e-17
2.667375582323971974e-15
-1.586379483302220728e-01
-5.377779698774002269e-03
-1.795466153485083052e-04
-5.160834617541354317e-06
6.334844881461089548e-07
2.450516285440012201e-06
1.944296869588109518e-06
4.574076902214985888e-07
-6.140118013982047986e-07
-9.405447318587279173e-07
-1.433484023439633741e-07
-2.874839708498985778e-08
-1.907721553054779432e-09
1.380679754031534537e-10
3.295047935659040554e-10
9.953071761124226829e-11
2.332885992314409629e-02
1.996078510455817027e-03
1.172830927678344384e-04
4.868761351892200939e-06
-1.280723357285525063e-06
-9.661224266181066071e-07
-2.264679930775732187e-06
1.127098081432183846e-06
-3.401961060140790625e-07
-5.036936343716687725e-07
-2.543227753409138849e-08
-8.074799764098030638e-09
8.108196146765131744e-10
-9.134703832695887292e-10
3.047047405740744745e-10
-8.950324686207131136e-11
-2.794143045943605491e-03
-5.823891928031864991e-04
-6.019041727333221143e-05
-2.177387437872033718e-06
8.142721340845378158e-07
1.555142523301963574e-06
1.491692169408776742e-06
6.914652652515154883e-07
1.526921639073733616e-07
-1.546613361420771431e-08
-4.175306521278748782e-10
-2.401881935995899007e-09
-3.667490346007651471e-10
2.400454596845019961e-10
-7.178832552945632606e-11
9.159472353793700392e-11
3.692892246164004248e-05
6.977397908943387445e-05
1.648433979053658564e-05
9.328815296527828953e-07
-6.825377247971028680e-07
-6.380067317531948592e-07
-4.585026347433878340e-07
-1.597576978400716397e-07
7.897913091379179978e-08
1.883732976039668448e-08
1.190521687698197086e-09
4.265820445796823887e-10
-3.533802315333528851e-10
4.183906090033726205e-11
-1.274039453967070751e-10
1.142877879481435851e-11
-9.626752565288026434e-05
-1.342325020619504022e-05
-3.677958884446618148e-06
-1.933031745710006226e-07
2.973139377331895960e-07
2.624246860146224835e-07
1.000876644806625984e-07
3.883650178115870066e-08
1.602782389133454087e-09
-9.472306908674027022e-10
1.434105063295195401e-10
7.162671464024335712e-11
1.034564070971381693e-11
2.772354160494093533e-11
-3.498338203751578700e-12
9.953883050293486887e-14
1.276359454396104133e-05
4.718013029115753950e-06
8.186025283687860186e-07
2.096892721482635286e-08
-1.449499586539764211e-07
-8.351838860956819861e-08
-2.896427884554085216e-08
-1.115766367652060245e-08
-5.268947790009640756e-09
-1.770892792734383543e-09
-4.485543066618548240e-10
-4.946251804933024951e-12
6.567325513925624664e-12
-1.762965156427826727e-11
1.459096935789387224e-12
-3.843100961811423236e-12
5.282277273327657176e-06
2.303248667540843947e-06
1.361654083928129054e-07
3.094895686676872287e-08
4.630705647914715940e-08
2.384010502386212989e-08
9.986694114540728854e-09
2.917036817916455690e-09
1.019696553341959643e-09
2.225379210525565454e-10
8.116845296027050998e-11
2.062272474974674694e-11
6.170272911068402579e-12
8.975536446871322934e-12
-3.168510341109994301e-12
4.328798355399756430e-12
-4.989985400453653965e-07
-9.084472060015609639e-07
-1.556730996632242125e-07
-2.598435988856369220e-08
-1.271993943346521920e-08
-6.645669734262348893e-09
-2.925969820259276871e-09
-1.023878015216111619e-09
-3.202545878977252093e-10
-1.199756204003426732e-11
-3.567339557754485116e-11
-5.600775806222877214e-12
-3.474216153384142412e-12
-9.921225064442360333e-13
-1.350871335051901465e-13
-1.566811961281521141e-13
1.627902775594218143e-07
4.398361703111038492e-07
8.348207818320395983e-08
1.347095480635803359e-08
3.972124311322036967e-09
1.747595360251990909e-09
8.003883205750818381e-10
2.832969974164047739e-10
6.349955869045995247e-11
5.028679321885137373e-11
1.595716649340787615e-11
1.904193343869325144e-12
1.018176427140899295e-12
2.968218387452044857e-13
8.757904181046418919e-14
3.679611616468131237e-14
4.656372828264536396e-08
1.008492961313900505e-07
-3.417287347924484188e-09
-4.075073819425045915e-09
-1.214832767878133421e-09
-4.709573845778163510e-10
-2.006057871699919460e-10
-7.265909797409400266e-11
-1.081005968721841316e-11
-8.199633203905584657e-12
-5.227775025957172491e-12
2.901373325514773000e-13
-2.113421740270081347e-13
-6.313108621512434892e-14
-2.924227459234653237e-14
6.363610118011374011e-15
-8.632652779411216295e-10
-1.704168631860631839e-08
-5.288131980566173850e-09
5.060077318767561911e-10
2.882197979904158337e-10
9.754971556804703960e-11
3.835516083958833620e-11
1.679872244892123080e-11
7.612277865047502555e-12
2.800999028687732853e-12
2.016879682014916493e-12
2.968630487638164933e-13
2.427272439179348208e-14
-1.108428485713039248e-14
-2.258320528747748676e-15
-4.955671697514991918e-15
-8.134499087791485783e-02
-4.140885018761080588e-02
-3.049134226538270567e-03
-1.655003087465891243e-04
-3.837646559921309605e-06
1.331859580679931162e-06
4.922717184279346357e-07
-4.321077679792072330e-08
-2.274126486936458564e-06
2.729913694116103148e-07
5.146391044618962778e-08
-1.482389491275050657e-08
2.037693153408131768e-09
3.754950981655708668e-09
-1.289159090467325408e-09
6.019706964690056989e-10
6.380161012834195838e-11
7.706065793429739451e-04
2.557920812700179708e-03
5.437032131184798764e-04
5.770174046835622902e-05
2.306902944127597867e-06
-3.940004462991104526e-07
8.537792815160232696e-07
5.031144300956378938e-07
-2.047592589976015473e-07
-2.282064964667888439e-07
-1.023500535829859309e-08
-2.685167468789427298e-08
-3.336733485623124285e-09
6.152605904768582960e-10
1.407573015650277150e-10
1.001750708846552613e-10
-3.478525996198386548e-11
6.345712657024615855e-05
-2.751643506507884789e-05
-6.968689018826339059e-05
-1.570477885064775755e-05
-4.612369359241831088e-07
3.309291406237425321e-07
-7.655967448157076250e-08
-2.893484727610395646e-07
1.241400232115386196e-07
-1.131676686058599144e-07
-6.322872020517141746e-09
4.174929522976968128e-09
1.907609955173833762e-09
2.524926537657354898e-10
2.344627855085813844e-10
8.963416306993549217e-13
2.008441082485767335e-12
3.852353443453750159e-05
1.036053028171722790e-04
1.391891332018258460e-05
3.559394599755166465e-06
1.374906639551917409e-07
-1.179036553283119563e-07
1.320857955133267747e-08
7.057124856907183958e-09
-1.913160133553118503e-08
5.022238697634524236e-10
-3.249301121411134518e-09
-1.949660146449150321e-09
-4.940033151042900343e-10
-1.178633735441531365e-10
2.782527328499091050e-12
1.179702711681306493e-11
1.966528769694786469e-12
-3.282642724316826533e-07
-1.265101117186695395e-05
-4.658825448973867833e-06
-7.728847221695743013e-07
-1.891727415684726922e-08
2.639986985506529394e-08
1.645251840291975615e-08
1.181337839984390720e-08
4.494429928962735837e-09
5.717588026673824881e-09
2.889638447090251868e-09
1.012123607210906381e-09
1.487814213077510882e-10
3.533517989075654467e-11
-1.212245685023151992e-12
1.638792761537749141e-12
-7.737267828423672449e-13
-4.485632027867959439e-07
-5.283987520100265175e-06
-2.314487801084350226e-06
-1.475650645561216309e-07
-2.005723794874261048e-08
-1.559882176460732621e-08
-1.130657563564977906e-08
-4.736278653558399153e-09
-1.890185758562716400e-09
-1.385718183050324676e-09
-5.467072637699924421e-10
-2.375669791806454223e-10
-6.202017333828311040e-11
-1.658671889351683664e-11
-2.893603759132629980e-12
-6.036747201057523453e-13
-1.902964399008409079e-13
-6.383123525490590135e-09
4.873512235127823866e-07
9.095347479033637948e-07
1.558384324882693376e-07
2.090802911752965326e-08
7.609906252106647745e-09
4.114404623439301268e-09
1.935501678215503644e-09
8.384498186464239374e-10
4.193390712172005260e-10
9.475525060187270713e-11
7.470811388488869607e-11
1.769545139069547715e-11
4.616758416147265606e-12
5.351216833194983622e-13
-2.116667775254156327e-13
3.037815719944957338e-15
-5.843168271599619387e-09
-1.618884966547326713e-07
-4.399328797340901669e-07
-8.292949039005724781e-08
-1.222597707972639453e-08
-2.922129935265031501e-09
-1.376082798194290088e-09
-6.132211247803621697e-10
-2.735064295161054824e-10
-9.178051560949214861e-11
-7.201799490099504958e-11
-2.561247091742014656e-11
-4.822805013217207671e-12
-1.204455335518067007e-12
-1.476788697221777262e-13
4.479451544901410416e-14
2.026826528833289074e-14
-5.036520396542054186e-09
-4.740273309382496800e-08
-1.009018596426803763e-07
3.215770565100052753e-09
3.772156444257723805e-09
1.057832723215607116e-09
4.057236695900835466e-10
1.738849626289517481e-10
7.764229227052098707e-11
1.832408695058609945e-11
1.372592775109262700e-11
7.402250843459457425e-12
2.829806909388472551e-13
2.439145251112110655e-13
4.855496168129234519e-15
-1.451041265986031893e-14
-1.467380524862335269e-14
-1.066753428274269279e-11
9.498645188733878010e-10
1.708461182254798310e-08
5.476451029706216758e-09
-4.555481662104476024e-10
-3.025341272051744984e-10
-1.036977256397159980e-10
-4.295852727618236741e-11
-2.124647467258532642e-11
-1.090561530588376139e-11
-4.358537849057477872e-12
-2.350175113652667292e-12
-2.846967532772810855e-13
-2.066671252949025589e-14
3.355654381572227717e-14
1.853371914267331106e-14
5.575565598081032739e-15
