1.285341059439723821e-01
1.031193830239629516e+00
4.137028683811936475e-02
1.141689889710102235e-03
2.412255910405606592e-05
2.904633499374216798e-06
3.033917558479333226e-06
4.482370772966633069e-06
-4.995264740195367990e-06
1.355743760220800019e-06
4.389284620706408706e-06
1.018814769988026654e-06
1.319253616697833863e-07
1.090046324150437991e-08
-2.211842802161772991e-09
5.042574698906034758e-10
-4.044428228341823235e-10
-5.393752602319342587e-02
1.479477602915659773e-01
-1.515310813557556660e-02
-1.166418541748351486e-03
-5.539164874184977620e-05
-2.988474829377303116e-06
-4.868881920050398186e-06
-7.659741638922953533e-06
-4.642295727791170135e-06
1.897364774071828127e-06
6.875679082039493138e-06
8.837021598567438643e-07
6.736532993140725937e-08
4.121614904984207499e-09
3.093531884328862345e-10
-1.335342986711815353e-09
-6.287333915632603752e-10
1.674058877533360704e-02
-2.348423806107546689e-03
4.492394755221527057e-03
9.286215845138116182e-04
7.373627038654423631e-05
5.768526495102712052e-06
5.322809262033406581e-07
7.975865652817840454e-06
-4.158007675906550390e-06
-2.964188589226595328e-07
1.848344106779393619e-06
-8.214752065725213962e-08
-3.434160032236846001e-08
-9.655642443604305595e-09
-7.977117830597827784e-11
-2.754137998803833500e-09
4.728034837262753175e-10
-1.860900163724708021e-03
-1.252294301539237523e-03
-6.395668729202512144e-04
-3.089414265087103706e-04
-6.367315286774313408e-05
-3.172834870785870393e-06
-3.011424300091051525e-06
5.008650069057391603e-06
9.971364001931407284e-07
2.660422526697319927e-07
-1.180409559253216696e-06
-2.256973852857599647e-07
1.188100719431705044e-08
-3.667672735581977287e-09
-1.528663421383449552e-09
1.360835805747601757e-09
-8.070547807437091586e-11
2.390403700111637050e-05
3.028580750717519625e-04
9.920237175915677360e-05
5.257148536768604724e-05
4.436935843577969555e-05
3.688928240373740907e-06
-3.722931223390417750e-07
-1.623196148470493483e-07
-1.040099788808414493e-07
4.350994492159782987e-07
-1.134007422164552608e-07
2.758267834018101418e-08
1.055928404020809151e-08
1.921238587946619670e-09
-2.440400265035390727e-09
9.657324291735131881e-11
6.971476886437300223e-10
3.593791214293863919e-05
-7.765753197174042686e-05
-1.046787159646944012e-05
-1.255076229473277412e-05
-1.862459624519261634e-05
-8.003323819820946024e-07
-4.037215446179965689e-07
-1.018832645474197033e-07
2.627726489049525707e-07
-1.491901171264964848e-07
1.470279725305189322e-07
8.952095142422094594e-08
1.481195008431279053e-08
3.120504206566719417e-10
-7.027136724388353893e-10
-2.492204280085555369e-10
-7.086201683779496299e-13
1.604496117652301707e-04
-1.215960586378970885e-04
2.563362866744924875e-04
-6.068863110883428603e-05
-5.803414189236771232e-07
5.431380717212941576e-07
-1.697198367169763597e-07
-4.601740499465715948e-07
-2.049901149397597627e-07
-6.091612672415027254e-08
-5.871197297142440839e-08
-2.754236603805945706e-08
-9.452918726788766155e-09
-6.032101480991995171e-10
-3.634054192584505796e-11
8.511714791073844323e-11
-1.386918890504352049e-10
-4.297049835537310587e-05
1.308369885983667489e-04
-7.251088237016049408e-05
5.186999710328003664e-05
8.344180270107896206e-06
6.714022937859628212e-07
5.990712630979614308e-07
3.847654292182635151e-07
1.723666777000346579e-07
3.508665221606160428e-08
3.160322538151840040e-08
2.057570267911255260e-08
2.296583765617870897e-09
5.298130349350950967e-10
4.433002710311775923e-10
1.155197783558573841e-10
6.593944209812368779e-11
1.489985269606923964e-05
-8.840752006407591966e-05
7.700827600775153083e-06
-4.943982494799423254e-05
-1.003864510811742381e-05
-1.788622585575476717e-06
-5.001648215036081685e-07
-2.703800667241417455e-07
-1.159461906803647350e-07
-4.023875565688211579e-08
-2.616387387534118402e-09
-1.640936483787257226e-08
-4.444376239369400630e-09
-4.356134732044798135e-10
-2.960150295622320472e-10
-7.989124880739042439e-11
-2.821515715685278897e-11
1.360816734197084588e-05
-4.980251889141415218e-05
5.241274945727676866e-05
-3.386647328027548193e-05
1.482589189263189719e-06
1.557697784530414930e-06
4.335161573618317386e-07
1.614237740417542550e-07
5.990969746168183053e-08
2.717637856059743635e-08
3.032760219897702333e-08
6.426807280426683273e-09
8.928885791955936210e-10
-7.014745152057821518e-11
5.848467763962328277e-11
1.181140531245442002e-11
-1.302118991825558624e-11
1.082177913884278488e-06
-9.387318124454457731e-06
1.840884801767289891e-05
-1.204117909613168693e-05
3.552802959611309962e-06
-7.266790821152317365e-07
-2.264223960902724517e-07
-8.232684236361758837e-08
-2.839491372021830697e-08
-1.300584750230367500e-08
-1.017147968901916209e-08
-8.302860810829986511e-09
-6.410762787283196537e-09
-3.613401505128751010e-10
-5.282312189681764946e-11
-8.940675896558564623e-12
1.268899646723354805e-11
2.830168948089655315e-02
-2.713925380596956052e-02
-1.827789704975990364e-03
-8.088282541752675730e-05
-5.835279991106286334e-06
-3.773880841682188314e-06
-2.438259386335488012e-06
8.087060745865007249e-06
3.755634238176951524e-06
3.682380880948251041e-06
9.660723540907291238e-08
-7.597697239427392870e-08
-9.022997939301999657e-09
-3.111303574592860566e-09
2.889179808387924172e-09
2.423620187907240257e-09
5.171213833859369816e-04
4.148467179727675751e-03
8.586816877846036034e-04
6.901808623554317012e-05
1.655604107071168818e-06
4.194991257782735959e-06
-1.945521547724904951e-06
-5.644819658424574512e-07
-8.568799844100563017e-07
1.382094466701574637e-06
-1.496912036307896532e-07
-4.339728440461162398e-08
-3.519890571005115628e-09
-5.384328550651822158e-10
8.532324977446982949e-10
-3.793997494101720667e-11
-1.068116372681837461e-03
-6.117352723387725968e-04
-3.140667739479648503e-04
-6.206822778364265859e-05
-4.018189446512972430e-06
3.410798045246141870e-06
-3.162796041920877237e-06
9.783976119676664687e-07
-4.760786664075816038e-07
-1.160141022690789527e-06
-2.547757289257651598e-07
2.310065062103587530e-08
7.015814921442746906e-09
1.873392360233173579e-09
-1.151243167036285799e-09
-1.467654896154584264e-09
2.525776821793825674e-04
1.020759309969061692e-04
5.142456825548914659e-05
4.226758667652279249e-05
1.608630697898717852e-06
-8.440403904725689636e-07
-2.652293287351803595e-06
-1.465749865057954040e-07
5.064776129861135729e-07
-5.706261755058710552e-08
3.968820382463635681e-08
1.394132530522629754e-08
6.703559778517450818e-10
2.098039934443875871e-09
-5.645780166155764596e-10
-7.890958003265135716e-11
-6.561418574196439704e-05
-1.002178544748177684e-05
-1.476384745621786724e-05
-1.679882014792691527e-05
-1.686079688986687346e-06
3.307384918623482754e-06
1.925870560168833988e-06
2.588464752595506313e-07
-1.275228330009017455e-07
1.160078780368800889e-07
8.341027449695219705e-08
1.223042936773749332e-08
-6.245799491460053070e-10
8.483736043687282947e-10
-2.582311236966915317e-10
3.984926083061893225e-10
-1.534830644835306782e-04
2.555608331950515806e-04
-5.938178756352879617e-05
-3.093605302790667435e-06
-3.368873554926651018e-07
-1.925669037883121909e-06
-6.003658618946276651e-07
-2.235723061719516687e-07
-5.669150474162588733e-08
-4.619357062474733349e-08
-2.385102947751839969e-08
-8.865925668091947190e-09
-1.601550366884045075e-09
-7.446656451484184441e-10
2.616953641982466269e-10
-1.877422912200187212e-10
1.360064747708013256e-04
-7.325858242186550579e-05
5.166999964869744731e-05
9.906297338517017692e-06
1.555128319043669915e-06
8.728684237000096836e-07
4.118473496614059323e-07
1.809175920249278965e-07
1.722660375720116434e-08
2.373095125683738997e-08
1.844783569321354528e-08
3.339515879805649689e-09
6.156009951729480710e-10
3.711576637898468392e-10
2.673964843307538563e-11
2.037085509656656301e-11
-8.889320215750996096e-05
7.883428104259708000e-06
-4.944275272284742994e-05
-1.076543654895422867e-05
-2.107126384319487389e-06
-6.755630543417769039e-07
-3.273559024134156571e-07
-1.167804976301398317e-07
-3.593355909098301608e-08
5.790083215137222313e-10
-1.532771648564080032e-08
-4.662122437831867113e-09
-4.251409041666962255e-10
-2.896933931210962923e-10
-6.527503419907440024e-11
-4.992648397665813463e-12
-5.138478779418516660e-05
5.222165203189666936e-05
-3.390854351512127758e-05
1.876025748726962565e-06
1.705334430939586081e-06
5.432392001733256478e-07
2.339185379934165258e-07
9.110788140164275046e-08
3.245379957865987470e-08
2.922609124263124341e-08
3.894896056829477186e-09
-1.351487946706801477e-09
-2.874151738010076356e-10
1.411867597995870587e-10
1.016356883808821045e-11
1.609064699929513689e-11
-1.048132304155639388e-05
1.908172603922014460e-05
-1.290684191349272809e-05
3.312228229814367587e-06
-8.173588988090503828e-07
-3.966200991594460667e-07
-1.517514154008487239e-07
-5.041897943724829346e-08
-2.242734977813109351e-08
-1.672530722066204645e-08
-7.837791504897428844e-09
-3.046156617801657086e-09
-6.197827843592980569e-10
-2.013197529248083409e-10
-3.451737302447612214e-11
3.102078999652189812e-12
-1.024007243534800660e+00
-4.122848040877848119e-02
-1.137262311653180038e-03
-2.171798526498583810e-05
2.449806869576959102e-06
5.085634014555136918e-06
8.179840050188591283e-06
4.928781996996384815e-06
-1.021878956929575475e-06
-4.325541542912229551e-06
-1.017372041848786626e-06
-1.219016178460140615e-07
-2.647361327469740881e-08
5.738798023677139537e-09
-5.542703844552719831e-09
4.326494415765355829e-09
-1.553811338888771987e-01
1.480520537167118351e-02
1.156693534933210662e-03
5.354022570849845342e-05
1.363618956034875842e-06
-2.468006836584449921e-06
-7.131497231692901798e-06
7.365265566925099155e-06
-8.244777680914467737e-07
-6.714915068847828200e-06
-8.739554732562333576e-07
-5.057858582072457627e-08
-5.476021280006641632e-09
5.577583911436912742e-09
-2.148499825430968255e-09
2.490051769241163453e-09
8.185215516135792985e-03
-4.052328545205947236e-03
-9.050617716988321963e-04
-7.273055036100654100e-05
-7.031378011876846064e-07
-3.534240506579275725e-07
-1.182611640742364867e-06
-3.020334152959340537e-06
6.927778899299328086e-07
-1.938082797848405441e-06
6.287206556786021147e-08
1.319582759442122344e-08
1.696140706932146047e-08
-3.347634515050256910e-09
8.988889464873929208e-11
-1.230666689536027974e-09
-7.242468802306427193e-04
3.202311933648837607e-04
2.844401131092438211e-04
6.050950731844360159e-05
4.552577390302647177e-06
3.949678783870951431e-07
-3.995452536957581647e-06
1.514277823751795920e-06
-7.197440508372872894e-07
1.263099775897438984e-06
2.663258147201705321e-07
-1.179286069080102901e-08
3.152824661585504594e-09
2.525153340875801980e-09
-1.149817040124383266e-09
-1.108715960292540352e-09
6.189221922701273310e-05
8.264611509596022276e-05
-3.407695519127036931e-05
-4.499034613146046991e-05
-5.745930782618790999e-06
9.064107755436648484e-07
-1.888776664760621476e-06
3.279315327557675271e-07
9.883454371175820670e-08
3.902456750657415340e-08
-4.025637029233508359e-08
-1.228406906664840514e-08
-1.531277144006343199e-09
6.143998466646760642e-10
1.190747227534622837e-09
-3.177815274409245118e-10
-3.676809426617446054e-05
-6.821599786838862371e-05
1.798656384736735916e-06
1.800320892932493830e-05
2.320079048417896669e-06
1.150466360205286040e-06
1.186874334538797325e-06
7.055372134416671308e-09
-5.673911655152653797e-08
-6.131953070496680611e-08
-8.431296544063318382e-08
-1.214045565340423568e-08
-1.531593777554627635e-09
8.366281738935784868e-10
-6.605358553079571377e-11
1.189129516670170009e-10
-2.417443475776591270e-04
-2.637117075135341653e-04
6.468800304840270458e-05
1.564380864852417371e-06
-1.812291637983260244e-06
-5.575516419746151508e-07
-1.714068013605233285e-08
-1.411374016765570852e-07
9.381209756476461514e-09
-6.475473198726181107e-09
2.356603623624744720e-08
8.091035115064446948e-09
1.162380463691094809e-09
1.774827483583539513e-10
-3.061931522806820808e-11
8.491351062316988278e-12
1.429216450866943849e-04
1.143412453936415186e-04
-4.997253579135843939e-05
-8.160094619203231244e-06
4.017246451003245294e-07
-1.141451529300671499e-08
-9.551408698372557427e-08
2.630819267776035913e-08
1.423239823948255242e-10
7.450428655745606327e-09
-1.614211328995221520e-08
-1.162174491068656010e-09
-5.644244366200437848e-10
-3.109202985373833148e-10
-1.812342911956821684e-10
6.717604595154313572e-12
-8.634162520197540122e-05
-5.849942112086702940e-05
4.317472788024533174e-05
9.030170447434612190e-06
9.557243613243521839e-07
8.521155313178459085e-08
5.481831518319850209e-08
3.122843318410730533e-08
3.126846277945950506e-08
-1.743072810963241903e-08
1.229152067429944500e-08
3.611771601026355697e-09
2.131224158972747228e-10
1.891822142849750542e-10
4.369601239863844162e-11
2.752122696608344912e-11
-5.854771769897497115e-05
-5.578053502931889493e-05
3.883155481023327918e-05
-2.933501534715774825e-07
-1.002900896082108656e-06
-1.768635893297938987e-07
-4.497849254509377820e-08
-2.263726024464974672e-08
-1.625683775062786150e-08
-1.262100668821139726e-08
-4.880330741646129359e-09
-5.245301000782729767e-10
1.743259871557271910e-10
-1.820373663448774245e-11
-2.031903757235711436e-11
3.661425691921978726e-12
-1.143426746689822961e-05
1.528437330780004166e-05
1.100080476342154819e-05
-4.299313839649289273e-06
4.405754506168205664e-07
1.111716185766662924e-07
3.701941876292705864e-08
2.047529870087308976e-08
2.934993470154285278e-09
2.909203329622666251e-09
6.837637837105951742e-09
6.399419110642302622e-09
3.220425421833467936e-10
3.191769343866203836e-11
2.314342408383037950e-11
-6.506111526374844157e-12
9.389666211034337906e-02
3.986851400675427148e-02
-2.663897348825583489e-02
-1.810319280568596471e-03
-7.780293261599290761e-05
8.021334615901683580e-07
6.682239574427194221e-06
2.873708936914598569e-06
3.933630638870723914e-06
3.973400697561681343e-06
3.756566677233700086e-06
1.327008359501134972e-07
-7.536206137752914218e-08
2.186899897023073275e-09
-1.029194397200397039e-08
3.851714154842835818e-09
-1.109291736549255911e-09
-1.549619017843285526e-02
-4.887547672300293460e-03
3.729224333847660187e-03
8.367789355125262139e-04
6.839484351893271796e-05
3.119196139748433020e-06
-2.503845022943658349e-06
-4.566607356820082514e-06
5.245750007643604695e-06
-1.060337028154983203e-06
1.404039121076344515e-06
-1.296966041394939049e-07
-4.517923681664515675e-08
6.376095609449642847e-09
-6.183547639898098013e-09
2.688802203458276228e-09
-3.229454849102994326e-09
1.733140228281751776e-03
9.176250957964949065e-04
-2.920213252859971955e-04
-2.910657320794771369e-04
-6.558923407344107533e-05
-5.116867666401279638e-06
-1.582416175926922130e-06
-4.718913907653517668e-06
-1.091690264074859404e-06
4.212297024023967641e-08
-1.178564769399464577e-06
-2.674168112749139341e-07
1.598999704003425980e-08
2.904555423673918984e-09
3.448724647134855523e-09
-1.325449935272605465e-09
-1.173085394444694205e-10
-2.222922231377438089e-05
-1.073992287093930917e-04
-8.000945962527649085e-05
3.237495879104186646e-05
4.313990906016448737e-05
4.828247440030504969e-06
4.011397695474102172e-06
-4.711951505379193572e-07
-3.068102250452230904e-07
-1.364115195259626665e-07
-2.023213680202837860e-08
4.100976934960723451e-08
2.065410249410833208e-08
1.191227296667338941e-09
3.268020047120346129e-09
-7.947302095411242534e-10
-9.882226997727991366e-11
-3.389014355862905069e-05
4.903184235854816762e-05
6.887365065578906998e-05
-1.937700870312145696e-06
-2.254567778684378931e-05
-5.105156677667509527e-06
1.022870448468581734e-06
6.092187296564126231e-07
2.809789249040498450e-08
1.513460607544795266e-07
5.892045698737857145e-08
7.974879232905043083e-08
1.078297095309274676e-08
-8.898752729338712390e-10
6.222724458237085184e-10
3.563923309042634905e-10
3.230930358465379119e-11
-1.587054691082231657e-04
2.072625016759986985e-04
2.610476071646138162e-04
-6.410717097131380868e-05
3.048353453171304296e-06
2.235531974109070072e-06
-7.268837290360499692e-07
-1.043794049342974058e-08
6.280063627191847142e-08
-5.007381956759070393e-08
2.655556440778910634e-09
-2.039502013617860998e-08
-8.336262774913023584e-09
-1.390934389683969430e-09
-8.429886370663901461e-10
-2.078726562087759246e-10
1.428050250613944176e-10
4.500123506063822925e-05
-1.357142556110221983e-04
-1.138291327754471284e-04
4.918560941755519477e-05
6.091230486839469009e-06
-2.025855058724859327e-07
5.943586167704162284e-08
8.718080190248215691e-08
2.217900994962555384e-08
5.287326899648696833e-09
-8.767321280546040317e-09
1.446834525700222049e-08
1.956743047248676253e-09
2.478923130717699063e-10
3.297662805804515708e-10
1.143234968888364076e-10
-1.388221119628435958e-11
-1.592104740259390002e-05
8.487613953327380226e-05
5.841393565343624435e-05
-4.280843841731113626e-05
-8.490578594700488340e-06
-1.003625708881673937e-06
-1.199995016994581347e-07
-1.016809998252647220e-07
-4.810751558267009053e-08
-3.419578923527222830e-08
1.620133803791520559e-08
-1.219247214336704385e-08
-3.392789631047398045e-09
2.652583533749003317e-11
-2.070473521974298868e-10
-2.161033546113988201e-11
-3.188759072853484351e-11
-1.301834717157553142e-05
5.731234003763107130e-05
5.582276254785395068e-05
-3.871243838780814920e-05
2.257265851885878593e-07
1.011045860913737911e-06
2.001053969103759881e-07
1.001980182037927596e-07
5.287280900028901859e-08
2.413940433641204733e-08
1.456437917593680878e-08
3.381281107651929869e-09
-2.053674360462727302e-09
-5.798296622561639559e-10
5.273466632528489890e-11
1.971396530545546654e-11
-1.066830342353451146e-11
-6.923848755357449632e-07
1.068694003702805752e-05
-1.789870649562988228e-05
-1.239544925737967765e-05
4.531362750884428726e-06
-3.496459657842393096e-07
-1.828440732476596152e-07
-7.057155645487742743e-08
-3.422057406404824646e-08
-8.673939926432531144e-09
1.792486804334755311e-09
-6.082247525379026770e-09
-2.608953446937956080e-09
-3.726260257725259554e-10
-1.464790731558553765e-10
-5.022509855041021059e-11
5.313362258271120689e-12
-1.473860566113326942e-01
-3.987308059082635657e-03
-8.596911993694869494e-05
-6.470697825877952182e-07
1.726610552194458824e-07
3.149051590638558758e-07
-2.918465204840879333e-06
-2.008447473761471033e-06
-2.580772232380050545e-06
-1.427596734636658031e-06
-1.753812264613184951e-07
-2.586550196599772006e-08
3.276281464297118571e-09
-6.108915716181805838e-09
1.585354471263467636e-10
7.975425479860610926e-10
5.622178990943054594e-02
4.219259699245811804e-03
1.817153340825063059e-04
7.011076566966952909e-06
-1.601275352373479885e-06
-5.861212143316496823e-07
-5.021636634434584685e-06
8.619652651162084105e-06
-4.672613455960181464e-06
-1.496038537201736866e-06
-8.198601266789104510e-08
-1.458553773194883431e-08
6.282364034471367989e-09
-3.447904327095618022e-09
2.555586211679474567e-09
-1.351146079841363037e-09
-1.745316180450119312e-02
-3.226418449094569253e-03
-2.695192127615531866e-04
-1.043694811616343291e-05
-6.380342049599715094e-07
6.260468331662136696e-06
3.485467098365926912e-06
1.978403846082759522e-06
2.060571177525160602e-06
-8.961051555614791843e-08
1.907615089738949245e-08
6.665818930145263290e-09
-1.549961658549024334e-09
7.102258755658953763e-09
-9.227942735497693653e-10
-6.903547198838525815e-11
1.725478804971323664e-03
1.114732089945346316e-03
1.960796876615205719e-04
1.483907857561970269e-05
-1.146176913905260039e-06
3.745283041801581745e-06
-4.323897914165468802e-06
-2.316265761959587906e-06
1.726471256787886149e-06
5.233268055592467989e-07
-2.772886866782463543e-08
-2.798035680837055676e-09
-1.053983801277436863e-08
5.931576082330007949e-09
-4.235440135263064412e-09
1.777213427849085857e-09
1.858461508834327374e-04
-1.864663518529126774e-04
-1.230338147796788788e-04
-1.168229040481257254e-05
-2.174876831163188993e-06
1.040626771257687177e-06
1.375092999224904704e-06
8.643062055881295841e-07
-2.034752834294805201e-07
-3.399879315670757746e-07
4.557554154681792970e-09
3.559798793223128528e-09
-3.649197529859481898e-10
-6.419561833925198439e-10
2.272387132841052195e-10
-1.702681422683545263e-10
4.699020393460890782e-05
4.446291387888835176e-05
6.096680309514307947e-05
9.828083946224903312e-06
-4.022946485462235212e-06
-2.948827108868596408e-06
-5.871764419688753029e-07
-1.182098051945867532e-07
-2.151250773826592872e-07
-3.083956253354654355e-09
-2.557920224217521823e-08
-2.272375607436566921e-10
1.853906864511607187e-09
-1.147124516057227003e-09
8.719119656240743818e-10
-3.649125265781361829e-10
4.743097380535293318e-04
2.116501044991004753e-04
-1.944740742097365035e-07
-3.634989183635248632e-06
3.924906416774265069e-06
1.738252377300655494e-06
5.666841509184592210e-07
1.120903878900553727e-07
6.766052039505238674e-08
3.483817965243165875e-08
3.396869752584754042e-08
2.382462802491155873e-09
1.049410214153415410e-09
5.267246881774171452e-10
-1.959762177687288884e-10
1.161883444436764439e-10
-1.077333433135973655e-04
-1.695579627281267412e-04
-2.446077936648611854e-05
-1.550432520366059506e-06
-1.908712023473052790e-06
-9.532028128831763414e-07
-4.126553245515603488e-07
-1.604129936897059439e-07
-3.311607236663834357e-08
-1.416186190969794856e-09
-1.854145603872923172e-08
-1.443762157762992906e-09
-1.350484687496784872e-09
-3.138726482960309852e-10
-5.813015073535531845e-11
-5.146811331623916857e-11
3.039349851603038535e-05
1.407443184012651988e-04
3.105949550457315871e-05
4.337110897837588088e-06
1.212801756639963962e-06
6.075737678470616802e-07
2.867322881278943141e-07
9.124656724774592781e-08
2.726816734522380551e-08
1.433294226898048368e-08
1.374888984617764143e-08
5.915074994278801020e-10
8.994757495353247455e-10
2.188116599313979248e-10
5.434211749542447069e-11
4.731286404703065901e-12
5.948786151501050273e-05
1.414439089493395362e-04
2.482081728818614697e-07
-3.862864604436500463e-06
-9.362838451311914160e-07
-4.041036362387242518e-07
-1.734820210368175192e-07
-6.234479107528965143e-08
1.124244736697380342e-09
-1.638803866579628185e-08
-9.950811684106806910e-09
-3.978014690050986447e-12
-1.820960962334734518e-10
-6.167211772154335990e-11
-5.053278102439103762e-11
1.168045095962381074e-11
-8.618559188383359624e-07
-4.853047912354264357e-05
-1.645253581755235636e-05
1.171118432047716169e-06
5.849737475924781223e-07
1.685951359266758772e-07
8.409586647620325081e-08
3.630749929050039726e-08
7.186167361352815880e-09
2.138291338790210964e-09
1.149865069051346964e-08
6.874636072410640486e-10
1.146610339602046352e-10
4.591863430796324499e-12
1.783748733315788081e-11
4.091338464602602376e-12
-2.043821752649915280e-01
-1.002698295964856018e-01
-6.499486753861241292e-03
-2.743006225407957689e-04
-1.100527396310136105e-05
-9.773272145073936821e-07
1.413945397554762916e-06
-3.496445654981046168e-06
7.189509761827099392e-07
3.835261164629713608e-06
1.509889561868223037e-07
-1.380748154277233036e-07
-3.232812846578821317e-08
1.038085545654203401e-08
-6.767061060731492116e-09
9.600898337005398202e-11
3.083732010853834150e-09
5.113568984172956432e-03
1.599309513284791207e-02
3.004994077124342484e-03
2.528423236893221748e-04
1.067019430827705180e-05
1.857965324094476187e-06
6.803126108004918273e-06
1.299380156650286691e-06
3.529453362285761979e-07
-3.072816648052951709e-06
-4.232451653264767715e-08
-8.860151766788018142e-08
-2.086980734384982768e-08
2.256973653402338863e-09
2.095145582593944831e-09
-2.040303677330800174e-09
-3.169060846718740749e-11
4.959819777917809673e-04
-1.588503919504042142e-03
-1.113831962149572060e-03
-1.947340192081122153e-04
-1.338807474188684471e-05
-2.571877687151489671e-06
4.539852181817672676e-06
-3.229157809005710363e-06
2.044093563466416247e-06
-2.023983074962360959e-06
-4.419615466922381176e-07
2.134172002296721585e-08
1.755148986425380850e-08
-3.354287474444437403e-09
3.004401752441275746e-09
5.852169163255885510e-10
-3.760892718763936096e-10
-1.274033701186764024e-04
-2.038636578377441943e-04
1.889486586601106456e-04
1.257610462267069555e-04
1.317245052982108165e-05
-4.248096614267012031e-07
-9.195120719877275564e-07
4.331244127732202398e-07
-9.873372657134082362e-07
2.462572648792736790e-07
2.924321279373875053e-07
-1.491716926836623097e-08
4.855069084535719884e-10
-5.878858489181700204e-10
1.147754852491406819e-11
4.634547487556619698e-10
2.886377355057137107e-10
1.346545920232726992e-05
-4.010874668933485718e-05
-4.170025929154603573e-05
-5.926342502004838304e-05
-7.385397779876020255e-06
-1.250550554249681949e-06
-2.317246160468769230e-07
4.500568764777911600e-07
2.991094307731153663e-08
2.696182177170148116e-07
3.066131413725295398e-08
3.927539059645628686e-08
-8.434925871029262651e-10
8.859880610230731891e-11
1.014929020519394055e-10
-1.150386135539213857e-10
-2.877856509836769338e-10
-4.715282346360929062e-05
-4.792298965230806155e-04
-2.141437730619100317e-04
-2.179965590702619543e-06
3.386475204751846713e-06
7.473233793511516161e-07
-4.016643093835779423e-07
-3.328726154395199951e-07
-6.087638972610495535e-08
-1.047037450749617116e-07
-5.417037066868890967e-08
-4.046611330193759240e-08
-2.168695427189226918e-09
-4.471608836325974461e-10
-1.181168988084300640e-10
-1.972010448911813956e-10
4.627159562876029678e-11
1.452198684953003265e-06
1.070385416447698759e-04
1.707508220587526432e-04
2.541843765926516191e-05
5.742681653369672631e-07
3.426016863851317318e-07
6.156313909986230729e-07
2.564991166633949569e-07
1.470170725683904432e-07
5.234533864156487480e-08
1.171377714619216584e-08
2.015138605109267355e-08
2.147624403246291231e-09
7.122726046929300687e-10
2.358480976336857985e-10
6.586288742901378528e-11
7.963395813098987675e-11
2.623822080013067416e-06
-2.998058045570312002e-05
-1.413346797650629632e-04
-3.110490696506089392e-05
-3.692341000378109011e-06
-7.325619581918557670e-07
-5.374834452823696783e-07
-2.334589734299354027e-07
-1.027615265044738628e-07
-4.063723083489665494e-08
-2.080831563881563698e-08
-1.435449183797206049e-08
-8.809909142457553315e-10
-6.573973367573994360e-10
-1.921004424759145373e-10
-2.999066814461088360e-11
-1.098321738004297994e-11
-4.713952153368834213e-06
-5.945533917118304772e-05
-1.410175433551166325e-04
-3.557464332557367933e-07
3.416755806815414938e-06
8.216549822717878543e-07
3.941442480872305351e-07
1.926520350323468298e-07
8.240616180008681309e-08
1.297347952395447928e-08
2.663668063409633157e-08
7.230304263185567764e-09
-1.042353671691896443e-09
3.258741784916245635e-10
7.499197306869874504e-11
4.493359579199684815e-11
-1.834879074932078277e-11
-3.657680656327993568e-07
1.102167404551943115e-06
4.839861227058642385e-05
1.762228222255038837e-05
-1.002565706606080712e-06
-7.579923879476818521e-07
-2.595249083308960678e-07
-1.273147938617451840e-07
-6.643508380553620327e-08
-2.958747937679253417e-08
-1.091476561351754588e-08
-1.189533513645783917e-08
-5.777181257996178880e-10
-4.362631195050140801e-10
-9.684953441086541450e-11
-7.242345207128744895e-12
-1.808393166154901838e-11
