1.324706186380410766e-01
1.028948657326693272e+00
4.250067880003410153e-02
1.267437980313383152e-03
3.363180230626740589e-05
3.889714093099952838e-06
3.635424242423448725e-06
3.742763604704737853e-06
-4.113256007773437055e-06
7.443714566551984361e-07
3.470843969554933656e-06
8.936574280174248016e-07
1.187322276596081243e-07
1.076205730412523814e-08
-1.262959866271565063e-09
5.868352694062486539e-10
-3.772025133978433692e-10
-4.541605199663534265e-02
1.223372524284818269e-01
-1.275192805590850617e-02
-1.046704307587246552e-03
-5.407921212580515686e-05
-3.866137239933930281e-06
-3.675026238238090015e-06
-5.991570263141287389e-06
-2.000825307565477475e-06
8.613600858641995215e-07
4.816589790247700590e-06
6.945935926756550291e-07
5.793301127705834289e-08
2.034760510784324912e-09
-5.420620640056665387e-10
-2.680841871026112768e-10
-3.953764449016396096e-10
1.168254637231247971e-02
-1.570354804079135891e-03
3.160481341270305125e-03
6.791692068537461295e-04
6.045737341300064872e-05
4.144453444574487368e-06
1.700303636908920727e-07
5.013287049584272166e-06
-1.476764415983686438e-06
-9.630097547121467088e-08
1.277345261942085292e-06
-4.251629688338638711e-08
-2.128814192615818961e-08
-6.979749438493404667e-09
-6.977683152428388257e-10
-2.354647230362163864e-09
3.744438829423396182e-10
-1.039765531782264494e-03
-7.071200774901335515e-04
-3.624176312056435491e-04
-1.825106884216769903e-04
-4.029923185125388875e-05
-1.676601750349933623e-06
-1.241086776969180137e-06
1.980818928787982681e-06
4.628708428511250680e-07
2.021707327472253592e-07
-5.755175681995473306e-07
-9.451615699439690140e-08
9.117522022144380196e-09
-1.693256960408757820e-09
-9.390764688922289904e-10
1.921228153064919053e-10
-2.476131579274068935e-11
1.878831476723913678e-04
-1.214196134744651642e-05
1.720454254359937631e-04
3.488218495321631220e-05
2.244093461199515871e-05
1.906928768555131915e-06
-1.261635184356485952e-07
-3.596392740093801321e-08
-1.318774761710575524e-07
1.643900787556115927e-07
-1.067003596195304470e-07
-1.146806323799815277e-09
3.403170208608031477e-09
5.524416310901259536e-10
-7.932825153071365145e-10
9.855687341838147007e-11
2.421191625821325509e-10
2.309898883369936872e-05
-7.861947797602860321e-05
1.293200606951238792e-05
-1.358298565795525684e-05
-7.564339750958535653e-06
-2.495888488202875150e-07
4.041614650518340632e-09
7.794739443452707108e-08
1.379766704900380069e-07
-4.308037276095228970e-08
8.042380101893159547e-08
4.964064476152442194e-08
7.542694198278124532e-09
5.863324553702980074e-10
-6.992418577299382805e-11
-5.335169342870779145e-11
1.747627372899629446e-11
8.335235982339136279e-05
-5.370857865403612689e-05
1.301706287134229121e-04
-3.046669620262851583e-05
-1.376284664452176380e-06
-1.080867885881090495e-07
-2.350259645721486054e-07
-2.513739524106652330e-07
-1.062192626167313631e-07
-3.111021620128031486e-08
-2.216064331248499052e-08
-5.536330349229533534e-09
-3.449857629340605019e-09
-5.355537683268043052e-10
-1.000831722551824021e-10
-3.651331493229195905e-12
-4.857542168396592980e-11
-1.893393563084869310e-05
5.412518596036794823e-05
-3.181247877899951902e-05
2.286179597381773145e-05
3.948505552558031443e-06
5.101902081554219212e-07
3.039184247106681981e-07
1.673505642026712483e-07
7.948843313194428015e-08
2.086025560234262009e-08
1.202286576744516525e-08
7.139728401960922653e-09
8.277839430005889702e-10
2.836221285070571524e-10
1.403398176360541161e-10
3.802066643729425070e-11
1.543867917543378649e-11
6.924926024724796704e-06
-3.373644012585348396e-05
7.801717339119757427e-06
-1.976502763161343273e-05
-3.919149910793965787e-06
-7.235216711917072559e-07
-2.078488861508758451e-07
-1.043793801474191625e-07
-4.615086498708117337e-08
-1.557020276912403268e-08
-5.156451300356701698e-09
-6.013280906361262948e-09
-1.725803792775647253e-09
-1.880786001897020647e-10
-9.033257053042934512e-11
-1.842914608223331019e-11
-4.973110633397295198e-12
3.700491860050205855e-06
-1.290821669458785540e-05
1.489512594737500702e-05
-8.817259063681514767e-06
6.131175463641533530e-07
5.063078210905897724e-07
1.483079535403560877e-07
5.737602470903665371e-08
2.147114262422970828e-08
9.133815419679078396e-09
7.758896627246649754e-09
2.172281768565216034e-09
2.208841110440971977e-10
2.525664078977970023e-11
2.235120637290204536e-11
6.701613353920698851e-12
-3.981865524362632617e-13
2.296193503863669440e-07
-2.187630267508112855e-06
4.379610677531081235e-06
-3.438987940499589248e-06
8.395967961924439783e-07
-1.913441532244262979e-07
-6.980305299714745785e-08
-2.395567517401731259e-08
-8.631370056249401805e-09
-3.479259800756287281e-09
-2.065683764407293209e-09
-1.308389415929560599e-09
-1.376100128802363235e-09
-9.614346196329392364e-11
-2.027402262397595644e-11
-4.390327848057394508e-12
4.007026146002246945e-13
2.323897560547237562e-02
-2.288320554629741030e-02
-1.628396460033312062e-03
-7.920092191628780439e-05
-4.343281745535722659e-06
-1.620301008833488282e-06
-9.853333506344867301e-07
4.366936519385801993e-06
2.135791858413653469e-06
2.281563860949509617e-06
8.923216774060649819e-08
-5.677507933271607614e-08
-4.676155112238789602e-09
-4.156597546934299432e-10
2.029122713003850968e-09
4.652285952374807643e-10
4.591417944314206455e-04
2.918760072665308510e-03
6.315185018166544944e-04
5.671221079567415101e-05
8.115308063355959629e-07
1.726426581743983839e-06
-1.533499213648357364e-06
-9.346169246396575760e-07
-2.066092173385699352e-07
9.608864668667381252e-07
-6.775140568454576570e-08
-2.778835038101399102e-08
-2.005582194892842032e-09
-6.875718547053025620e-10
1.035081807407555478e-09
-2.387603687753776161e-10
-6.049223826926369450e-04
-3.495074590711806867e-04
-1.859520147003844350e-04
-4.013707412151757721e-05
-1.359643993459214568e-06
2.518620985280273577e-06
-4.041679997097568514e-07
7.933507940634901108e-07
-1.858456329917059601e-07
-5.662515158763942539e-07
-1.171407990608716277e-07
1.258236247283120267e-08
2.896637357831905294e-09
9.121835941010129095e-10
-2.580659041066107414e-10
-4.551924883021743984e-10
4.407448557899498715e-05
1.794264647918024033e-04
3.541263452555731313e-05
2.132807493198590886e-05
-1.835921791416068966e-07
-1.294795220513566557e-06
-1.584019001211204272e-06
-1.139659748739446543e-07
1.554184040063918220e-07
-7.095900646948090404e-08
8.891975200587094601e-09
6.066240923202806001e-09
8.000476861437488827e-11
5.030743150802166579e-10
-1.976093386444663631e-10
-9.705396740319667785e-11
-6.789987370327323101e-05
1.429767336209062158e-05
-1.459420454383297308e-05
-6.493575747561406847e-06
8.074546525133831833e-08
1.797116374088656838e-06
9.001073964964829705e-07
1.582290658792785166e-07
-4.263256989063840877e-08
6.060537005184350970e-08
4.435775412055298506e-08
6.123261914386167629e-09
4.055379564456631090e-10
3.605774714835998790e-10
-1.055547166088534842e-10
1.140553021896795266e-10
-7.025405501060018266e-05
1.294801139030168067e-04
-3.005891563340076406e-05
-2.384120437161931193e-06
-6.678058533034214298e-07
-9.156835945372851401e-07
-3.217400254001176177e-07
-1.285353045371826539e-07
-2.905941634897245164e-08
-1.545485136005934659e-08
-3.000464555157950884e-09
-3.019536116091228513e-09
-7.260940315152861953e-10
-2.953819120668329209e-10
5.184298159348869373e-11
-5.199511816294416412e-11
5.686994833096545293e-05
-3.189424506502125780e-05
2.286400491419935747e-05
4.460840371802748095e-06
8.737120848014422417e-07
4.221047357749729676e-07
2.072801369189962089e-07
8.588726652236780482e-08
1.398877850445233697e-08
7.986826472366408643e-09
5.729883236726945605e-09
7.848713386127050711e-10
2.721646468748420619e-10
1.534626265880802143e-10
1.724773812295039255e-11
8.911654317307096682e-12
-3.445003718450818914e-05
7.769812953248619842e-06
-1.981365111982670411e-05
-4.134948530806219161e-06
-8.446702576650859672e-07
-2.830445700173745313e-07
-1.267203200361020615e-07
-4.700314432837412681e-08
-1.287073987120521228e-08
-3.399795286442859592e-09
-5.367461607464876637e-09
-1.646967095269024917e-09
-1.806543094078848188e-10
-9.727210699964754219e-11
-2.293958632861487934e-11
-1.866237025105716582e-12
-1.337531363158051623e-05
1.487354540530688368e-05
-8.807423414171453198e-06
7.060460616973488890e-07
5.570534684221399481e-07
1.764975747026118575e-07
7.341759738686212533e-08
2.765839286001165372e-08
9.400936438641684925e-09
7.176764378051040891e-09
1.687493164043067906e-09
-1.428200044220304760e-10
-1.546784029661739334e-11
3.403735627652188888e-11
6.897470737910765567e-12
2.793470265568703112e-12
-2.459117513085649210e-06
4.485627956273503619e-06
-3.622636127364078608e-06
7.808877303895408943e-07
-2.143131393242815307e-07
-1.065404820114225317e-07
-4.038739759127934975e-08
-1.342040693648059837e-08
-5.634594239158782490e-09
-3.526150190132482578e-09
-1.223719253667610432e-09
-6.969038423095651840e-10
-1.350255557430165855e-10
-4.321493163260456020e-11
-6.387152109186584582e-12
-5.772702849129895922e-13
-1.020966054708938087e+00
-4.230202672043027051e-02
-1.261005211205684174e-03
-3.006519165809795233e-05
2.730349589423002039e-06
4.988765804566139493e-06
6.055789039311728718e-06
3.939701766815414479e-06
-6.041230265901018653e-07
-3.405557662690077741e-06
-8.934584867138567844e-07
-1.148494420409538182e-07
-2.047650858226694919e-08
2.981815110164933486e-09
-3.677045466725280999e-09
2.292054815477391372e-09
-1.289572013901600089e-01
1.241726425148089244e-02
1.034821808799144633e-03
5.208124892626944728e-05
1.881863897723255962e-06
-1.603899709017137500e-06
-5.840517378514132444e-06
4.475489658016831537e-06
-6.763574449936286966e-08
-4.661520871099441004e-06
-6.778215342756286205e-07
-4.652857108844954758e-08
-2.595236638955362443e-09
3.962597529117156651e-09
-9.114756922236334068e-10
1.176595843821972229e-09
5.818185170761566369e-03
-2.812936397017811677e-03
-6.610556544222935017e-04
-6.150043000291267555e-05
-2.074002145920540176e-06
-3.066405265052926877e-07
1.728189356880772981e-07
-2.592188858064097061e-06
4.293383262371607227e-07
-1.351395161775307481e-06
1.935669473171622840e-08
6.939567995644188529e-09
1.040457541850689384e-08
-1.459620866964628192e-09
1.017005855295905282e-09
-5.566219066109520215e-10
-4.595609057773357019e-04
1.570981027719147772e-04
1.681620541552296378e-04
3.978783433917198049e-05
1.657605572390201301e-06
-5.575848740975102534e-08
-1.141765872612033285e-06
8.973652227660348130e-07
-4.373667775479052867e-07
6.472849144032101768e-07
1.221620141581465339e-07
-9.220044102634029278e-09
1.293639884014039480e-09
8.925499204526474374e-10
-7.252808599804307233e-11
-5.990284267307687904e-10
2.657801170887078360e-04
-7.546526364135249312e-05
-2.671696598008540719e-05
-2.341101846110096117e-05
-2.234936126651461036e-06
2.148100221009769710e-07
-1.003233273141180360e-06
1.421424075142385170e-07
4.486447558579295790e-08
5.449598177908891174e-08
-6.990705332162580400e-09
-4.237192822573789097e-09
-6.022442910513919121e-10
3.029482401690733294e-10
3.332880790044334065e-10
-1.141324551554402907e-10
-5.176160389945668789e-05
-4.981568158515211123e-05
9.742825059884894977e-06
7.776947021499822522e-06
8.675957108775460012e-07
4.587052813726090430e-07
3.823205157151514662e-07
2.225354409704144350e-08
-1.102816549549767515e-08
-3.130858930939628446e-08
-4.551261816546309121e-08
-5.994943862545163825e-09
-9.301895496702324874e-10
7.630410311361256656e-11
-7.330535321490196517e-11
6.839953391960296246e-11
-1.134239000810870977e-04
-1.353645248431235111e-04
3.113016346376911337e-05
1.277410617101699768e-06
-5.259027052967685640e-07
-1.402160922160174949e-07
2.738178690912568136e-08
-4.670978743418407370e-08
-6.384745023810671617e-10
-6.339955721897046561e-09
2.962049883882992183e-09
2.619184865107056306e-09
6.657522609516633727e-10
1.226867093783959670e-10
2.462530254765495342e-11
-1.511102926291179626e-12
6.079794165050183690e-05
4.989364098781631703e-05
-2.140631948555515957e-05
-3.533083800205082555e-06
-3.756842900226225666e-08
-4.062943745473614572e-08
-3.324583911845355115e-08
3.409959023929366256e-09
-9.490582747866152537e-09
2.721136807509068453e-09
-5.418225224832825497e-09
-2.622579702935293172e-10
-2.598007154215387393e-10
-1.111921750788412996e-10
-5.037669753930549152e-11
-4.204638441356271639e-12
-3.494349600889512411e-05
-2.715356149318716667e-05
1.726020393846868962e-05
3.414738643488047881e-06
4.122267472256498267e-07
4.765668091928846921e-08
2.412972853244542448e-08
1.088811648526296712e-08
1.178462795665985511e-08
-2.122849927684567882e-09
4.730352268458717970e-09
1.401962741103290803e-09
1.283089589279487631e-10
7.105149246300264915e-11
1.246263381044483055e-11
5.117707789524354454e-12
-1.555870262689059140e-05
-1.513260984814091484e-05
1.041741031484639209e-05
-1.957718381220961025e-07
-3.258429764710106239e-07
-6.418828343607850129e-08
-1.955708515333305897e-08
-9.461621863573398595e-09
-4.940090965164294309e-09
-2.302699961308910074e-09
-1.755480500706158687e-09
-7.281640750530752452e-11
1.033891627943029334e-12
-1.395164181177353504e-11
-8.129549815475365555e-12
9.701221731909886691e-13
-2.685199741176464859e-06
4.055546504910671055e-06
3.159300677550909588e-06
-1.049539423956577427e-06
1.119250972222744015e-07
3.753796541736187313e-08
1.066087936454764435e-08
6.484178513739228620e-09
1.904370509802680726e-09
1.451619784867290577e-10
1.005767821525182021e-09
1.343779598000504036e-09
7.946358022653591030e-11
1.379601584187819553e-11
5.374318592240677565e-12
-2.849335316560477332e-13
7.916761960485910188e-02
3.346261971309978656e-02
-2.240236433668695362e-02
-1.611333092967015979e-03
-7.858019879341525155e-05
-1.597772599904661043e-06
4.869021879826574296e-06
1.413156428053953665e-06
9.691778576639870185e-07
2.320602999352556541e-06
2.331245824893628242e-06
1.195680509988266497e-07
-5.190494780966170164e-08
-1.079374032921148141e-09
-4.463325337590525090e-09
2.371311232281393962e-09
-7.530586165488909572e-10
-1.080635039427377438e-02
-3.488132031459346971e-03
2.587937683004092309e-03
6.136339489593628429e-04
5.716051776825969885e-05
3.206744282840115284e-06
-7.193081871397813885e-07
-2.417303583015823529e-06
2.315163279372413463e-06
-4.253615456162332887e-07
9.600053445736719395e-07
-5.543851982091556630e-08
-2.666321449283929181e-08
3.997832967999700089e-09
-2.612790289431101033e-09
1.524290989651087961e-09
-1.624712333053829955e-09
9.824698716539780833e-04
5.723279836129137451e-04
-1.432134882370696420e-04
-1.718631483685174953e-04
-4.347619780912869114e-05
-4.688984181070759038e-06
-1.462120370601791218e-06
-1.940339524308701677e-06
-4.078666902103919949e-07
1.243645836067153651e-07
-5.788322191697295786e-07
-1.219190736297776203e-07
9.489000433039674782e-09
1.727690898600393379e-09
1.355707892854417874e-09
-2.473400119788325284e-10
6.384404000009651058e-11
-2.101672689329223001e-04
-2.115501209332230361e-04
8.102884282901243044e-05
2.584359621231534064e-05
2.375058264450415763e-05
3.562589734382172182e-06
1.490833941861479907e-06
-3.142025044371894633e-07
-7.966845274109516611e-08
-1.342647849261900312e-07
-5.215263320271949796e-08
7.525072926384874106e-09
8.908385239703191857e-09
3.265000245723229292e-10
1.063737297360943594e-09
-3.740269857763430850e-10
-5.938416529854357072e-11
-2.394512925302413176e-05
6.321471819867886799e-05
5.216002667298576901e-05
-9.708950707058451777e-06
-1.032350169919854690e-05
-2.401515354853465112e-06
5.797309346568239867e-07
2.655346207619968742e-07
2.131337772454671368e-08
5.630514939357875398e-08
3.083229466721648384e-08
4.259290583649793771e-08
4.985067669456779111e-09
1.411988669644297114e-11
2.657194878069646373e-10
1.537595715652807149e-10
-5.268379454306153533e-12
-8.226731701485684683e-05
9.550973025971128605e-05
1.337519227037283788e-04
-3.079257149430754485e-05
5.063655387019478114e-07
7.295457665009427610e-07
-2.952212147995506914e-07
-3.505938377106102313e-08
-1.087958739079597379e-09
-2.054642155942166860e-08
3.973665843021335987e-09
-1.519771551987842701e-09
-2.373528072177866523e-09
-4.855902688158612144e-10
-2.832445405412017400e-10
-8.130762643631933066e-11
3.915574732926249755e-11
1.955240171038871003e-05
-5.728180448227987421e-05
-4.958214245966701555e-05
2.109330569470180050e-05
2.909850660353344491e-06
8.038879374798128126e-08
6.017910493912019129e-08
5.562766094488538065e-08
1.907219292480979083e-08
1.361332584847983197e-08
-3.040732340333064465e-09
4.594505119185200486e-09
1.429284976220078928e-10
9.456938712370694580e-11
1.116909186023260945e-10
2.924564421109558281e-11
3.343543052663064616e-12
-7.168775950077071614e-06
3.393018078168881529e-05
2.708324797795950116e-05
-1.713298470811594200e-05
-3.274465170879133611e-06
-4.235031977381423128e-07
-7.984721972447009938e-08
-4.331487301652234077e-08
-1.892304406668665337e-08
-1.331928966492710004e-08
2.100845401537550936e-09
-4.451508726381917785e-09
-1.236084903571838105e-09
-5.362820319749941671e-11
-6.779583131388318802e-11
-1.201783528395737822e-11
-7.972385837674805458e-12
-3.516875765286694626e-06
1.518120352565919026e-05
1.512009437924247623e-05
-1.042547687324554027e-05
1.807709504114454883e-07
3.370369953185909132e-07
7.176765576709450769e-08
3.316555748093816894e-08
1.725503448452412645e-08
6.655167359561372705e-09
2.592279107160714575e-09
1.556961977466628161e-09
-3.505680362704032109e-10
-7.967198405015750790e-11
1.442642364705874357e-11
8.332499249986679745e-12
-1.489352947371611992e-12
-1.404721215462988800e-07
2.483045107944942361e-06
-4.601391490102073343e-06
-3.445278449810091229e-06
1.087840212813457362e-06
-9.204205385017839577e-08
-5.271638994883114226e-08
-1.985944157765449777e-08
-9.414385727833611493e-09
-3.143625598968930196e-09
4.221217143391352423e-10
-9.692273505731279641e-10
-5.607438081603455447e-10
-8.416482840529674001e-11
-2.984691467104306115e-11
-9.138301876652008748e-12
9.488259439718011183e-13
-1.514349251727877266e-01
-4.460292687271344252e-03
-1.136642736920571918e-04
-2.818152406401811160e-06
-8.833526070418133705e-08
1.022478765945311111e-06
-1.484762589994138519e-06
-1.298030053457865318e-06
-1.594828699133487297e-06
-1.238480784569509214e-06
-1.625946927385905505e-07
-2.311812413384464448e-08
8.333660742710555407e-10
-2.623333224116923973e-09
2.892958737079798160e-10
3.254943880304391658e-10
4.750696469347129303e-02
3.737580630359179680e-03
1.805202209752089829e-04
7.535551458938817646e-06
-1.230148390335941602e-06
-2.015984608873057681e-07
-3.363299198818986313e-06
4.922978724455550867e-06
-2.555861316665236622e-06
-1.175457999390557587e-06
-6.871051319218411860e-08
-1.563975402269912054e-08
3.613230534497210617e-09
-2.114318562175639271e-09
1.330942072540989525e-09
-5.703105835961219773e-10
-1.220768212464727262e-02
-2.360567718740088760e-03
-2.144852262066875134e-04
-8.791829396469407612e-06
1.099524451040345093e-07
3.970395519516853233e-06
3.221750420313116259e-06
1.780980096237591876e-06
1.022258537200442284e-06
-1.235358661424456289e-07
1.316007876084365078e-08
1.011610298800162814e-09
-3.882628772888972091e-10
2.840773446331634481e-09
-4.923193655476626103e-10
9.439321051360541351e-11
9.391448607094299902e-04
6.659175298637481748e-04
1.294948648549850627e-04
9.774935861657758101e-06
-1.552503662472759695e-06
-2.364454167415154036e-07
-2.917894285298817518e-06
-1.186345498126907618e-06
9.516639687364984107e-07
2.646214065446284883e-07
-8.227074666107712509e-09
-7.679603371109062415e-10
-4.911375812268255591e-09
2.193419874824049194e-09
-1.541714881899923096e-09
6.051073749030797468e-10
-3.392650605808227460e-04
-1.307301189712242468e-04
-6.551254179980265996e-05
-5.976005011845223376e-06
5.025336778590795936e-07
1.804777142411667701e-06
9.372979970043446923e-07
4.327683669878869878e-07
-7.048421122383491044e-08
-1.162732720276568225e-07
4.317427191375618464e-09
2.003722580054632901e-09
1.134204981879297847e-10
1.857611405530914980e-10
7.692727937999335674e-13
-4.644775014001476068e-12
1.276909357521193919e-04
5.767051068386521985e-05
2.776799795774076424e-05
3.716777670632779595e-06
-2.572943919680999810e-06
-1.644967467754645755e-06
-4.178245746982792320e-07
-1.305734636266560701e-07
-1.077652168998478356e-07
-2.332305134883520607e-08
-1.314516479144707076e-08
-7.807755041517954554e-10
3.352090716415636727e-10
-5.899164542299618440e-10
2.415912953076720719e-10
-1.439678664234113351e-10
2.282345634624675316e-04
9.940817483203565660e-05
2.098348033468597636e-06
-5.819127437546857609e-07
1.829213873496098118e-06
8.433676104324960551e-07
3.222609948142133134e-07
8.537840470105153870e-08
4.060960827284053397e-08
1.293364930495419240e-08
1.109100508477530059e-08
1.111925939352776059e-09
6.053768395968451127e-10
2.202736428905498607e-10
-1.716226268793127932e-11
1.994417012238690443e-11
-4.527430382329428925e-05
-7.258380942666815361e-05
-1.102228736210389199e-05
-1.205454310691741317e-06
-8.473245859495328828e-07
-4.465520754220949883e-07
-1.964413365794702540e-07
-6.986582368017671269e-08
-2.033234189458127330e-08
7.753702196151389474e-10
-5.242072921160124587e-09
-5.864514324075017667e-10
-4.809299947763282854e-10
-1.110338996217993941e-10
-2.768952495903796174e-11
-4.774319622341355060e-12
1.630314260804584502e-05
5.734652731213895038e-05
1.187582449737692638e-05
1.769620399187356016e-06
5.136220345339365713e-07
2.437911631318035922e-07
1.147452457234202691e-07
3.892396813650032036e-08
9.363514629426805824e-09
6.122231266585332188e-09
4.012962960802792555e-09
3.326308684344487797e-10
2.839267901110651698e-10
6.567874737030480442e-11
1.971339059046382066e-11
-2.099935654301445763e-13
1.671308040236984844e-05
3.825189895865787639e-05
-4.969956172811400283e-07
-1.234128061542464895e-06
-3.287293442912370411e-07
-1.349870704749999092e-07
-5.780146394233749583e-08
-2.199865622960248819e-08
-3.244398415199946672e-09
-4.503220027506512863e-09
-2.693245912700900788e-09
-3.296859382735307880e-11
-7.641084683564948942e-11
-2.427495266099256956e-11
-1.096740660169728018e-11
9.558858137716487121e-13
-4.342858597744436199e-07
-1.252167402954059551e-05
-4.033083725457509302e-06
3.126692451817218339e-07
1.619828139268921783e-07
5.111373279521924463e-08
2.286856771409885415e-08
9.698557888750453901e-09
3.283818426886022930e-09
1.294075773775997727e-09
2.334841742790366070e-09
2.172295516742239717e-10
3.404251017935964755e-11
5.463869598446116979e-12
1.864207782171124098e-12
1.172836859171483664e-12
-1.700181975917881838e-01
-8.455317191476557914e-02
-5.740592463814096595e-03
-2.677246372620726471e-04
-1.166490442782966197e-05
-1.213888692845662652e-06
1.460043814936458353e-06
2.991710272742905811e-08
-8.539839896933174766e-07
2.064846363133170790e-06
1.147595086455823522e-07
-8.417437082059739509e-08
-2.017235226146446276e-08
5.570195672394546841e-09
-5.046963245425612128e-09
1.030918868230106381e-09
1.171096477074948789e-09
3.516171439825487022e-03
1.118311683914777546e-02
2.198779875465424211e-03
2.037434038858967770e-04
1.025167977396288401e-05
9.421577906409831211e-07
3.716548055566229511e-06
1.167250774956287467e-06
-2.837716386900800370e-07
-1.647594325195281504e-06
1.473586201990599664e-08
-6.902466091574260077e-08
-1.296975633167139709e-08
2.525937097876107042e-09
7.075393048693972024e-10
-5.541308395791707749e-10
-5.909677347204421307e-11
2.703986914415712982e-04
-8.765306280866181276e-04
-6.657536808051626185e-04
-1.270203164118080097e-04
-7.478558335608994681e-06
-3.179448629224126409e-07
1.441653054359186289e-06
-2.225935868800899965e-06
1.115150416727765471e-06
-1.137082760377518371e-06
-1.955978736608637791e-07
1.584169123556178958e-08
1.072197464929615964e-08
-9.764356147963824602e-10
1.722137821930738003e-09
1.706749690167497704e-10
-1.341883017605026422e-10
1.090354003576295784e-04
3.576419564728962872e-04
1.325734470207703139e-04
6.556519627053031859e-05
5.697689605371150334e-06
-3.919788845427715873e-07
1.548933900367510006e-08
1.684765938234040233e-07
-4.180883032761337387e-07
8.784321860898705402e-08
8.290961596299957853e-08
-1.569891286791049513e-08
-1.340701113227062678e-09
-3.135136993844930726e-10
9.743552130024371895e-11
1.674851496361892807e-10
7.938853250546129138e-11
3.564666729101303714e-06
-1.237225599566372841e-04
-5.596644575355101301e-05
-2.645376404675403901e-05
-2.762785065390614720e-06
-3.207605205201825225e-07
3.216830551931080639e-08
2.558478654975907116e-07
4.528336766471296044e-08
1.316576629883597508e-07
4.109401175372360334e-08
2.133651952975030357e-08
7.784950638605848540e-10
3.256863437512158646e-10
-1.269116525398444421e-11
1.867553914202293727e-11
-6.631289184344261822e-11
-2.178442464509888654e-05
-2.299153072011959290e-04
-1.004342021942714654e-04
-3.059539261069735063e-06
7.039253419579562177e-07
-4.363928633453319724e-08
-3.204961895772451556e-07
-1.641097875996835772e-07
-5.711882981055387053e-08
-5.733747767857310475e-08
-2.357290037702867830e-08
-1.460047067996165839e-08
-1.508851560040680470e-09
-4.426990718972198242e-10
-6.712163127057983979e-11
-6.708510520948890178e-11
3.346148293068802083e-12
6.776320988957527478e-07
4.487443697682780747e-05
7.297987930353817831e-05
1.128577794700383468e-05
8.094415177368058743e-07
3.421907339527808096e-07
2.890926806419295147e-07
1.263171543865153828e-07
6.157077261028837274e-08
2.802406925826901993e-08
4.145468987608079878e-09
6.551291152649580665e-09
9.635487130795145171e-10
3.222883769759877929e-10
8.510527381212837689e-11
1.341605596269728882e-11
1.825692879508531402e-11
3.370808882057380461e-07
-1.611479027526410471e-05
-5.749132418697828990e-05
-1.185235323161244514e-05
-1.565128277227641411e-06
-3.450399551337567927e-07
-2.026789727461967873e-07
-9.064924846880502866e-08
-4.017897686586582912e-08
-1.368289562014181216e-08
-8.585516575058576884e-09
-4.658654616451138891e-09
-4.956329348888209478e-10
-2.223956284063918046e-10
-5.354437018481631073e-11
-6.285962036337697311e-12
-4.279552120539471855e-13
-1.498478487121843492e-06
-1.680474897029828412e-05
-3.817562006401048540e-05
4.536282747121009216e-07
1.114933370255151987e-06
2.830104629572515472e-07
1.250570377532490967e-07
5.723855665575824149e-08
2.603026048669164082e-08
6.410748907336535832e-09
6.578099786852205492e-09
2.514578895298450855e-09
-7.634802051576185340e-11
9.427050763530504777e-11
1.445721433310941177e-11
7.110527058979929183e-12
-3.717988709250708192e-12
-5.733920451026757007e-08
4.931915616550753587e-07
1.251058907572258897e-05
4.272053090129326705e-06
-2.712239162982373165e-07
-1.979009572039445127e-07
-7.064713199311605700e-08
-3.262868166595382832e-08
-1.619633227712763876e-08
-7.488132591710210836e-09
-2.821845690791560315e-09
-2.535221662641036126e-09
-1.789398479890830197e-10
-8.809953311159891083e-11
-1.417389284706726944e-11
-5.267644201343911577e-14
-2.297067018346759267e-12
