1.353341828783241607e-01
1.027375343692165099e+00
4.332355243507297199e-02
1.367670871319254678e-03
4.127286508637695062e-05
4.605588641554504385e-06
4.613336181279281380e-06
3.370760329458866512e-06
-3.168622645274997630e-06
9.712398341138822963e-07
2.757955557743194474e-06
7.633076817038861551e-07
1.108203610342830845e-07
7.986168559176191943e-09
-1.142922416067000666e-09
1.883041347575558191e-10
-4.481740718916821852e-10
-3.777133930541389656e-02
1.004157299590330704e-01
-1.060400871750467183e-02
-9.102946716168638713e-04
-4.907615433422487291e-05
-3.999526452229838388e-06
-1.965254527707357594e-06
-5.204676655628432410e-06
-1.094934424892555918e-06
6.163006624193376355e-07
3.380939359946088629e-06
5.391983529169586024e-07
5.377521614657419380e-08
-3.115728790147607217e-09
-4.634525488442335972e-10
2.581162939299914938e-10
-2.977196938610608748e-10
7.979783794283988249e-03
-1.001693306172815297e-03
2.170253460780043487e-03
4.790741937655716904e-04
4.647320317519835922e-05
2.523388809531438437e-06
5.037237625507473354e-07
3.501374964489673849e-06
-5.395776632790660798e-07
-1.922735937641611472e-07
8.651823809782745878e-07
-7.929773622963736026e-09
-1.263150569085958953e-08
-3.953921980115338406e-09
-2.585950537333492487e-10
-1.122812242404578910e-09
2.900062917377921926e-10
-5.414137727414326112e-04
-4.354028793484520624e-04
-1.840169545081609954e-04
-1.016118990596726979e-04
-2.349181297002759670e-05
-8.041389984917503421e-07
-4.323864205634252528e-07
7.038545950174901568e-07
1.022252688617466870e-07
1.646780204481185791e-07
-2.358780083689773114e-07
-2.694858402229753523e-08
4.864532039955938510e-09
-1.313180033493394490e-10
-2.827195529792465823e-10
1.488234730089117768e-10
-5.872332277264044612e-12
1.703371826258432732e-04
-8.456336689445338663e-05
1.372921980645582028e-04
2.050726697152482827e-05
1.008894979784010103e-05
1.004759833571881688e-06
-2.118740766514062606e-07
-5.453316984908341578e-08
-5.919944637971065215e-08
6.155701305553778719e-08
-7.254844869679405768e-08
-9.988658317554828550e-09
1.159102815456175308e-09
1.295700951294752028e-10
-2.627630662812578792e-10
5.602558762186388125e-11
8.830589976165028624e-11
1.288146365333820544e-05
-4.873041717315587917e-05
1.236696075891031360e-05
-8.217334486699949094e-06
-2.833758289893735458e-06
-6.568180049906442205e-08
8.262263335016098870e-08
8.128897182697190648e-08
6.520772872370238584e-08
-4.800983394621497068e-09
3.809273858580732282e-08
2.348630204641012267e-08
3.341621265747827973e-09
4.773148914255239280e-10
8.037405895873613387e-12
-4.083055581044373164e-13
2.614300250007906462e-11
3.416388626653471403e-05
-1.986283057200165526e-05
5.282220143697588131e-05
-1.249922581143011003e-05
-8.784601744304491093e-07
-1.469372121394038773e-07
-1.315763538487340241e-07
-1.106403623474158239e-07
-5.143291004116829516e-08
-1.729043342535477040e-08
-9.805981607404724985e-09
-1.403724879512190099e-09
-1.248100955209757779e-09
-2.943742492738576362e-10
-4.146922529660670672e-11
1.654884273932708562e-12
-1.652540681139721248e-11
-6.562807107687508403e-06
1.811758385574420438e-05
-1.079081463014108436e-05
7.979272652768919032e-06
1.485285163195334543e-06
2.302817027332465129e-07
1.162108995788290156e-07
6.048813406997544493e-08
3.170643220317428405e-08
9.441754077260276037e-09
4.618356173119190828e-09
2.581600503981442812e-09
3.524123671889055668e-10
1.387301576705507604e-10
5.050893256875672226e-11
1.116674833726703001e-11
2.202755225121037634e-12
2.359072969374690197e-06
-1.017299119516387312e-05
3.322750464850664668e-06
-6.170596794134249497e-06
-1.210346057043553136e-06
-2.292338397582681012e-07
-6.682421926289752379e-08
-3.228866113812200983e-08
-1.487156167026112652e-08
-5.573964995600247408e-09
-2.237153147160013552e-09
-1.811086015138852740e-09
-5.425457381839862796e-10
-7.224324607423864620e-11
-2.453527229211561615e-11
-4.424308965549162992e-12
-8.627632569851386070e-13
8.313411592757980574e-07
-2.819334676079084345e-06
3.451518860802166591e-06
-1.925647553224700323e-06
1.738436297126990100e-07
1.284892413470505816e-07
3.952062454042726931e-08
1.511109532901926710e-08
6.009128471520009225e-09
2.824260160995281306e-09
1.856805911090477269e-09
5.034454894229353574e-10
5.010429820409639211e-11
1.926454637797085943e-11
4.196259709093207745e-12
1.280354061784962758e-12
1.112050068970159726e-13
3.861149784487438674e-08
-4.199785401033106801e-07
8.452954345447851608e-07
-7.310320285745586476e-07
1.608481882059774280e-07
-3.980600176085347548e-08
-1.598128192203145087e-08
-5.330209491941440403e-09
-1.938917352846893187e-09
-7.632559017736112475e-10
-4.151990138320248831e-10
-1.687427063352648602e-10
-2.191600846055374826e-10
-1.976958510383034341e-11
-4.401100181124077707e-12
-5.889094693979571281e-13
-1.795061546519957295e-14
1.896829123833473560e-02
-1.905055701394320691e-02
-1.408380642927917594e-03
-7.234667588424604687e-05
-2.765406051905387860e-06
-7.961167595530173362e-07
-2.582902010688126456e-07
2.931036143763143973e-06
1.345623069243126213e-06
1.410032699798268179e-06
8.880018990660112005e-08
-6.132138375810227981e-08
-4.046642666562615913e-09
5.419578862886539704e-10
1.384363372323803544e-09
-2.381456892552330265e-10
3.738805123718863923e-04
2.001162137374498402e-03
4.468914421357639147e-04
4.340367383293446872e-05
8.128662638460958861e-08
-4.324441853446682019e-07
-1.067415157871544777e-06
-7.754572338159551015e-07
-1.486967180848867642e-07
6.286522602946422638e-07
-3.749430218515336382e-08
-1.444228837483775356e-08
2.097603627305562657e-11
-9.752096351215296997e-10
4.551139746315698452e-10
-3.068716048088842218e-10
-3.525095180090607582e-04
-1.736703437949772507e-04
-1.035652102471204696e-04
-2.339055312068651546e-05
3.762997035665307168e-07
1.892854484233615894e-06
7.299864350673830847e-07
4.818194847771654778e-07
-2.798558592306769024e-08
-2.505519092596235061e-07
-5.225503123712235422e-08
7.078894822688606767e-09
1.364484995162427715e-09
9.979330863054169472e-11
-1.669001426678714472e-10
-2.509051236488515603e-10
-1.839935634171952346e-05
1.438736930015613649e-04
2.079250820801897576e-05
9.855700859345831034e-06
-3.324890979136591706e-07
-1.025452612688682480e-06
-8.459962940071880622e-07
-8.860706086379244689e-08
3.539013438042789862e-08
-5.641147051768061580e-08
-1.622743530397917230e-09
3.273834990874223360e-09
6.233092834182786500e-12
-5.483362784601409940e-11
-1.494521574972385930e-10
-5.137499496904076290e-11
-4.205702422942973577e-05
1.356563772727205548e-05
-8.516769478370337160e-06
-2.329629056182201075e-06
3.787963565268384462e-07
8.839891977804601962e-07
4.240735672326190507e-07
9.379981197293545683e-08
-7.364742003467591340e-09
2.782282959984116710e-08
2.043161251442719900e-08
2.444117414787309734e-09
3.089963963320479591e-10
9.508570604736010406e-11
-3.759866005196464290e-11
4.284764942500394401e-11
-2.697639055655883487e-05
5.238574240516185627e-05
-1.242002574566994567e-05
-1.235605537176266651e-06
-4.400700533392422834e-07
-3.868398641143574133e-07
-1.593361757447371134e-07
-6.534805000841245988e-08
-1.682840026551196872e-08
-6.341369735016268317e-09
2.468720367533067814e-11
-9.041485782977216574e-10
-3.105140724170921954e-10
-1.100237947663074005e-10
1.690527193009316411e-11
-1.883003214479235714e-11
1.921736402962183132e-05
-1.075376722257083939e-05
8.016929442107370032e-06
1.640920562839664270e-06
3.646866020301043192e-07
1.670931186894182780e-07
8.142688655276218889e-08
3.484573043693332970e-08
7.213211065575737394e-09
2.943508439082164923e-09
1.940551504478249902e-09
2.203518707311241094e-10
1.195228653411946165e-10
5.697765447818653622e-11
7.581934392181511369e-12
2.243736947975999452e-12
-1.051579270361830406e-05
3.289407217669020961e-06
-6.198990525153982651e-06
-1.269280408719649507e-06
-2.700167345883417693e-07
-9.080919669771264466e-08
-3.967670538686898481e-08
-1.555016356404006936e-08
-4.654219966294024219e-09
-1.603736706247477069e-09
-1.528974951851505735e-09
-4.791531564850599331e-10
-6.497737825530394847e-11
-2.801430719807719323e-11
-6.415786786269595731e-12
-1.430437160366898392e-12
-2.930477521532813185e-06
3.450429378766464107e-06
-1.915957220318307133e-06
1.943676450947098705e-07
1.427250294683082924e-07
4.625025653718656413e-08
1.838869472651970198e-08
7.049418614374773027e-09
2.671346686016783542e-09
1.626136467793059505e-09
3.764875064828377878e-10
-8.748665893423036237e-12
1.110697873300613177e-11
5.941046811376494648e-12
1.460210362745188877e-12
1.036218412204056439e-12
-4.703640360412425245e-07
8.587680232456000434e-07
-7.631554662461321869e-07
1.497861346235924040e-07
-4.483195653318523720e-08
-2.251403855448623441e-08
-8.328262990232106699e-09
-2.747924925099514870e-09
-1.081893551451319785e-09
-6.263647916906698351e-10
-1.537459935883733041e-10
-1.102079558559213022e-10
-2.470267012460685845e-11
-6.559528509484720650e-12
-1.028440615911331982e-12
2.254398603144146846e-13
-1.018780043996518891e+00
-4.307914168868382659e-02
-1.359917473929137238e-03
-3.847393437283766981e-05
2.309991840483239448e-06
4.212004141712716560e-06
4.858699475169663729e-06
3.363689672602629525e-06
-9.067165463772148202e-07
-2.734176217524748800e-06
-7.655670660641071493e-07
-1.114849489669327824e-07
-1.461339757845379883e-08
1.726567018286232034e-09
-2.191030306065596446e-09
1.281294816956405060e-09
-1.061499403819077120e-01
1.029827222597023278e-02
8.983174309574274439e-04
4.813163414616100156e-05
1.247804924538141218e-06
-1.613434276319995828e-06
-4.494898339570762093e-06
3.159380080490896605e-06
3.847969539358351695e-08
-3.245239516326453756e-06
-5.088564375118989197e-07
-4.775975590859027608e-08
3.108678719113083864e-09
2.407442976434218509e-09
-4.167807878838102789e-10
5.157932957196124226e-10
3.993254928003162063e-03
-1.911236615919733369e-03
-4.672630172348630475e-04
-4.842364473331015675e-05
-1.606102854822886942e-06
-4.479359377354526136e-07
6.391248504312381177e-07
-1.670586220298887783e-06
3.921811036199691289e-07
-9.114180485228332087e-07
-1.696640597159876515e-08
1.735260666839911927e-09
4.759353601287031015e-09
-9.147220968936620399e-10
3.840474777525318455e-10
-3.624609871911088513e-10
-2.187810782382886010e-04
6.134361774065860576e-05
9.461484797251082520e-05
2.378579646446891157e-05
3.800510227236970291e-07
-5.805726457534634835e-08
-2.117946576834508721e-07
5.405475749276030857e-07
-2.581745054104790203e-07
2.993953120406073240e-07
4.382038098823776664e-08
-3.948745363194595562e-09
-7.477565995990313195e-11
5.200481004995739136e-11
-7.700981858280125376e-11
-2.392543914620629699e-10
2.395013384168891667e-04
-9.031233546360883512e-05
-1.699247369888565810e-05
-1.100333187957208042e-05
-8.897613809563764547e-07
2.136614402173885487e-07
-4.688296478073250882e-07
3.099288641018093419e-08
2.883409401255604219e-09
3.873483606543944586e-08
5.007420075784238447e-09
-1.908507452081871402e-09
-2.823803822305098388e-10
1.622772020165714080e-10
6.353146147186398748e-11
-5.006851192457810011e-11
-3.383938543402572550e-05
-2.823281621493574088e-05
6.943584111382356138e-06
3.328570291296584884e-06
3.309620333527578391e-07
9.669897605648876306e-08
1.032046334547676439e-07
1.511129385634717917e-08
1.495870210382983621e-09
-1.424184469871353186e-08
-2.066778744071412612e-08
-2.388536465374029954e-09
-5.291142212687650133e-10
-4.363991028226681858e-11
-3.414196555147523465e-11
7.063984037930378543e-12
-4.446611730274839731e-05
-5.525963285362577346e-05
1.247700833696867608e-05
6.160473875560934997e-07
-1.347782158097078614e-07
-1.749216776737311403e-08
2.448181551814394820e-08
-9.802440469665396487e-09
6.371077761445215261e-10
-1.448069679111051295e-09
-7.539535345798929548e-13
8.097966465758973342e-10
3.038950437216135158e-10
4.841698581601733562e-11
3.280529760655470257e-12
1.515934157942091809e-12
2.070160467405875946e-05
1.713201514260263400e-05
-7.347211987359872224e-06
-1.260813437539929081e-06
-5.379192156136773157e-08
-1.719700085968050415e-08
-1.354779070613770437e-08
-3.043951324229361347e-09
-5.076727540573537988e-09
3.682537333225737086e-10
-1.908580080108424751e-09
-1.178881736341906044e-10
-1.148808714611697743e-10
-4.114354491760357372e-11
-1.357774014958236340e-11
-2.107678294733679899e-13
-1.098202472049631805e-05
-9.178812275951747245e-06
5.391806795283839859e-06
1.039588709916723836e-06
1.345025326386201132e-07
1.562580577732158758e-08
8.390545853265669833e-09
3.658149206963854473e-09
3.852147531076728325e-09
-6.630355179891227847e-11
1.435911477995430597e-09
4.264835339166029219e-10
5.593534990629124200e-11
2.239440933714086398e-11
3.514574605182658393e-12
1.333672356301380374e-12
-3.471008962283775940e-06
-3.416216082272026857e-06
2.328187585714439858e-06
-6.381977516052030341e-08
-8.259100886533915972e-08
-1.723571049148932891e-08
-5.078845460735322757e-09
-2.693514387212663604e-09
-1.406553151514844640e-09
-4.439776734559217351e-10
-4.175415936414341771e-10
1.411571213653696584e-13
-1.400366682089142907e-11
-3.881702805380887746e-12
-1.267775898635611757e-12
-4.031800726236992223e-14
-5.093772441085808168e-07
8.395043072303107197e-07
6.722014601545075971e-07
-2.063597684532868843e-07
2.285268114348977722e-08
8.597011917915858210e-09
2.164173376685772399e-09
1.484423681703117507e-09
5.839949235280587610e-10
2.448454239314212824e-12
1.329974267010052543e-10
2.070025480542392990e-10
1.473445320448534721e-11
3.097908313883413439e-12
4.063068953072399386e-13
-4.696974125360370126e-14
6.591322020302681217e-02
2.777743326365103571e-02
-1.861125089045173597e-02
-1.393693883078023351e-03
-7.405842168687260983e-05
-4.294086429800521418e-06
1.520255600029844103e-06
3.553692764795840785e-07
-1.824821457054474749e-07
1.538552229244513221e-06
1.408520427165704026e-06
1.259864197126028217e-07
-5.228872541387365295e-08
-2.417884155960552247e-09
-2.075254821545713337e-09
1.430960981586606873e-09
-5.852021365161906339e-10
-7.371634582634341987e-03
-2.410630270833480186e-03
1.753617143347804179e-03
4.330259558335366912e-04
4.512056223416840333e-05
3.201966066272988073e-06
6.858717454653916818e-08
-1.123043740226903759e-06
1.020030656524694777e-06
-3.249312450287339533e-07
6.117627661994691073e-07
-3.312792066769776671e-08
-1.316717734584015254e-08
3.599750202915502464e-09
-1.453534267161995473e-09
5.443865759599536091e-10
-8.987771807289181969e-10
5.084792470252527327e-04
3.097058218312913509e-04
-5.000949710873836416e-05
-9.601363718854327917e-05
-2.636706679065482122e-05
-3.093669253609817854e-06
-1.084744658513855469e-06
-5.982934513284769591e-07
-1.224770506029045141e-07
1.117636790147270915e-07
-2.550132712808214509e-07
-5.281627714842105061e-08
5.861771176796136752e-09
8.239202833238924160e-10
3.243546513536713069e-10
-2.251546718153380560e-10
3.322144469036205960e-11
-1.919538866332191787e-04
-1.763277877303349756e-04
9.447013329326051166e-05
1.652325497589639516e-05
1.201216547585871964e-05
2.310500525073417264e-06
4.758216792740235073e-07
-9.609687897891117055e-08
-2.533748028871711392e-08
-7.668758468220215348e-08
-4.701877273663113528e-08
-3.187329892521942290e-09
4.224797441137066356e-09
2.585577871209090731e-10
2.147056224579904346e-10
-2.076946568297182815e-10
-4.395820191048293273e-11
-1.407266105194836796e-05
4.091349997048005530e-05
3.027290458974393877e-05
-6.897379309515929919e-06
-4.362438273571265458e-06
-9.787105382446724017e-07
3.087039598011035580e-07
1.331879496999252031e-07
1.986092074918490154e-08
2.077583115581799320e-08
1.444744972210546187e-08
1.975099160822051425e-08
1.770531412232291392e-09
6.029662100992980785e-11
5.304758487360295941e-11
6.276689303375913089e-11
3.903536466674804506e-12
-3.370752562962742367e-05
3.678679135134499775e-05
5.450408997246715826e-05
-1.229971780532287652e-05
-6.418129079086740078e-08
2.089796565089439075e-07
-1.165451433933765714e-07
-4.216578727726503537e-08
-1.293463840881207772e-08
-1.052341988202037492e-08
6.619350976825610565e-10
4.785113914505849952e-10
-5.351925175954284004e-10
-1.813451650088765979e-10
-9.080605157452775145e-11
-2.056400096129136651e-11
7.985398033459372513e-12
6.743688188113287529e-06
-1.936689124693246705e-05
-1.701191533478173905e-05
7.234589925476632141e-06
1.101968525925757099e-06
5.819393317593146952e-08
2.970049904492472651e-08
2.679563305653112382e-08
1.160148271380672552e-08
6.992820421127968775e-09
-3.706735130224821777e-10
1.637713173968325557e-09
-2.824287113778032804e-11
4.603663010497702292e-11
3.735598061104682953e-11
6.928490183258335153e-12
2.302568166960751290e-12
-2.402146335105940839e-06
1.056972910144037179e-05
9.152672157722328689e-06
-5.351702703448875902e-06
-1.007802894247681143e-06
-1.370986110463125263e-07
-2.773667226952597661e-08
-1.462219219853954172e-08
-6.641426986081889788e-09
-4.417912655112141327e-09
4.496763219686624964e-11
-1.295891837834862074e-09
-3.479381704912669662e-10
-3.136957329789797884e-11
-1.905010540903727865e-11
-3.830124163494306458e-12
-2.471067740316562302e-12
-7.846885728196250014e-07
3.373601386801043643e-06
3.406429851509354878e-06
-2.336419551546135999e-06
6.158972178252627106e-08
8.664995810337275274e-08
1.980406926227781496e-08
8.127716788152881809e-09
4.347805209586376674e-09
1.730627397420141799e-09
4.676128349455750470e-10
3.611503448441891840e-10
-6.985744670438141524e-11
-8.568572642597427236e-13
1.843699720049845215e-12
1.545172145895663892e-12
-5.880657601685552024e-15
-2.347735488785709253e-08
4.725520814178416287e-07
-9.277233277710494830e-07
-7.178952846524178980e-07
2.115891193186918959e-07
-1.985685219543405527e-08
-1.142307575580954846e-08
-3.882947785266366296e-09
-1.921314357206499651e-09
-8.068858868629340551e-10
4.533155929349550923e-11
-1.396218694170238729e-10
-7.784025357505917703e-11
-1.479558708361094644e-11
-4.033496779521388095e-12
-8.299888705930201341e-13
2.581698967109412570e-13
-1.544003464191954778e-01
-4.827303827614860994e-03
-1.393101105975097943e-04
-3.773387300111356287e-06
9.113896010685164345e-07
1.424791061298705718e-06
-2.929839168022958876e-08
-7.989151399920950210e-07
-1.030602662443996300e-06
-1.135212287274332528e-06
-1.233761576772480976e-07
-2.617044326295336576e-08
3.615656987102836646e-10
-1.253552273059547172e-09
4.757091209858681954e-10
1.151035591815362251e-10
3.962133299327821878e-02
3.227773029776425436e-03
1.691041690057880418e-04
7.547930884740175494e-06
-8.614061451634988266e-07
-9.612586030770750030e-07
-2.865969530464413735e-06
3.078441456293184431e-06
-1.394511024189330624e-06
-8.831036615889246496e-07
-5.671680862387889717e-08
-1.417239285446436633e-08
3.082809670349154597e-09
-1.550223154338796219e-09
8.003345549124372353e-10
-2.906635386682926276e-10
-8.341936041847479791e-03
-1.665109677723359324e-03
-1.611018306666646047e-04
-6.995040410636623815e-06
8.730336179720653016e-07
2.544969391055653683e-06
3.086565421685192529e-06
1.641477941157559140e-06
4.227450366097858905e-07
-5.017014456787447059e-08
-7.958307009993327250e-09
-3.365301927039139325e-09
1.363730674758455313e-10
1.447033758693203024e-09
-4.396849583053112847e-10
1.603056421745735649e-10
4.493068895033045743e-04
3.768710739353726123e-04
7.865800955569579838e-05
5.323452354732692502e-06
-1.568534362247930592e-06
-1.466321195740132053e-06
-1.784428145930135713e-06
-7.403960045377092693e-07
5.138823790517809178e-07
1.077859925126827789e-07
-1.846464791037402556e-10
9.043567217779302590e-10
-2.175678447219232607e-09
5.951388873538673069e-10
-6.784536159908196269e-10
2.063685943700129161e-10
-3.655549684827701399e-04
-7.902551994638447352e-05
-3.212267222684072910e-05
-2.981890732740612611e-06
1.057546860621324060e-06
1.303410371577846425e-06
5.237355557179437224e-07
2.445502976725637161e-07
-9.399770241808781299e-09
-2.705028468466627219e-08
2.931352904345534524e-09
9.527396173483618314e-10
2.061954396622454577e-10
1.322402791342206654e-10
-4.154238286297241199e-11
-2.344682203798436112e-12
9.098077118884534040e-05
3.670622292241578741e-05
1.171690228067927830e-05
1.252680728687946036e-06
-1.375765795131799316e-06
-8.129418514821637280e-07
-2.196710574786025769e-07
-7.668474103004571607e-08
-5.377429811063567626e-08
-1.905466261768909780e-08
-5.270708189141858319e-09
-3.716419855088491730e-10
-2.171412471077315007e-11
-2.717707074084415302e-10
6.219014010752264611e-11
-5.843764101335988046e-11
9.006944665340251770e-05
3.901916908612371063e-05
1.416209048270817491e-06
8.038473649736738044e-08
7.553253788690961871e-07
3.923570705785557034e-07
1.509549798401291728e-07
4.116488817483676122e-08
1.783381711875449299e-08
5.975744004689684268e-09
2.850751029144394299e-09
4.637683182520230787e-10
2.441519644048052357e-10
8.266403944599855833e-11
1.000284390768704885e-11
5.536736064281194753e-12
-1.499131244118100635e-05
-2.487475837320542659e-05
-4.024498440687691251e-06
-5.473483426971148474e-07
-3.169727995226700455e-07
-1.770182903665225883e-07
-7.949852169188656663e-08
-2.663085974640273660e-08
-8.367795008636164350e-09
-6.642309905972524807e-10
-1.317264964322373383e-09
-2.413978232003662068e-10
-1.610810501346242390e-10
-2.798867468186191232e-11
-1.149330744883636869e-11
2.952524777834997118e-13
5.840048196649575076e-06
1.806869959990593756e-05
3.617870991951797825e-06
5.643166298817900054e-07
1.642899834517567525e-07
7.859334610030843964e-08
3.693783691491916079e-08
1.290511042005667565e-08
2.832673469965956400e-09
2.318063860466918626e-09
9.853941129852871308e-10
1.270464035885020296e-10
8.684179088323714994e-11
1.718310130379974068e-11
5.464382210912830086e-12
6.556567841182631275e-14
3.876160431333897400e-06
8.632280354141734887e-06
-2.023862886586246649e-07
-3.119880562104236492e-07
-8.844903900075916251e-08
-3.505144654281236617e-08
-1.564671365338145475e-08
-6.137052923939161255e-09
-1.163230460490479542e-09
-1.001888833871588148e-09
-5.576242260760607365e-10
-1.724792931181730135e-11
-2.495005809600131494e-11
-7.100064482621371653e-12
-2.224662751080583340e-12
-3.186550448581565534e-13
-1.158915444420273099e-07
-2.524196773292706586e-06
-7.914654847658386013e-07
6.595448209454895189e-08
3.558176470475374414e-08
1.139990679352941894e-08
5.025670439969294200e-09
2.343403022743070916e-09
8.906056741150590767e-10
3.408466378613034236e-10
3.724575548879352666e-10
5.139134990060741257e-11
6.727130258014245161e-12
9.466771132688138017e-13
4.954762591231429780e-14
2.873677391844995213e-13
-1.402033517445646082e-01
-7.041584081937915518e-02
-4.944646783116432402e-03
-2.463600031772619401e-04
-9.819404347647641551e-06
-7.115502662172050832e-08
7.619953561317251205e-07
2.317243198160015876e-07
-2.294783455814477922e-06
1.141484904691190190e-06
1.370499587623125857e-07
-6.889562937384994354e-08
-7.092394421042404315e-09
3.757054978733988309e-09
-2.642345865629221160e-09
7.057632149274171782e-10
4.896381463042604273e-10
2.361663844198834926e-03
7.634812436605172524e-03
1.551570015311994673e-03
1.541310626853400513e-04
6.969081961549775210e-06
6.897340052732997785e-07
2.317490406787680050e-06
9.357880518455766474e-07
-3.987605318428868524e-07
-8.172810945625501769e-07
-2.448213390646060082e-09
-6.415744585300022449e-08
-3.199202729543501185e-09
1.539453588658870939e-09
3.323361311350430597e-10
-1.821476482799263705e-10
-8.537085905945141885e-11
1.805223362557284927e-04
-4.171343628927253583e-04
-3.770073190537914201e-04
-7.651387978655279103e-05
-3.552456949891347890e-06
1.879549834877931543e-07
2.298981528099554106e-07
-1.271916707468577980e-06
6.725297515738394614e-07
-6.319823077758502333e-07
-7.323226482271808069e-08
1.326423375791127756e-08
5.901075328902427834e-09
2.375666952606271031e-11
8.375570232327261744e-10
1.266408981039108839e-11
-5.369335885443382649e-11
1.353298389867171273e-04
3.899413302066832713e-04
8.110661474211866573e-05
3.103196783651549509e-05
2.513629267130946136e-06
-5.719511509414680407e-07
1.615335425007389606e-07
1.791475601965922203e-07
-1.871667941277350218e-07
2.152505794628514208e-08
1.313977630118558593e-09
-1.010031119876252892e-08
-1.706533855691333369e-09
-4.452544379781000088e-10
4.504572267258532001e-11
9.038807540979432704e-11
1.327293721177454987e-11
2.099164811272860791e-08
-8.956277252637161580e-05
-3.599659043900130609e-05
-1.104179325134911318e-05
-1.006807901518426737e-06
1.235394112044679175e-07
8.278615150052325917e-08
7.642664225076865527e-08
2.213589117351627964e-08
6.119224978771618246e-08
2.938077061562387328e-08
9.651283768269339463e-09
9.887344385714548280e-10
3.027467362925279689e-10
-1.980588986808068957e-11
2.395465911074764809e-11
-8.112736835511298081e-12
-8.067129111684479337e-06
-9.037369722636871849e-05
-3.937606295378499074e-05
-1.693912301472032444e-06
7.720067262131811439e-08
-1.432927912744577804e-07
-1.736677624983610996e-07
-7.094604614773227389e-08
-2.662618810993261446e-08
-2.465255696325771603e-08
-1.073707595565427647e-08
-4.657120765212066918e-09
-8.686408760182966406e-10
-2.224972441827259998e-10
-3.007735802962078949e-11
-2.927533212850309761e-11
-1.812783922212365914e-12
8.539518301179052008e-08
1.479520037076219973e-05
2.497593822542445253e-05
4.064768571273182577e-06
3.960726115354319401e-07
1.553499364931175192e-07
1.106431029703574301e-07
5.298547190564537288e-08
2.265640123494933712e-08
1.120383078708262639e-08
2.546531538997190465e-09
2.052513439973834621e-09
4.294802510968933221e-10
1.285185815700378327e-10
2.006563368392959778e-11
2.262381657704756087e-12
3.844154500901175014e-12
-3.062350184510179142e-08
-5.787508569035195196e-06
-1.809706475851531894e-05
-3.600031032812361098e-06
-5.030242877244338225e-07
-1.129479392295589820e-07
-6.203557241496301215e-08
-2.880054970912420384e-08
-1.281774621916357237e-08
-4.100386763365326610e-09
-3.131989906743013839e-09
-1.288030643584609006e-09
-1.982498513124217343e-10
-7.696751381176421401e-11
-1.308496644754789022e-11
-3.236868835769997950e-13
1.113142125772783698e-13
-3.781386478262573851e-07
-3.913963582642563806e-06
-8.625091227520761210e-06
1.883486942222344624e-07
2.838406222759491057e-07
7.537454639929389146e-08
3.101653994053320293e-08
1.441552138530782590e-08
6.816283882855217655e-09
1.818394959095643574e-09
1.455623864240661367e-09
6.128701099494530070e-10
2.446210139772096569e-11
2.632698394165370241e-11
3.012979995072867532e-12
6.095680312705227742e-13
-5.518402653383489508e-13
-6.908251374225980659e-09
1.272448987220512237e-07
2.525196968558074003e-06
8.313731428506012604e-07
-5.704640103891877390e-08
-4.098995022631933773e-08
-1.430347822136069292e-08
-6.587963060773952832e-09
-3.550269570037125449e-09
-1.652536079520855293e-09
-6.318543055754154669e-10
-3.988357479869011205e-10
-4.875298447462615747e-11
-1.315551925621781613e-11
3.218132265269134759e-13
7.059378571830717402e-13
-1.425072534599635632e-13
