1.397120731251473291e-01
1.025117126146102731e+00
4.457159910967750660e-02
1.530046190420835967e-03
5.340128456758639946e-05
4.049131354088525038e-06
4.387305828850979992e-06
3.142153098203285443e-06
-1.718532275208591622e-06
1.052921307646675996e-06
2.063513612413012054e-06
6.880817577063022600e-07
9.314935711625222185e-08
8.762756201573741381e-09
-1.297797772512377268e-09
1.384021087967678798e-10
-4.887993228653970460e-10
-2.053501743445137681e-02
5.353234075647701068e-02
-5.763283832822544556e-03
-5.279205875111402969e-04
-3.083151485231516275e-05
-1.950329427488925953e-06
-1.608504879612692760e-06
-2.571658627880297449e-06
-2.167871398495429397e-07
2.010775058370057713e-07
1.531843357600007791e-06
2.953902383870103758e-07
2.921757662231042564e-08
-7.621798854328363724e-10
-7.671690040693842383e-10
8.875751228446107699e-11
-1.230722382146042106e-10
2.305242797806406757e-03
-2.366223720313903123e-04
6.289068037354565927e-04
1.441080970060959964e-04
1.483750313345123146e-05
5.399458049469583109e-07
4.261306886390309830e-08
1.079474512613112172e-06
8.115873085391896013e-08
-6.272784989505078093e-08
2.294038429552391463e-07
-6.116147808029534788e-09
-5.401339961089905283e-09
-1.901017436789277657e-09
-3.214946317299426726e-10
-3.938421669489093681e-10
7.148365294469088213e-11
-5.979809253987514200e-05
-9.853385298884146585e-05
-1.497652096641340599e-05
-1.406489036983119418e-05
-3.523966260819401100e-06
-2.331440670196435059e-08
-9.746335792540663469e-09
5.079776048076632434e-08
1.295689280069641533e-08
3.369636993284201167e-08
-2.503395005134300630e-08
2.136146940864588902e-10
1.648270072105716088e-09
9.487295943633081954e-11
-5.286375737946727999e-11
-1.400357123724986893e-11
4.075987014029023344e-12
3.076342528496208280e-05
-2.349971697202317040e-05
2.280832366955639986e-05
2.392531375367913799e-06
7.599794716659525431e-07
3.934799955097152533e-08
-2.765499306185911018e-08
-1.135422924665064950e-08
-1.152213692454077076e-08
2.753320781838994887e-09
-8.345019327702287792e-09
-1.358496814613621445e-09
-7.848279330261769397e-11
-3.859440377966549189e-11
-2.851527658914722164e-11
2.239030907821012601e-12
3.506214827448454835e-12
8.993663481341666570e-07
-4.177621908730010993e-06
1.331701937911179631e-06
-7.003654122697966141e-07
-9.740050827812718754e-08
1.925802804258195276e-08
1.331225988588052043e-08
7.744056431251290024e-09
4.256018230021189603e-09
2.730787535342559497e-10
2.129084172179017092e-09
1.461763444179809341e-09
2.425051930591147552e-10
4.932168103134608534e-11
7.010308090435932132e-12
5.301946199754194344e-13
6.670943905262796977e-13
1.381922300001289668e-06
-7.284834683130985848e-07
2.082728327663246632e-06
-5.046975225764778362e-07
-5.106112403822388665e-08
-1.297149172781968746e-08
-7.168674477635986797e-09
-4.363818436752673801e-09
-2.061926278216170229e-09
-7.808325112978121514e-10
-3.799061350055677347e-10
-2.179794540184673383e-11
-4.993387635775750576e-11
-1.232478893464213604e-11
-2.102685391886915990e-12
2.213928359016561800e-13
-3.273732845022137797e-13
-1.413652692453138361e-07
3.898627828242261137e-07
-2.169107173388601446e-07
1.777757751726995567e-07
3.513735535895363343e-08
6.537165176964876753e-09
2.894332005546411536e-09
1.344872253545570753e-09
6.628344440355735034e-10
2.078504251036289719e-10
1.025562756059657829e-10
5.545171192509887889e-11
8.993346918617314537e-12
3.143684344955813726e-12
7.604384382757094663e-13
1.386456506418257477e-13
-2.007877403800586172e-14
3.488063385594341484e-08
-1.306022393918473813e-07
5.930147401034882519e-08
-8.297716247301303696e-08
-1.576434138181581832e-08
-3.056025187029494455e-09
-8.979236762056451802e-10
-3.956377698123325539e-10
-1.719983780704351865e-10
-6.010046234765056947e-11
-2.817223517214681169e-11
-2.196238308462962403e-11
-6.255196265389720843e-12
-8.414468039503472105e-13
-1.922369638141779074e-13
5.876250502701424876e-15
1.779646969162950925e-14
5.010983698921368826e-09
-1.617765559267683478e-08
2.144468949301895272e-08
-1.093004948894022645e-08
1.284181090723134424e-09
8.831791938551749766e-10
2.745803175601818510e-10
1.032091605709449175e-10
4.212451024481911251e-11
1.937479037380249157e-11
1.151009874467642035e-11
3.240731768498866347e-12
1.899413522238661338e-13
3.607215528378459616e-14
-1.505400361348908111e-14
-9.960076141121720594e-15
-5.284179226519398908e-15
1.145254904819190811e-10
-1.309570466296275524e-09
2.752804661929221269e-09
-2.523964514176412237e-09
5.031849828843150708e-10
-1.389728988700097678e-10
-6.145499445775414393e-11
-2.038735419833782374e-11
-7.299216347085813606e-12
-2.421373633028318447e-12
-1.151802836049740160e-12
-2.400930780906377739e-13
-4.893536100062786500e-13
-4.006789836870525012e-14
-7.786013622714401564e-15
3.106379645939530051e-17
1.020967800397785581e-15
1.002360333991457117e-02
-1.037290358582266571e-02
-8.097490581705764443e-04
-4.474658967338347428e-05
-6.434750015744779811e-07
1.603829271231417009e-06
1.281372939042571994e-06
1.591326046378804727e-06
5.732945197799740916e-07
5.575482895300114911e-07
5.490118509242775128e-08
-3.038852736577817477e-08
-3.132509951993580504e-09
5.690598885706085580e-10
6.778633344963346284e-10
-4.580665977471916864e-11
1.391876724996913856e-04
5.756850969084556947e-04
1.346799509579477659e-04
1.424007174433962488e-05
-4.882720528475750447e-07
-6.661755669167584327e-07
-6.348064255390444156e-07
-3.211124985242110658e-07
-6.669588784252399319e-09
1.608392779456284830e-07
-2.929641659578834146e-09
-3.546926560547045819e-09
-1.484534341296630621e-10
-3.335356440038864679e-10
1.324053785120644964e-10
-1.227131526534920637e-10
-6.625058935686201664e-05
-1.112583449629443124e-05
-1.410905111191487642e-05
-3.578948964326073277e-06
3.810566751236587712e-07
5.478484438946170766e-07
2.636557551369317962e-07
1.147756746807299165e-07
1.640889127734218132e-08
-2.734896791505956117e-08
-5.308693879902667429e-09
9.560086674511994451e-10
1.448731312154037680e-10
-4.641430388414918471e-12
-3.721102434966116129e-12
-2.894591958186483821e-11
-9.848789387510246065e-06
2.401363880937177250e-05
2.487634986621028228e-06
6.972301373938049114e-07
-1.495314672905854959e-07
-1.684722413507657423e-07
-1.065852979215379950e-07
-1.951233215512704621e-08
-2.670595242462183075e-09
-6.253604222157242551e-09
-6.843166442950216654e-11
3.544280985041673184e-10
2.137777665068670440e-11
-8.048513558655938253e-12
-1.646700007932420949e-11
-6.480598329571228181e-12
-3.649157020998660405e-06
1.464151350460005401e-06
-7.028615543374876328e-07
-5.948790237759405125e-08
5.718637275507473541e-08
6.251650866614754455e-08
2.810314623817463065e-08
7.582151094289455928e-09
5.900494966287154660e-11
1.354098527553960935e-09
1.129896567700784919e-09
1.294827912587349519e-10
2.374817462309368232e-11
7.441263782420376256e-12
-5.022929284799693808e-13
1.383275750320297933e-12
-1.019176580300478248e-06
2.058795733326727890e-06
-5.070780522939700763e-07
-6.394765719337728880e-08
-2.430683346452879009e-08
-1.617297414774756684e-08
-6.820479810850381154e-09
-2.796299451040153338e-09
-8.022551297129811459e-10
-2.310157698056527729e-10
6.229261344458910812e-11
-2.268206963956369193e-11
-5.533829264886063099e-12
-4.112762864283049983e-12
1.489868588748726054e-12
-1.644149118615271052e-12
4.138969160870703317e-07
-2.146797411397387319e-07
1.791761677688144436e-07
3.817122993200270831e-08
9.376108314726538473e-09
4.104706814630836698e-09
1.894061396109188075e-09
7.604789125477632789e-10
1.648346898120849025e-10
5.841311336066446240e-11
3.399711008264460810e-11
1.911434112574906714e-12
1.774676182861724552e-12
7.115968674581267747e-13
3.366255008554773969e-13
-5.793112148984390400e-14
-1.372389133323244608e-07
5.842587039909282266e-08
-8.346286419316142396e-08
-1.642735339313402929e-08
-3.550616317356492510e-09
-1.195674848736356258e-09
-4.903290448916211283e-10
-1.875485133867325037e-10
-4.734315253079510268e-11
-1.808013128195013908e-11
-1.669526350325333739e-11
-4.510362284032654647e-12
-5.152198466122627314e-13
-2.236209615832081315e-13
-5.784501834209706845e-14
1.283948093952542834e-15
-1.689145580046629682e-08
2.150721514384375813e-08
-1.082355218473827388e-08
1.398162025029692561e-09
9.745677565563838571e-10
3.128021161313647616e-10
1.206385842164272770e-10
4.619124764343430453e-11
1.692187714657051015e-11
9.207539832442971619e-12
2.054953595745368551e-12
-2.139462117192295481e-13
-2.482999555995580878e-14
-1.317768999436155649e-15
8.667188129091007286e-17
4.123157380933620241e-15
-1.461320613459572177e-09
2.749075471616832109e-09
-2.589006046319481701e-09
4.739195098427524922e-10
-1.515884602123007183e-10
-7.517356535438832450e-11
-2.698167576089130917e-11
-8.204453238131024599e-12
-2.463808241413581685e-12
-1.168810916276613919e-12
-3.344652449338705139e-14
-2.377342072336242180e-13
-3.096655317816524688e-14
-6.578606187623037963e-15
-2.828913254028785867e-15
3.441911759290648811e-15
-1.015524053978967611e+00
-4.425066702152574000e-02
-1.521890627202992152e-03
-5.202634507968745362e-05
1.569033300931027720e-06
5.302415066867908562e-06
4.062875673075329018e-06
2.575993984551595663e-06
-1.138060264730896703e-06
-2.041961900424854745e-06
-7.100828221232328475e-07
-1.005126654930059951e-07
-1.387008213575764723e-08
1.448297228761710953e-09
-1.033062554015086855e-09
5.209391539094045710e-10
-5.684709017886754173e-02
5.573159759231149576e-03
5.209569374217318640e-04
3.082827486734842243e-05
8.070603054640810633e-07
-1.008514790566321604e-06
-1.915503295865505791e-06
1.284653657158655078e-06
1.519704253658416132e-07
-1.425399603716201808e-06
-2.741698799382785231e-07
-2.566396674202070400e-08
2.433426258708372082e-10
1.378295780168710213e-09
-5.937865843110480259e-11
1.446028071743616293e-10
1.138728905127268367e-03
-5.459022943566341386e-04
-1.418584996734955825e-04
-1.667447092196388289e-05
-4.992478843421620040e-07
2.850160997356155348e-07
1.907445245118892198e-07
-5.276357787333114843e-07
1.218460651483284017e-07
-2.517095661963600606e-07
-5.893905633347028917e-09
6.111830690673048275e-10
1.715854558223375556e-09
-6.103684733418720915e-11
2.763995499142474351e-10
-8.800539380226578852e-11
3.163345135351835670e-06
-4.879561018019160402e-06
1.341367679764568941e-05
4.026239074262648568e-06
-9.582792205906600077e-08
-9.287466600718272912e-08
5.172176384589483151e-08
7.951063175038887148e-08
-3.562832237049335913e-08
3.962851857831419541e-08
4.285031408826286869e-09
-1.213521143345665861e-09
-1.516304779522030505e-10
-6.206508665198917967e-11
1.050853580043813670e-11
-2.826015458794313810e-11
4.403768429656725118e-05
-1.866584165185148630e-05
-2.276845372192045878e-06
-9.497193804431026127e-07
-3.578618855550922803e-08
1.532324161965034238e-08
-3.867169905213297585e-08
2.603960399802733031e-09
-1.758380050221778803e-09
4.409170211380057681e-09
5.486359387057288879e-10
-6.002782595442902750e-11
1.807725166075776062e-11
2.748762315943228212e-11
3.319556242875346668e-12
-2.804991812189946193e-12
-3.231707709199772958e-06
-2.188676453359697550e-06
6.994162878901271544e-07
1.527823957684378467e-07
6.854338744965783078e-09
2.237605312379499683e-09
1.776209023248179435e-09
2.508951997264615584e-10
4.773434873105313886e-10
-6.659933810357743198e-10
-1.191252144205781643e-09
-1.555289814788269438e-10
-4.467125769860931382e-11
-8.992790246515462327e-12
-3.272806938984833543e-12
5.619750811734694178e-13
-1.684885555410634761e-06
-2.208423865903779036e-06
4.815532976375469454e-07
3.423640342820828415e-08
1.059208734389146097e-09
8.491648367708820455e-10
8.545437071313512964e-10
-2.071306493654753228e-10
5.670938144072565790e-11
-1.588067353411079793e-11
-5.316923088389643585e-11
3.046697182578120587e-11
1.427867686743508525e-11
1.936419177039501315e-12
1.525343127242211413e-12
-9.318090638529804215e-13
4.399325620902493211e-07
3.621163033593760142e-07
-1.589442338531604582e-07
-2.845797447055846744e-08
-2.597727207370644774e-09
-7.729043220758527611e-10
-3.388225996807949576e-10
-7.929628634882056675e-11
-1.157450256672959624e-10
-8.381868119672426373e-12
-3.802356501527860556e-11
-3.620523809202706400e-12
-2.931159774455431292e-12
-5.637158935325789259e-13
-4.114861319069969709e-13
1.973158200729049665e-13
-1.492986138021866205e-07
-1.356107666691077812e-07
7.253072775512689969e-08
1.330770671213718301e-08
1.889296078054436449e-09
3.058550173257308297e-10
1.303978624594681247e-10
4.963429244060421248e-11
4.346852832572056702e-11
2.362689955799748061e-12
1.690431949646676276e-11
4.922735985623843491e-12
7.576752709820821119e-13
2.125987235103814005e-13
4.941826668273632070e-14
-3.329609536337159473e-14
-2.050776644120997505e-08
-2.063160912327449192e-08
1.368237108440839210e-08
-5.027721963651140202e-10
-5.770410639039957109e-10
-1.352097484153497202e-10
-4.061043010526010807e-11
-1.691851113116940120e-11
-7.833263444499344709e-12
-2.663493839267981214e-12
-2.519412189779135544e-12
-5.828482625315058344e-15
-8.716662797916359340e-14
-1.046386003943448730e-14
-4.543875219617596582e-15
1.040139325300152601e-14
-1.601795514415827440e-09
2.800500685141396649e-09
2.313971054310281366e-09
-6.780907097454644706e-10
7.468007116351284019e-11
3.457738954704975583e-11
9.365237425105115264e-12
5.902459710325349954e-12
2.556495325888717912e-12
-1.491067426058546175e-13
2.259219972961613285e-13
4.717627381527184735e-13
2.816593183019331844e-14
5.696827292510551817e-15
-1.151471736185595853e-15
-9.152781828071572783e-16
3.592781931400837458e-02
1.507748371441307127e-02
-1.010073414235970225e-02
-8.021347182166320292e-04
-4.776302465929707533e-05
-3.644573758436432142e-06
-5.233428816692309328e-07
-3.014248116249141642e-07
-1.191096139999403390e-07
5.828084220992676115e-07
5.690592108499572569e-07
8.688417813316526190e-08
-1.965475042071225792e-08
-2.112281740798022874e-09
-3.634077169879037072e-10
5.885646682789493047e-10
-1.101821583365005430e-10
-2.123259024804800311e-03
-7.039164907474160801e-04
4.949527584518820288e-04
1.308062373763287111e-04
1.555284842150545736e-05
1.443480335593772376e-06
4.654493840219607761e-07
-3.571884374960078617e-07
6.954741327162681334e-08
-5.555994504696993061e-08
1.458407534519257133e-07
-4.756615265743302389e-09
-3.177167273732416911e-09
9.890534406571511895e-10
-2.451957805704854375e-10
1.400180853197257774e-10
-2.116432585112458397e-10
5.061506008816601271e-05
3.018754454060712571e-05
9.135415649871193861e-06
-1.334076923773675892e-05
-4.497294988911074720e-06
-6.441679688778980515e-07
-1.630046386638398972e-07
-2.964814782529485490e-08
6.257398567308356314e-09
3.140067523894803747e-08
-2.768595107068444432e-08
-4.786567026085882825e-09
1.030170843500240187e-09
1.687436060312217556e-10
2.795733735234041605e-11
-1.372850604993218995e-11
5.025875157659724395e-12
-3.538950351464779850e-05
-3.116319717520789627e-05
1.961902819565581823e-05
2.284421915471831315e-06
1.076297632234280693e-06
2.243694963079046702e-07
1.643149266793977970e-08
-2.120059196896444285e-08
-4.593791773547825562e-09
-9.867162005107455117e-09
-5.964829338961417174e-09
-4.807284827071645571e-10
3.471991005429273600e-10
3.847768913358660863e-11
2.681816722717670501e-11
-1.686102372289242711e-11
-3.117397582820819257e-12
-1.036607892582363943e-06
3.786278124013149251e-06
2.368923387610142519e-06
-6.886545060751531069e-07
-2.154017695936136013e-07
-4.442978811754015487e-08
1.912442907254167259e-08
9.814629537560268077e-09
3.319335531544431381e-09
1.072555689150822687e-09
8.043950666199351799e-10
1.130104809414448335e-09
9.682484966945798397e-11
4.371943811194312193e-12
2.883871018436959285e-12
2.718302346305273376e-12
2.861406814490017324e-13
-1.360082725346935826e-06
1.378166313664070738e-06
2.176198912158120606e-06
-4.774747282802001914e-07
-1.746100872322441036e-08
1.733202905543295729e-09
-4.587834637678346237e-09
-1.915342499145144505e-09
-7.854706431045897175e-10
-5.074309141884815523e-10
-4.930244721419872103e-11
7.066004702287439978e-11
-1.379528785407939210e-11
-3.990762711269925280e-12
-2.051387815612169469e-12
-5.109594205773658114e-13
1.137773901103626996e-13
1.443951347707388368e-07
-4.121406782067462976e-07
-3.588025665566492485e-07
1.572106716542783595e-07
2.588731764860016057e-08
2.589218409053791435e-09
1.067668920164104612e-09
6.816945831555904142e-10
2.828815920293760250e-10
1.737425174907894296e-10
1.385160238244984651e-11
3.103659155956652677e-11
-1.295316129287872421e-12
3.330481711011327879e-13
2.734452878022835390e-13
8.959606714955676842e-14
2.678905661394582832e-14
-3.457237358547493356e-08
1.421997094242696375e-07
1.349085015144459869e-07
-7.219371147267170303e-08
-1.303194790343771177e-08
-1.927901525885740038e-09
-4.564389953787789249e-10
-2.049304984439358666e-10
-9.349365726879002933e-11
-5.290703829268084839e-11
-2.880298471275325743e-12
-1.474310334755816159e-11
-3.491251914815694938e-12
-1.685166902226354554e-13
-1.131365055944386024e-13
-2.688437727527286988e-14
-1.107110230813714832e-14
-4.737091757238730297e-09
1.982893841050950368e-08
2.057609803601298207e-08
-1.375729002013091275e-08
4.944298204024940322e-10
6.105167648178168198e-10
1.499372537079271069e-10
5.872266853775026555e-11
2.715871526415739298e-11
1.006087269496720865e-11
2.551840792545026063e-12
1.986911408503886896e-12
-3.684108153878378254e-13
-3.639248158064601532e-14
-1.447102364668513148e-14
1.032582319007898829e-15
-2.387076456698201357e-15
-7.651638090978910020e-11
1.475477486713855799e-09
-2.956538520325762163e-09
-2.392604398027635750e-09
6.803835807072930927e-10
-6.881120084962202324e-11
-4.080894602637186030e-11
-1.473398094836345177e-11
-7.088853090868566823e-12
-3.125321236006818798e-12
2.240664574157613514e-13
-1.657714254508267868e-13
-2.037321742824138006e-13
-4.346401230011702317e-15
3.824123858139669954e-16
5.214971991209348273e-16
1.378783166885995355e-15
-1.589423414028948156e-01
-5.417853528826440355e-03
-1.820428752456326054e-04
-5.056119506722968874e-06
8.245194020019290931e-07
2.512702117629711025e-06
2.246251958376253725e-06
5.426643458374736002e-07
-5.867600140970182462e-07
-9.260651179938637813e-07
-1.436239141807668847e-07
-2.949450330470853297e-08
-2.149648472155382376e-09
2.401238839678793748e-10
3.212166092590092788e-10
1.077896673470881178e-10
2.163612866221716405e-02
1.858177586749939787e-03
1.099636072339990633e-04
4.413531549610158658e-06
-1.170281099776963825e-06
-9.176427765564384572e-07
-2.252545489708415349e-06
1.022914694289019421e-06
-2.956389653168695959e-07
-4.633136271954727172e-07
-2.343078858981528770e-08
-7.195533012126488038e-09
7.491706755426222277e-10
-8.476628808615571582e-10
2.598038230265001919e-10
-7.991958203715467653e-11
-2.396846823059276769e-03
-5.011258783776846581e-04
-5.194666694771316940e-05
-1.810305638753966229e-06
7.236505214059239521e-07
1.343582309584322743e-06
1.317721645355012851e-06
6.189251085443560333e-07
1.317208588541978466e-07
-1.111006716024735393e-08
-6.670917249955998653e-10
-2.306659739667455252e-09
-3.521801037857472200e-10
1.634380814834899927e-10
-6.587255637104468818e-11
7.720638551956856812e-11
2.580743998575969804e-05
5.520439740723335754e-05
1.315263956189611418e-05
6.997884266541417368e-07
-5.699910084497418190e-07
-5.411438397861626085e-07
-3.706753089127514356e-07
-1.309674396164876670e-07
6.165566373980538030e-08
1.427985784162216554e-08
1.161946809722665119e-09
3.994676301003086838e-10
-2.594373788731825657e-10
2.296415445588699574e-11
-1.014573885549857125e-10
6.608143257092922302e-12
-7.392824212946346634e-05
-1.013237982439383585e-05
-2.712005608644340980e-06
-1.272453957096177093e-07
2.350518405871256334e-07
2.022007787319371977e-07
7.696711891494294839e-08
2.933753434519510703e-08
1.440575276051753889e-09
-4.525427228401916754e-10
7.028844978894917775e-11
4.760918799939852405e-11
3.028434959051253692e-12
2.052305337608070481e-11
-3.219677110330743298e-12
1.502385108186688939e-13
9.029602437603479809e-06
3.322702205638118014e-06
5.610053205502207798e-07
8.896329832900685312e-09
-1.034129003004975994e-07
-5.909442693092204787e-08
-2.072032135449536791e-08
-7.974891830390253925e-09
-3.732209601658896403e-09
-1.260700194693809935e-09
-3.014047629792895728e-10
-2.074269522715134019e-13
5.747090701129657602e-12
-1.158976224960990252e-11
9.136786539220823559e-13
-2.673949581992453459e-12
3.418404579443276427e-06
1.493222458607980658e-06
9.032511897543313753e-08
2.144750680012910585e-08
3.052465144312385860e-08
1.577039138078937279e-08
6.572183244944996444e-09
1.915191412032417254e-09
6.641840384518226900e-10
1.429570509946532342e-10
4.550382002496551881e-11
1.298782450158684873e-11
3.142472277505854545e-12
6.206933917924061500e-12
-2.446193459033419823e-12
3.224621815240830529e-12
-2.976867904484394817e-07
-5.468661501603785248e-07
-9.431289225820172583e-08
-1.594923401962258816e-08
-7.808255334186737613e-09
-4.078763280133977428e-09
-1.791255736660529718e-09
-6.211139578186315630e-10
-1.924151639475186145e-10
-8.172102104522139343e-12
-2.042783699367921507e-11
-3.224754451025674587e-12
-1.975497757703067884e-12
-5.731767843320617823e-13
-6.128896822021873177e-14
-1.066367647248268466e-13
9.227109683848521718e-08
2.474246719991621604e-07
4.686160085158771263e-08
7.594891886719477755e-09
2.245235975936966870e-09
9.885649589888020128e-10
4.512075619560257990e-10
1.592243060264480255e-10
3.574178516616099168e-11
2.815068572652733916e-11
8.525312512383899049e-12
9.963108705382789787e-13
5.321468940094158697e-13
1.530878309430789020e-13
4.768781518502808777e-14
2.024977002645167297e-14
2.402454316537451241e-08
5.193517199303408384e-08
-1.796168254152154135e-09
-2.118641837381450132e-09
-6.326767220044758623e-10
-2.450244296050953765e-10
-1.045511006862555111e-10
-3.759113809435007593e-11
-5.269559836057605344e-12
-3.989074383645651561e-12
-2.519401966463431331e-12
1.779984030525816459e-13
-1.017333123128763801e-13
-3.117169129392211352e-14
-1.507757384322971515e-14
3.484428769542824267e-15
-4.116254265211261001e-10
-8.085703306851734010e-09
-2.509211994240150398e-09
2.450922936842390230e-10
1.390455678378662681e-10
4.702231076495328061e-11
1.840446831306208989e-11
8.068232159018559451e-12
3.665712695287070284e-12
1.340789046738423050e-12
9.248433827416060264e-13
1.373314006761690395e-13
9.378301402532928146e-15
-6.821552742988013495e-15
-1.231310067567036879e-15
-2.829603462083455248e-15
-7.537031911879535362e-02
-3.840370339409134720e-02
-2.837289495412842911e-03
-1.545880871975748624e-04
-3.205475040278405901e-06
1.431300971089630684e-06
5.820319380002019316e-07
-1.306697199326929967e-07
-2.182077269337661911e-06
2.229603841196957041e-07
4.943610920904327629e-08
-1.364685980776845649e-08
2.756662710257881566e-09
3.757543457578614396e-09
-1.086980409878001892e-09
5.489718807785902834e-10
4.216311148902723200e-11
6.599644989393963889e-04
2.194328880770747298e-03
4.680706246322497419e-04
4.985838640954509064e-05
1.814469933793275832e-06
-4.177098601384148926e-07
7.621311063654261578e-07
4.471242780460963833e-07
-1.757651814489950467e-07
-1.902832940656985935e-07
-1.131420613387789910e-08
-2.374774250167837356e-08
-2.999214511699347088e-09
5.084267735721356918e-10
1.109054996440305216e-10
9.892520315399146269e-11
-3.024976809234508075e-11
5.277550586716153681e-05
-1.793232561003893871e-05
-5.508746465083285462e-05
-1.252509762091396633e-05
-3.056427448133249837e-07
3.077143294988050773e-07
-7.130567688366571205e-08
-2.310380764436212688e-07
9.740725999691628075e-08
-8.982199277701231287e-08
-4.381174535910330583e-09
3.429460513686782725e-09
1.585183077393093946e-09
2.308909401056584842e-10
1.895587161979716672e-10
9.543151066707256671e-13
2.174752480606414928e-12
2.965693313932825386e-05
7.960603734466083453e-05
1.052685352300654336e-05
2.620166848529283298e-06
7.888037535873056244e-08
-9.939998479066629098e-08
8.300374245859129780e-09
5.823777425984067338e-09
-1.337283601632795208e-08
2.837111920729698008e-10
-2.735291258898168748e-09
-1.490914722098532511e-09
-3.999142998253124756e-10
-9.758634184397249222e-11
1.556909409680817154e-12
8.778561123636168143e-12
1.643959128649020934e-12
-2.426909225280220958e-07
-8.957483335235569608e-06
-3.286106466596802607e-06
-5.306777617013229141e-07
-7.115861625397574408e-09
2.095806095629482481e-08
1.194513886699212862e-08
8.025094255785819180e-09
3.137658551999838638e-09
3.997160385316758307e-09
2.057659493466525876e-09
7.117464497998469557e-10
1.113531258627733636e-10
2.542670229010036625e-11
-9.188030381129349969e-13
1.006426247352824171e-12
-5.576271317141087848e-13
-2.883343909078209333e-07
-3.417400970522421983e-06
-1.499572474128731116e-06
-9.746778447691873149e-08
-1.429315901228871304e-08
-1.070596362323073391e-08
-7.456341808259097813e-09
-3.056875909253539057e-09
-1.213382613788215111e-09
-8.956037495234779427e-10
-3.578125023279524395e-10
-1.526128381834831875e-10
-4.185624788024927956e-11
-1.095750762663927979e-11
-1.959324084363194714e-12
-3.413678259825509658e-13
-1.487339421635067308e-13
-4.677388905392192900e-09
2.901623409758772633e-07
5.473199991904350854e-07
9.437348002185419274e-08
1.286712304385388826e-08
4.697229427198141223e-09
2.509660980556941139e-09
1.175446979555516874e-09
5.023101124213775479e-10
2.515962025524412645e-10
5.962931000189604750e-11
4.535185496820692069e-11
1.102554879001019197e-11
2.832326779914189612e-12
2.942209045853219894e-13
-1.494545531903747711e-13
-6.180181495796444916e-15
-3.434688361479419133e-09
-9.173329407444249577e-08
-2.474520010546913440e-07
-4.654713422593205225e-08
-6.887418412213836344e-09
-1.650913440277666602e-09
-7.716681887791592596e-10
-3.431502748496791388e-10
-1.525669650046708002e-10
-5.170930962795949037e-11
-4.076154699527520049e-11
-1.423691754738304620e-11
-2.746734194548112714e-12
-6.682569952922118145e-13
-6.971400159640683256e-14
3.147802247144410121e-14
1.327362204471056077e-14
-2.622593714540015453e-09
-2.447554720389366307e-08
-5.196779245925624706e-08
1.689018032159249252e-09
1.959976855510535294e-09
5.498707801380462544e-10
2.094946779238896814e-10
8.991664487548723607e-11
3.996574916370337345e-11
9.219062455234158092e-12
6.948118276870048062e-12
3.731164107844167856e-12
1.489324361914004689e-13
1.235215858257898181e-13
3.307098458047495815e-16
-9.001078447902304667e-15
-7.978309039031650601e-15
-2.957610454199025075e-12
4.531738484109007242e-10
8.107176500703695202e-09
2.595652961335478321e-09
-2.210046476197498617e-10
-1.441475322806400590e-10
-4.890243032723065434e-11
-2.013946244051848029e-11
-1.002697780566663643e-11
-5.193148609917592965e-12
-2.090253555419543115e-12
-1.091319555946471754e-12
-1.379683143918348401e-13
-6.092981577893629728e-15
1.830884069699196943e-14
9.696064124598766480e-15
3.072441975270539380e-15
