1.299280802624386832e-01
1.030389660086464598e+00
4.177234227373528841e-02
1.184433482787204672e-03
2.727796557875271989e-05
3.511163081352151998e-06
3.320820349524749671e-06
4.290866410308006367e-06
-4.958789387107625279e-06
1.269080270320469257e-06
4.051786984424820175e-06
9.554283225109891698e-07
1.298317442541105379e-07
9.283920496242561933e-09
-2.129780777323374875e-09
3.378523872992513952e-10
-3.085720590681636956e-10
-5.111238137055243436e-02
1.393015652515354197e-01
-1.435521049373624826e-02
-1.130728577048755032e-03
-5.512228814781851104e-05
-3.561096164569752629e-06
-4.821682510153713835e-06
-6.857484914623443464e-06
-3.671367288359503694e-06
1.504770907845002399e-06
6.142456136065082808e-06
8.105129573109935490e-07
6.929779110400479241e-08
1.009618092224425612e-09
-2.159592058887262071e-10
-7.878274616146108692e-10
-4.867542225795020256e-10
1.495242716886515527e-02
-2.077031458304138146e-03
4.024562388166383342e-03
8.437463788708117127e-04
7.035084344135743544e-05
5.661341230660153092e-06
-2.865184816577588787e-07
7.081744084243032952e-06
-3.173004197255488247e-06
-2.801995547094847537e-07
1.708324847522458439e-06
-5.152216335334781303e-08
-2.826965418134290486e-08
-7.870829674209423476e-09
-7.276195927049738155e-11
-2.339604404796474014e-09
4.125171061677919950e-10
-1.556238173894912728e-03
-1.041114300865533110e-03
-5.397403608398855654e-04
-2.627909536584327097e-04
-5.533364219052588196e-05
-2.517308679779626336e-06
-2.031850647824433887e-06
3.622086882872402506e-06
6.788306736995153342e-07
3.159321886338466592e-07
-9.292233564264210055e-07
-1.666807849342003595e-07
9.325556366841104737e-09
-2.589443392371249823e-09
-1.125232953692479826e-09
9.571595914605886503e-10
-1.323097740092803124e-10
8.920943850850715376e-05
1.771036541511603654e-04
1.292046640848339763e-04
4.600957416610227627e-05
3.550001614275521213e-05
3.666754782690205502e-06
-3.814380190416419596e-07
-1.358168230422327163e-07
-7.567699952392090671e-08
3.230208247781799299e-07
-1.324799437355046063e-07
7.399254659194590512e-09
7.970476087134771385e-09
1.412502223203915148e-09
-1.690029887047874213e-09
2.774471045148997794e-11
5.029577390058296662e-10
3.059091547945468515e-05
-7.853259595419545666e-05
-5.683515644390026573e-07
-1.347097840547204445e-05
-1.393404699146441441e-05
-9.028360971775160099e-07
-2.033927111678707441e-07
2.649668316087331203e-08
2.235504967959231506e-07
-1.072984161342949555e-07
1.266554123750227295e-07
7.611402254746525613e-08
1.140903200863265711e-08
5.464243025571757037e-10
-4.245842089770697155e-10
-1.550295877378196519e-10
4.496691468548943631e-11
1.290850867516834209e-04
-9.280064798760983766e-05
2.046716580223447487e-04
-4.832886223793386569e-05
-1.283236688731613218e-06
2.694930115762677782e-07
-2.185435131909163906e-07
-3.903635591840269099e-07
-1.785312681700440530e-07
-5.063404762081771131e-08
-4.363564881818462112e-08
-1.785322433609416647e-08
-6.542742372290289100e-09
-6.810260604956776421e-10
-7.810312406299368186e-11
7.500721641568865999e-11
-1.065098982799447849e-10
-3.273441597782311208e-05
9.765992540934155845e-05
-5.505076800926340030e-05
3.960549784630392021e-05
6.732779919761772138e-06
6.865900775530584340e-07
4.948130135201775369e-07
2.998828511623721676e-07
1.445020483859210432e-07
3.440517901908580647e-08
2.405855165732405642e-08
1.454888040075728554e-08
1.499861433253702314e-09
4.441583459402501684e-10
3.199209626203089888e-10
8.256295832210080755e-11
3.951541518619145976e-11
1.167828491408698327e-05
-6.412950339109376482e-05
8.824415645588260630e-06
-3.648797785536491632e-05
-7.450709194823807919e-06
-1.376904082983495129e-06
-3.871531628956520077e-07
-2.038433650548505530e-07
-9.093631341420907542e-08
-3.284705106374825808e-08
-6.338808336761760784e-09
-1.189265911643182363e-08
-3.279391480115273161e-09
-3.437088619128686947e-10
-1.988115706338109348e-10
-5.773768644010355268e-11
-1.900560072687401335e-11
8.785947811921692048e-06
-3.176654227210098908e-05
3.451593372020676125e-05
-2.161108362500655081e-05
1.165752919164143888e-06
1.106033565488116262e-06
3.217408211548248459e-07
1.195189058115438542e-07
4.601055906997052898e-08
2.088828468499841579e-08
1.967147086803650448e-08
4.398339788932432458e-09
5.561708828143999829e-10
4.144494790938371561e-11
4.359197264375656474e-11
1.163433810104387568e-11
-4.378618638090332911e-12
6.648644940782335866e-07
-5.757943555376884861e-06
1.152798431547115144e-05
-8.124542936491376300e-06
2.212772136546689411e-06
-4.838509059030258837e-07
-1.647507722994497157e-07
-5.718027916959846831e-08
-2.020911921213472382e-08
-9.404995399640794204e-09
-6.019884662001689996e-09
-4.468661555169059746e-09
-3.896452824126532628e-09
-2.445917798053174582e-10
-4.513173746700915645e-11
-6.980224114088867210e-12
6.156801214196175116e-12
2.658495273352754276e-02
-2.573035814808161473e-02
-1.767224285341099238e-03
-8.094116773754094862e-05
-5.341888238695653283e-06
-2.935714510618567432e-06
-1.625953491261401285e-06
6.167338155326852901e-06
3.049888178762398166e-06
3.104164676536951171e-06
1.079511293942114131e-07
-7.509315332002960981e-08
-9.286841713498019139e-09
-2.443863262228266084e-09
2.797875318140068776e-09
1.192620657642594404e-09
5.032044294728712629e-04
3.717084525909720993e-03
7.818532344552992473e-04
6.587005896095003211e-05
1.520237138745372801e-06
3.486769527236657947e-06
-1.762141065345961529e-06
-9.950740113790555760e-07
-6.142537057036034597e-07
1.261161118541436249e-06
-1.251035373381153506e-07
-3.436402967123070502e-08
-2.374611780938070379e-09
-7.688036656224547161e-10
1.118427349593905001e-09
-2.736822190787709623e-10
-8.921612991749337807e-04
-5.179441523319668105e-04
-2.668791352744825105e-04
-5.434715892267844310e-05
-2.163718014785381704e-06
3.366033409727091392e-06
-1.871486761957071780e-06
9.070921114864520138e-07
-3.340632640646331632e-07
-9.234273436191549334e-07
-2.028362499244392985e-07
1.960124485695299974e-08
5.483855166044801484e-09
1.685028972868060264e-09
-8.618970627955609240e-10
-1.050228839816277193e-09
1.702999354398068363e-04
1.336726653678413260e-04
4.523373002015096362e-05
3.394537181513646739e-05
1.369247398124900454e-06
-1.177161734947156931e-06
-2.202490587318973903e-06
-1.043971585379474442e-07
3.474223910960430687e-07
-8.916112305429985073e-08
2.171346900300577704e-08
1.087514941102198752e-08
7.124086901895663043e-10
1.213628191187443699e-09
-5.198638454881925544e-10
-9.446407266719209570e-11
-6.680912183450338638e-05
3.042170084392855333e-07
-1.487862730495160942e-05
-1.246374108738099230e-05
-9.913053705292286608e-07
2.677851237539989699e-06
1.522654924633181918e-06
2.230970849342597809e-07
-9.567416022895481717e-08
9.955278768792986484e-08
7.108951837617832529e-08
9.521662460877946110e-09
-1.356161111077980772e-10
4.586709928918370641e-10
-2.188321415751151799e-10
3.079809680883969621e-10
-1.190640177747829447e-04
2.038747181295883946e-04
-4.756898202951715564e-05
-3.065571184342873009e-06
-5.775686543557653695e-07
-1.498497957731818922e-06
-5.191364374029852099e-07
-2.037668651982688011e-07
-4.770219200999076114e-08
-3.205170864988351511e-08
-1.442150747829173194e-08
-5.901138066815656602e-09
-1.287299251306945636e-09
-5.644778125309816615e-10
1.995432115277034799e-10
-1.255631215438561204e-10
1.021178739941336420e-04
-5.543685703876204384e-05
3.957511574007290737e-05
7.800883292294609163e-06
1.371696533990712133e-06
7.109794257275691771e-07
3.449559193595687743e-07
1.539282616067089155e-07
2.113739349356196791e-08
1.729216594067321373e-08
1.261327206379872428e-08
1.910646243342916044e-09
4.768953221832707601e-10
3.068871736020367349e-10
2.288953280124132316e-11
1.001167242525324619e-11
-6.491057157368576125e-05
8.869279574697903226e-06
-3.655502000145502596e-05
-7.936541281542890822e-06
-1.618231787110298118e-06
-5.267607786039395767e-07
-2.471932124461750120e-07
-9.249358098874992978e-08
-2.867089701448402785e-08
-3.487998033919061040e-09
-1.093433828317051494e-08
-3.360888344124421393e-09
-3.470809010490843564e-10
-2.061238910413226721e-10
-5.125583121017857053e-11
-6.669659688304673765e-12
-3.279063118920452996e-05
3.442423450253198397e-05
-2.160435588158859106e-05
1.415141638882189120e-06
1.217737557506234935e-06
3.948005375900879419e-07
1.649548877986462406e-07
6.491245616204283469e-08
2.332806034685979150e-08
1.877295794339100334e-08
3.066282522042305975e-09
-6.314324412639113713e-10
-7.975682955880575574e-11
8.905106916279207397e-11
9.698682772369791041e-12
1.229215585953100688e-11
-6.474664146470595612e-06
1.189415501111477714e-05
-8.662161282684594681e-06
2.053753418153687711e-06
-5.465675983988385644e-07
-2.738980991083277554e-07
-1.038444323479720589e-07
-3.477559680671559851e-08
-1.563397895634633014e-08
-1.042448155159815600e-08
-4.273239468749156851e-09
-1.879636646274617681e-09
-4.050421291697773335e-10
-1.219697089164211022e-10
-2.225060410686240393e-11
1.330064056029337665e-12
-1.022928355689449731e+00
-4.161134963234216361e-02
-1.179412422421600428e-03
-2.429845228805651498e-05
2.866583185242572551e-06
5.560418404902565702e-06
6.778194786310200511e-06
4.877787124931598600e-06
-9.856893337525594416e-07
-4.004626815770057267e-06
-9.530524220774138602e-07
-1.222401449066168522e-07
-2.226250842748184272e-08
4.651322556028182120e-09
-4.599081421273350587e-09
3.375464276818020525e-09
-1.464862812142467552e-01
1.400984750938576683e-02
1.120284282592991362e-03
5.315163579944872020e-05
1.197817381810292301e-06
-1.562398121181729570e-06
-7.195963148134863687e-06
6.366499687725057002e-06
-4.785829457661474720e-07
-6.001305056608332454e-06
-7.888230243117127334e-07
-5.572256754589606486e-08
-1.426009542074976920e-09
4.796152334457847201e-09
-1.570250221860519634e-09
1.852102142528263960e-09
7.368848347054225527e-03
-3.613036599156147898e-03
-8.215656400474910396e-04
-7.016970389963408114e-05
-1.679766581582483592e-06
-4.512816912661904746e-07
-2.527833776871344471e-07
-2.836640102812550310e-06
6.235914440149230640e-07
-1.774698043247645247e-06
2.695296370304894130e-08
9.333990904452443392e-09
1.273950197542874086e-08
-2.377856110007474546e-09
-4.441625525200086760e-11
-8.101332693070111006e-10
-6.387832913607208955e-04
2.597903879627622625e-04
2.423027645049074987e-04
5.346567008023866198e-05
3.044585621844247345e-06
4.467341629581642396e-07
-2.650713249281142071e-06
1.344540673102028984e-06
-6.974229129370077343e-07
1.016953261078906977e-06
2.009823778098148858e-07
-9.089172868731320545e-09
2.020774838077496489e-09
1.871823389586186210e-09
-8.608446586901067400e-10
-8.024779228867490227e-10
1.429738033347021601e-04
2.032313050499773703e-05
-3.078799905737849424e-05
-3.645979413672999268e-05
-4.500097892693894359e-06
7.321975216197093807e-07
-1.656640402918271137e-06
1.941324128500790033e-07
7.548448018164512726e-08
5.972308290758016381e-08
-1.825347298429655506e-08
-8.797477400444355739e-09
-1.327373836396659682e-09
4.806211941871601032e-10
8.865315898182617900e-10
-2.165374415547223620e-10
-4.479476542918607617e-05
-6.121066537089670412e-05
4.952796191579913153e-06
1.400139351156895560e-05
1.842365610259501153e-06
7.426734816120662660e-07
8.166764882042291695e-07
1.888869667679020424e-08
-2.237818015924398220e-08
-5.089317337823879403e-08
-7.073931181045286217e-08
-9.274025607048957646e-09
-1.136959408351086410e-09
3.898531879170908681e-10
-4.203712557745674914e-11
5.978034179970431801e-11
-1.893011864497036131e-04
-2.116912856636616333e-04
5.104928449233824841e-05
1.558116482526369807e-06
-1.290659803503557452e-06
-3.594247826784034649e-07
3.255634259717614156e-08
-8.718655372773217315e-08
3.223857953806125425e-09
-8.587515374206562887e-09
1.417357582014753280e-08
5.185658079310522406e-09
9.070439000318353953e-10
1.650307432895945303e-10
-3.767299636197720392e-11
-3.176028018386554707e-13
1.081256830174835400e-04
8.711533709950793015e-05
-3.776309178586122363e-05
-6.316608423604808170e-06
1.720786126641343511e-07
-1.379184650539268594e-08
-7.327784130518008969e-08
7.727769471972274444e-09
-8.484594146817288631e-09
5.628834903021420084e-09
-1.132338630805130188e-08
-5.222790538549595293e-10
-4.111494525152663555e-10
-2.300163708886579513e-10
-1.224770086353630166e-10
7.867065909776462580e-12
-6.405268513722768900e-05
-4.584428374490172363e-05
3.175760640206110069e-05
6.603241479648815331e-06
7.530183242216894971e-07
6.029210313903679015e-08
4.182657831483633545e-08
2.493429685755078220e-08
2.402286230111903001e-08
-8.917928114096796541e-09
9.249896687159662385e-09
2.622579798137249018e-09
1.829029341538241969e-10
1.471403068576164946e-10
3.084249438913772178e-11
2.221301463097077820e-11
-3.764266130379222012e-05
-3.613870791222171343e-05
2.511470088309010164e-05
-2.901414737444260486e-07
-7.118278546631517687e-07
-1.307065442957241304e-07
-3.367112284120089055e-08
-2.032322603846344385e-08
-1.221512335542865663e-08
-6.876316726766451106e-09
-3.547175160064740216e-09
-2.176986043723931741e-10
4.803328500790269368e-11
-2.346554450599605532e-11
-1.213565063462624839e-11
-1.174828413100989978e-12
-7.061831233896768173e-06
1.001214345536458671e-05
7.408217961881807780e-06
-2.724227733427308446e-06
2.911778322571326945e-07
8.300950769931658047e-08
2.399859189997091233e-08
1.501936866759474001e-08
3.945428683318701976e-09
1.012361189379256096e-09
3.623308956588050674e-09
3.843008313141709791e-09
2.000574547724952586e-10
3.016430801480484103e-11
1.165718006740458352e-11
-3.037959948337039897e-12
8.901985778658488835e-02
3.773442784599793931e-02
-2.523356441717242854e-02
-1.749803610975975620e-03
-7.827794577103655614e-05
4.269416683984798861e-08
6.409150765791249471e-06
2.979645151421215313e-06
1.956321348866938384e-06
3.341667612826539784e-06
3.146627944026371325e-06
1.367940598772961403e-07
-7.274639991917110363e-08
-9.301668086637490303e-10
-8.266861220957460509e-09
3.145738459150779265e-09
-9.936596639695380108e-10
-1.383793043116629713e-02
-4.402509643958885110e-03
3.325774038097395989e-03
7.605017449769682593e-04
6.527105247547569850e-05
3.946276612966618001e-06
-1.902804227989594309e-06
-3.559797476584644106e-06
3.790931453797247794e-06
-8.377574998172131910e-07
1.275503670624374963e-06
-1.074986478594509849e-07
-3.453356898212584622e-08
5.644169287042199311e-09
-4.410354177046100173e-09
2.068848798250254899e-09
-2.507626172051200352e-09
1.457202041378684006e-03
7.975911350370386808e-04
-2.378995730968580492e-04
-2.480772553711398467e-04
-5.793816149238706950e-05
-4.689898294548608563e-06
-1.421304662010535633e-06
-3.731588685831937039e-06
-7.338268281403034724e-07
1.004767287525293089e-07
-9.357184276198247521e-07
-2.115704579515382292e-07
1.497465197960944038e-08
2.394790759156077907e-09
2.787575907042712040e-09
-9.514457766503317748e-10
-4.616754414591576318e-11
-9.602998010690024617e-05
-1.480147256572513523e-04
-1.691342954145573426e-05
2.979501277331651147e-05
3.577018796336649487e-05
4.906481352866576181e-06
2.901847687480601606e-06
-2.445718629676906766e-07
-1.604326567066637201e-07
-1.496117589549147945e-07
-5.712782990240379096e-08
2.216189651987161326e-08
1.551674379810309979e-08
9.854041359982120368e-10
2.014675600154927371e-09
-6.570475238588637693e-10
-1.670459053755434512e-10
-2.946164630470886616e-05
5.702677306087000381e-05
6.281749008417277988e-05
-5.098456709468487949e-06
-1.753564270362420132e-05
-4.134619831884678291e-06
8.678721131555410211e-07
4.711607543719565993e-07
3.307824535332469838e-09
1.028484673241006489e-07
4.895099152336079976e-08
6.765208034597342791e-08
7.953440962938682299e-09
-4.412622547020078736e-10
2.761344595299279112e-10
3.006162112340540195e-10
2.348792253620232588e-11
-1.277666880185786562e-04
1.610841152841621042e-04
2.094006158989206168e-04
-5.049990623260034697e-05
1.665144308568566158e-06
1.638282778010785107e-06
-5.276627910173002916e-07
-6.102543788918726491e-08
1.844257901630785907e-08
-3.855888704962246081e-08
6.826003928179425242e-09
-1.165541558439787904e-08
-5.121305251445329070e-09
-8.893430636113103246e-10
-5.863313696019207604e-10
-1.423698804470670331e-10
1.142033016470699987e-10
3.419546944691656857e-05
-1.022702751092257462e-04
-8.668845531645062014e-05
3.715749444321094663e-05
4.982092891887800495e-06
-5.928429827053858354e-08
5.685959576683330773e-08
8.632907550935959584e-08
3.267919516467952054e-08
1.397671442474474734e-08
-6.701724615261348414e-09
1.002879901979502974e-08
7.802771690632182929e-10
1.104035161534059585e-10
2.687851124080204653e-10
6.846354931203563849e-11
-7.744384348690731269e-12
-1.235224786769558957e-05
6.263956083760191269e-05
4.576576720790798201e-05
-3.148720783203641678e-05
-6.270805066911380045e-06
-7.776970551376701641e-07
-1.049563837814213020e-07
-7.796405986056186151e-08
-3.992150770948552027e-08
-2.614382124802397054e-08
8.341107689194547565e-09
-8.993249199495583497e-09
-2.403093867955363686e-09
-4.106739463833924159e-11
-1.574364370619074437e-10
-2.008209232183516683e-11
-2.463824725211645750e-11
-8.379614656191160943e-06
3.682086973804378168e-05
3.614898020696756173e-05
-2.506845198032741346e-05
2.535475828202949303e-07
7.245528799072344119e-07
1.479586275488760844e-07
6.934565851057544097e-08
3.947182556708324254e-08
1.642668014906319338e-08
8.096708616686536881e-09
2.886002656224967323e-09
-1.199640578836031255e-09
-2.650544029734714588e-10
3.918707614771571779e-11
1.408985515918836943e-11
-3.258776594862741522e-12
-4.182524513844743165e-07
6.565466631927796528e-06
-1.160308345126115564e-05
-8.245425751963699661e-06
2.857330539569288806e-06
-2.341894522168891971e-07
-1.282154316379457118e-07
-4.633091198318833308e-08
-2.286970597786020441e-08
-7.493966822301624908e-09
9.802292092520523628e-10
-3.372335234832747730e-09
-1.517524589947153005e-09
-2.499129148057202209e-10
-8.882137990639043074e-11
-2.680773797999625438e-11
3.412267873005709089e-12
-1.488152316287536525e-01
-4.150059013827023073e-03
-9.497973897524114703e-05
-1.528570430946328456e-06
-1.464662548764211038e-07
1.023865485316540503e-07
-2.221926459822144801e-06
-1.828534520272902595e-06
-2.103800533692202742e-06
-1.403689867840989564e-06
-1.554409949256903856e-07
-2.307408108838721442e-08
2.817510881775579492e-09
-4.829010554858853774e-09
3.347943772467278414e-10
6.057658625070542917e-10
5.334183609739865523e-02
4.069560384220307324e-03
1.823889684248684981e-04
7.073694007731159367e-06
-1.208530129080142526e-06
-7.226050939679815470e-07
-3.862776629267119805e-06
7.103331465702046669e-06
-3.823101799911423693e-06
-1.392232066079718132e-06
-8.112143510205897860e-08
-1.500954028448188734e-08
5.366024369424873595e-09
-2.828714802848493349e-09
1.906655022744039597e-09
-9.686348307631287122e-10
-1.560556375838506593e-02
-2.931497589286406486e-03
-2.528211316756024123e-04
-1.067145286053458443e-05
-1.962842161173945332e-07
5.932330192026264141e-06
3.407701109005421541e-06
2.183959447821162584e-06
1.458501953786117601e-06
-8.441263432279770363e-08
6.356801251425176563e-09
1.061363282397543585e-09
-1.742221106092213280e-09
5.670525639464341282e-09
-9.328898913345274959e-10
2.225446306181287930e-11
1.437772086943094572e-03
9.516000660404182881e-04
1.733280419744204312e-04
1.187419107739430600e-05
-1.743234640613231283e-06
2.136269855375053703e-06
-3.889162523980549552e-06
-1.992680684588526770e-06
1.474411418131542034e-06
4.067267796936520148e-07
-1.741656202973627851e-08
-1.466762094520936007e-09
-7.811335178615482532e-09
4.359660701091407778e-09
-2.936924018475129709e-09
1.230881818909032766e-09
-1.996791674937044769e-05
-1.649478115792284952e-04
-1.009944211491630719e-04
-1.017013825173293019e-05
-6.905127690701363858e-07
1.234571783089296998e-06
1.157843372176727442e-06
7.062894586319830340e-07
-1.371508328065134663e-07
-2.335864177260957158e-07
7.192333043643386094e-09
3.097784753366182027e-09
4.337661164085570145e-10
-3.576047965106722434e-10
8.495196378285254995e-11
-9.127381834886419134e-11
8.683838429087486284e-05
5.075206137563643684e-05
4.744490884089760192e-05
7.706341580117193651e-06
-3.510057338752932356e-06
-2.418136873643353299e-06
-4.825502242420101327e-07
-1.169416138712959959e-07
-1.746130091878548706e-07
-2.351397587572098037e-08
-2.129806903159810950e-08
-6.834579435570888682e-10
1.075315048775278079e-09
-1.077814224254310870e-09
5.610614089728666712e-10
-2.798153169885556726e-10
3.724513155220401787e-04
1.653214795272556431e-04
1.413738128888716435e-06
-2.312518190362684271e-06
3.014847667274303713e-06
1.436077230788024492e-06
4.869718916954501045e-07
1.050637973921132682e-07
5.683053469122676034e-08
3.034609366532637309e-08
2.315728624314157713e-08
1.949382197342557814e-09
7.906284682753219055e-10
4.499307601353969455e-10
-1.130225808435685768e-10
8.325877655396821644e-11
-8.064515537482904882e-05
-1.279019431008570197e-04
-1.923669108066943960e-05
-1.564963161082915986e-06
-1.461404047046273688e-06
-7.837550420242725624e-07
-3.492257877635536431e-07
-1.271925452391908646e-07
-2.823696483379629897e-08
-2.930777720800757841e-09
-1.179434398927195556e-08
-1.026667142892858442e-09
-1.001086437662475649e-09
-2.036817194105005848e-10
-3.815402519904143580e-11
-2.426799990093556665e-11
2.505776953685615767e-05
1.042788638661831704e-04
2.276257854285056577e-05
3.332565618443013136e-06
9.297670350747755769e-07
4.656129261561628303e-07
2.287535826655477777e-07
7.569957196313778005e-08
1.917190906862223724e-08
1.245086832317418070e-08
9.141466257049709134e-09
4.722474310914373408e-10
6.777386811250842214e-10
1.382906635374208689e-10
3.962187390882427281e-11
-1.611044612901751492e-12
3.911247062138705632e-05
9.172406813747509128e-05
-3.246248312872947350e-07
-2.714261708624365358e-06
-6.909049524572895728e-07
-2.870275498118046348e-07
-1.306065253402508819e-07
-4.924464815195691883e-08
-3.440695720004677168e-09
-1.101312461686121231e-08
-6.490476835121233836e-09
-5.805122851788709974e-11
-1.642063390795802104e-10
-5.053751559059158431e-11
-3.201705044961477116e-11
3.317767006291661142e-12
-8.110838435924147357e-07
-3.152160956522848519e-05
-1.044109766490777947e-05
7.822389385779759037e-07
3.991676181418282905e-07
1.169736864536404707e-07
5.875944232953930522e-08
2.627875520055109550e-08
6.494713787273052214e-09
2.086022544200750654e-09
6.772371716778804077e-09
5.134361340323845773e-10
8.265094363825777105e-11
7.398980079361254936e-12
8.815436292244670154e-12
4.627964432316556843e-12
-1.928435584910623835e-01
-9.506563344757383571e-02
-6.263488461729382374e-03
-2.737934694885959890e-04
-1.147354248621096508e-05
-1.268298653697221279e-06
1.347001824359767110e-06
-1.456889394461706056e-06
-5.092697347921636830e-07
3.168870181444660951e-06
1.930897495526627466e-07
-1.352051200878747024e-07
-2.508373177177109710e-08
8.482663145416855186e-09
-5.242479403251257066e-09
1.185351214156084005e-10
2.314394853132230028e-09
4.547041222766844831e-03
1.429801453502087434e-02
2.730034812561071052e-03
2.388274725690137828e-04
1.142534395538650452e-05
1.569534148323079077e-06
5.542616087783677109e-06
8.857482851017026898e-07
2.349812281999017854e-08
-2.439366329002479301e-06
-7.104251911059336479e-09
-9.136021408182360858e-08
-1.265280386887942344e-08
1.938284651093992976e-09
1.702928589880945711e-09
-1.598812607651575540e-09
-3.976207700195826329e-11
4.042184150853525624e-04
-1.329559330276898401e-03
-9.504075725249163742e-04
-1.716037828991872824e-04
-1.087456927783579650e-05
-1.507990271374416696e-06
2.963502834330942963e-06
-2.894650125782407112e-06
1.902439355673321019e-06
-1.729519369446192583e-06
-3.479179678958755058e-07
2.167184696145457920e-08
1.367033579252724587e-08
-2.533898763655841727e-09
2.153534649811698476e-09
4.596972050966876767e-10
-3.230016323843368906e-10
-3.569719417641393507e-05
1.558824502351476357e-05
1.666787994020128936e-04
1.022230929762722978e-04
1.105379194234936439e-05
-6.801344743270005298e-07
-2.321748671969053752e-07
5.292033252594495188e-07
-8.045647185366551023e-07
1.795504664920283227e-07
1.826291206566544033e-07
-1.664146761253796044e-08
-3.438422656638032205e-10
-5.529937387519697267e-10
-6.381421998175895203e-11
3.803229970682595416e-10
2.013792923733072682e-10
8.066658695040151031e-06
-8.149527442722820695e-05
-4.851680000138068681e-05
-4.586372154401667847e-05
-6.066197435223346233e-06
-6.445855081418268668e-07
-1.178642615470691425e-07
3.006172473730380949e-07
1.678412871527557045e-08
2.113239669396409943e-07
4.979548243858207128e-08
3.245061594054635432e-08
8.553109902268004715e-11
4.227879271382106037e-10
1.222034684863732439e-10
-3.810357951736396661e-11
-1.577414966063039765e-10
-3.621966854698703043e-05
-3.759664105366268680e-04
-1.670923171346855968e-04
-3.099436572363434334e-06
2.364822866481927802e-06
3.183269733041150535e-07
-4.385632837799281668e-07
-2.772359694565452017e-07
-5.695267564028682886e-08
-8.711601195592026103e-08
-4.625387226122589798e-08
-2.841371119981404263e-08
-2.046767265039172453e-09
-5.431502682804146471e-10
-7.668631416149060074e-11
-1.618892725580678588e-10
1.177848125624183465e-11
9.727358571855471927e-07
8.004183624329768657e-05
1.286949942584932429e-04
1.980911364397662077e-05
8.062874331035768378e-07
3.846764207556821491e-07
5.073009890577355498e-07
2.267601862477900258e-07
1.133979391055766990e-07
4.368790522906866535e-08
1.096686237771329659e-08
1.354814570274492945e-08
1.631040352922701756e-09
5.823342279371975834e-10
1.370511972772794141e-10
4.000029755241541556e-11
4.881873634401664231e-11
1.546877431683860458e-06
-2.470777182733330701e-05
-1.046305962980416306e-04
-2.274939106779935784e-05
-2.882615476897810839e-06
-5.807927894390860050e-07
-3.990361707380021071e-07
-1.842271268920586045e-07
-8.135732823746739790e-08
-2.863111544920801227e-08
-1.716738879908844927e-08
-1.001950640686903805e-08
-7.438944209990832663e-10
-5.087262477325963052e-10
-1.270436402852224889e-10
-1.650119930273869041e-11
-5.181547205499869638e-12
-3.256765624767093492e-06
-3.918485146475458181e-05
-9.148944633225516293e-05
2.431490143557023543e-07
2.420394243859378157e-06
6.005508608171561468e-07
2.754206455747023498e-07
1.374102491561642228e-07
6.131808028764403031e-08
1.226184587137098425e-08
1.727174495054922609e-08
5.228992267394968093e-09
-4.316642736369031351e-10
2.398118898681841835e-10
5.128299696804010087e-11
2.607032733592442987e-11
-8.036281285700439194e-12
-1.934480190799258062e-07
9.693430985157370118e-07
3.145680310388055599e-05
1.113536854793247705e-05
-6.713782312701895961e-07
-5.098311624499012717e-07
-1.750051938753109666e-07
-8.690185562502916831e-08
-4.624898777714170964e-08
-2.044722264774401052e-08
-7.436148806048219569e-09
-7.033617405530878598e-09
-4.653331412306079844e-10
-2.735676526930495864e-10
-4.789302326206418456e-11
-1.936374121731710158e-12
-1.030508030018386161e-11
