1.319011935970723637e-01
1.029269346910314686e+00
4.233869330572381795e-02
1.248147960451445170e-03
3.207832760276137246e-05
3.940839953596978668e-06
3.634285691585934572e-06
3.866727954937995120e-06
-4.463615136758509303e-06
9.965137737997138711e-07
3.597142098549573898e-06
8.976902196095380251e-07
1.230067483540214404e-07
9.463849639342835399e-09
-1.595577448240790529e-09
4.338218754453461683e-10
-3.242854873204659103e-10
-4.676070733481856034e-02
1.262898070007996976e-01
-1.312976156096251450e-02
-1.067846719200496799e-03
-5.432885822209697119e-05
-3.843445508495255750e-06
-4.219027071056945407e-06
-6.060473415793527204e-06
-2.417553068037855971e-06
1.015503251165961596e-06
5.125981635253701728e-06
7.181072374481354321e-07
6.347979634505583602e-08
3.266243328106598498e-10
-4.957703102862237971e-10
-3.665258589748238732e-10
-3.798467787409911070e-10
1.241605898241505621e-02
-1.686576553948625863e-03
3.355556540625582052e-03
7.171391694873201130e-04
6.343971134701106721e-05
4.779218790107570320e-06
-2.963098978042988989e-07
5.582433982856596729e-06
-1.892683361916682131e-06
-1.917479930829118782e-07
1.404306420833632717e-06
-3.521426246618322156e-08
-2.199234182225910844e-08
-6.637429903376682648e-09
-4.765247996644911020e-10
-2.192975150951395549e-09
3.719225554784201231e-10
-1.150994880675564611e-03
-7.782694943578379217e-04
-4.017400753395292514e-04
-2.000334136318595993e-04
-4.362983061056260788e-05
-1.841454050469333798e-06
-1.277648432820209305e-06
2.251528079857360249e-06
4.470775524139754591e-07
2.675407998360743117e-07
-6.387323170475286500e-07
-1.054309012086413122e-07
8.221575932044872284e-09
-1.781278950060303898e-09
-9.109899050135249874e-10
4.321861841529588817e-10
-6.518197630738749349e-11
1.624174206114134425e-04
3.036044805441039077e-05
1.599257198989688584e-04
3.694452080420263120e-05
2.490139905859181251e-05
2.567676438114121460e-06
-2.351819012465273307e-07
-7.783160812700488692e-08
-9.830526022598074981e-08
1.961679614599530294e-07
-1.193354364873182737e-07
-2.876528283374668579e-09
4.427222138056627204e-09
7.297097187082571258e-10
-9.390527065868350934e-10
6.284203744315373427e-11
2.879034322061538551e-10
2.440411414952618473e-05
-7.717048043266531152e-05
1.003101524522757520e-05
-1.340489824937425058e-05
-8.694615489769158762e-06
-4.972204863165596820e-07
-2.353370104507591524e-08
8.882177663377437117e-08
1.618683503914716585e-07
-5.558340758007812891e-08
9.122960556344381526e-08
5.535233390197005024e-08
8.028496180407256252e-09
6.147849241469235049e-10
-1.380890310221644090e-10
-7.178019896215580364e-11
3.582803446874578848e-11
9.137186547063545555e-05
-6.058486064465779637e-05
1.432422149199501856e-04
-3.368001966598660186e-05
-1.484246220202145332e-06
-4.150153981817207167e-08
-2.378397711120938859e-07
-2.834047579828755461e-07
-1.261293898454522371e-07
-3.675673670922247815e-08
-2.669248506465922036e-08
-8.002204395894606761e-09
-3.907086848195624015e-09
-5.796565498903713530e-10
-1.002870932541698474e-10
1.890477440800759033e-11
-6.113666583711621714e-11
-2.132878790590904115e-05
6.160011895150255799e-05
-3.576560159689682461e-05
2.579501016662650895e-05
4.521790076594228822e-06
5.688597440752622101e-07
3.461400333535023864e-07
1.947834808047496965e-07
9.559459962015742682e-08
2.508704339536338352e-08
1.467916146055410792e-08
8.561918667405162761e-09
9.293349228296136823e-10
3.184255220117708245e-10
1.761798249393371864e-10
4.772318881074822014e-11
1.941624057117378359e-11
7.783998839801325412e-06
-3.883128308722864777e-05
8.128400041497689041e-06
-2.261747732551257150e-05
-4.551309274385179255e-06
-8.545697417588231168e-07
-2.440371390706246589e-07
-1.239816357348071475e-07
-5.589777363296893366e-08
-1.981497057831420919e-08
-5.925668820637546548e-09
-7.092101599159466249e-09
-2.019700736756116053e-09
-2.229670592741531380e-10
-1.075405444335689815e-10
-2.660250271110668751e-11
-8.092081423636320062e-12
4.484957968299194313e-06
-1.584162723251738273e-05
1.800326333352037463e-05
-1.079867621545331452e-05
7.202980068047036181e-07
6.136531775287456293e-07
1.829827751353802130e-07
6.933742054892009419e-08
2.675334394532594087e-08
1.177276435650252380e-08
9.770671257074730727e-09
2.510052837219241982e-09
2.708749385067811573e-10
4.631403642884057937e-11
2.587378420398235165e-11
7.670068442721544254e-12
-6.894789100729810825e-13
2.979635092581146819e-07
-2.720764634336037975e-06
5.489988762909869719e-06
-4.217373893971738761e-06
1.051438223048382373e-06
-2.407020490728925843e-07
-8.814849878111861299e-08
-3.001770559762777503e-08
-1.081568915721134077e-08
-4.704895100619556052e-09
-2.676733703492952178e-09
-1.734525596921676767e-09
-1.750931494586992869e-09
-1.220832125958448713e-10
-2.555124044918425647e-11
-4.735618483799877237e-12
1.355497344329984584e-12
2.401606093113262466e-02
-2.355599574883359901e-02
-1.662916543645370651e-03
-7.967141745617939636e-05
-4.453225563090140894e-06
-1.792539389198842298e-06
-8.999670065724024424e-07
4.502304167433315424e-06
2.290623773512526807e-06
2.426879520113581020e-06
1.005883667976411108e-07
-6.597447332101888372e-08
-6.652250178602433308e-09
-1.045639488964775732e-09
2.277739592937477245e-09
4.229047655246514906e-10
4.710204480054129865e-04
3.099273092230014470e-03
6.662528822406200675e-04
5.938430904490660830e-05
1.083782230468217179e-06
2.201313234443951926e-06
-1.556974409315780981e-06
-1.077211196593276057e-06
-3.227038298643961871e-07
1.035835105329151783e-06
-8.420565945705916388e-08
-2.733240830794220008e-08
-1.665010610082591761e-09
-8.007509380507147658e-10
1.093342535563116325e-09
-3.267659767056850511e-10
-6.666327364371701534e-04
-3.866636604619037355e-04
-2.033193344089766208e-04
-4.323094545380953922e-05
-1.127132328780385360e-06
2.889251989168691935e-06
-6.344331516711333134e-07
8.059207447285668715e-07
-1.992278649724492763e-07
-6.361046515147685724e-07
-1.360760342934102521e-07
1.439979844524589293e-08
3.480373493715820302e-09
1.101822192271994718e-09
-4.264648368361355857e-10
-5.860678389087803557e-10
7.200131994704219839e-05
1.663498126763949723e-04
3.700528274996499795e-05
2.375765107559501106e-05
3.899982308692301436e-07
-1.325715523394082450e-06
-1.698357440825109511e-06
-1.033746172819207398e-07
1.875297953104577550e-07
-8.456374949961536096e-08
9.577720534769997771e-09
7.159825748902874750e-09
3.369371614390012796e-10
5.735893780833254409e-10
-3.167380133200298651e-10
-9.472348244492451911e-11
-6.632687176729467932e-05
1.133002908543627225e-05
-1.432771325276602976e-05
-7.565876345484875447e-06
-1.508202952778958213e-07
1.959582514394853026e-06
1.036144709615627141e-06
1.763937072360740980e-07
-5.308754040960631750e-08
6.984774857670278273e-08
5.048772574047923680e-08
6.598942904843137583e-09
3.022147605710331149e-10
3.157139576682406667e-10
-1.336933278812574357e-10
1.610772960535851131e-10
-7.913747477493981964e-05
1.425027618712653744e-04
-3.328065938839184948e-05
-2.608686302238929122e-06
-6.860076746320758570e-07
-1.027096937544141256e-06
-3.741168103277136458e-07
-1.506915280568849779e-07
-3.476834016635529213e-08
-1.849367148422199258e-08
-5.222089936951740437e-09
-3.378078087831594366e-09
-8.364780227595649549e-10
-3.549151732952700549e-10
8.658711191004212620e-11
-6.539422913836317149e-11
6.474916683262849505e-05
-3.587416430649165969e-05
2.582120638339537822e-05
5.127807854193254128e-06
9.990962161173144117e-07
4.862798285518414313e-07
2.387963480918632987e-07
1.031733811421842599e-07
1.702005656291216383e-08
9.982673077494059116e-09
7.025305595217248164e-09
9.222654424744104189e-10
3.088746772366635794e-10
1.887547612853618238e-10
1.921971569102498045e-11
8.948166698866976163e-12
-3.960453754145712224e-05
8.097297040627292930e-06
-2.268238356077220813e-05
-4.812099361939851415e-06
-9.996400741431363128e-07
-3.323608184883541415e-07
-1.505198331992353082e-07
-5.717791870944401016e-08
-1.674605159733282868e-08
-3.918746242157194950e-09
-6.353869771881802506e-09
-1.957679464099026813e-09
-2.178072566650978685e-10
-1.165889605692438827e-10
-2.843541147151947515e-11
-4.406476290847510575e-12
-1.638777428588421243e-05
1.797526971738440624e-05
-1.078270893154950120e-05
8.387382259221783999e-07
6.765331326744746701e-07
2.191080876606110576e-07
9.016465793564120968e-08
3.494606601728306068e-08
1.227884267086918181e-08
9.112697100597156244e-09
1.911975589684450706e-09
-2.006644850602123695e-10
-5.639486527353665135e-12
4.265221102739621486e-11
7.246986972790453436e-12
4.989452917932191993e-12
-3.067269750826922277e-06
5.630899244770325605e-06
-4.457791951614068433e-06
9.756718361811360276e-07
-2.709387086045011444e-07
-1.372434737675057670e-07
-5.188795003236917061e-08
-1.737822354415611402e-08
-7.540412941919256186e-09
-4.657345184773218722e-09
-1.654896517989649139e-09
-8.712387174232089017e-10
-1.824942286424743282e-10
-5.471592124647711096e-11
-9.144608834171283329e-12
-3.003554801562238432e-14
-1.021406156377195673e+00
-4.214878530286998715e-02
-1.242057837290649110e-03
-2.865462689182300546e-05
2.915967399844693991e-06
5.498788826346456483e-06
5.824114001301879293e-06
4.376947062276470930e-06
-8.142590552432407574e-07
-3.548297635668852764e-06
-8.960405043088034869e-07
-1.185109242418408076e-07
-1.984113284047690679e-08
3.318549488785733483e-09
-3.746717214647186959e-09
2.443198584756210646e-09
-1.330503037863129678e-01
1.279205291802257977e-02
1.056449149399860642e-03
5.226314859636195151e-05
1.431500644189808629e-06
-1.216483367090362993e-06
-6.377200458761417692e-06
4.933694829648667641e-06
-1.306458305021874473e-07
-4.983680419982651015e-06
-6.948093447494262854e-07
-5.237603552898155822e-08
-4.713468672859732049e-10
4.018373561353477367e-09
-9.993158312350698380e-10
1.256958685560611946e-09
6.174249763631458124e-03
-2.991974365703467184e-03
-6.979232937739734965e-04
-6.408876313457048332e-05
-2.160836189318791025e-06
-3.754825675834361011e-07
2.659019573832879380e-07
-2.592032371410951721e-06
5.042414830534881193e-07
-1.467712668780073241e-06
1.006238067004386087e-08
6.440656907375990421e-09
9.994665905722106794e-09
-1.535494973108335104e-09
5.375493394028207062e-10
-5.520272554005723230e-10
-5.001407527502234199e-04
1.792989396036998755e-04
1.844964084442636304e-04
4.295871277544716934e-05
1.802960978157339381e-06
1.397557369600405289e-07
-1.379318369759939437e-06
1.024159080679518502e-06
-5.333639274953384724e-07
7.189010786010359494e-07
1.337610645124928607e-07
-8.008210795565895684e-09
1.287793044822535198e-09
1.105675788351251726e-09
-3.462656020523415765e-10
-5.920294379778354582e-10
2.338298442165408718e-04
-5.230276154387102262e-05
-2.690886966073001665e-05
-2.598840074824891231e-05
-2.819712857058434926e-06
3.994220958728437769e-07
-1.173573383667634740e-06
1.269920156648133745e-07
4.590738836486005084e-08
6.047113707003249215e-08
-5.931551155807609241e-09
-5.143538648459839111e-09
-8.267507149631844081e-10
3.383310933283919833e-10
4.455042053611933553e-10
-1.253081605900363084e-10
-4.988458516370716805e-05
-5.163262001207151951e-05
8.376018506393814354e-06
9.034757130712638051e-06
1.125783884024849691e-06
4.598896039949270305e-07
4.519592091734344109e-07
1.965240228354554168e-08
-6.828423456832886722e-09
-3.565399469578890238e-08
-5.068416554110063652e-08
-6.364306603998828554e-09
-9.151183290436387410e-10
9.585363269144801605e-11
-5.055351192954315364e-11
5.066641024802789654e-11
-1.273785778202770984e-04
-1.489568859853206736e-04
3.478746918299530230e-05
1.369430080723041750e-06
-6.807456357522108374e-07
-1.778464849068472098e-07
3.849067399195433083e-08
-4.847416126290209562e-08
2.892993642794262056e-10
-6.921647180557921152e-09
5.060373278903579234e-09
2.911448057776666678e-09
6.862859505524163039e-10
1.330183446710597816e-10
3.715444814049121597e-12
-1.015641494672476581e-12
6.912155535399134112e-05
5.642385520688683229e-05
-2.423636248483611598e-05
-4.070139459608674797e-06
-1.036308303077208150e-08
-3.131649768492155835e-08
-4.244209139470767511e-08
1.320825359238550144e-09
-1.032818911714036579e-08
3.093195531690623760e-09
-6.504808346024443717e-09
-2.672493157897309215e-10
-2.812377634649174682e-10
-1.348070703095097365e-10
-6.406886109518621912e-11
-1.471904298805066395e-12
-3.992488446244979157e-05
-3.050520521435769717e-05
1.969450694936600863e-05
3.972018613374649355e-06
4.816809887558004512e-07
4.709437972898393384e-08
2.739743437806616778e-08
1.423456332064209814e-08
1.429876691627975619e-08
-2.988525757838034792e-09
5.579676908861836283e-09
1.622708463358861630e-09
1.404400643277950232e-10
8.677710484714579780e-11
1.509377724758147329e-11
1.024576526806015416e-11
-1.900933166989043899e-05
-1.843179819566830369e-05
1.273371928324759738e-05
-2.159683477175312249e-07
-3.940516049944810081e-07
-7.689139456011100183e-08
-2.175341546961035845e-08
-1.223340592250863476e-08
-6.526978447089727202e-09
-2.899873204417590758e-09
-2.050414123616739183e-09
-7.203566771317596049e-11
-3.975323467410134471e-12
-1.693389566485412966e-11
-7.816992405646537585e-12
-2.248635223400250991e-13
-3.345977936058368437e-06
5.030127711859166442e-06
3.860711089060451933e-06
-1.314814311955514601e-06
1.417557714680818205e-07
4.623670064079707677e-08
1.263688850336603461e-08
8.087619907447774387e-09
2.600017540189187046e-09
1.954367171634921552e-10
1.357358936060742572e-09
1.709148579778536163e-09
9.727676997821702142e-11
1.757016432090605131e-11
5.811966188231439448e-12
-7.839771796969166468e-13
8.149546363385849757e-02
3.446753254078534223e-02
-2.307065329592172115e-02
-1.645899635233439781e-03
-7.837903644075907748e-05
-1.221969268726304939e-06
5.294283311191833048e-06
2.186736601732995059e-06
7.369779980036779389e-07
2.547806585405534012e-06
2.460598151938840268e-06
1.297369583596938898e-07
-6.151608995824600252e-08
-1.821539681604781384e-09
-5.448734062169406839e-09
2.501797846653453808e-09
-8.344425827805631629e-10
-1.148604737520249677e-02
-3.696300308870466983e-03
2.753529858257709913e-03
6.472397975478593260e-04
5.945191167836199833e-05
3.824646049334214902e-06
-9.704138818850434599e-07
-2.516504853118909969e-06
2.461164834671905454e-06
-5.409712430387344613e-07
1.037887246979204763e-06
-7.102060168666353067e-08
-2.621836918958801506e-08
4.575617748845189350e-09
-2.922722324797370458e-09
1.527638121721034888e-09
-1.775248488401207466e-09
1.085022210287052685e-03
6.222110643398877025e-04
-1.637311890133617603e-04
-1.887348319321305789e-04
-4.674354309634126475e-05
-4.437353244193414337e-06
-1.340267641480092070e-06
-2.390145436168252361e-06
-4.347698790544526835e-07
1.269803872594730491e-07
-6.462292136542578182e-07
-1.414710480094428280e-07
1.124276688765154040e-08
1.798368092005359018e-09
1.730745297444842185e-09
-4.612383618512132909e-10
4.408846667317451008e-11
-1.803868779737225500e-04
-1.935344250907459769e-04
5.706804538947245041e-05
2.621428161237328286e-05
2.620593117674312880e-05
4.046824561949693761e-06
1.733922701219802200e-06
-2.332163340441552544e-07
-7.847200186998942592e-08
-1.385243989628224749e-07
-6.242216228183795115e-08
8.860818748309934379e-09
1.021751393710914354e-08
5.454602972932570916e-10
1.143265424509849488e-09
-4.459279815558863833e-10
-1.144228090799717993e-10
-2.471375873874587229e-05
6.143151053744977451e-05
5.388401901453598636e-05
-8.418486320580698985e-06
-1.165709431908702755e-05
-2.783630386495940142e-06
6.388901745884824611e-07
3.147159217504209270e-07
1.314584868598521500e-08
6.180546006043454771e-08
3.469536472405164226e-08
4.817678603807101398e-08
5.302627728309161288e-09
-6.279076881612990719e-11
1.922595036508987508e-10
1.940332693329071815e-10
1.407271838563188581e-12
-9.031476292847450858e-05
1.074169509047377257e-04
1.472106893395651610e-04
-3.438880210027861511e-05
6.074468428714406076e-07
9.147046771900038138e-07
-3.312423928526157827e-07
-5.617081834794296529e-08
-4.240876166017202733e-09
-2.519440466796144078e-08
5.243710700396241947e-09
-3.445018875063229907e-09
-2.663572538377406521e-09
-5.146450490441705201e-10
-3.411160017669099768e-10
-9.079725755230421599e-11
5.719824748277628365e-11
2.211458961162592654e-05
-6.512686194584058888e-05
-5.609381955591137586e-05
2.386507991002185321e-05
3.349857964763637346e-06
6.079860296340536080e-08
5.832668082035958263e-08
6.479024946488512910e-08
2.537874081900290813e-08
1.486533142759827980e-08
-3.593476155231124000e-09
5.633151159919732802e-09
1.731427478361543317e-10
7.535183659068518113e-11
1.499791340202823778e-10
3.494393899296708755e-11
2.486425439969695272e-12
-8.103461147499077942e-06
3.881055424927251109e-05
3.043387134016611154e-05
-1.954070616765032139e-05
-3.805307195876631417e-06
-4.930901964728386726e-07
-8.370331237241081886e-08
-4.985185199210132624e-08
-2.410069800865141079e-08
-1.591376027403249848e-08
2.853752876526091238e-09
-5.284078335162161256e-09
-1.429940857981896680e-09
-5.779790598276142331e-11
-8.594903600267751618e-11
-1.330492810317100985e-11
-1.238801202678197221e-11
-4.264682425692319095e-06
1.856339405153282663e-05
1.842305547212868389e-05
-1.273418296216397098e-05
1.988857500583050543e-07
4.059230235817180136e-07
8.647702973645065197e-08
3.905944307430979497e-08
2.181924758015081641e-08
8.505312321787180647e-09
3.358878563765656278e-09
1.802639527573016997e-09
-4.921268794029802148e-10
-9.140216318895899735e-11
1.900400127910771039e-11
8.785064422931569709e-12
-1.203310515536132049e-12
-1.829699547285653262e-07
3.095662108993293559e-06
-5.737306165724100011e-06
-4.230077095469503568e-06
1.367501745977948149e-06
-1.157078067499199885e-07
-6.640089397337032913e-08
-2.399738591172365598e-08
-1.165946293377850996e-08
-4.224477950470083892e-09
4.500284351977453356e-10
-1.317788692626913259e-09
-6.869088276765381865e-10
-1.130550385430767201e-10
-3.857003747012407933e-11
-1.116041845676678425e-11
1.402272960921735691e-12
-1.508465591584829679e-01
-4.389054687917635922e-03
-1.092631045724170918e-04
-2.550330953744003575e-06
-1.864858040122590518e-07
5.691669980657124155e-07
-1.466111378420840921e-06
-1.480072863020800959e-06
-1.647476706929166657e-06
-1.307578099450011928e-06
-1.504945295715350418e-07
-2.292754240787835431e-08
1.578023154575847413e-09
-3.197984051049152671e-09
3.857709732525729977e-10
3.704668815228073219e-10
4.888792711310653571e-02
3.819337354739071790e-03
1.812429413787064838e-04
7.170939949909238407e-06
-1.113548060050654760e-06
-5.163868614608834668e-07
-3.212628673238573281e-06
5.335739046414574327e-06
-2.792986648101553362e-06
-1.232295945317368261e-06
-7.331145830232804953e-08
-1.531297969060862942e-08
4.111960379672714381e-09
-2.221130728630168956e-09
1.409094868634931672e-09
-6.320247772019000181e-10
-1.297348019526168607e-02
-2.492306649095775515e-03
-2.244290201792117109e-04
-9.629918127825364273e-06
1.251285006390348165e-07
4.661454406406797906e-06
3.259558034729645736e-06
2.028772280102271380e-06
1.009018930918301507e-06
-9.786809487167941908e-08
4.886460484156293650e-09
-5.117464758600317071e-10
-9.212913454880935591e-10
3.639343006387856467e-09
-7.056624623491608033e-10
1.047754481540796386e-10
1.047852507635142847e-03
7.284841800385477096e-04
1.395871031733404667e-04
9.646468246440304770e-06
-1.861132611241313637e-06
3.420865031350619263e-07
-3.143977519311899732e-06
-1.421122426175803457e-06
1.075349066215863386e-06
2.844282448393927060e-07
-8.956725580875047180e-09
-6.177631810091640130e-10
-5.351604245044452888e-09
2.625640320871959851e-09
-1.791141779655799341e-09
7.115688838140532171e-10
-2.606940618090069768e-04
-1.363931357415490301e-04
-7.273938039596049504e-05
-7.154783870761457868e-06
4.467515505128579202e-07
1.602808168143498090e-06
9.574974251340980416e-07
4.976783312244629643e-07
-7.571754411363161758e-08
-1.334300073196250205e-07
5.941214711206381394e-09
2.230716120930557933e-09
4.051749411495271492e-10
1.958113781134795133e-11
1.923030408872142355e-11
-2.587026195212048516e-11
1.190107914442889447e-04
5.518967463427404608e-05
3.144354420938403575e-05
4.645248505299863314e-06
-2.770641835677766991e-06
-1.804266545410687004e-06
-4.197922996130604283e-07
-1.246151555121018139e-07
-1.222403453268502899e-07
-2.725995546332526137e-08
-1.481896852166387523e-08
-7.924673927495412317e-10
4.604369359535218108e-10
-7.328436599901966616e-10
2.894416170942195753e-10
-1.712788842490852830e-10
2.538309852702611848e-04
1.113499888207437991e-04
2.199271427156472463e-06
-8.966519235603281894e-07
2.039203537467393536e-06
9.867719150400861513e-07
3.636521011539394521e-07
9.115486357002874585e-08
4.378517264346033747e-08
1.801332328098044366e-08
1.295058888721172746e-08
1.303837252164054274e-09
6.122843743064419657e-10
2.769350685233228958e-10
-3.604446017116484108e-11
3.494901063506653551e-11
-5.127365719959224745e-05
-8.209808723019843240e-05
-1.263069896278405889e-05
-1.317188949081257039e-06
-9.635479730114747831e-07
-5.238342995858886431e-07
-2.341366603333344489e-07
-8.302866226398672509e-08
-2.196932848079687325e-08
-9.991832467130676160e-10
-6.178892978721410786e-09
-6.608833416058543061e-10
-5.908609904903858886e-10
-1.214870265939609818e-10
-2.846625488420742190e-11
-7.161152981793955203e-12
1.787461359752360953e-05
6.527791925073817047e-05
1.377323084979500744e-05
2.076751267226483165e-06
5.929095996543875403e-07
2.883624755490113407e-07
1.402082872873184886e-07
4.765504280177112536e-08
1.109961426851581473e-08
7.815120949471913513e-09
4.853889712027236282e-09
3.615365106390521740e-10
3.696576339262471910e-10
7.629345291677053305e-11
2.390350881440782455e-11
-8.733253713230866874e-13
2.029269102212427874e-05
4.669861802072991470e-05
-5.025478792410510638e-07
-1.494164274165286012e-06
-3.987205405056287604e-07
-1.623627097016006321e-07
-7.311372665991857894e-08
-2.814006392979296915e-08
-3.812182314514035977e-09
-5.619687410980283782e-09
-3.291997965036627287e-09
-5.182351180807778684e-11
-9.881782686528263216e-11
-3.010444338136838118e-11
-1.465063577700046386e-11
4.673810321630967924e-13
-5.280885500814263826e-07
-1.560090967709415645e-05
-5.046644897754873024e-06
3.910389280888902997e-07
2.044550902691155450e-07
6.270666768959411610e-08
2.974758866095108200e-08
1.318367464261618432e-08
4.060256761485682802e-09
1.461138124875188169e-09
2.971351257942283495e-09
2.774575007599312120e-10
4.315729357496159610e-11
5.899672264151570840e-12
2.732769270628253389e-12
2.071598147383239901e-12
-1.753583287950215008e-01
-8.703701169586754161e-02
-5.868996228131980776e-03
-2.693366291605209478e-04
-1.150752000668545409e-05
-1.443949496892553591e-06
1.295508319034710274e-06
8.048529784504771488e-08
-1.209948410606289145e-06
2.317148680156730949e-06
1.647699000722103995e-07
-1.063724644188382149e-07
-1.968510935583696512e-08
6.112100387214735120e-09
-4.689449373170153629e-09
5.975177302548440489e-10
1.447079969378258793e-09
3.747231351490221216e-03
1.188389300227344313e-02
2.320974248064367612e-03
2.131313150948275115e-04
1.084602394738609090e-05
1.134555021139820477e-06
4.141891060079003895e-06
9.156377692131139848e-07
-2.423157924666160484e-07
-1.775131885497384837e-06
1.194636593843322736e-08
-7.987050016726683906e-08
-9.958937080798611615e-09
2.093389023424420330e-09
1.042650909135417830e-09
-8.678494673749165523e-10
-5.358426498130245849e-11
2.978760156432861241e-04
-9.753688217704229802e-04
-7.278185806127002557e-04
-1.373702958411157865e-04
-8.112541112214578744e-06
-4.682387347998935283e-07
1.601917160732205622e-06
-2.391357429094639559e-06
1.390528417527012809e-06
-1.279907058957797963e-06
-2.272782305941417773e-07
1.814747513990117894e-08
1.071620480822966681e-08
-1.298177592944889927e-09
1.701882779241809039e-09
2.465057580855075251e-10
-1.894435215010025181e-10
7.395937470293759716e-05
2.736358257525625106e-04
1.380120225205142546e-04
7.291159782780763730e-05
7.253036285383478145e-06
-6.055617385597343888e-07
6.655709870320928381e-08
3.386544439870082141e-07
-5.192410627988882535e-07
1.036173334028978364e-07
9.187128423096072563e-08
-1.610241807232784402e-08
-1.140207475050824827e-09
-4.088094255511620024e-10
3.039915157469082941e-12
2.259670284880372718e-10
9.813382037115708749e-11
3.785874403297460226e-06
-1.150577006794222180e-04
-5.346772810728457609e-05
-3.011499202092673191e-05
-3.664837565463837618e-06
-2.835631857621475327e-07
1.429600386829979263e-08
2.390569531809930830e-07
3.144736650868983970e-08
1.464861370874229848e-07
4.787190546226440570e-08
2.346903352646891835e-08
7.493618227833889627e-10
4.173626548273606157e-10
2.733637797981916064e-11
1.398823532314823655e-11
-7.205300308961776312e-11
-2.417038395734239189e-05
-2.558090768685561335e-04
-1.124594835370247803e-04
-3.243795614276729628e-06
1.059571180807760314e-06
-3.005339900101844808e-09
-3.662599814379942612e-07
-1.944589535868004403e-07
-5.654923779540555966e-08
-6.371165253469591717e-08
-2.966921467207030266e-08
-1.681195888178992692e-08
-1.682368570895775693e-09
-4.831607252200946022e-10
-5.795204749240955826e-11
-9.240449529771784022e-11
1.617851074592055598e-12
6.486544491726803390e-07
5.081851720161722081e-05
8.254087571804777910e-05
1.291827123983013550e-05
8.441048337201149632e-07
3.598482461063369129e-07
3.384802140077835242e-07
1.534618436703733347e-07
7.283805072517168317e-08
3.148150099694888146e-08
6.470458802359356547e-09
7.668469965996077906e-09
1.105420604308298958e-09
3.836294540144418553e-10
8.569826899510019680e-11
1.811925045622513493e-11
2.293352372761857870e-11
5.514209833093266015e-07
-1.764471309491596034e-05
-6.544482169329395136e-05
-1.374301307345382231e-05
-1.828342808478624219e-06
-3.907463363644552204e-07
-2.400951932242433095e-07
-1.113726371751410497e-07
-4.940499059443305297e-08
-1.637568817233654954e-08
-1.068213548923968831e-08
-5.615350705821991076e-09
-5.554948636122843452e-10
-2.869825258103686877e-10
-6.636038406586273712e-11
-7.587972311676299514e-12
-1.353167031693600122e-12
-1.796150466280267687e-06
-2.039342512327558475e-05
-4.660454460505018739e-05
4.518978371630224545e-07
1.346046221169013317e-06
3.436523415985647841e-07
1.515632115535770226e-07
7.302584055678269196e-08
3.338645828287621401e-08
7.872390034989400297e-09
8.395950411545803811e-09
2.999402147290808199e-09
-9.605394568672789375e-11
1.233419116909555289e-10
2.151158993532021025e-11
9.969851181516588082e-12
-3.640767785699700346e-12
-7.355434494226446633e-08
6.050220892885706866e-07
1.558304852942782437e-05
5.352119842779687635e-06
-3.369772050312035453e-07
-2.528634681995447987e-07
-8.864486076678683821e-08
-4.259516677666046257e-08
-2.210678703613909641e-08
-9.946612579613957041e-09
-3.671448568705965073e-09
-3.165214997785513851e-09
-2.462174995852823323e-10
-1.177695350579102109e-10
-1.710060698517987274e-11
2.576072752295608883e-13
-3.483320921098140455e-12
