1.302074473241866814e-01
1.030232212209149401e+00
4.185131302135674386e-02
1.194193295509685159e-03
2.850261392424853108e-05
4.047996223478925552e-06
3.755775760883408622e-06
4.322950307739598884e-06
-4.411540918852792365e-06
2.362407847691310401e-06
4.169547580446649651e-06
8.968142493819940213e-07
1.329527729055397161e-07
6.336678012750426519e-09
1.201129642605115814e-10
-1.517232685965180198e-09
-1.012931329985667303e-09
-5.051798166425108816e-02
1.375078746831088494e-01
-1.418781496523603171e-02
-1.122735441287890266e-03
-5.499503294559779929e-05
-3.699911529904262447e-06
-2.702119053190119838e-06
-6.528578693687282695e-06
-3.249862501582597975e-06
2.691070502833363414e-06
6.016344531794179115e-06
8.304336079508833824e-07
6.291891568152428944e-08
-3.560161573898070027e-09
6.344017551501185598e-10
2.945250849747407114e-11
-1.129916593771843164e-09
1.459237324896443810e-02
-2.028276494073335493e-03
3.929077841985021205e-03
8.261930868258858052e-04
6.847518459107821938e-05
4.287532460540722582e-06
7.770704846800060090e-07
8.120699637020954196e-06
-2.340394675521554105e-06
-6.322409315533763565e-07
1.737965476303973064e-06
-8.247217865620882475e-09
-1.230644506099773176e-08
-6.004909131845670885e-09
9.355890441211357551e-10
-6.011117273976440486e-10
1.044849574826333673e-09
-1.504421842171499131e-03
-9.853113745315561587e-04
-5.252732762557777314e-04
-2.532013303599935290e-04
-5.434855941735820313e-05
-3.993001196555538660e-06
-1.329984146223127173e-06
3.452117134445549975e-06
3.972677201202724822e-07
-2.109490589459995791e-07
-7.377350467582519462e-07
-1.475524812490952584e-07
7.887855195421041852e-09
1.978255262925270190e-09
-3.541715316464839013e-10
1.034814571159763421e-09
2.822189734362337850e-10
1.214140672552877105e-04
1.380831465398512433e-04
1.464321072685375550e-04
4.703165773732013202e-05
3.360966148734788491e-05
2.705593047998587746e-06
-9.670073338292770604e-07
-1.665508390509900254e-07
-2.256044853858455821e-07
2.804997980710783054e-07
-1.190258484124876293e-07
-1.871765991261127341e-08
1.051371804522492389e-08
3.790251972654915486e-10
-1.728097011893036722e-09
1.104469900580920007e-10
5.144246071384208134e-10
3.036849660315742142e-05
-8.638087427410262695e-05
3.013459360408069128e-06
-1.409743283445767499e-05
-1.393015311971043865e-05
-3.713603579419330192e-07
-1.207268973285821226e-07
-1.128498029289454581e-07
1.416722952335450734e-07
9.363823452959727812e-09
1.483266765940988685e-07
7.725650687805069447e-08
9.782430935735806754e-09
8.804141157283217670e-10
-4.775732030915001918e-10
-5.192574345731635315e-11
8.058123054782491147e-11
1.302333397922198041e-04
-8.905412630432285397e-05
2.049504031612412835e-04
-4.772567036766230190e-05
-1.871134122271645025e-06
2.441802960839170945e-09
-2.149600820370167362e-07
-3.664768716915117840e-07
-1.329062797909837369e-07
-5.924469473418609002e-08
-5.077637944873237570e-08
-1.609290685010773349e-08
-5.547919746151339882e-09
-1.152616480093244070e-09
2.084552405278299607e-10
9.107791419690884060e-11
-1.420812888124443730e-10
-3.328426061438583412e-05
9.536743115848778844e-05
-5.568663605996708823e-05
3.892750165283938090e-05
6.991378342983395181e-06
7.596411820970898721e-07
4.727760546321267209e-07
2.846890283621470421e-07
1.508422601033537809e-07
4.047533769792074612e-08
2.070321602226160034e-08
1.346542566427026449e-08
1.848756464465273233e-09
9.364208536066026178e-10
2.645359975098263417e-10
5.734551399346328554e-11
1.255120914336768655e-11
1.211542302301022989e-05
-6.415340188428602969e-05
1.000363837189895415e-05
-3.671142711885851199e-05
-7.485883743755072043e-06
-1.373055528886684325e-06
-3.975412543331844275e-07
-1.907309712694030803e-07
-8.730267499858116349e-08
-3.656996504538677287e-08
-1.051263113768286737e-08
-1.010023224632548988e-08
-3.407649315389235486e-09
-6.380753131172044204e-10
-1.987436896473526657e-10
-6.961635376914148087e-11
-1.774828516081225118e-12
8.789615789428341258e-06
-3.198309305287840644e-05
3.445594914299616714e-05
-2.180737717637925730e-05
1.117995364407371017e-06
1.080276919093637457e-06
3.103490044089415345e-07
1.096893675315544721e-07
4.385891000448769333e-08
2.010266092539705954e-08
2.092783232346899168e-08
3.937259752633698435e-09
3.540149574925559009e-10
1.822904759159927663e-10
2.260788851745586246e-11
9.342633704596468444e-12
-5.721878167410502776e-13
6.385682844792075686e-07
-5.671042445755326509e-06
1.143890785674256455e-05
-8.082017427278432946e-06
2.205938766604888822e-06
-4.761339742867874942e-07
-1.540685114721031580e-07
-5.591833631951127607e-08
-1.851650658023171796e-08
-7.503908707961429339e-09
-6.086861230774879749e-09
-4.822223724635675609e-09
-3.750747259485899281e-09
-2.941511414255265415e-10
-2.321431158369065513e-11
6.531142427604663475e-12
-1.135156582548308063e-12
2.622966657108245780e-02
-2.543561130329302644e-02
-1.754212888473160063e-03
-8.085256247759940035e-05
-4.629839749696352775e-06
-2.406048088660570795e-06
-1.718681959310726461e-06
7.080168515488740363e-06
3.826990266025024746e-06
2.998409739557852325e-06
2.093332790155921217e-08
-7.554781832284345544e-08
-2.077926611243038463e-08
2.316379567172384163e-09
4.566437579401725053e-10
1.855433612441543545e-09
4.968512758928366564e-04
3.631474491655296323e-03
7.659777987800539707e-04
6.403865007278257708e-05
1.624623983557691093e-06
2.314417144211984988e-06
-1.225099926249116706e-06
6.155181494099905793e-07
-1.037570381466743157e-06
1.268880960486152660e-06
-1.317748760433933661e-07
-2.221578657387338787e-08
-4.417117537214024001e-10
-5.191732699112202199e-10
-1.123288381950554312e-09
1.027810421957119669e-09
-8.512425984805770465e-04
-5.041629487069469338e-04
-2.595123076750427155e-04
-5.289335137812558745e-05
-2.175317080309892372e-06
2.671476460832676070e-06
2.696413987900621069e-07
9.173179957512870335e-07
-9.470013916313264381e-07
-7.946996252527258376e-07
-1.565610636449338888e-07
1.136751799672575758e-08
7.978860592767956674e-09
1.489353054907041952e-10
-6.472629191314264181e-10
-1.036235174582586303e-09
1.474119774552559649e-04
1.542984639454277084e-04
4.518712755635082343e-05
3.357810744465318682e-05
8.526539375786925815e-07
-8.379799211682966270e-07
-1.428584351110823943e-06
-2.946153971959523429e-07
3.136126049771461382e-07
-8.524238441465280974e-08
-6.053471862156177992e-09
1.569234782145395243e-08
-1.965532326147451144e-09
-4.111672396152073244e-11
1.534724862770383111e-10
-4.300455393265620854e-10
-7.331176472513329149e-05
5.087395690341942141e-06
-1.649244004884043569e-05
-1.264352281456489062e-05
-1.214839072034801420e-07
2.246127476704206794e-06
1.261253335813508146e-06
1.782131863557444631e-07
2.457487303267005341e-08
1.259009774386634670e-07
6.756837571647762533e-08
9.063462218042359220e-09
-1.639417736065741417e-10
2.706179242543844132e-10
-2.584231794757988678e-10
3.398682055906466646e-10
-1.157278205102108530e-04
2.030326288223984930e-04
-4.664675586924843840e-05
-3.076395512194865982e-06
-1.010381131128219135e-06
-1.286544831849916439e-06
-5.465488880338840410e-07
-1.614169813815684434e-07
-5.932853554317585400e-08
-4.119287092604093332e-08
-1.241878134678433952e-08
-5.777013411069293256e-09
-1.575809302222028132e-09
-1.845633689931488831e-10
1.430068481299364471e-10
-7.914144800376970101e-11
1.001743369909746287e-04
-5.587379482478720968e-05
3.898923729140263460e-05
7.718358122698667503e-06
1.462964834716894095e-06
6.904278420648241488e-07
3.504528117093147049e-07
1.568928129491210179e-07
2.770722487621363246e-08
1.399095603431398485e-08
1.193241023248073135e-08
2.073771896899762789e-09
1.054010347674085237e-09
2.489357938452532326e-10
3.475380262406937971e-11
-2.835920511974166646e-11
-6.506372953323724337e-05
1.004003275566076694e-05
-3.684655176023708797e-05
-7.864660995311263775e-06
-1.619922645079608844e-06
-5.265298536969060321e-07
-2.313138882539720494e-07
-8.836605664969440406e-08
-3.254095028391705032e-08
-7.714652546640411749e-09
-9.473067034286348240e-09
-3.512601393156843236e-09
-6.929969610778892214e-10
-1.924678689068565547e-10
-7.263704200478094156e-11
8.838267239878144749e-12
-3.302733359488277713e-05
3.434081335058609372e-05
-2.176119238091248404e-05
1.338501824708619744e-06
1.194714905378251391e-06
3.824693458504483587e-07
1.527149967530124093e-07
6.167128877662362067e-08
2.337908382801625068e-08
1.987339294484933231e-08
2.170748118818564893e-09
-6.204388321533672759e-10
3.184196872705555831e-11
5.432164946681933497e-11
1.726707331936275620e-11
1.647440751526364441e-11
-6.327757951985896630e-06
1.179601598384828684e-05
-8.607312419367315836e-06
2.066354790092407412e-06
-5.437626884340923714e-07
-2.519873104096108972e-07
-9.821691544209768451e-08
-3.306759724923239314e-08
-1.396611761618265070e-08
-8.091761134329397205e-09
-4.149455476365416764e-09
-1.789107789820907660e-09
-4.344180989403473067e-10
-9.247482575506769662e-11
-1.670733974097272638e-11
3.354083952172530547e-12
-1.022713583212346844e+00
-4.168619794113934823e-02
-1.188671132443520862e-03
-2.501809942838469130e-05
3.017771466631584374e-06
5.354258049959603096e-06
7.489700037399307081e-06
3.899960661864255091e-06
-1.808982531421567675e-06
-4.168354784367613215e-06
-8.953818345124899760e-07
-1.286560784543207615e-07
-1.345750329972600730e-08
1.280500960560338361e-09
-2.796564689855096686e-09
3.531667010885319606e-09
-1.446383858887161922e-01
1.384316518834387451e-02
1.111532805207082796e-03
5.323147027260338976e-05
1.646168020594464710e-06
-2.432090635208837657e-06
-8.022425296860961465e-06
5.864539748737952159e-06
-1.723522003233753331e-06
-5.822318134356074930e-06
-8.218453833689425623e-07
-4.730605661269276396e-08
1.549326898374930594e-09
3.264770415258298701e-09
-1.445984491573007339e-09
1.459995182596463651e-09
7.209275523558328000e-03
-3.525484005992059449e-03
-8.057703660725387424e-04
-6.865608843860270167e-05
-1.538828578165198000e-06
-2.578802688308409984e-06
-2.009292490394241792e-06
-2.542175111243217481e-06
8.642289825295134521e-07
-1.802185636878210183e-06
-3.544573938971583372e-09
-5.718648860193244471e-09
7.288123367206181531e-09
-3.161087453573806026e-09
-1.227292029159119988e-09
-2.198249858487695599e-09
-6.360259654824906373e-04
2.528382292152545996e-04
2.323570242614069413e-04
5.219304593408412545e-05
4.174134267461749300e-06
1.070069969491419657e-06
-2.630642862659147602e-06
1.067833594759504653e-06
-7.755686763077220576e-08
8.189703132243434568e-07
1.763318875660858108e-07
-7.714099280035331536e-09
-1.635763189064717519e-09
8.302945173478899089e-10
-9.458162195791289139e-10
-1.089233861516783927e-09
1.842645171314945913e-04
-5.015245102586989796e-06
-3.288508404133786838e-05
-3.465541833836372577e-05
-3.018606327174399815e-06
9.639187747295277900e-07
-1.076959873396139567e-06
3.446177211471725731e-07
1.653003238973614793e-08
4.574007803936237843e-08
1.138493917374425786e-08
-1.095801802483871546e-08
-5.713606631476297738e-10
1.096902582895568815e-09
6.030331289913361885e-10
3.162750940584993283e-13
-5.260515359711479249e-05
-6.319710180607513784e-05
7.874211756454859031e-06
1.467146669073830963e-05
9.177869413623339958e-07
5.833730301801713145e-07
6.785403192715391543e-07
6.403728624809152794e-08
-8.085397417698320874e-08
-7.522707212204229278e-08
-7.290597392928794534e-08
-7.544978878223180589e-09
-1.111191368929112818e-09
2.577095703402824375e-10
-1.242146129455866865e-10
8.600713987904013724e-11
-1.855559923035959629e-04
-2.118314198536682964e-04
4.921401728267921444e-05
1.388347956769035200e-06
-8.440278662052056522e-07
-2.455757304927833620e-07
7.696337089105820385e-08
-9.836651846963271444e-08
3.344448336197336587e-09
5.751568383273495354e-09
1.326215988013686522e-08
3.583394279956994062e-09
1.149627057232894346e-09
-6.509871137662028221e-11
-1.707423024938199699e-10
5.018268814896697162e-12
1.063127279361883318e-04
8.694552276649647503e-05
-3.676964719155308207e-05
-6.215301632515453019e-06
2.751924548587739349e-08
-2.820964560846122917e-08
-7.697524714182102465e-08
-1.017513849095937046e-08
-1.038675953278247138e-08
5.912786399925533375e-09
-1.160306986221917455e-08
-3.418149859049498676e-10
-8.999958404966897719e-10
-2.037342937226148699e-10
-2.519740121327643294e-11
2.369404854402411482e-12
-6.432042879827631280e-05
-4.661012536986070188e-05
3.196951584593070038e-05
6.536797908227563306e-06
7.966637291354455071e-07
7.527797441807041488e-08
4.110875500134983869e-08
2.757326899376431668e-08
2.206935582519233965e-08
-5.704663072522195544e-09
8.585413915268338008e-09
2.372552852084184248e-09
5.738121931393570562e-10
1.447239451061844400e-10
5.648938587070276958e-11
1.339011936927892519e-11
-3.799099855696027065e-05
-3.646126143521873119e-05
2.523556307965012474e-05
-2.367416101189612028e-07
-7.118079714159406285e-07
-1.257010246250207176e-07
-3.233052334237680891e-08
-2.048739484452424406e-08
-1.063246015434445262e-08
-8.325928638703390412e-09
-3.433480779271601480e-09
1.877922443404698228e-10
-1.039277743436297525e-10
-2.577064241584931238e-12
-1.574152736845513613e-11
-2.595950658241019933e-12
-6.876701913811209601e-06
1.002926176323749803e-05
7.387442065821800055e-06
-2.691258235942234556e-06
2.927028218142925130e-07
7.621950959419720832e-08
2.582049108166405773e-08
1.236105859397201009e-08
2.773179408910724926e-09
1.757767958218331369e-09
4.115513218944660910e-09
3.562650967757301473e-09
2.531726819524386661e-10
6.431797260970757671e-12
-4.066451944673863018e-12
-5.798607000973033953e-13
8.799812935729238450e-02
3.729006184251101863e-02
-2.493908608944905847e-02
-1.736515514074646023e-03
-7.903798883792084295e-05
-1.231010306493022788e-06
5.559611595852361546e-06
3.849037243982236782e-06
3.339440069855376787e-06
3.737788503166420729e-06
3.138294420739487469e-06
1.898037600836097550e-08
-6.276858352090030870e-08
-1.605947168903940844e-08
-2.481059863255979252e-09
-1.635306900505640263e-10
-4.373752423622882797e-10
-1.350690303814846595e-02
-4.306836876433384718e-03
3.245780137889572349e-03
7.452302373300064963e-04
6.460117060071168555e-05
2.348522823200046245e-06
-2.070681954337081319e-06
-1.466470620729041470e-06
4.594592408349176214e-06
-1.335753796370194782e-06
1.322617946018736297e-06
-1.251435152470382308e-07
-2.294308013673831677e-08
4.228768109505896612e-09
-1.430851558805983601e-09
-6.619515114092292282e-10
-1.334512992022048857e-09
1.413219447146312011e-03
7.839417164953680489e-04
-2.324016767525231885e-04
-2.393789751754454918e-04
-5.635315310810912496e-05
-5.462616937124286773e-06
-1.131299226538513078e-06
-2.843032470001887164e-06
-1.501814249974813671e-07
-4.881608997060679015e-07
-8.364224447094865951e-07
-1.491877022988125805e-07
6.044804148909152394e-09
6.401908622224330364e-09
3.478491594108525762e-10
-4.397853455128049164e-10
4.319234965584457308e-11
-1.322631015493164045e-04
-1.721114121711703963e-04
8.398144077015539473e-06
3.070282290724106597e-05
3.506808050688875689e-05
4.926373341382423229e-06
2.974841003593623626e-06
3.562663400532398965e-07
-4.385486558273651707e-07
-6.100161257986685882e-08
-5.521269720092368503e-08
-1.063483212398287765e-08
1.927269240217246529e-08
-1.047011727245609266e-09
4.100258539732243470e-10
-3.429666651719217225e-10
-2.348188301669340688e-11
-2.907288750515758352e-05
6.716275730818640805e-05
6.522915304423690581e-05
-7.996716198961230479e-06
-1.644289294253047361e-05
-3.064632386771629876e-06
4.922583806052911620e-07
4.757271015561856605e-07
5.769452341137998533e-09
1.451829537227630747e-07
8.203489994258201971e-08
6.408172229408088100e-08
6.768072931364078113e-09
-5.160282357296531454e-10
2.370595801130642644e-10
2.616895990201510869e-10
-5.183794076013487291e-12
-1.289449127936508630e-04
1.558493330397990584e-04
2.098001347474872606e-04
-4.855677828275626961e-05
6.220286805409512339e-07
1.162287148276535761e-06
-4.297547292689560379e-07
-1.682465473891823196e-07
3.583771617565681429e-08
-3.832693526329977357e-08
-8.923190806526502516e-09
-1.044547399181609086e-08
-3.853917491576465266e-09
-1.265898127418139854e-09
-1.569227001276044943e-10
-7.224760359352850936e-11
4.623994596077875425e-11
3.479875898739089556e-05
-1.000425194790492293e-04
-8.687191948730324802e-05
3.617373190991745972e-05
5.301376611660055232e-06
2.618603261106038499e-08
9.425375999761032921e-08
1.109308578368158108e-07
4.129090217691160989e-08
1.681681089201488996e-08
-7.573668487990820542e-09
1.069968790923054448e-08
3.880875269672598568e-10
7.451817115304441642e-10
1.889113462621107225e-10
2.738282625940563953e-11
-1.368196981249476469e-11
-1.283619502299618101e-05
6.288525955192946057e-05
4.666240797349529304e-05
-3.169788108978058121e-05
-6.300485436583794768e-06
-7.912336958641783583e-07
-1.330910907922994179e-07
-7.221285041535663269e-08
-3.977267007104984050e-08
-2.499448276733084289e-08
5.289345499866863991e-09
-8.443729616350074358e-09
-2.187736291592618760e-09
-4.793805958779511144e-10
-1.465508960422496206e-10
-4.223715581568672476e-11
-1.096125523988131704e-11
-8.356732563859827837e-06
3.707243790271295844e-05
3.642730543439914246e-05
-2.519544818606702348e-05
2.319080987139914138e-07
7.250655808160014990e-07
1.538917062841376040e-07
6.364200905130984261e-08
3.791628437477141964e-08
1.454082126817949698e-08
9.616996318972866183e-09
2.102764768682342474e-09
-1.448233531926617467e-09
-1.026352346062916804e-10
5.822949766766039623e-12
2.442919620453689944e-11
1.798690667264675905e-12
-4.018119750556399403e-07
6.439537347060943155e-06
-1.157484770058711532e-05
-8.187879140364923947e-06
2.796439741589018750e-06
-2.465938048847854388e-07
-1.159933568807832326e-07
-4.547861311610210349e-08
-1.806607242332788726e-08
-4.329771343506496169e-09
1.159911233720992657e-09
-3.334220270831004517e-09
-1.159783254817837070e-09
-3.327002407361756831e-10
-5.462847250381857267e-11
-1.194852098210745876e-11
4.194805853650289481e-13
-1.491021079871364674e-01
-4.184772403493171831e-03
-9.746730447305606833e-05
-1.424118021491944762e-06
4.703368230046208606e-07
-2.463395502631378555e-07
-2.963530745163043378e-06
-2.329180061742036926e-06
-2.583529422122409940e-06
-1.216375677858973232e-06
-1.901930068571955259e-07
-5.126333451408700455e-09
-2.588300846834643778e-09
-2.267133215084710490e-09
1.751383476596966860e-10
5.095952821340928341e-10
5.273518378412239693e-02
4.036880949120378280e-03
1.826771919316095617e-04
7.994698801559027424e-06
-1.211364245945770475e-06
-9.397261156107446896e-07
-4.942320674552500451e-06
6.132091496804474393e-06
-3.638098438542251856e-06
-1.336792338577295099e-06
-1.137141896741209970e-07
-1.064017112041577003e-08
4.856950755618009814e-09
-8.964524384611862422e-10
4.578688794663665203e-10
-1.014603691010700650e-09
-1.523434421977844754e-02
-2.870904382423109750e-03
-2.484697208796482070e-04
-1.044615094600402740e-05
1.636264284935498224e-07
3.589279334520979773e-06
2.988230977773395782e-06
4.258760949659086820e-06
9.248629046874546239e-07
-1.633291577341634843e-07
1.068928620209869704e-08
-1.800925065815565077e-08
3.032102209527893722e-09
2.441751682430504182e-09
-6.782868474787371257e-10
-3.299913480061997109e-10
1.395424516697058546e-03
9.210659012741109980e-04
1.682912748121418930e-04
1.317402232911073981e-05
-1.513082711775632974e-06
-1.446410773637806589e-07
-3.250881371737033385e-06
-1.720023244164814275e-06
1.522944025709389028e-06
2.659906221703860718e-07
5.061867306146537578e-09
1.879078771361795496e-09
-5.357233733743050988e-09
1.259725957089420409e-09
-1.540378791741631464e-09
1.145857106444271038e-09
-1.025954402805912306e-04
-1.656823939743917425e-04
-9.833284279225077600e-05
-9.294420152142385971e-06
-9.419028164522030258e-07
9.853419424170815754e-07
1.524164387513260081e-06
1.224566079293247125e-07
-2.117636064491430482e-07
-1.030145800987788364e-07
-8.055090637048316932e-09
8.534834061890014100e-09
-5.836357370634898100e-10
6.662513370493858776e-10
-6.218186227788074754e-10
1.938949933947161600e-10
1.129752595390700535e-04
5.929946258017463419e-05
4.648718764997971281e-05
5.899386196057807576e-06
-2.461474478235231660e-06
-1.886784640159268090e-06
-5.028040323302513606e-07
-3.804100221878842857e-08
-1.399988654714037147e-07
-5.870628055480404562e-08
-1.025509446739596332e-08
-4.067993980117149948e-09
7.111050409124486585e-11
-8.425223742087723113e-10
5.104607746568758164e-10
-4.302080737773088844e-10
3.655359077894330911e-04
1.593356261275453512e-04
2.488215436731945989e-06
-1.191103989361887504e-06
2.442130524026432152e-06
1.427724432525179286e-06
3.985504953020300065e-07
1.101706680937740657e-07
8.202747984712993358e-08
3.821473626974722109e-08
1.450426356764487504e-08
2.456809459747531647e-09
8.052455673699105863e-10
3.126137564778623856e-10
1.543518827940440961e-11
5.337008312501676425e-11
-7.870221182179046098e-05
-1.247168485845632168e-04
-1.936776098048411808e-05
-1.890101503621833108e-06
-1.366955424466388705e-06
-8.115787463987812811e-07
-3.323281487863055195e-07
-1.167733737789569483e-07
-3.337698778521226830e-08
-1.080897549951980164e-08
-8.590906923283154703e-09
-1.715164398969921347e-09
-8.280041107253258744e-10
-1.333227568568917505e-10
-6.745961584575240343e-11
2.292072247151861765e-11
2.567751141252173132e-05
1.050931749911736154e-04
2.265467880515868929e-05
3.376625136412618243e-06
9.512295971169288707e-07
4.505748121708074522e-07
2.186805420794964814e-07
6.988617264890603464e-08
1.796386760819510207e-08
1.465548974862200079e-08
7.581560630578040162e-09
1.392296959102295357e-09
6.702620633647626903e-10
1.296912103190973620e-10
2.209545798401605793e-11
-1.151028695032742789e-11
3.926686291915147822e-05
9.220303288746915381e-05
-1.634226088964508622e-07
-2.660388434103729930e-06
-6.862120814051076750e-07
-2.668717070271877508e-07
-1.248231642432361961e-07
-4.499005785448177104e-08
-8.013565475794424128e-09
-1.202599795384189640e-08
-4.458178637285902274e-09
-5.788154051226091319e-10
-1.942390126119387735e-10
-7.219324176473217441e-11
-1.620095292848961290e-11
-6.987070059351583850e-12
-7.496844637565237349e-07
-3.136280978385661737e-05
-1.037904310867019296e-05
7.447347074269228701e-07
3.761606048418463217e-07
1.132707814238688347e-07
5.540619017040705544e-08
2.442650155955755587e-08
1.042961108220045117e-08
3.257038113427993014e-09
5.905751589829368823e-09
6.015566075743811902e-10
7.977050169010552562e-11
1.768824791964387457e-11
1.326465445024185801e-12
1.181116742034605587e-11
-1.904456054452262348e-01
-9.397317349937195363e-02
-6.211575848298064167e-03
-2.736592613927640318e-04
-1.116091311938801562e-05
1.129515370897715804e-06
4.025378153723518054e-06
-1.287353548756473693e-07
-4.005866926082128350e-07
2.374921049519110422e-06
3.885859153158243530e-07
-1.467622616980436847e-07
-2.572100609476355245e-08
2.279960106769894374e-09
8.169582468134783893e-10
6.365694277213785422e-10
1.777167548539268542e-09
4.437526776476188699e-03
1.395922084287224557e-02
2.675365179296088688e-03
2.338905765562233354e-04
9.548326772923165797e-06
2.175782227022456111e-06
6.420871529165718784e-06
8.665591936999503176e-07
-1.191451597321506404e-06
-1.763484709786013165e-06
-1.517117644627048166e-07
-5.077824442389950275e-08
-8.791983385075097406e-09
2.679244565392567833e-09
7.571131835958320688e-10
-9.985236284132080782e-10
7.073922634017568612e-11
3.733470532339965855e-04
-1.298130839412399385e-03
-9.182297855844369187e-04
-1.672242400863930645e-04
-1.228078338533956152e-05
-2.087445162225826442e-06
1.947486156306551556e-06
-2.357827716430601756e-06
1.473527696635067657e-06
-1.689533538506535852e-06
-2.505761782392301263e-07
1.985081320525665857e-09
1.286968427984387897e-08
-2.588288128046888131e-09
1.067068955384937096e-09
5.509804809281478930e-11
-4.706287139164280575e-10
-2.348476848469058389e-06
1.026163805110989562e-04
1.697329809093821968e-04
9.694106607567928987e-05
8.966478039392594793e-06
-1.195375643032375159e-06
-1.863499800721565973e-07
4.366383095770616610e-07
-2.651141613049402544e-07
2.156580159781963294e-07
9.069479963033112634e-08
-1.152282460162719697e-08
-3.377456851114809372e-09
-8.059531538945830085e-10
4.242701913136722256e-11
2.042355042765127784e-10
2.700201551397068577e-10
5.011617637804924330e-06
-1.090997267467585505e-04
-5.642818006581460386e-05
-4.596486241391854716e-05
-4.033325298861848469e-06
-9.901691873600720323e-08
-1.193341713215954210e-07
1.578273229363854250e-07
-1.755142512493088384e-08
1.642730211895522636e-07
8.222071098237496760e-08
2.162975183673501763e-08
3.064135737804626439e-09
9.066526688717576669e-10
2.274106857798914152e-10
-8.318793607282606354e-11
1.903694854680873149e-11
-3.424000388965096854e-05
-3.678886917545499892e-04
-1.616033334864449384e-04
-3.274916977793146662e-06
1.425782215109555176e-06
-1.777003642038623809e-08
-4.655475358112694575e-07
-1.624908760787890418e-07
-7.053213642045956105e-08
-1.035002976776515826e-07
-5.703779460850773291e-08
-1.818850364222210314e-08
-3.022167684147634265e-09
-5.818350950147479030e-10
-1.307479949388634172e-10
-9.537854018946006639e-11
-9.651929155023807905e-11
5.371850574104268738e-07
7.812676712552505342e-05
1.254374513067154674e-04
1.968810400188891028e-05
1.093605757075015168e-06
4.709082718994646581e-07
5.034169081814590720e-07
2.215808983412143631e-07
1.017202656261324013e-07
4.567457625016772091e-08
1.928479395895147724e-08
1.002977278179122340e-08
2.210147549120677963e-09
5.214844520250311087e-10
3.961059657152885824e-11
3.624369195112229925e-11
4.913741170694542172e-11
1.506789593130221112e-06
-2.542039959363731041e-05
-1.053445596740235562e-04
-2.260276813007464398e-05
-2.926423154200634975e-06
-6.153089179965105564e-07
-3.776941321881786357e-07
-1.787878049743913683e-07
-7.286139025849643454e-08
-2.680691712205419831e-08
-1.828891796856979646e-08
-8.389034200028437670e-09
-1.628230999634826208e-09
-5.148505683434132364e-10
-1.045216115246394561e-10
-8.662401880837255454e-12
8.478179751516540723e-12
-3.257082551649824654e-06
-3.932586494251710509e-05
-9.205024201885050471e-05
7.689830463325659727e-08
2.363373230909746191e-06
5.921927306728462474e-07
2.607958087836604235e-07
1.293333841642465979e-07
5.634715402425113995e-08
1.573646934357115822e-08
1.625726208583712978e-08
3.206625809942743662e-09
2.998431840201989215e-10
2.353145674054950961e-10
6.850498586643334209e-11
1.566007715757715699e-11
-2.826263916585371488e-12
-2.072372608524028796e-07
9.422909489191368918e-07
3.131826260341904545e-05
1.104754119318276295e-05
-6.145062713005832872e-07
-4.654174160575999789e-07
-1.717716294684102145e-07
-8.022232774008215711e-08
-4.338982853523091271e-08
-2.348232903353165252e-08
-9.298612683975422118e-09
-5.665893447056441423e-09
-7.877795920270381201e-10
-1.965750009269759116e-10
-2.517250169257952287e-11
-6.542173054037397409e-12
-1.109113915956253488e-11
