1.299285491810636406e-01
1.030387623500098382e+00
4.177242217797733081e-02
1.184455114045661860e-03
2.729988899949440862e-05
3.506956794344664292e-06
3.121290015643436264e-06
4.422136109640073144e-06
-4.906957140769463095e-06
1.261016600185926008e-06
4.054202788090803231e-06
9.585755049260319988e-07
1.294769186173811483e-07
9.447013573762009167e-09
-2.074611154370257898e-09
3.510890811173434851e-10
-2.959325536357447039e-10
-5.111130094753305736e-02
1.393004057301497345e-01
-1.435478686177027972e-02
-1.130542283449960774e-03
-5.496090463288664184e-05
-3.310122612963555189e-06
-4.953362940926160764e-06
-6.827971251341451369e-06
-3.651400981727417871e-06
1.504953109110428573e-06
6.149296540791943918e-06
8.127442441332020191e-07
6.851639011985088862e-08
1.262763394543904829e-09
-2.175678787585441196e-10
-8.159980955159923373e-10
-4.779303043823426204e-10
1.495336677579755212e-02
-2.077661527845759467e-03
4.025214983762180274e-03
8.440536809691713419e-04
7.041124437083942829e-05
6.002542863019326616e-06
-3.402173802123505614e-07
7.055751102922104770e-06
-3.178995443731741663e-06
-2.675152033932419995e-07
1.705568153026045220e-06
-5.229609087530067618e-08
-2.832191516364811848e-08
-7.912701577999947373e-09
-1.390144201602344607e-10
-2.419970705706348557e-09
4.196846970617140931e-10
-1.554283402428568170e-03
-1.042237200034537440e-03
-5.382945094243815100e-04
-2.626249111675430935e-04
-5.523894634619970240e-05
-2.437213438282691716e-06
-2.086558325842564402e-06
3.657780483765742752e-06
6.965701422248698126e-07
3.145279733491210972e-07
-9.319614344273581940e-07
-1.681640632172588289e-07
9.271141640794725937e-09
-2.592961791093364046e-09
-1.162707687018830172e-09
9.358337393704749978e-10
-1.264630310554432220e-10
9.292659884752573765e-05
1.737757496816888883e-04
1.318664803390099825e-04
4.611267946465752698e-05
3.567381555879766916e-05
3.491098938223299569e-06
-3.420948749551567161e-07
-1.250717882770357260e-07
-7.912901244577820402e-08
3.233034086987280307e-07
-1.308245111161168167e-07
8.348933003275710665e-09
7.935729873931595547e-09
1.439879711372533290e-09
-1.682856360706266489e-09
3.649267302094664291e-11
5.050980281190616550e-10
3.054701508435719550e-05
-7.985070649520800137e-05
-4.408215828277913968e-07
-1.370778154947226762e-05
-1.402494060649570855e-05
-8.306449442975255303e-07
-1.946326945560734720e-07
1.978098382279181866e-08
2.234175651192443251e-07
-1.079672660056383959e-07
1.261760068114529838e-07
7.611671071749656867e-08
1.147447558394024385e-08
5.273486039542662069e-10
-4.295295516284648634e-10
-1.510181137795321936e-10
4.008915860303486064e-11
1.303104916251071241e-04
-9.332398106756570159e-05
2.064721465071571525e-04
-4.860609230614665549e-05
-1.246960093760686048e-06
2.618498189046775168e-07
-2.285052849253211766e-07
-3.913326652777666443e-07
-1.774827347018367992e-07
-4.994494536929012635e-08
-4.322614390055600165e-08
-1.752959103012695433e-08
-6.540402989685714131e-09
-6.788625148950508457e-10
-8.168214718106726523e-11
7.155123125779554978e-11
-1.070737653785004844e-10
-3.304426419676702716e-05
9.835033591855309740e-05
-5.559768893546532671e-05
3.986915965244833282e-05
6.742397804591090188e-06
6.816793266387835878e-07
5.006929325830922005e-07
3.007164073294535161e-07
1.437995165995666023e-07
3.367949925718381002e-08
2.384362848229396803e-08
1.448399676984493208e-08
1.487775780434791798e-09
4.389232329561824013e-10
3.205892349433142747e-10
8.184689843581438731e-11
3.989115972853352219e-11
1.176910292548966469e-05
-6.458197891318821857e-05
8.929083916786565255e-06
-3.672827168235767313e-05
-7.483653877835409434e-06
-1.375490712539612059e-06
-3.872051081058711510e-07
-2.049993213921889547e-07
-9.053312007912779893e-08
-3.240325497327934075e-08
-6.125090058527480215e-09
-1.192728615485419619e-08
-3.296952115757653069e-09
-3.404785166469915102e-10
-1.983844622766298454e-10
-5.679566805279836388e-11
-1.872244928906426160e-11
8.844425930953650903e-06
-3.198361337913956245e-05
3.473997806372288078e-05
-2.176419800780887665e-05
1.165875625061384391e-06
1.107935268479559185e-06
3.202505574473124692e-07
1.199759313122228324e-07
4.597676004961400027e-08
2.055256900813294937e-08
1.967922018212814523e-08
4.430492213786742052e-09
5.599316671440319048e-10
3.497672494576677039e-11
4.370804224612421546e-11
1.148445422868103493e-11
-4.469000269168640626e-12
6.720646002719793226e-07
-5.792188407600821836e-06
1.159244631174344096e-05
-8.155726266163500118e-06
2.226599002814245122e-06
-4.848362423311441084e-07
-1.632714904042108034e-07
-5.721991718705380179e-08
-2.015752201509637117e-08
-9.344631106726616362e-09
-6.021599229696773839e-09
-4.513450998049618409e-09
-3.921160767837540240e-09
-2.453873135274900895e-10
-4.482440784852415793e-11
-7.167978673950428932e-12
6.085312594380540768e-12
2.658417624302122570e-02
-2.572949437578573445e-02
-1.767199433130951141e-03
-8.090201760278774984e-05
-5.443652639445577349e-06
-3.001880789790394912e-06
-1.726094041775906705e-06
6.182394361510098981e-06
3.080596002619714179e-06
3.111285618263312363e-06
1.065275259670511732e-07
-7.457111470465115884e-08
-8.885616175847703575e-09
-2.406925259695393696e-09
2.743762468836171856e-09
1.242583664953773377e-09
5.030281516835700918e-04
3.718067567337980661e-03
7.818728448358766830e-04
6.584114697347502512e-05
1.750319534386695021e-06
3.481633513510181669e-06
-1.790946721350638655e-06
-9.741658072637470851e-07
-6.099497768670013392e-07
1.257290190695915922e-06
-1.236621834238148290e-07
-3.460851233704426212e-08
-2.373098301951832207e-09
-7.340013686965068198e-10
1.077654479201305003e-09
-2.575436882554668025e-10
-8.922027106492872806e-04
-5.165700924653610472e-04
-2.669772232813931597e-04
-5.429377986383133282e-05
-2.121405833068988730e-06
3.300693965587877322e-06
-1.878037680920958968e-06
9.147167708072108154e-07
-3.383306198448751919e-07
-9.267126149390497071e-07
-2.028531889956164398e-07
1.933185072243183562e-08
5.479324373944772522e-09
1.672895965310500647e-09
-8.498439420676962515e-10
-1.049040534781499552e-09
1.687558401094899020e-04
1.362892308504810065e-04
4.544868671508105608e-05
3.404162923008530113e-05
1.224590919004722931e-06
-1.169576749420343522e-06
-2.208592443167116345e-06
-1.095660990369760636e-07
3.475655324088861764e-07
-8.696878115954282701e-08
2.238035338795609747e-08
1.094494926316520738e-08
7.285666467847837678e-10
1.230451519155391286e-09
-5.015741809490891104e-10
-9.133451414598553044e-11
-6.795210489544315066e-05
4.922227407765344311e-07
-1.513141190782692500e-05
-1.251801386075227890e-05
-9.419796892003735368e-07
2.695554153773072674e-06
1.519107731753844900e-06
2.221881385292621067e-07
-9.634833875434400336e-08
9.926260192897972088e-08
7.095713452507606918e-08
9.589786972886295141e-09
-1.387902315966120856e-10
4.751566466163863835e-10
-2.148706371847129233e-10
3.062490669866334981e-10
-1.197615652361075470e-04
2.056680984389689412e-04
-4.785807056595181255e-05
-3.049332670432460188e-06
-5.805654679777962899e-07
-1.510006227915191761e-06
-5.170150615608754497e-07
-2.023324392407131507e-07
-4.707710644029683092e-08
-3.176587866019401825e-08
-1.410240896575217409e-08
-5.910806029863166623e-09
-1.285212300884733833e-09
-5.638210721882360341e-10
1.959977477010404483e-10
-1.269883873210487242e-10
1.028377794191092824e-04
-5.597921220627804253e-05
3.984484965465076101e-05
7.814650062282325630e-06
1.366061398522657531e-06
7.146056729172141149e-07
3.454549000154134055e-07
1.530262927539242372e-07
2.042270329851834087e-08
1.710329824654613809e-08
1.254842192206693849e-08
1.899779052551323142e-09
4.692113709588313477e-10
3.059673258800312027e-10
2.218198213293662751e-11
1.099411701169055399e-11
-6.536750236435459615e-05
8.965701129221683504e-06
-3.679445675361843482e-05
-7.970047791319546742e-06
-1.615828035384015730e-06
-5.270332783357020346e-07
-2.483733708766524078e-07
-9.198682376161836480e-08
-2.826278072406562971e-08
-3.282065813384429502e-09
-1.096345183506823147e-08
-3.373338005030327296e-09
-3.415798030255000597e-10
-2.056925946277417066e-10
-5.046511373588802064e-11
-6.398180203925603520e-12
-3.301423431941058088e-05
3.465153881096403715e-05
-2.176006745154159374e-05
1.414702005498392654e-06
1.218706173085524625e-06
3.930697592407811172e-07
1.653130363919126595e-07
6.486536866046290636e-08
2.303189614557269761e-08
1.877525509815046514e-08
3.079811773060750001e-09
-6.415362953034149950e-10
-8.836917756036019109e-11
8.888682185493068323e-11
9.641003116883677983e-12
1.203670624446424700e-11
-6.515248244614804453e-06
1.195901436977683097e-05
-8.693765828594389079e-06
2.068610184593521146e-06
-5.467012842874806439e-07
-2.718151239292968915e-07
-1.033788678654182170e-07
-3.468347642098778230e-08
-1.557648874375897135e-08
-1.042633151621932434e-08
-4.301496065325175277e-09
-1.889800769132931235e-09
-4.011878670830681939e-10
-1.223839936039508730e-10
-2.200476745143003280e-11
1.100814715554189854e-12
-1.022925041215700048e+00
-4.161097926253227303e-02
-1.179410774828355433e-03
-2.446728729466318551e-05
2.715174447028501406e-06
5.584167312563143765e-06
6.748847472156077593e-06
4.812658127739148834e-06
-9.762856704852480019e-07
-4.005040617134107381e-06
-9.562329199456105698e-07
-1.219849271445475125e-07
-2.239430904056262886e-08
4.619723243015049971e-09
-4.610258353483834985e-09
3.361087345114295767e-09
-1.464849581952399615e-01
1.400875516671600159e-02
1.120418159327555684e-03
5.302968648796716302e-05
9.146448963735262984e-07
-1.334009333733366348e-06
-7.245616989518418292e-06
6.354649393420084327e-06
-4.879010467754348443e-07
-6.005285129652276007e-06
-7.921836766568203542e-07
-5.483749752242669420e-08
-1.717928461748861075e-09
4.784921421061994620e-09
-1.542260859103838638e-09
1.833649918660322916e-09
7.369887233150282380e-03
-3.613691029845972520e-03
-8.217307324303735208e-04
-7.021508356102216055e-05
-1.894187615364733102e-06
-3.699855032705949839e-07
-2.488627886856807627e-07
-2.847877185309956051e-06
6.184618453449163322e-07
-1.774613424091750304e-06
2.809194973015114017e-08
9.554150748369127362e-09
1.283521120123879556e-08
-2.341740924219181316e-09
3.855089698197414424e-11
-8.218314248679892985e-10
-6.369168063934619456e-04
2.585245891330478405e-04
2.420137330880352516e-04
5.341331419886396673e-05
3.016780274766416884e-06
4.509570631216254572e-07
-2.701467044587556454e-06
1.342033669574657938e-06
-6.994427694278116264e-07
1.019251991009782960e-06
2.025250922234970132e-07
-8.987268959995354600e-09
2.006860935148382102e-09
1.888475928430267150e-09
-8.228635577753594992e-10
-8.136733854010328020e-10
1.475234005654364690e-04
1.781361175930967693e-05
-3.117530345794400007e-05
-3.662424218530391625e-05
-4.413370182151497353e-06
6.975699490908037773e-07
-1.655949639137453611e-06
1.941451891441635714e-07
7.874993361384974879e-08
5.835680547552107232e-08
-1.908635223813448481e-08
-8.860474042310941952e-09
-1.315584374177923784e-09
4.707104070447882675e-10
8.760776711406007940e-10
-2.177541906183510082e-10
-4.564583069301142855e-05
-6.160186773777723052e-05
5.406774953451130318e-06
1.408490006962914872e-05
1.800758204636791518e-06
7.431360882082113588e-07
8.253734913377378138e-07
2.002674874864061113e-08
-2.409838364124740589e-08
-5.041443250400971290e-08
-7.088738195608064098e-08
-9.343897991841929293e-09
-1.154858683213417175e-09
4.116322939221033651e-10
-5.423646353029978306e-11
6.499248601260422959e-11
-1.902907248592404705e-04
-2.134288737122983556e-04
5.126268641289210686e-05
1.512617271619731234e-06
-1.286275276599568636e-06
-3.504347961635513969e-07
3.072434418492135595e-08
-8.891887345279678090e-08
3.330605814506624825e-09
-8.972971970642244711e-09
1.392968799202727373e-08
5.204078781230018840e-09
9.234528237841181412e-10
1.640062274087517754e-10
-3.109421168172236921e-11
1.079352332211112961e-12
1.088442674291478134e-04
8.778885025455104494e-05
-3.802121794042686198e-05
-6.314103260120503778e-06
1.791001257531081231e-07
-2.156545115600362288e-08
-7.376183717622644876e-08
8.495301201666318315e-09
-8.543740296220431663e-09
5.792085565910893354e-09
-1.130917756386942839e-08
-5.082798019172464252e-10
-4.100562111884014939e-10
-2.303786680510146747e-10
-1.226610570740578703e-10
7.196684723687975113e-12
-6.450208810286313984e-05
-4.617471141189083157e-05
3.199255441192353698e-05
6.630769122608938458e-06
7.484098482852285452e-07
6.165121850115159337e-08
4.325828872721316385e-08
2.459252274027836115e-08
2.414116823015019228e-08
-9.088491761687721725e-09
9.300286524601856128e-09
2.639626215337867821e-09
1.818365247164240227e-10
1.452546521203821403e-10
3.097926838397447768e-11
2.138445255972166116e-11
-3.789169182228714785e-05
-3.637170629450122539e-05
2.527214700711741125e-05
-2.910887395474006269e-07
-7.114588807266835479e-07
-1.299476907976641684e-07
-3.449759357754961517e-08
-2.030647618420138920e-08
-1.211577733052099186e-08
-6.876614340433154570e-09
-3.581206250886475738e-09
-2.257629157087915637e-10
5.062983276674604464e-11
-2.294322089492549430e-11
-1.265335936194294692e-11
-8.552089757577654594e-13
-7.113670168590220564e-06
1.004543740802234701e-05
7.441383970301880532e-06
-2.735894921428702042e-06
2.915048189536506158e-07
8.196642304705577063e-08
2.431038484935370234e-08
1.503281426656502716e-08
3.926136667391946784e-09
1.005230443803871056e-09
3.666267884366916475e-09
3.868454033911167787e-09
2.032230407290357564e-10
2.984250659874502150e-11
1.217183898136840475e-11
-3.008154711210829478e-12
8.901960185181038987e-02
3.773532190952896131e-02
-2.523251293087360250e-02
-1.750159653538986429e-03
-7.812343667351428047e-05
6.953232087978734037e-08
6.221145284983869403e-06
2.941376152832505706e-06
1.983800800075359998e-06
3.365885295024336056e-06
3.156045316988012261e-06
1.362765947320225022e-07
-7.233115614802841529e-08
-6.217078613801136257e-10
-8.169341496013631237e-09
3.101336080257232362e-09
-9.770922004472626184e-10
-1.383943632723878825e-02
-4.403291165321193516e-03
3.326660076472607273e-03
7.604448030595526526e-04
6.520291025185219523e-05
4.091538092896728611e-06
-1.878754537278007707e-06
-3.632272114598428988e-06
3.828461572020989268e-06
-8.371656303992837624e-07
1.272778013165025402e-06
-1.061366393892744191e-07
-3.481503915698880877e-08
5.652087483707293652e-09
-4.410920044581852754e-09
2.064571047301477892e-09
-2.516497452353223128e-09
1.455719085092184017e-03
7.971757954058028648e-04
-2.369711678696469399e-04
-2.480768165668494171e-04
-5.782823744640638462e-05
-4.679534016030344517e-06
-1.457588687575068845e-06
-3.709231904035213383e-06
-7.431388295201209616e-07
1.026685396819943476e-07
-9.400707329904632943e-07
-2.117336665970992942e-07
1.462523967719944528e-08
2.417486879782838879e-09
2.771440479988299700e-09
-9.503550116053368313e-10
-4.098347257105730412e-11
-1.003123177385778779e-04
-1.512662965910376977e-04
-1.419423002624915204e-05
3.018280874631376414e-05
3.585186179828528098e-05
4.800923397779905712e-06
2.904936930573799440e-06
-2.604038648340534544e-07
-1.638203484822220100e-07
-1.527244339075684802e-07
-5.483023252002453877e-08
2.271286668313842133e-08
1.562248299870085095e-08
1.019912325318492002e-09
2.030675211071110204e-09
-6.388846667092799881e-10
-1.617832241923977992e-10
-2.944851184293927204e-05
5.811208819532615949e-05
6.316860963157490600e-05
-5.496015233461862577e-06
-1.764459143267455232e-05
-4.094225804825008947e-06
8.804808820840077518e-07
4.661538658037981288e-07
2.938674822273513475e-09
1.036975515881311519e-07
4.874311765916387449e-08
6.769699729650157006e-08
8.045930107243275461e-09
-4.373280827234342192e-10
2.908765234503584562e-10
3.037848533381195751e-10
2.421039138200434266e-11
-1.289758582534381037e-04
1.619379808613737222e-04
2.111391872465018856e-04
-5.075087078904749776e-05
1.733562696703242334e-06
1.631727890319665082e-06
-5.395355597044913938e-07
-5.719358737870967465e-08
2.046560204590865464e-08
-3.847978167015822461e-08
7.013717822544109634e-09
-1.141803520300320300e-08
-5.141731962831757940e-09
-9.112005629737157801e-10
-5.838341107084973031e-10
-1.462466317055048383e-10
1.116259173948160804e-10
3.449376801764911471e-05
-1.029826493963536648e-04
-8.734832089663581997e-05
3.743024525817285317e-05
4.970506616265724781e-06
-6.538905922046932848e-08
6.269857079158876429e-08
8.683872102271396403e-08
3.152433981054887954e-08
1.400692517364593662e-08
-6.823540898716357624e-09
1.000728633040231715e-08
7.685272857557947554e-10
1.116969489433717605e-10
2.650089238615000031e-10
6.918533364460191797e-11
-7.597318373138614668e-12
-1.243296173144907019e-05
6.308554181016491310e-05
4.608204053189135735e-05
-3.172579436955669100e-05
-6.296184739762729215e-06
-7.730770989449225260e-07
-1.066703582947249716e-07
-7.931884092781289028e-08
-3.936445959456420104e-08
-2.631418955893263074e-08
8.501831009195698734e-09
-9.043641277029892126e-09
-2.422037659459836131e-09
-3.687705911180827938e-11
-1.553337299983953887e-10
-2.010617035768645623e-11
-2.400107391836215981e-11
-8.442785423551099155e-06
3.706806614716572556e-05
3.638807770518875083e-05
-2.522575106231326718e-05
2.533036644322325238e-07
7.246587851671109366e-07
1.470756965069296001e-07
6.994631099316625696e-08
3.953108956554739199e-08
1.643292451489017720e-08
8.095060729296171567e-09
2.915778708164232150e-09
-1.199451574975758350e-09
-2.714109617095208156e-10
3.828653303211603666e-11
1.434106709530537798e-11
-3.517276897680936913e-12
-4.217455377389093881e-07
6.608002657521197042e-06
-1.164465140939521954e-05
-8.281679460542355488e-06
2.868779190103218657e-06
-2.350849863897365276e-07
-1.266909400459917980e-07
-4.632789028903075072e-08
-2.309980033492772379e-08
-7.544238007612530955e-09
1.030175787466371546e-09
-3.413258561813047197e-09
-1.531900002846240242e-09
-2.478478977008952554e-10
-8.879164261911813050e-11
-2.725207810112526658e-11
3.449349676993449794e-12
-1.488162177363866467e-01
-4.150699460663635591e-03
-9.501230221937295847e-05
-1.401101999108136426e-06
-1.596003002323250995e-07
1.527643316479881855e-07
-2.200425236558254634e-06
-1.872346613478541272e-06
-2.108288148572267311e-06
-1.400982939730107523e-06
-1.570148923531648407e-07
-2.345803663594682669e-08
2.766932434887662533e-09
-4.767086084788397438e-09
2.895092806518524585e-10
6.054044782942830590e-10
5.333912760871045711e-02
4.069931955516249179e-03
1.823577825926029608e-04
6.821779960686473403e-06
-1.255592209047741637e-06
-5.277938476367035180e-07
-3.969938343979534903e-06
7.132619101252538480e-06
-3.836553417914615735e-06
-1.393201426872462722e-06
-8.116136709645967775e-08
-1.495684079947211160e-08
5.325624558443840939e-09
-2.818341465581137209e-09
1.931451015526876886e-09
-9.870379806516229351e-10
-1.560752065131553075e-02
-2.931777879119042314e-03
-2.529160986622264488e-04
-1.107993915206635840e-05
-2.273748918650550931e-07
5.914451028573473170e-06
3.364169324566634142e-06
2.174671063825295827e-06
1.479611514719722239e-06
-8.927592699236113731e-08
7.411901969321587307e-09
1.581853872715246774e-09
-1.659136602511002364e-09
5.619512819578448819e-09
-8.852339193764133941e-10
1.462424728415508361e-11
1.434472165184099042e-03
9.518401123689933631e-04
1.730708929336082066e-04
1.187615897432811636e-05
-1.654198550346321501e-06
2.097992591460392037e-06
-3.877788077363314675e-06
-1.988222306438897850e-06
1.469741830398803227e-06
4.101434760825181101e-07
-1.748846630869586746e-08
-1.504508608940081803e-09
-7.850626817842499663e-09
4.347625614185321206e-09
-2.945161118473437163e-09
1.236151475010119698e-09
-2.813057571741211835e-05
-1.659664651533013778e-04
-1.011446800331518119e-04
-9.890256258085472745e-06
-7.045751828902672752e-07
1.264271484210786492e-06
1.168367124829977379e-06
7.074952887020205452e-07
-1.375449162473560850e-07
-2.356560396468452982e-07
6.845264793565110838e-09
3.028421420822644653e-09
3.683285751274469942e-10
-3.539528502862059204e-10
8.664558616833231840e-11
-9.268363319069101317e-11
8.905589991228892745e-05
5.192951928378313229e-05
4.769147808157944620e-05
7.567599768046665778e-06
-3.552920398267941497e-06
-2.419098603864430545e-06
-4.867066089175541305e-07
-1.199288195572327409e-07
-1.748220034081613674e-07
-2.258990874192960473e-08
-2.133694121298084497e-08
-6.267755447287150414e-10
1.089535480848829035e-09
-1.052360907261834056e-09
5.600841317096826372e-10
-2.770983837465243590e-10
3.749183168372746959e-04
1.662580987433313754e-04
1.311152568344603638e-06
-2.291138939255500583e-06
3.051929172933124423e-06
1.430895637565915507e-06
4.856024734697271285e-07
1.052630106145607092e-07
5.700876427398838627e-08
2.945110099853027467e-08
2.325232127775915171e-08
1.932193248698106561e-09
8.019137829571881229e-10
4.459467707820387090e-10
-1.111093953115892928e-10
8.240539957979273697e-11
-8.125314242621477288e-05
-1.288712663307938920e-04
-1.927264316375377622e-05
-1.555393330520273804e-06
-1.478337595806699567e-06
-7.844204010634514013e-07
-3.472156836621195323e-07
-1.269829587717340206e-07
-2.833195047293252049e-08
-2.309147057825594218e-09
-1.182304962119501790e-08
-1.016299672548667001e-09
-9.976049853213881283e-10
-2.079411851611639806e-10
-3.888573388417135329e-11
-2.487955678382172535e-11
2.526934627411885013e-05
1.050712694730615110e-04
2.288319242867856634e-05
3.326418654140427625e-06
9.342445881250917843e-07
4.680447439178639077e-07
2.278210300476707648e-07
7.537093173732241583e-08
1.912339460956968424e-08
1.221592847815005427e-08
9.179286905981334215e-09
4.632596269052002254e-10
6.712710748663197864e-10
1.386055921459716726e-10
3.970472160549870997e-11
-1.290955443122980515e-12
3.935283602024718981e-05
9.229718231668891410e-05
-3.236701795005005983e-07
-2.717633590174235646e-06
-6.884402595733303198e-07
-2.888993362621253301e-07
-1.302089453398533458e-07
-4.889549726088277785e-08
-3.155106468276489027e-09
-1.096162241713560347e-08
-6.536480864598808904e-09
-4.799170234451430874e-11
-1.616726740066067964e-10
-4.947460129649704034e-11
-3.190663733602126352e-11
3.527834166286303642e-12
-8.035681119559656907e-07
-3.163995395814867413e-05
-1.048695367744587658e-05
7.842902178573323751e-07
3.966105352849940134e-07
1.171492268718426597e-07
5.870221767709870079e-08
2.599970765997013183e-08
6.363301080727467289e-09
2.054710544329854745e-09
6.829027643880598083e-09
5.106234211280836646e-10
8.243020829039536098e-11
7.643394377425381918e-12
8.783937644439805909e-12
4.487906735883470316e-12
-1.928425271447360423e-01
-9.506393394962635301e-02
-6.263372841261820312e-03
-2.735090495960094958e-04
-1.105869861867695165e-05
-1.431251279400973475e-06
1.173988962112881420e-06
-1.541596784570619594e-06
-4.453254167246226302e-07
3.179371133547213567e-06
1.873516334971651028e-07
-1.333027514839440515e-07
-2.530625444889711774e-08
8.364652373235235383e-09
-5.318922631125902005e-09
1.388286125586879708e-10
2.314380210975312457e-09
4.548289351106713646e-03
1.430016362868977500e-02
2.730374733046222503e-03
2.386578026907646072e-04
1.182786785030680966e-05
1.535447980675121184e-06
5.522085728325562128e-06
9.344799900184523522e-07
3.506436112265286036e-08
-2.452410349022700242e-06
-8.469630547372068299e-09
-8.997401357474198034e-08
-1.315172541325440239e-08
1.954971961479007999e-09
1.674542586616699202e-09
-1.577199854581198423e-09
-5.616797088377600252e-11
4.051000249424041881e-04
-1.325847323103386717e-03
-9.500388812044554881e-04
-1.713619094890296351e-04
-1.085088174464544038e-05
-1.503627900368972294e-06
3.065529713225043333e-06
-2.903780646660186730e-06
1.888874338867002079e-06
-1.726059748614802107e-06
-3.498980828123662781e-07
2.122295746996247680e-08
1.373449473582626564e-08
-2.450323852840886735e-09
2.183775505718541001e-09
4.498262859413374632e-10
-3.147780161618660782e-10
-3.215950897965006794e-05
2.426326648326584460e-05
1.675460806267693920e-04
1.025245514462646380e-04
1.072517624943873761e-05
-6.312571403702712985e-07
-2.737390914348578737e-07
5.104788989065889209e-07
-8.072624434881933799e-07
1.779470472737427682e-07
1.859552293093952582e-07
-1.652206187918515019e-08
-3.209270880773636916e-10
-5.179704928684794873e-10
-3.789734271343652850e-11
3.724211882720454144e-10
2.061958714646971666e-10
8.187135416858658127e-06
-8.360055437572135343e-05
-4.970481135074729948e-05
-4.615270949557768716e-05
-5.899130080978528714e-06
-6.472365260532060190e-07
-1.238893050391171989e-07
3.065172057404002278e-07
2.080565445882791074e-08
2.118458702984007421e-07
4.864548072038592827e-08
3.255820373777650464e-08
5.025228831588282455e-11
3.741350941585262547e-10
1.120677302327441599e-10
-3.586008024487960878e-11
-1.627366490243178397e-10
-3.645982710270994801e-05
-3.784623193714385116e-04
-1.679799690625138940e-04
-2.996527315034810626e-06
2.334688031337677898e-06
2.969850750843476364e-07
-4.343854272753031734e-07
-2.751268351265540904e-07
-5.782681220025286112e-08
-8.700456065671473817e-08
-4.536957444768764253e-08
-2.851666591005758077e-08
-2.023705753496484306e-09
-5.376159041620805234e-10
-8.082579266436451456e-11
-1.611439894754757665e-10
1.312832178466594691e-11
1.004393930406955575e-06
8.063376926232034621e-05
1.296378218070658585e-04
1.984995708789342788e-05
7.986251066899363738e-07
4.015666958423984500e-07
5.090348895099173806e-07
2.247459649344724708e-07
1.132178221531511979e-07
4.358082226095504970e-08
1.035161022230214967e-08
1.356703163459137648e-08
1.615526266028559916e-09
5.828633312950636814e-10
1.409476512963205066e-10
4.032456225026411424e-11
4.888573564626538049e-11
1.550160491246380854e-06
-2.489527206241640646e-05
-1.054145859772367218e-04
-2.287197018596278200e-05
-2.877158011803005023e-06
-5.850152370846431692e-07
-4.021040877981823171e-07
-1.833406578303037027e-07
-8.095770526303209712e-08
-2.851689426923254487e-08
-1.694276698928507301e-08
-1.004682791174581445e-08
-7.336793838095049576e-10
-5.041935992124671913e-10
-1.261305304663004430e-10
-1.654761444530248790e-11
-5.052018057627993643e-12
-3.279283103695636290e-06
-3.943735741118251374e-05
-9.206167294767853698e-05
2.419732710914441907e-07
2.423632396714947649e-06
5.977355764402762879e-07
2.770281469542173809e-07
1.369927775439670994e-07
6.095699908226915117e-08
1.195085827120726904e-08
1.722814354104831667e-08
5.260392985320030625e-09
-4.518338042530349410e-10
2.375686714900698250e-10
4.961076631233811307e-11
2.592494194764548280e-11
-8.336254860225049475e-12
-1.942036411394205159e-07
9.638670508586482112e-07
3.157421384716246426e-05
1.118485840938095101e-05
-6.746720369528171643e-07
-5.062390241161340590e-07
-1.743619904822503470e-07
-8.677151296253962180e-08
-4.588379891514764856e-08
-2.020995484157811682e-08
-7.372597734938393551e-09
-7.097582297096012183e-09
-4.535970925281636787e-10
-2.726838189906067920e-10
-4.863565122641812257e-11
-2.219281278239454293e-12
-1.021012053488419482e-11
