1.304905080474421386e-01
1.030070145297419026e+00
4.193080774356263557e-02
1.201961006334864579e-03
2.828910252246751513e-05
3.798858901076013638e-06
3.430852187857791046e-06
3.548209467365606001e-06
-4.740237990494451150e-06
1.403682521482076116e-06
3.874429133311280615e-06
9.084825536954649670e-07
1.299937053609371049e-07
5.920481390691074660e-09
-2.013197885603317026e-09
-8.164037688535060203e-11
-5.329497977361660440e-10
-4.991901878708318585e-02
1.357027971171000380e-01
-1.401929162132686292e-02
-1.114080119043016045e-03
-5.505861642871620436e-05
-3.315793816925344630e-06
-3.861518492362734190e-06
-7.539013772999878063e-06
-3.171966989327689813e-06
1.570327360663373294e-06
5.772499221353388744e-06
7.727840359457033267e-07
7.449906004158557574e-08
-4.344361718179444013e-09
1.965830145004290739e-10
-3.058146293120684184e-10
-6.990548304565642927e-10
1.422857373501922214e-02
-1.967971618076674260e-03
3.833462760922334411e-03
8.087862372861168939e-04
6.833353102712484478e-05
4.720671764631420742e-06
4.989974801994448913e-07
6.934840341325646672e-06
-2.851808735943997449e-06
-3.503926112493401868e-07
1.669578879846682496e-06
-3.513506230477955708e-08
-2.613793127695831672e-08
-5.885799196461882412e-09
9.750876856905852968e-10
-1.804695656565273835e-09
4.878886242910957033e-10
-1.446397105035473031e-03
-9.361727620795665334e-04
-5.059425033929612148e-04
-2.438243731753847064e-04
-5.259232116615446273e-05
-2.272306500208570117e-06
-1.280728043894710370e-06
3.079435436855383328e-06
3.983791299189183188e-07
2.504210363257145434e-07
-7.906194735707772963e-07
-1.359049657861780277e-07
6.811310612881205062e-09
-6.179214193600321667e-10
-3.572701985813342326e-10
9.365940021065568800e-10
-1.705495203110709395e-10
1.512451607510613806e-04
1.035205496789581782e-04
1.641524015841689234e-04
4.679851920783866426e-05
3.150605519472949662e-05
3.417617179016574169e-06
-7.405138760844470503e-07
-1.636241248419993048e-07
-2.703232994616116918e-08
2.969574474294960336e-07
-1.441513203883399639e-07
-4.343273209076435129e-09
9.127129756891392664e-09
1.419434023984408912e-09
-1.559123102476220011e-09
9.528998089787886330e-11
4.754764150836777467e-10
3.109484045378044101e-05
-8.986945982039459986e-05
4.980104270952070542e-06
-1.508400277912158305e-05
-1.264585892412534308e-05
-8.601933720043877677e-07
-1.144638311628078661e-07
5.241287639022019186e-08
1.905647751764871667e-07
-7.634622953183377412e-08
1.257862846634595829e-07
7.313111797813482327e-08
1.005038789683916940e-08
5.831882020146661842e-10
-4.122495076257286886e-10
-8.344357472892006662e-11
1.139783757159499094e-10
1.144151556483337346e-04
-7.879828862391742290e-05
1.820268701046268665e-04
-4.262304933660555597e-05
-1.236296318261516668e-06
1.857298580489844155e-07
-2.187669240127412334e-07
-3.646049401901114584e-07
-1.677092743018498500e-07
-5.095320840990583854e-08
-4.084169317708266749e-08
-1.394832235691019363e-08
-5.559887176750625038e-09
-8.000806679089890290e-10
2.094416264222923733e-11
9.688986246225671389e-11
-1.090498952032660630e-10
-2.852815149506505023e-05
8.401390939738614082e-05
-4.815979477421535049e-05
3.446974492933621819e-05
6.009274122105226208e-06
6.282712975967790153e-07
4.406511398303640478e-07
2.635173723614515267e-07
1.352326370345169209e-07
3.479945903907854350e-08
2.148460377411180405e-08
1.252862100712113421e-08
1.333450577180202173e-09
5.559494250748277415e-10
3.121075517308513560e-10
6.450805211529324027e-11
2.171398989136296576e-11
1.037835018375505009e-05
-5.502335196948048246e-05
8.805538597131266337e-06
-3.152572140621142061e-05
-6.462080950043589233e-06
-1.193531982693000916e-06
-3.399415000561091568e-07
-1.777494054534229562e-07
-8.204853620152044739e-08
-3.160781323163410727e-08
-7.891360893356262554e-09
-1.027896676060237997e-08
-2.946141056389704962e-09
-3.666538774818773784e-10
-1.863490713957155745e-10
-5.336990087388259604e-11
-1.449605657273904798e-11
7.202791266506083729e-06
-2.592947635294021532e-05
2.851751928564475946e-05
-1.766304420189830285e-05
1.035285090778804210e-06
9.322549776464483471e-07
2.768221849395101991e-07
1.020387270861838094e-07
4.024349228846596050e-08
2.029514911562548177e-08
1.688385290733034416e-08
3.613640369258549769e-09
5.117643219366224547e-10
1.213206630533171178e-10
3.681176743440753328e-11
1.070054890987252930e-11
-7.975253927009012302e-13
5.189633734453079210e-07
-4.627705521225676454e-06
9.290150876049017484e-06
-6.775934296601828450e-06
1.771789568643062947e-06
-4.035564989632000192e-07
-1.406562501462865531e-07
-4.821652990321525263e-08
-1.672565015187366385e-08
-8.021823039393214850e-09
-5.325677785355985567e-09
-3.311068985638330057e-09
-3.076377529734280675e-09
-2.244440944727608625e-10
-4.114155780594762952e-11
-1.570475312692514483e-12
3.514824033833051062e-12
2.587187178386072400e-02
-2.513469559467325365e-02
-1.739814696620574277e-03
-8.037382487104742751e-05
-5.020906546099102322e-06
-3.684989310897499014e-06
-1.589259044244770556e-06
6.024481472360632116e-06
2.745949405426697301e-06
2.877225969560475592e-06
1.278668755114287123e-07
-8.493833028763299508e-08
-1.026215764066589972e-08
-1.319576343217750304e-09
2.667992904074196320e-09
7.264951195027747019e-10
4.928936341249049282e-04
3.542133289238645882e-03
7.495468730007485373e-04
6.411814146121481072e-05
1.773757531630598096e-06
1.853221824180792902e-06
-1.411971161204090352e-06
-9.147247340752538429e-07
-6.160581327637746632e-07
1.245797376855611918e-06
-1.224829253013294480e-07
-3.025574852608210054e-08
-6.824476104659917420e-10
-1.222328810949717215e-09
7.419006590008974821e-10
-2.439873704042556468e-10
-8.126807580937127828e-04
-4.863856564792470340e-04
-2.489989170724337298e-04
-5.119224035899467093e-05
-1.470794520022155617e-06
2.798344085353083247e-06
-7.668255582122648404e-07
6.940037017522315631e-07
-3.283507030806521027e-07
-8.090586616788553827e-07
-1.817165410130093552e-07
1.872510502146859034e-08
5.134054614269236853e-09
1.002385777871192903e-09
-1.054069388629035022e-09
-1.007046027762788960e-09
1.272709337228488692e-04
1.716592749044502822e-04
4.622641786740219391e-05
3.137908339193442935e-05
1.425098044851402599e-06
-1.195649013473026670e-06
-1.974168527458230801e-06
-8.839254003871630280e-08
2.905028059749730634e-07
-1.115990089746874380e-07
1.064086826656342089e-08
1.187323600659124706e-08
6.380049731482001750e-10
4.839632959114872199e-10
-4.894685936883362007e-10
-1.319243002807346786e-10
-7.538684787009829462e-05
5.852457297964049568e-06
-1.658588164703642486e-05
-1.157016645011425696e-05
-6.211799939563296670e-07
2.498647315004357030e-06
1.375185201336105827e-06
2.207007273325870908e-07
-7.017213826943580611e-08
9.945242550264871611e-08
6.806718861097887102e-08
7.897583101930594979e-09
-2.345538229691290222e-10
2.028452210762554575e-10
-2.109923769701738143e-10
2.996043310111547153e-10
-1.024250437206711631e-04
1.812296661655423075e-04
-4.185969903763553629e-05
-2.653209030724013483e-06
-7.056948459473994833e-07
-1.347691632365069252e-06
-5.065479991522785116e-07
-1.995096094023206410e-07
-4.887365569354044323e-08
-2.938343918107580845e-08
-1.034040414975781068e-08
-4.933557613574815673e-09
-1.318581814580537880e-09
-4.424159477601229176e-10
2.106964915424411128e-10
-1.126695419915298815e-10
8.816541894882304168e-05
-4.840772314800911109e-05
3.450922916028682715e-05
6.873030822287427383e-06
1.267849136850020118e-06
6.544852901526535949e-07
3.252867342617677313e-07
1.457081573087711807e-07
2.375663670794787615e-08
1.521936687222094071e-08
1.070818422213522066e-08
1.504307169008199854e-09
5.948118510834489282e-10
2.973244952256178846e-10
1.506361253340274110e-11
-8.009029093956020818e-12
-5.586124088652682997e-05
8.795471844353963041e-06
-3.162576927574151987e-05
-6.861582473548388539e-06
-1.425924279377308772e-06
-4.716803278878808141e-07
-2.211275317880508793e-07
-8.485422271465556575e-08
-2.804612890817073610e-08
-5.255446035819372752e-09
-9.325301401549088510e-09
-2.977806709492191861e-09
-3.816084109686203168e-10
-1.868670069259297576e-10
-5.033001273104404302e-11
-4.826039632367808473e-12
-2.676312407174417541e-05
2.845600975715906653e-05
-1.762460857895564479e-05
1.243396867230978467e-06
1.042561229678924486e-06
3.434881508216550195e-07
1.406536802062981175e-07
5.580407088829450665e-08
2.217475861482833498e-08
1.580742593006933442e-08
2.480095328017535338e-09
-3.336109145836687180e-10
1.808173413485117411e-11
6.606299646061357250e-11
9.255491091394184568e-12
1.462806643274875964e-11
-5.217845063456371113e-06
9.562646762055945410e-06
-7.217365325547877881e-06
1.636973136656665171e-06
-4.657173576877087086e-07
-2.310601391366280625e-07
-8.695916365340744949e-08
-2.902045576758082062e-08
-1.289760184804425094e-08
-8.529250989730518365e-09
-3.188623028844217496e-09
-1.493839401383453058e-09
-3.636031198347869656e-10
-9.767327858334508955e-11
-1.761372631605400231e-11
2.466752598829494249e-12
-1.022496088127043956e+00
-4.176174644661156260e-02
-1.196759924528413609e-03
-2.548690049248992763e-05
2.918915529608343743e-06
5.170463600645965934e-06
7.260467584961318365e-06
4.606365052328396710e-06
-1.121325429707016904e-06
-3.848886375775861774e-06
-9.038341084609739515e-07
-1.236875426655005205e-07
-1.741420542313078458e-08
4.189178416322238980e-09
-4.016179092229370410e-09
3.211889686976133556e-09
-1.427756110078378382e-01
1.367530911132115896e-02
1.103115993306071074e-03
5.340399864742475448e-05
1.342508893340039712e-06
-1.930329951809671894e-06
-6.707275722616650948e-06
6.080894557298705466e-06
-5.915833296962415610e-07
-5.641418783009538385e-06
-7.398900286564457023e-07
-6.327303270673045997e-08
3.602190674416504061e-09
3.924345225816431945e-09
-1.354130461173206329e-09
1.671772357067127612e-09
7.034137402525395162e-03
-3.435386542122833078e-03
-7.870842353372218929e-04
-6.834231604772067242e-05
-2.512827183454849845e-06
-1.338396506495120826e-06
-9.251517135470795382e-08
-2.622743856791580827e-06
6.846507990683287908e-07
-1.722595509363869202e-06
5.708882312355073770e-09
7.344148812135709608e-09
9.729760715046992641e-09
-3.328264522551383298e-09
-3.787805210847144033e-10
-8.473828814873646593e-10
-6.265417439179696421e-04
2.414986095191815302e-04
2.254909970395958341e-04
5.102346792567917039e-05
2.642149437498079673e-06
3.168085360618610652e-07
-2.231532552813050056e-06
1.309193286952882520e-06
-6.028323298902792038e-07
8.956148851990620032e-07
1.658852576248846192e-07
-6.077683958632909406e-09
6.260243587818034185e-10
9.924977643585289894e-10
-8.839734712084954155e-10
-6.628987242964315656e-10
2.198878795856976977e-04
-2.718702716839344616e-05
-3.345365227167810298e-05
-3.304391112733042493e-05
-3.657760487470845576e-06
9.259417892796674849e-07
-1.475699938443865698e-06
1.384273634603022866e-07
4.388797438099193291e-08
6.429696929931231688e-08
-4.459262436388269584e-09
-9.817284014264937151e-09
-1.590596301354227970e-09
6.720982828719282544e-10
6.716540248707823867e-10
-2.128452570602752449e-10
-4.787038052112193030e-05
-6.188210321144331321e-05
8.150704912762794441e-06
1.344649598005036644e-05
1.483016783121549894e-06
5.053321804016816643e-07
6.737689871472705039e-07
4.169766115512835526e-08
-1.805671858931541767e-08
-5.144911003639078037e-08
-6.822383268727462096e-08
-7.716110492092120150e-09
-1.027905374167860640e-09
2.660559141561093155e-10
-5.364087607275537199e-11
1.062800461009080192e-12
-1.646864536175479991e-04
-1.873798489031891132e-04
4.468126188404078768e-05
1.018717416516908794e-06
-1.082449703966593967e-06
-2.373427738170827426e-07
7.136507520695779492e-08
-6.637291914443546803e-08
2.514866780082051094e-09
-7.236313595824982167e-09
1.088716253787570921e-08
4.031673457912884455e-09
9.121882546612726540e-10
4.630888120644144280e-11
-8.080013598105068398e-11
2.852402744535387405e-12
9.371412362529785568e-05
7.576578713927932497e-05
-3.279629937306867562e-05
-5.466150869897460038e-06
1.462155797300407023e-07
-1.711996591731153479e-08
-7.070732595003190233e-08
-3.919105886886976299e-09
-1.195237707119110701e-08
5.457535184434280540e-09
-1.006685492893627683e-08
-3.270992764825716979e-10
-4.813761453183809263e-10
-2.182269833846163170e-10
-9.252513412212210045e-11
1.793917268632064817e-11
-5.544697142514226211e-05
-4.049460817846935960e-05
2.747374775952592549e-05
5.690444169205514123e-06
6.468057900713593834e-07
4.602398240102851313e-08
3.931010272505784576e-08
2.341323714305989305e-08
2.211587774244158178e-08
-6.269801951785102706e-09
8.363883407263107881e-09
2.255731257805761826e-09
2.337835048314991152e-10
1.507056810432347631e-10
3.051160505633762587e-11
1.999738900860219743e-11
-3.083429987548003495e-05
-2.970326828429841606e-05
2.060172517032285007e-05
-2.851528967588639700e-07
-5.975925961776357659e-07
-1.088571735745608699e-07
-2.831043010976037373e-08
-1.940561071527793510e-08
-1.152030628010529872e-08
-5.587938374533427885e-09
-3.169602556870571557e-09
-1.081754704333949267e-10
-3.912282030101861403e-11
-2.808737895196312660e-11
-6.687078890130936776e-12
-6.361496907202764983e-12
-5.685808061582155756e-06
8.264140363538391277e-06
6.169227773420407865e-06
-2.196936938844040844e-06
2.442956806996515271e-07
7.051098643700009074e-08
1.899578145883732716e-08
1.273669429581305360e-08
3.842346477240662486e-09
9.891071444697672075e-10
2.776950157866010815e-09
2.981526091230759858e-09
1.763776930637064478e-10
2.986628622554548704e-11
2.790438960001953909e-12
-1.155971717472585499e-12
8.696010371192874899e-02
3.683653314861035089e-02
-2.464079032711838022e-02
-1.723142011056984094e-03
-7.912528076734074497e-05
-8.311837051566106235e-07
5.246047718335415653e-06
2.303507344065878846e-06
1.738799309381385386e-06
3.129711285329244712e-06
2.875059208621022590e-06
1.566494430884138095e-07
-7.903809824082210201e-08
-2.608330776955196543e-09
-7.141960097635434784e-09
2.955819752747277494e-09
-1.080119815002779215e-09
-1.317068680162195027e-02
-4.206378589065530062e-03
3.163060076565939443e-03
7.291180870149264678e-04
6.407985239783691974e-05
3.365486227195047038e-06
-1.741839450963630793e-06
-2.824875109273731052e-06
3.462610636624156700e-06
-8.915403229489614028e-07
1.256620117940769623e-06
-1.061272908882619991e-07
-3.142923313391929830e-08
6.420975166001255146e-09
-4.042048644052288189e-09
1.495524896737110110e-09
-2.259336061172887103e-09
1.361255382308338650e-03
7.624198970313035865e-04
-2.232039358224093353e-04
-2.311116890407275413e-04
-5.436975030406951946e-05
-4.669312032250617507e-06
-2.089279161469067529e-06
-2.833806205624196618e-06
-6.931685286659125933e-07
6.467531537637180391e-08
-8.234827333547022203e-07
-1.869184306432264751e-07
1.486866340236228976e-08
2.382493291509882638e-09
1.923359369383922653e-09
-1.109874637560661956e-09
-5.898700826533163563e-11
-1.653409104364583055e-04
-1.945020896969950458e-04
3.189609375745334683e-05
3.173437987642182753e-05
3.311639840662883365e-05
5.496681133883875801e-06
2.511021540143122703e-06
-3.162450891727866901e-08
-1.293593214249162885e-07
-1.425519001947272624e-07
-7.539255004347036713e-08
9.000478226414091910e-09
1.530592044749026470e-08
8.808448363964026358e-10
1.182217194015696733e-09
-7.018019708889264229e-10
-1.387138334152309295e-10
-3.064227612774545422e-05
6.215631599645795582e-05
6.426094685729590928e-05
-7.700090130585950037e-06
-1.621740806746961336e-05
-3.723323948100733862e-06
9.201866585208526128e-07
4.083168854523745379e-07
5.101177978412016146e-10
9.071131826401711197e-08
4.881079639435622683e-08
6.586910317609275865e-08
6.244119155866575298e-09
-5.840217037457526145e-10
1.218376588826569486e-10
2.783624997708810817e-10
3.534312966148640414e-11
-1.134015613594287566e-04
1.394120315759254675e-04
1.852029398611156443e-04
-4.428871870894936268e-05
1.539757521492242211e-06
1.419182483625158372e-06
-4.908220657679448691e-07
-1.064478629069926662e-07
-1.270439879630965459e-09
-3.536567432215343957e-08
6.324933208308339159e-09
-8.992529611515388560e-09
-3.806964379160314406e-09
-8.607021210836075010e-10
-4.583228003088117915e-10
-8.040668360451482459e-11
8.875454421368669519e-11
2.975640587545922618e-05
-8.845306233289140004e-05
-7.535164697783647552e-05
3.229872413604496551e-05
4.413045225358420275e-06
-7.495739265724202687e-08
5.911181942335660151e-08
9.786095556277133795e-08
4.108653008247379645e-08
1.770911920285658377e-08
-5.972820302475969691e-09
9.114392535817927169e-09
3.090215990050952598e-10
2.389614363425935459e-10
2.548324512114097741e-10
3.912045641586000709e-11
-1.151099886767157870e-11
-1.091517645471042309e-05
5.411489980325917543e-05
4.040646420906494478e-05
-2.722497753725651668e-05
-5.419090830333822786e-06
-6.621067153819098837e-07
-9.330087777926517631e-08
-7.441939363747005680e-08
-3.779197350109618142e-08
-2.435286928835038806e-08
5.536152883194753674e-09
-7.989536260958989347e-09
-2.014027638238925192e-09
-1.471450146407586670e-10
-1.498021525411342839e-10
-2.278579254155293079e-11
-2.271364759658049723e-11
-6.865140955328585408e-06
3.014466566248452290e-05
2.970092055956122733e-05
-2.058914522475841264e-05
2.577461055974404959e-07
6.134816851499096738e-07
1.284768777377939900e-07
5.797102066002357372e-08
3.466559445787372193e-08
1.488791482978123010e-08
6.518345611391895185e-09
2.557739082702875865e-09
-9.625657360163936709e-10
-1.153186104112506206e-10
2.876064140707294164e-11
1.419819382843916202e-11
6.304479292789900801e-13
-3.219817070405139301e-07
5.280113644153506518e-06
-9.520646253095783250e-06
-6.816401178373808672e-06
2.296687719141006837e-06
-2.049663147195355740e-07
-1.080496727144859422e-07
-3.664908615549995001e-08
-1.847900284691342317e-08
-6.464902690964232103e-09
5.564996107116158411e-10
-2.657255631801867542e-09
-1.085847879485052973e-09
-2.420686001062293166e-10
-7.146254143008960411e-11
-1.623203969808842741e-11
3.116182220280584657e-12
-1.493910883388226418e-01
-4.216049320033077655e-03
-9.865143783460723480e-05
-1.454363867127125570e-06
4.707629223867392293e-07
4.241127257173987657e-08
-2.003119991659636357e-06
-1.640685336215211780e-06
-1.976464549476078774e-06
-1.410137435207467604e-06
-1.282037920384184640e-07
-2.253223368719500878e-08
2.520015845197149967e-09
-4.580908758927663228e-09
7.490358993661486258e-10
4.939854819836024702e-10
5.212247032352548826e-02
4.003093289700674143e-03
1.821863447143747547e-04
7.261224801649186914e-06
-7.029615843170784903e-07
-5.187554765690742895e-07
-3.922533274115117208e-06
6.587725693050998553e-06
-3.546451183437638100e-06
-1.304440935177363938e-06
-8.295394141420578217e-08
-1.687689847031346249e-08
6.206344115145379188e-09
-2.779318337787848473e-09
1.718060725085688863e-09
-8.586126512125362588e-10
-1.485453841315880971e-02
-2.808440167138290342e-03
-2.454245209640470754e-04
-1.053475112999799072e-05
3.190468844049774246e-07
4.511634816713910934e-06
4.041698615821685849e-06
2.264772525801199224e-06
1.150867623586587721e-06
-4.956990949346951075e-08
-8.334472918318244462e-09
-3.470846030644606713e-09
-6.543847895165086981e-10
5.128835160139561283e-09
-1.177935883492534822e-09
6.130186774453627001e-11
1.339839131461370439e-03
8.874549009206269233e-04
1.636185008890176317e-04
1.114412943949656154e-05
-1.087394261231953616e-06
5.867742690762524274e-07
-3.642859187782828445e-06
-1.897436194149041204e-06
1.431414345924060657e-06
3.339804393848512008e-07
-1.410576590068157751e-08
7.259086336421039748e-10
-6.544425856342474175e-09
3.462876426341488882e-09
-2.441889369287653168e-09
1.049931902968533772e-09
-1.835232229365894613e-04
-1.677933338582614957e-04
-9.328958566368365443e-05
-1.021748731024839657e-05
-5.514314992786368282e-07
1.440001213135387030e-06
1.010819340866265660e-06
6.267275601461302209e-07
-1.172054146827900982e-07
-1.767757575022804654e-07
7.593136219918068399e-09
2.960495433577702533e-09
5.447812252426933775e-10
-2.561050505932486947e-10
-1.499932836242263229e-10
-2.973463861217571028e-11
1.031543595296453624e-04
5.812946902507633745e-05
4.407987915115246070e-05
6.965177173451524385e-06
-3.307331913894592696e-06
-2.157048485402923692e-06
-3.931324754637396913e-07
-9.582571972414654581e-08
-1.622790219556413284e-07
-4.069389515109716158e-08
-1.770355472427673147e-08
-5.279940251002118916e-10
5.665998637821551219e-10
-1.101730228823112933e-09
5.060724701399160831e-10
-2.846160972524244108e-10
3.279066234729397671e-04
1.436791289493938512e-04
8.884999958377096857e-07
-1.846193976329461049e-06
2.726494975635700926e-06
1.362069326335415052e-06
4.477782147753909898e-07
9.502804613027557684e-08
5.504679892318727573e-08
3.084080623833996610e-08
1.784812378809764043e-08
1.624523572642240977e-09
7.558703439600963302e-10
3.835811684104606529e-10
-4.852513805999512288e-11
6.722521450585527253e-11
-6.992183135332233498e-05
-1.107233214419193232e-04
-1.680047402896071550e-05
-1.441567523735666457e-06
-1.310429081318759797e-06
-7.468613725165258324e-07
-3.342602518559842730e-07
-1.118091112527784124e-07
-2.789826283552515784e-08
-4.692905784282168756e-09
-8.861318827448431658e-09
-1.046346814819821853e-09
-9.149246569814980626e-10
-1.184901834195624001e-10
-4.924245581608654183e-11
-5.436482624903181675e-12
2.257714274605353763e-05
9.026340934352463882e-05
1.957409628202663515e-05
2.890193580940033232e-06
8.210846112762377085e-07
4.245279487331382218e-07
2.073857490692892979e-07
6.854404182872772952e-08
1.603269985595811228e-08
1.250410933967211895e-08
7.332856284061423122e-09
5.364755406680895622e-10
6.556788649282390464e-10
9.997948065462458180e-11
3.011811243026350551e-11
-7.045805012486096048e-12
3.234055177731064244e-05
7.541697672789289867e-05
-4.472000162233556392e-07
-2.288665072944304659e-06
-5.976619138423807484e-07
-2.479812607658640487e-07
-1.144158483805857748e-07
-4.404961101690345480e-08
-4.560282114441282826e-09
-9.404210546134928593e-09
-5.210461105539132828e-09
-1.330066692787705400e-10
-1.813736624499505782e-10
-5.039959603247069176e-11
-2.440018746093225586e-11
-6.771906016263709845e-13
-7.698715603765023255e-07
-2.594387703763094080e-05
-8.480048013404201278e-06
6.522142877919759397e-07
3.305295514681619341e-07
9.859136030195781730e-08
4.983609279240709096e-08
2.311480339020420861e-08
6.269026022264341853e-09
2.098413427718033034e-09
5.200839479981364616e-09
4.837164201004039446e-10
7.148564786831881617e-11
8.194177137346274552e-12
7.012979999991503498e-12
6.029987081442058947e-12
-1.880218343815510951e-01
-9.286652909232989694e-02
-6.158387703024154926e-03
-2.732415651470771617e-04
-1.175428358303525659e-05
-1.014540467024715711e-06
1.960303615538281161e-06
-1.107000812774450410e-06
-1.022029829343738056e-06
2.890887852242957965e-06
2.297776287161463012e-07
-1.387306100215523180e-07
-1.731488733835572180e-08
7.990434848725547505e-09
-4.137690084910970834e-09
3.014262019727019845e-10
1.958103890655280332e-09
4.323649724043477673e-03
1.361207566314577740e-02
2.616407376931991977e-03
2.315244414812013291e-04
1.136614294397409036e-05
2.304589023324727042e-06
4.997269713403996736e-06
6.962482930494144788e-07
-2.078619315274208935e-07
-2.059453075867985226e-06
-4.653152693148026480e-09
-1.025298300516120180e-07
-4.415819292733262100e-09
1.843322866987133135e-09
1.138617348190177340e-09
-1.488598231119473963e-09
4.525524201439847491e-11
3.521160652974518273e-04
-1.248842964578890076e-03
-8.856294644954360116e-04
-1.628264785998524060e-04
-9.571421961080201209e-06
-1.167605783694726643e-06
2.329802358185024178e-06
-2.443840574631961768e-06
1.818737345019000957e-06
-1.663285799894385127e-06
-2.937749938035021469e-07
2.412259031921006579e-08
1.120540702131280557e-08
-2.722701720686363791e-09
1.847764730822766792e-09
2.769932623927273901e-10
-3.337690886647117080e-10
2.890642728989087549e-05
1.870663899010266136e-04
1.703885178024853466e-04
9.270203200769424603e-05
9.667957929731781173e-06
-1.369540019307493060e-06
5.397823986940783418e-08
6.466331625798910338e-07
-6.744668327432445441e-07
1.592583387031701626e-07
1.221771793213336584e-07
-1.530168959885565911e-08
-1.009866860746443877e-09
-1.069365036111256054e-09
7.685441409902889988e-12
4.348469927415823325e-10
1.318396128263337503e-10
9.670612318074928748e-06
-9.726675036389840362e-05
-5.637556087845865566e-05
-4.236918575873357056e-05
-5.099612300771539012e-06
-1.018608880877015982e-07
-9.706874981738857743e-08
1.247307796189239828e-07
-1.718823665297132039e-08
1.898613648539459062e-07
6.587571864548543769e-08
2.781737108435744987e-08
5.994762526263249413e-10
8.394272076799141454e-10
6.050861605761737747e-11
-1.080340984899837457e-11
-8.933631382625479989e-11
-3.136584176635490482e-05
-3.306078816996072195e-04
-1.451674423170327738e-04
-2.279320081163881215e-06
1.941747104443006023e-06
7.157171302196184884e-08
-4.676898654132834299e-07
-2.151444569289818733e-07
-4.576654115187417019e-08
-8.235459272804191854e-08
-4.531379103985358262e-08
-2.282597199959735798e-08
-2.162145420513479698e-09
-5.255942234932633664e-10
-7.306973360724817088e-11
-1.809668909518282500e-10
-9.335877196888088373e-12
7.676075671774566761e-07
6.930595656598526370e-05
1.113188995342451263e-04
1.723467275683764633e-05
7.421629410343697358e-07
3.863304623842592767e-07
4.753916645466610599e-07
2.160857294589679422e-07
9.693928625070517953e-08
4.145204956261272222e-08
1.180647046566419209e-08
1.091924730632182324e-08
1.609221164390038123e-09
5.319260485067364640e-10
8.439399333008686617e-11
3.292574119497176303e-11
4.015256473461177229e-11
1.214691330057180111e-06
-2.222638791450943390e-05
-9.052640315614438049e-05
-1.955577512759369398e-05
-2.487996670254239621e-06
-5.077141899693334273e-07
-3.484595654366410855e-07
-1.640843002686651181e-07
-7.151148464182855475e-08
-2.371784511229198955e-08
-1.664215942036458342e-08
-8.385994683108574596e-09
-7.729592673901371598e-10
-5.185925961439800804e-10
-9.903548780562582423e-11
-6.276977990746319415e-12
-1.582486147848391604e-12
-2.754397516842940650e-06
-3.243923182128418667e-05
-7.524320424816303098e-05
3.759209736734504619e-07
2.032549669076702740e-06
5.108731502892908281e-07
2.313932999173630579e-07
1.162563624763100207e-07
5.350977430938954541e-08
1.160965561859888522e-08
1.451062723066368654e-08
4.353978974758033930e-09
-1.628639551819262869e-10
2.446952600729096859e-10
4.613199317664913099e-11
2.041077384552459390e-11
-5.030304446043890608e-12
-1.414289055110961482e-07
9.004642950261597329e-07
2.589381833501150045e-05
9.029453548971099727e-06
-5.554707266437860384e-07
-4.152245491406911858e-07
-1.430515646702558570e-07
-7.259898242997342035e-08
-4.057761655632599656e-08
-1.826629261047954146e-08
-6.573471717197851908e-09
-5.260421547720138026e-09
-5.099354910396575334e-10
-2.316858771909018032e-10
-2.509069255064380001e-11
-2.212353809572319570e-12
-9.403044077759324090e-12
