1.290874910132081277e-01
1.030875125213625676e+00
4.153102634955326694e-02
1.158532732252728382e-03
2.584026683175094915e-05
3.600840334955925269e-06
2.860694085977735237e-06
4.859768847443513022e-06
-4.427530182854745149e-06
2.296129228240752664e-06
4.230038143982442313e-06
9.139641690093192634e-07
1.318276556877735215e-07
4.325597304282048507e-09
-1.079952057713849445e-09
-1.452118912066341269e-09
-9.295978171150530170e-10
-5.282969295225440481e-02
1.445430729859667751e-01
-1.483951292855490919e-02
-1.152341944965966673e-03
-5.558214115219632651e-05
-2.014772261359839320e-06
-3.907440615746860828e-06
-7.585006930685964289e-06
-3.584472500227341451e-06
2.683079190164300134e-06
6.429260541391342262e-06
8.702763809470568766e-07
6.552347987998683122e-08
-3.990597625744912041e-09
8.856957015723973730e-10
-1.269945674712051408e-10
-1.107878290144668447e-09
1.602595501029789593e-02
-2.249040608922435371e-03
4.305944254471300719e-03
8.954508113078909863e-04
7.232741069322094123e-05
4.470255176583590698e-06
8.732148808458460845e-07
8.935584597169575545e-06
-3.304774604634319142e-06
-6.512221030168919904e-07
1.913122745885436759e-06
-1.504751951129301797e-08
-1.642531869393121128e-08
-3.372265114529160350e-09
2.428618558615029199e-09
-8.640893604111325498e-10
1.075965479623858315e-09
-1.744512880657862752e-03
-1.147887200925471786e-03
-6.057225061277538014e-04
-2.904109732382715008e-04
-6.033537444618748046e-05
-4.931252699483477253e-06
-1.591642223707554461e-06
4.400979349458486474e-06
5.408894322983749515e-07
-1.163448889194784886e-07
-9.190598676636576392e-07
-1.870520529368095753e-07
9.465012692206636593e-09
2.595610303052913110e-09
-3.547912061860421303e-10
1.360100157342687015e-09
5.509766575823591485e-11
8.991734821971876610e-05
2.154279415697781962e-04
1.347132432804720845e-04
5.318349171769079124e-05
3.972551892604242582e-05
2.657247183083333960e-06
-1.148154126415431868e-06
-3.130305078046337906e-07
-2.012604967669047318e-07
3.807569615055319908e-07
-1.274592355840751510e-07
-1.114078398875320003e-08
1.444080216893570017e-08
6.504214646795111727e-10
-2.577125302742820403e-09
1.267186663736600963e-10
6.925215320497625482e-10
3.668046276953015590e-05
-8.899009387770675584e-05
-2.526155378172622111e-06
-1.391876152481483407e-05
-1.810552173759378205e-05
-3.304377402633910827e-07
-2.478745335642066753e-07
-1.585117641104236630e-07
1.870707017329155553e-07
-3.547650985795386179e-08
1.696202194382392891e-07
9.192448666254747648e-08
1.125573442802677642e-08
5.407394041946634414e-10
-6.635894550040590091e-10
-7.107050174890804439e-11
1.230326719165085299e-10
1.520039178516627580e-04
-1.095090939582320076e-04
2.425935323030440228e-04
-5.708111987837462660e-05
-1.232935539831448751e-06
2.843948393547690014e-07
-1.691589364000808908e-07
-4.138565940545523705e-07
-1.664989677044197043e-07
-6.579268846466905856e-08
-6.347847619091790492e-08
-2.251769526556279426e-08
-7.048820952535316805e-09
-1.145505785564476578e-09
3.670843754997376896e-10
1.567489340726143539e-10
-1.938169107037486399e-10
-4.005983912769972279e-05
1.194997434337855772e-04
-6.752387181918341171e-05
4.787550449649767624e-05
8.370622912010727728e-06
7.204511932604058890e-07
5.504220402968265662e-07
3.460634439426493207e-07
1.811860064546554038e-07
4.322754142187105683e-08
2.756065776745522850e-08
1.693980707725767279e-08
2.038149998972061865e-09
1.076076564249146828e-09
3.735788926630058089e-10
5.475825214854460245e-11
2.036118162709509422e-11
1.424500131792448352e-05
-8.121927778140452332e-05
8.790625951404846985e-06
-4.574459770474751340e-05
-9.478307953556128695e-06
-1.683159847450044877e-06
-4.849380598885617021e-07
-2.430557072903599284e-07
-1.096496197314169073e-07
-4.564022762109157383e-08
-9.850015239815447487e-09
-1.315334344058914121e-08
-4.231401370649775384e-09
-7.397399885913386397e-10
-2.948267464701527358e-10
-9.629629498816413746e-11
-7.156942978901699168e-12
1.210741192839678620e-05
-4.453516976637744202e-05
4.707367567942769319e-05
-3.038784565033684048e-05
1.407366912273018310e-06
1.430346127558199397e-06
3.963925268076252381e-07
1.425758947833422420e-07
5.466497785750829909e-08
2.658685685324892057e-08
2.894943508731441247e-08
5.253542755615510063e-09
7.333313490180091299e-10
2.005847681237573929e-10
2.350782150158548304e-11
1.135418368878812711e-11
-1.889078016556047345e-12
9.766045967356320667e-07
-8.146444233875020072e-06
1.634958577586960880e-05
-1.106675099035846599e-05
3.149463964484575921e-06
-6.721296632054748595e-07
-2.030738889893928746e-07
-7.554137484273147046e-08
-2.331035454359427493e-08
-1.065157746997773379e-08
-9.418135807550602872e-09
-7.137775093965138637e-09
-5.481995480222607143e-09
-4.140589273825467580e-10
-1.928079284932307617e-11
1.187347869137481657e-11
2.196250217399434569e-12
2.762388924299849502e-02
-2.658692793944069863e-02
-1.805106202817818211e-03
-8.066137630605559007e-05
-5.038404358998754168e-06
-4.452012274749863184e-06
-2.588362239432473841e-06
8.100807256641212909e-06
4.096320798386759815e-06
3.348004160937077862e-06
4.681690054297593512e-08
-9.266491571531136877e-08
-1.990305248096178785e-08
8.823293874488066226e-10
1.022469349291754607e-09
2.254079711207446176e-09
5.094303942129742822e-04
3.978572354529034266e-03
8.297176657366160061e-04
6.874067739347525187e-05
2.009550905850030483e-06
3.447592098649512656e-06
-1.425937383991661446e-06
3.179800090354907587e-07
-1.159158911501983467e-06
1.399342213090948697e-06
-1.602390191600718091e-07
-2.918567974867411260e-08
4.692266104939044119e-10
-1.078885129104097845e-09
-1.053236567129355708e-09
9.779491006791229771e-10
-9.840787163314824049e-04
-5.778982075260239012e-04
-2.954664367342197317e-04
-5.911989310717412718e-05
-2.255421245218778365e-06
2.591557994504853424e-06
-2.508591207142475577e-07
8.554911317660932508e-07
-9.556849541688393582e-07
-9.869090584853613784e-07
-2.051361158610681359e-07
1.590315653675518367e-08
8.519905567703926648e-09
9.463415381931053219e-11
-1.115617423622261337e-09
-1.392468923672332640e-09
2.074306183305511602e-04
1.413812106052436603e-04
5.210414607939624766e-05
4.103830811142042655e-05
1.231288994804175264e-06
-6.726542978155948443e-07
-1.870895453266068587e-06
-2.950296201649827085e-07
4.250560634073890538e-07
-9.347854620799320880e-08
2.999824746520629312e-09
1.913554314880141451e-08
-2.177985657582353672e-09
9.741322504253165937e-11
3.628985214135124360e-11
-3.665262467482353133e-10
-7.758369316440432600e-05
-1.000696496933790087e-06
-1.755297663129424903e-05
-1.701658960140554807e-05
-5.613077824123535217e-07
2.719593626251070876e-06
1.564476519650194418e-06
2.268382915011492464e-07
-1.462048520480457142e-08
1.430386498882908486e-07
8.131706234397072223e-08
9.848059227923000861e-09
-7.954892068394527980e-10
3.811717337103136656e-10
-2.918525129325420531e-10
4.783279791396376976e-10
-1.402363595969919848e-04
2.410849744873785384e-04
-5.538612666689463938e-05
-2.730237395107273700e-06
-8.650437968323214950e-07
-1.583613712712614479e-06
-6.277235273459893956e-07
-1.963054424226782536e-07
-6.586308033353425574e-08
-5.106838044498702486e-08
-1.831529257994697757e-08
-7.325100955912156960e-09
-1.811299054286506439e-09
-2.503424401727847932e-10
2.661590873211460337e-10
-1.544868456207351587e-10
1.248809262332182266e-04
-6.810903882996411382e-05
4.785116209288487702e-05
9.359542985845986326e-06
1.630907112657486975e-06
8.279476739236800868e-07
4.176259562466399629e-07
1.878352134925318108e-07
2.711433423213868107e-08
1.938933929980175764e-08
1.539098333386916325e-08
2.648547459723845935e-09
1.266368952625752628e-09
3.442144363606029205e-10
6.131083260991618814e-12
-4.057213860471202994e-11
-8.191890428356473350e-05
8.962105934665040143e-06
-4.588920973294573295e-05
-9.996717237134576694e-06
-2.016979840013351835e-06
-6.537474770168952837e-07
-2.997360855630537121e-07
-1.115385542227206833e-07
-4.149873469066304303e-08
-6.657127052974198654e-09
-1.246604590660643545e-08
-4.518244544816421101e-09
-8.323779232061153613e-10
-2.748682319755365117e-10
-9.285643667932328068e-11
1.239931733928530719e-11
-4.596782863078895321e-05
4.690310466565540296e-05
-3.031892742362782378e-05
1.734659169425744699e-06
1.591698491590909107e-06
5.038494669499501209e-07
2.072066470961970294e-07
8.199909112842166066e-08
3.232353737605476925e-08
2.748745696141567725e-08
2.678146502661497484e-09
-8.273287838112559927e-10
-1.934215878041351033e-11
8.121016395268733778e-11
2.542411776009995770e-11
2.753989987733028142e-11
-9.095161460649078944e-06
1.688421356553810736e-05
-1.186645890833764198e-05
2.942154322698075929e-06
-7.766744492508920833e-07
-3.489504439016640083e-07
-1.370718681594849177e-07
-4.434782214419919067e-08
-1.947367524367236883e-08
-1.284290073420736374e-08
-6.295265303772479262e-09
-2.547783100332656288e-09
-6.512601589453158424e-10
-1.397752922024950327e-10
-2.288564940670059310e-11
6.111516203120080056e-12
-1.023579505037209403e+00
-4.138316520815508298e-02
-1.154966425787674108e-03
-2.338815714072506435e-05
1.990317058225337094e-06
5.531490642936411905e-06
8.005783257455558255e-06
3.912907967976555343e-06
-1.695964746584841268e-06
-4.236671587891581777e-06
-9.087271291615702903e-07
-1.245771286754875786e-07
-1.386433212218664923e-08
3.236827787984021216e-09
-3.436839630565417343e-09
4.009458658500560764e-09
-1.518805657852073387e-01
1.449254351494981899e-02
1.142868849077654765e-03
5.379867902429412430e-05
7.543009423751355933e-07
-1.935833699945552317e-06
-8.427329041118402050e-06
6.656083692735486571e-06
-1.738336594765652688e-06
-6.237415121422273765e-06
-8.611620451353121071e-07
-4.928579573148119525e-08
1.683438895226199434e-09
3.319755007032736903e-09
-1.416019569257960865e-09
1.648107725659897093e-09
7.871192474335365202e-03
-3.875316103834559184e-03
-8.723660796451878675e-04
-7.121313858562593679e-05
-1.017484718099543356e-06
-2.310580756498652132e-06
-1.841501195252927492e-06
-2.714180925878842782e-06
9.448960881167253168e-07
-1.982211336588616207e-06
9.256117081648635587e-10
-5.362854374454981544e-09
6.545940688988733457e-09
-5.062893610784466899e-09
-1.481578907301451330e-09
-2.222262423216551950e-09
-7.068991285654189268e-04
3.010385679888287133e-04
2.653990219271402636e-04
5.842938967727081732e-05
5.533409066535785498e-06
8.818610310504406708e-07
-3.712624523748980788e-06
1.313792821807688402e-06
-2.850794422858665224e-07
1.018736570534835635e-06
2.168218748414896729e-07
-8.601061564307049206e-09
-2.342429326511473155e-09
1.378536967753172961e-09
-1.284978352150043762e-09
-1.059478955732358772e-09
1.485201102157770374e-04
3.305920896861286361e-05
-3.572079428412444467e-05
-4.146461941397288026e-05
-3.638725987214033712e-06
1.232656702701408636e-06
-1.307587459168573445e-06
3.767592533166903561e-07
5.134081765303577458e-08
3.509564899762987875e-08
5.689892620155448921e-09
-1.488391559479746147e-08
-5.661339973845296817e-10
1.462769430121820802e-09
8.951819762180860212e-10
-1.022594875500433760e-10
-4.970823200076153047e-05
-7.244965497389251551e-05
5.935005418490780095e-06
1.881915701761728584e-05
1.060792187205109879e-06
7.121816707109333195e-07
9.477736530672755776e-07
6.500641445086937723e-08
-9.457138599720396167e-08
-7.803155789754938468e-08
-8.894399994059574529e-08
-8.532488019350578475e-09
-1.208244769869567790e-09
4.673611951330281948e-10
-2.014871451059522659e-10
6.321427822391726996e-11
-2.242575421768252229e-04
-2.489656141551453857e-04
5.961936723902335681e-05
9.878785459935108761e-07
-1.219397047679228423e-06
-3.091730929867932790e-07
6.894173915175926916e-08
-1.252493396112234193e-07
6.560865921648842205e-09
3.487217039998421664e-09
2.036402247536023356e-08
4.575159084844599342e-09
1.318528005608146599e-09
-2.143360841628192538e-10
-2.092491796088513554e-10
2.021033357381949373e-11
1.317854764060416909e-04
1.060025058398902172e-04
-4.576707678655909635e-05
-7.628536160091426814e-06
2.289829430016430170e-07
-3.672963423821580174e-08
-1.078051914447931037e-07
-6.546800659859594175e-09
-7.527405784540137111e-09
8.489777581782240860e-09
-1.517935346449923948e-08
-1.053399503813456606e-10
-1.080267647669170582e-09
-2.402524950425433690e-10
-4.493824799418848624e-11
2.415764674864712420e-11
-7.989710689072253486e-05
-5.529156511621136376e-05
3.990488005237238258e-05
8.362927162775510404e-06
9.395138898277207539e-07
8.768726409640277956e-08
5.518213586495921250e-08
3.380763510642585849e-08
3.001330854887221905e-08
-1.189984190135096121e-08
1.153034186979028487e-08
2.852023912754089667e-09
6.573469362597260776e-10
2.091828875717256949e-10
7.691807525624289670e-11
1.684169110376659654e-11
-5.265756200369229608e-05
-5.025131768438312368e-05
3.491662820240953451e-05
-2.725378834763309109e-07
-9.393896460148533408e-07
-1.614157426517229105e-07
-3.992271142145886854e-08
-2.486099886707079815e-08
-1.500860324292142079e-08
-1.113522045804295676e-08
-4.847190071373669261e-09
4.539834575265707486e-11
-1.020456029694424366e-10
3.402095213308447755e-12
-2.128271875861299278e-11
-7.978066854290206125e-12
-9.865515969380058220e-06
1.394948507437672455e-05
1.008496398595743788e-05
-3.817484105274381629e-06
4.197942955616409633e-07
1.005301114741647358e-07
3.379699482653136798e-08
1.608902577087492195e-08
3.474461551502892970e-09
2.727765595814744265e-09
6.223526135822980771e-09
5.210617335452987432e-09
3.617877197356967958e-10
-4.756797233958815268e-12
-4.859564467596524000e-12
-6.346879231356736463e-13
9.198556926199430439e-02
3.903073042968055462e-02
-2.608777482923387361e-02
-1.786775961394586982e-03
-7.699923434462559960e-05
-6.331872729105246027e-08
5.624975576099211970e-06
3.624097457100410402e-06
3.792807875437338576e-06
4.160496096869919399e-06
3.447680105177430297e-06
5.132021233187618458e-08
-8.167999492043909117e-08
-1.233783917053009858e-08
-5.084762245075550643e-09
5.626776528910701084e-10
-4.872957334012313997e-10
-1.483729983666806466e-02
-4.698824887839671456e-03
3.570087723108229544e-03
8.076971722419572577e-04
6.675137471095308746e-05
2.408101466860775945e-06
-2.052882827650525890e-06
-2.523770681450089732e-06
5.216104471573541825e-06
-1.512998242719005331e-06
1.465987677095906474e-06
-1.506602352518978900e-07
-3.137703957731301962e-08
6.520610780731290989e-09
-3.063239030466532639e-09
-4.394905533737579555e-11
-1.954836048325430986e-09
1.633314045819730465e-03
8.852448809232975075e-04
-2.750918814189578804e-04
-2.725765837312388697e-04
-6.029744948955611270e-05
-5.990511670087704175e-06
-1.405673181131772239e-06
-3.190736886754905808e-06
-5.001506619405638647e-07
-4.014791888407844762e-07
-1.036376880114441911e-06
-1.971548389966418510e-07
8.780930117634430445e-09
6.160359394599916630e-09
5.010045891395027256e-10
-9.785226667407966666e-10
-2.951104386394660444e-11
-9.007117103627868525e-05
-1.536394691846424830e-04
-2.991249652722591482e-05
3.448523334794578314e-05
4.098442888048703197e-05
6.048722239407156976e-06
3.638489216080114739e-06
2.816742556836634099e-07
-4.903170165934425996e-07
-8.866102856604923348e-08
-4.811038077350265308e-08
-4.508457078182686035e-09
2.417716440733213375e-08
-1.469107522074818187e-09
7.943656022577129279e-10
-4.724948697377942618e-10
-3.096929858440676629e-11
-3.590411698220320811e-05
6.388084101513100913e-05
7.393187354070634369e-05
-6.094192374028703088e-06
-2.095198341200962808e-05
-3.949925069895105733e-06
7.381944307896840494e-07
5.320199821051209276e-07
6.833347054351968919e-09
1.737298064149716505e-07
8.379932007815846066e-08
7.912079404813099757e-08
7.275779392472553121e-09
-9.000820780070011849e-10
2.878680289751007034e-10
4.095391023210788664e-10
2.814342446606931161e-11
-1.507816888755339057e-04
1.896267741389687526e-04
2.468874286232883341e-04
-5.897404619841816652e-05
1.792843765774032741e-06
1.662104415376684196e-06
-6.211556607235171912e-07
-1.755906639767695383e-07
5.319788359185096097e-08
-4.884440389440569665e-08
-6.121636779009620473e-09
-1.700623714140072188e-08
-5.056163750268796474e-09
-1.545157565794254768e-09
-1.954838199858105322e-10
-1.123373189241990105e-10
7.880743387806411911e-11
4.223902994281023482e-05
-1.244652779913223801e-04
-1.059762026116609453e-04
4.504792540661026640e-05
6.300116130543647663e-06
-1.322114582065988654e-07
1.153557819600585923e-07
1.387511335882638811e-07
4.607141957420203415e-08
1.468752688484652463e-08
-1.050995045555235000e-08
1.421299708995539728e-08
4.357541137303385558e-10
8.944815424145997975e-10
2.523145121063899535e-10
2.856146713500914939e-11
-3.623800143657894661e-11
-1.528672125348051630e-05
7.845041648104672169e-05
5.536771515693828091e-05
-3.952564690198938574e-05
-8.002568298997198579e-06
-9.440855286247467353e-07
-1.513613816785676036e-07
-9.758224859692519403e-08
-4.943191765992256738e-08
-3.331388994151641931e-08
1.070398779127022914e-08
-1.143337759961150483e-08
-2.658275049774110747e-09
-5.545629377542612598e-10
-2.135285272164676808e-10
-5.227834137753032848e-11
-1.709861640085385440e-11
-1.154641478886981217e-05
5.143462274131121163e-05
5.025756658874838841e-05
-3.484651055278797883e-05
2.598011444448848958e-07
9.542414793172827845e-07
1.994322231051737222e-07
8.468761658232524531e-08
4.959399029076648968e-08
2.095390893977989252e-08
1.308250389190500483e-08
2.919629503110565569e-09
-2.076654070624186762e-09
-1.897746041526468531e-10
8.215200833870665143e-12
3.985581499960543449e-11
3.728156182371274578e-12
-6.088459228288449590e-07
9.250109025943659694e-06
-1.625741274294152311e-05
-1.126497715330833202e-05
3.985338599187473515e-06
-3.568544669046046352e-07
-1.603503007162851065e-07
-6.079011370094175033e-08
-2.556120910361549913e-08
-6.143475538329978955e-09
1.825789242208581216e-09
-5.225338734507070997e-09
-1.603402528485652913e-09
-5.023019579409137321e-10
-7.781300822542167595e-11
-1.992248314918756116e-11
3.427099767049463957e-12
-1.479540848044735291e-01
-4.051937098650014620e-03
-8.960123376259443049e-05
-7.118767729261008616e-07
3.474868366833800481e-07
3.730766462169163093e-07
-3.409686960009565826e-06
-2.564251086875309419e-06
-2.616022475339454304e-06
-1.286501779973404844e-06
-1.664275979375127225e-07
-9.369482728918751435e-09
-4.994568649924487131e-10
-3.661769905860421023e-09
2.976018551059376187e-10
6.607884013459456483e-10
5.509157341835387023e-02
4.161074547591265584e-03
1.812578796685311491e-04
6.828213968569658420e-06
-2.120282921349647457e-07
-7.985914684443092640e-07
-5.282106963045570965e-06
7.268155005133225869e-06
-4.218716135315289938e-06
-1.373611127409384458e-06
-1.162030906166943220e-07
-1.201991984229649792e-08
6.229995844624827055e-09
-1.599851319704481763e-09
1.057238248668765530e-09
-1.286439799904819733e-09
-1.671725062887852165e-02
-3.111825318899737701e-03
-2.638398654331249363e-04
-1.060979318987518854e-05
-1.526648297090053888e-06
4.304026046237823596e-06
3.254629680374989769e-06
3.991713629967849104e-06
1.223774648330952692e-06
-1.400892070093691781e-07
2.567779841365131433e-09
-1.633625212691622962e-08
2.438049686578486859e-09
3.778175963755029890e-09
-7.524622865709129179e-10
-4.247292026047537440e-10
1.621917328067514191e-03
1.048961259824767985e-03
1.853957943099705905e-04
1.487939988949938195e-05
-6.554952368691523028e-08
7.111158785793671551e-08
-3.679789252154597791e-06
-2.203128368851423666e-06
1.807086780969505795e-06
3.461627644046552122e-07
-3.700220628159696413e-09
4.013763090820029963e-09
-7.528234613307225075e-09
2.543773204925693439e-09
-2.406129101088755766e-09
1.510430297101323818e-09
2.036785295390304063e-05
-1.884541160768315321e-04
-1.170218684248837247e-04
-1.186304729080507092e-05
-2.244541996676139121e-06
1.057076964885244600e-06
1.571349807447497075e-06
3.681297195527830598e-07
-2.641076976476783012e-07
-1.702255816158704765e-07
-5.718836832073340008e-09
8.381566708488617837e-09
-7.727589582436599646e-10
2.508369443284154443e-10
-6.826001855939105072e-10
1.565626442408687660e-10
8.594687147154363074e-05
5.724853347574750952e-05
5.930242364227704323e-05
8.138565856993430853e-06
-2.838103418656145067e-06
-2.194261484008795530e-06
-4.902201532052403488e-07
-2.746196130449566103e-08
-1.706962386232927926e-07
-5.912578389624104491e-08
-1.327299766208443961e-08
-3.970078295870449147e-09
3.872931043739504635e-10
-1.111752145043792961e-09
7.464615995994274675e-10
-5.075269760938233908e-10
4.428591524990328071e-04
1.938380203598427686e-04
4.957337682382365556e-07
-2.385296808763564752e-06
3.106403564993276396e-06
1.679997774026324918e-06
4.527104965283553111e-07
1.049458058849898829e-07
8.491417901705899478e-08
4.832325377426729143e-08
2.015241188021817550e-08
2.605627190430607811e-09
9.593286819933813523e-10
4.561732528452301361e-10
-8.399969308100964048e-12
9.535018408040732113e-11
-9.818423489328327103e-05
-1.548461003403728254e-04
-2.341786841714592256e-05
-1.802253112218851126e-06
-1.702135620793557865e-06
-9.842600938891277520e-07
-4.016134737557899821e-07
-1.414471827009827431e-07
-3.643408157021406002e-08
-1.289155180789420807e-08
-1.178576145139069543e-08
-1.862040960920886165e-09
-1.105383391128366966e-09
-1.585907724381378198e-10
-7.970422470536568084e-11
1.068790334005221654e-11
2.904949646663125635e-05
1.301348258254097221e-04
2.875598422824275500e-05
4.134808909216451453e-06
1.174176051482581740e-06
5.748133821879048720e-07
2.714988769270929281e-07
8.681988810594212632e-08
2.152138256978780465e-08
1.841993913010635106e-08
1.039756468872617683e-08
1.459296938615825258e-09
9.485790119484212246e-10
1.456957385150391295e-10
2.348127900987434024e-11
-1.754323835009977072e-11
5.375377682199735155e-05
1.274039900440284215e-04
1.344495346836100301e-07
-3.550199516970620829e-06
-8.890348973551097123e-07
-3.583704245587756727e-07
-1.602474578966349408e-07
-5.831158547395335126e-08
-4.846566804815774759e-09
-1.613213594647986139e-08
-6.922418913109878230e-09
-6.238754535606684481e-10
-2.842108444193479383e-10
-8.745506808630480416e-11
-3.070648059699666934e-11
-4.936981799724134116e-12
-9.219455748243328404e-07
-4.416349919137128085e-05
-1.474113138719429646e-05
1.068608659460781044e-06
5.191969951258856615e-07
1.550952669615257941e-07
7.531703499981421518e-08
3.338601505894410310e-08
1.142411130003749544e-08
3.709630416406894871e-09
8.935670625396614296e-09
7.902817186808260023e-10
1.113176826290862389e-10
2.476450995743428680e-11
8.706774832817066841e-12
1.617010787737785915e-11
-1.998425721771232566e-01
-9.822994528173470408e-02
-6.408366844202054158e-03
-2.748937209774489246e-04
-1.198787038337580296e-05
-1.312012216403684149e-07
3.122615439629979236e-06
-1.779086450770484904e-06
-7.421629843121048749e-08
3.035457882284029091e-06
3.920042619595278310e-07
-1.591025077967342552e-07
-2.445109157116473643e-08
6.292421458328281590e-09
-8.127622974082550634e-10
5.013638776966739459e-10
2.331743969746079290e-09
4.890939802106738198e-03
1.531809641603052406e-02
2.897057579696799435e-03
2.471622364756899306e-04
9.947346083736814497e-06
2.849214895429138764e-06
7.167070036528690542e-06
1.098949036948360720e-06
-9.213277221639065403e-07
-2.154228325568696438e-06
-1.493248030329028051e-07
-6.377751703008680745e-08
-8.360065463814513720e-09
2.309298360485022741e-09
1.040676648581546690e-09
-1.673214000603503001e-09
1.114925402899887272e-10
4.345250058500395871e-04
-1.507758126883876120e-03
-1.047484986238018771e-03
-1.852489647707985414e-04
-1.482719632193680975e-05
-1.816018765582942737e-06
3.440178058718374077e-06
-2.602916309036781845e-06
1.934593743684935338e-06
-2.010558937856811394e-06
-3.385846317064729339e-07
7.815574635742269486e-09
1.209582552248775054e-08
-4.243825646975369913e-09
1.353423052931627566e-09
2.163422232693173121e-10
-5.774078403974285089e-10
-6.748310524141155052e-05
-3.122379586821898660e-05
1.910243812447819523e-04
1.154893515213272290e-04
1.105662635764644278e-05
-1.369011134309786934e-06
-6.014687612328807543e-07
5.995781527092771131e-07
-5.587403528832491037e-07
2.804771474036316949e-07
1.511087259771826715e-07
-1.260986257778715087e-08
-2.702673955538455778e-09
-1.082516946570639007e-09
1.904993619999450908e-10
3.972003719313568988e-10
3.623756548428985227e-10
1.311341906148835695e-05
-7.987095622530816980e-05
-5.298455324531776923e-05
-5.819590926127728815e-05
-4.972922489819605186e-06
-3.124263854786333458e-07
-2.548881926886435374e-07
1.131642118407873675e-07
-2.918823075200160137e-08
1.990452393358788583e-07
8.655437552235036152e-08
2.641112173881712261e-08
2.509967803216712142e-09
1.280453402285101442e-09
2.049903259916865008e-10
-9.606623055711413557e-11
-6.874387748022917396e-11
-4.272712547734795307e-05
-4.468324378239574616e-04
-1.969107640434461970e-04
-1.863966121038960649e-06
2.305291706444671081e-06
1.726421846871425587e-07
-4.668738743295865765e-07
-1.746973260324123086e-07
-5.614300010966665456e-08
-1.131433506026899834e-07
-7.045773206258819284e-08
-2.486715543620558970e-08
-3.064259757163933194e-09
-6.600300101614468245e-10
-1.485909146234191428e-10
-1.894560175009849162e-10
-9.695994413857219177e-11
7.790941873507883899e-07
9.781765967402317262e-05
1.558379835849140426e-04
2.401091900514050684e-05
8.165341425051187908e-07
4.628420998071174971e-07
6.068066546020658879e-07
2.587875060619264818e-07
1.234060006371508752e-07
5.310785612394487723e-08
2.306710477072909668e-08
1.348040487933177137e-08
2.459318968626650129e-09
6.207926144322602955e-10
4.444892746268555004e-11
5.478980210626541922e-11
7.578022080764700733e-11
2.296278312611001747e-06
-2.881676074817952893e-05
-1.305254563528291572e-04
-2.876125279044259195e-05
-3.501602236269925392e-06
-7.231416540993000216e-07
-4.861372093330932427e-07
-2.201975536705986749e-07
-9.295757974220395030e-08
-3.341051623634776054e-08
-2.327639538336302859e-08
-1.123921466799394642e-08
-1.739333159356408241e-09
-7.270365862844976413e-10
-1.271174247106777636e-10
-7.603428213720266920e-12
9.273970914852756960e-12
-4.282459967152318778e-06
-5.376047740484363749e-05
-1.271287236369306574e-04
-2.428084085741163215e-07
3.118702113105947976e-06
7.670641954053701277e-07
3.508852347061279678e-07
1.707871661300047601e-07
7.631902706770235286e-08
1.655085394554895374e-08
2.327239637012026643e-08
4.611823302452501306e-09
9.040027458873302731e-11
3.830209212113767977e-10
9.349459776112783924e-11
3.073698502992157826e-11
-7.861560756166103478e-12
-3.248173722241874549e-07
1.192201261370031442e-06
4.406817049267639251e-05
1.575380675171763540e-05
-8.967374924035229784e-07
-6.542867196693773429e-07
-2.389255168982867746e-07
-1.132634609558299627e-07
-6.267964161059869266e-08
-3.198374067255406667e-08
-1.271423543261872710e-08
-8.437226327005455862e-09
-1.041761327315789047e-09
-3.203788075142033077e-10
-4.194883567182115332e-11
-1.416275266503299499e-11
-1.838035042325356644e-11
