1.353358344648127876e-01
1.027383155655925639e+00
4.331985882120734793e-02
1.366797249568643853e-03
4.150529705910863804e-05
4.006846892408088369e-06
4.605045762861163725e-06
4.241311910392328462e-06
-2.690169804531931435e-06
1.497088667561134449e-06
3.009756784779197791e-06
7.675829819024734332e-07
1.190997004512971407e-07
8.527099814185032042e-09
-4.951715189588267351e-10
-3.320071713452238555e-10
-4.217001759620489534e-10
-3.776848163403982717e-02
1.004120016993241132e-01
-1.060316256349268238e-02
-9.101033227989775405e-04
-4.980383345229267926e-05
-4.168869068744117638e-06
-1.613982972341142293e-06
-4.307995672221398801e-06
-1.239045736437190561e-06
1.163700355289546873e-06
3.555208211567607047e-06
5.657129477038584365e-07
4.561184780111364933e-08
-1.170875676282899910e-09
-5.959121780963768462e-10
5.329498562179932396e-10
-4.120369941293720457e-10
7.981852932433974868e-03
-1.005341083637833078e-03
2.170678737266369587e-03
4.794124249808532127e-04
4.533940240621604973e-05
2.022566320128079141e-06
1.721760608646150735e-07
3.649949662476043033e-06
-4.973955185031415290e-07
-3.072194874332757881e-07
8.732879991452506399e-07
4.358641204280608514e-09
-7.996183019790681325e-09
-4.391522786672934788e-09
1.976717886912800327e-10
-5.789140427397816538e-10
3.377967575507022861e-10
-5.378292749792694741e-04
-4.393724019303896266e-04
-1.814302684824778162e-04
-1.014913024023944744e-04
-2.255527577648684497e-05
-1.461786114856417385e-06
-3.253342403695566008e-07
7.914168127084612737e-07
1.062001574103882820e-07
3.244592146231053245e-08
-2.103521907581191883e-07
-2.556792213639057461e-08
6.115055339756936388e-09
4.556400767245952319e-10
-1.585720382762503832e-10
1.554865394561410939e-10
9.676234932844709626e-11
1.762210603461936782e-04
-8.985392850819533348e-05
1.411393093437908767e-04
2.065076166889367397e-05
9.987034957528890671e-06
5.532464196608465169e-07
-2.824290226542565280e-07
-4.366464976688441820e-08
-1.012419455623023852e-07
4.629826594720208140e-08
-6.669316045424816411e-08
-1.394209703300782296e-08
1.372340771812137610e-09
-2.361645295523881360e-11
-2.246898270192530540e-10
4.517513399186782733e-11
1.003996293250917997e-10
1.229668791706450626e-05
-5.057053690007044198e-05
1.261835599950646166e-05
-8.515117893867224107e-06
-2.896620388445916456e-06
1.485016807461738151e-07
9.533012873397101105e-08
4.991030756519289531e-08
5.901313486467150523e-08
1.344412121499267018e-08
4.207502491989832683e-08
2.455838294615954873e-08
3.443471488167358729e-09
5.803198825018348537e-10
-3.769093826916594760e-11
-7.691417386055321854e-12
1.547403008888179037e-11
3.731138881451585089e-05
-2.131609981275600199e-05
5.720117288151420896e-05
-1.339090159544394516e-05
-1.021393159384505670e-06
-2.083808347264058454e-07
-1.372003883615582790e-07
-1.082428148852167943e-07
-4.737540138342253748e-08
-1.800837775350711212e-08
-9.899546840218587221e-09
-1.295086058526977597e-09
-1.267417602474585262e-09
-3.631013213208727156e-10
-1.491708599626727309e-11
5.034892361452800570e-12
-1.627965970764160593e-11
-7.247154076093264789e-06
1.951836888856628470e-05
-1.186773078363520299e-05
8.593980688326313135e-06
1.612878409653420035e-06
2.547069182297739652e-07
1.230258087981882871e-07
6.130857998337419418e-08
3.324266473164570606e-08
1.036475274989035913e-08
4.070217144595126556e-09
2.684947355550623345e-09
4.213245482860038624e-10
1.849246392021208998e-10
4.375143902674433354e-11
9.238496946776259170e-12
-2.286537257740711337e-13
2.613855948143417024e-06
-1.114820573902867377e-05
3.718035649353216821e-06
-6.767477729258716051e-06
-1.315780657926778553e-06
-2.459506280494154823e-07
-7.365362982402222174e-08
-3.286552446931001795e-08
-1.434402603824684061e-08
-5.692426219623159335e-09
-2.644782262936452481e-09
-1.780825903723971747e-09
-5.803960785658791213e-10
-9.730377644544269040e-11
-2.105357141590320757e-11
-5.037631714519412419e-12
5.647568422384068007e-13
9.230688757610781234e-07
-3.158351566268727527e-06
3.816495458763440163e-06
-2.162883315122488386e-06
1.818765747725976750e-07
1.374467566617477605e-07
4.128950236751947742e-08
1.544712878733088253e-08
6.159028602587346456e-09
2.585541749555081765e-09
2.032658078906196347e-09
5.108385704243381794e-10
1.510271987740551112e-11
2.077384319217903164e-11
2.301947787153466896e-12
6.508687483016615013e-13
5.644928072824569045e-14
4.494097479464622614e-08
-4.566898183166782195e-07
9.374140142706122335e-07
-7.991703515395516541e-07
1.795423686275161455e-07
-4.269154715886509957e-08
-1.624554647124043364e-08
-5.644504824172726729e-09
-2.102246861055460465e-09
-7.126571657079883157e-10
-3.995215998944408712e-10
-2.253248840602512725e-10
-2.377797793072910191e-10
-2.076627393639952140e-11
-3.404740775907313263e-12
-3.120180351631327738e-13
-7.441339185638027712e-14
1.896744281118161249e-02
-1.905016889558015444e-02
-1.409407192137053988e-03
-7.395113900078810400e-05
-2.948847521227501561e-06
1.658827349420417290e-06
2.508798270686169099e-07
3.199475979274113234e-06
1.982262371958688025e-06
1.466808330794492149e-06
2.090717255025982847e-08
-5.099018026897892532e-08
-9.859734346801695378e-09
1.646010925856122288e-09
6.831863225086403167e-10
4.293592198130215803e-11
3.731311509903039890e-04
2.002882955052010666e-03
4.479812789673478309e-04
4.249740607304355465e-05
4.433649678775962644e-07
3.225861530283869857e-07
-1.097320912418228984e-06
-1.589814503692019985e-07
-2.934648236383780349e-07
6.251929208645463126e-07
-4.206152444603367673e-08
-1.023574296783311710e-08
-6.252203222107921986e-10
-1.076294735040928599e-09
8.444577055885604713e-11
2.574495011507947443e-11
-3.518917224579435764e-04
-1.714849616974624825e-04
-1.028828935737235143e-04
-2.357561345857800043e-05
2.218643026919794280e-07
1.756023509951197930e-06
9.718795612229882398e-07
6.249371220810757954e-07
-2.009992255569402111e-07
-2.336780493914525730e-07
-3.960536253440108612e-08
4.081618830496288695e-09
2.295348972601601005e-09
-2.965724544629527985e-10
-5.033895147069831885e-11
-2.361260690234076236e-10
-2.134349087682864494e-05
1.480356850266881534e-04
2.081644345933511553e-05
1.010770996991373242e-05
-5.205113503216718993e-07
-9.744022077525705646e-07
-6.911911191473672355e-07
-1.463710903158345413e-07
2.725301720771333491e-08
-5.109060852437962651e-08
-6.162240889916525116e-09
3.796870135173072883e-09
-6.538454857950654487e-10
-6.928374918825257304e-11
-4.307609611013234208e-11
-9.634618934370623584e-11
-4.382739217963951790e-05
1.416300429429725634e-05
-9.110178056742745036e-06
-2.391671712710622729e-06
5.304229531912845763e-07
8.327301271299499984e-07
4.027179133202786641e-07
8.795739625688623838e-08
1.181699287807449286e-08
3.238172277744430277e-08
2.050661102684325959e-08
2.747177786190860057e-09
3.342597797749631815e-10
9.482329046250719685e-11
-3.699265544072002168e-11
3.908430982312329339e-11
-2.903895165904278724e-05
5.661047969371704839e-05
-1.325698185990889497e-05
-1.330381603754355125e-06
-5.065353269935626265e-07
-3.789918014687300362e-07
-1.618556246476143157e-07
-6.113294347871688346e-08
-1.809132907846670891e-08
-6.844884825801751769e-09
1.582582951349466420e-10
-1.028150091726656810e-09
-3.629461506884506736e-10
-7.643478334783325036e-11
7.775609025277624580e-12
-9.731916448104458643e-12
2.073853458560019668e-05
-1.182311318688064799e-05
8.638614916695154937e-06
1.748446624521007635e-06
3.910547243688549839e-07
1.731179739565531792e-07
8.316711147480991546e-08
3.588016139015086915e-08
8.059324618364321625e-09
2.369508907862905603e-09
2.037411090069619651e-09
2.824814094224226524e-10
1.727768901936552063e-10
5.262227541703859905e-11
9.290569843986835152e-12
-3.283794032004045195e-13
-1.153125605982262398e-05
3.684803305304181693e-06
-6.802131298397170665e-06
-1.369364361031225835e-06
-2.865274608571453127e-07
-9.704947715155122181e-08
-3.981455652184284434e-08
-1.503131471432992155e-08
-4.790375029589421606e-09
-1.969808430017113623e-09
-1.510204005688678495e-09
-5.149264009348366073e-10
-9.403672259468276093e-11
-2.560281337803656424e-11
-8.371521522347253918e-12
1.749128392260313776e-13
-3.280699833950164203e-06
3.813636032632737901e-06
-2.151205057953817829e-06
2.021412508873996956e-07
1.517412592220295388e-07
4.817430576982450418e-08
1.881492200086701930e-08
7.320373058414331995e-09
2.457322596391225590e-09
1.787416217462851908e-09
3.632890101138536343e-10
-4.735707659232307653e-11
1.252220713869340572e-11
4.408719354307917703e-12
1.071381355699144564e-12
8.687577403457023796e-13
-5.107335358961991136e-07
9.518073303786639088e-07
-8.335144737851353036e-07
1.686179482098099864e-07
-4.769046519245911211e-08
-2.261049577798611119e-08
-8.595987269966414241e-09
-2.932404486227870571e-09
-1.064137149584293899e-09
-5.380594929432947390e-10
-1.852022561767564004e-10
-1.155166859973932101e-10
-2.426615553119890152e-11
-5.061964350397018884e-12
-1.038605497176592434e-12
5.271286127656499860e-13
-1.018783955518989259e+00
-4.307544430370762595e-02
-1.358544986045470042e-03
-3.731755380751171949e-05
2.135363652358107945e-06
3.969532449047253573e-06
4.646019362822057972e-06
2.807422599054957119e-06
-1.275004470590019630e-06
-3.004380771154727725e-06
-7.684485088575775709e-07
-1.195087718006111525e-07
-1.352067422932635303e-08
5.200032754483210073e-10
-1.615165087723346626e-09
1.132476760156634758e-09
-1.061458977241544754e-01
1.029725661784531773e-02
8.979956350373554481e-04
4.825568936769003916e-05
2.550595957616536470e-06
-1.997495417108173451e-06
-5.213958792170855005e-06
2.910504275390144929e-06
-4.430357838902468521e-07
-3.394221090442321980e-06
-5.510615642753934082e-07
-3.656654833784152026e-08
1.525284124431038035e-10
2.486727653834178832e-09
-6.818461155874959725e-10
4.053615564543988254e-10
3.997430152446042502e-03
-1.913549729602272110e-03
-4.688343590951291788e-04
-4.778071306251572442e-05
-1.386397764798524762e-06
-4.741051077908919082e-07
3.126832464833730499e-08
-1.381704203019794463e-06
4.370932021922870934e-07
-9.136046630102404190e-07
-2.349571876401240279e-08
-2.962654805722448899e-09
4.439932560490859956e-09
-1.021231305825664102e-09
-1.136889113996567286e-10
-6.463320338015218413e-10
-2.135643437346385076e-04
6.039556111959227169e-05
9.342644765674787562e-05
2.357427215814737588e-05
1.163343606380747813e-06
7.345199786472316807e-08
-3.915372358071592413e-07
4.232277638587585272e-07
-9.467893616858920572e-08
2.617792096076285028e-07
4.432989862028957378e-08
-5.741695817465026147e-09
-6.113247140117976466e-10
-1.299196720616164967e-10
-9.423060707149810787e-11
-3.281418616636123402e-10
2.470627690105653917e-04
-9.480617673265594853e-05
-1.721187700088179593e-05
-1.116761393291711450e-05
-5.924316115899232288e-07
2.294107719141104973e-07
-3.460467224569336430e-07
8.108942853834349902e-08
9.561679187901836855e-10
3.690443154862562803e-08
8.659010489784643708e-09
-2.033041790011685740e-09
-8.293127030567660901e-11
1.520587089053201193e-10
7.347472747525734570e-11
-3.408882984375217253e-11
-3.689187741300872027e-05
-2.876180892854218393e-05
7.673489520381059355e-06
3.484502432601473631e-06
1.393784187375097343e-07
9.946073610405614627e-08
9.965292939437867879e-08
1.771836451202511396e-08
-1.008087665285146921e-08
-1.962947750243555551e-08
-2.155380180757661574e-08
-2.537659304997189042e-09
-5.871107047259540183e-10
-2.239493118580496642e-11
-2.488542249603412923e-11
2.294670918304344612e-11
-4.781248163920807199e-05
-5.993911284293622458e-05
1.316252033050852685e-05
6.859061506464057185e-07
-6.763585748780858549e-08
-1.067101169604353109e-08
2.520929257288781696e-08
-1.403810030412457424e-08
-4.048666740417787854e-11
-3.783736981609202948e-10
-2.378369813150789486e-10
8.032092424394040022e-10
3.655479887799922808e-10
3.631787942179100775e-11
-1.255698806739764016e-11
9.272748016718845800e-13
2.233605316872805770e-05
1.867571106300680483e-05
-7.867796611329246753e-06
-1.349138567360508617e-06
-7.807810738839136439e-08
-2.351123366622639553e-08
-1.432464666381873365e-08
-4.356799802546505736e-09
-5.486147099214045271e-09
6.904836117570867494e-10
-2.006988774530883889e-09
-1.477849899502100384e-10
-1.676613955093387402e-10
-3.869330631650000102e-11
-8.099997851774094195e-12
-6.443407770746312794e-13
-1.203836530661522115e-05
-1.009121876987191523e-05
5.919439102188644604e-06
1.123508271271785299e-06
1.503180847268338072e-07
2.143065967672203660e-08
8.827555680389917074e-09
3.634659287510328921e-09
3.556101225811060652e-09
2.505707843116238885e-10
1.417015386014702200e-09
4.375425896177932666e-10
8.847237289215339282e-11
1.686493137152214628e-11
6.156732621184687243e-12
-4.554551959187621615e-13
-3.884278658509797473e-06
-3.814537805734191948e-06
2.595931708573022269e-06
-6.249018740503298630e-08
-9.022708021133631207e-08
-1.887932445135584650e-08
-5.757534992128135713e-09
-2.693945541816410635e-09
-1.112804091368305775e-09
-5.660546547642537112e-10
-4.162095196780123830e-10
3.989549517947542903e-11
-1.563012986357690725e-11
-1.556234431776895731e-12
-1.168705088252914462e-12
4.717571419482264134e-13
-5.547201499862634500e-07
9.208620735785271070e-07
7.378615576593680871e-07
-2.273343036432316618e-07
2.470773477797901292e-08
8.756265065040137115e-09
2.665184533909285570e-09
1.438594104407629988e-09
5.107539773486865445e-10
1.695822731342137034e-11
1.785274602900118334e-10
2.228394236614094166e-10
1.614305329329842527e-11
1.723253548396948997e-12
6.963760951903164015e-14
-1.311020870512776511e-13
6.591161676924719992e-02
2.777660309816485512e-02
-1.860982625823727130e-02
-1.393137199961390566e-03
-7.439472348293636750e-05
-3.276744539989308012e-06
2.975540362177290154e-06
1.678348210768148195e-06
3.890651021284826124e-07
1.906268407574644861e-06
1.565754332851550220e-06
3.911624442429732818e-08
-3.681091744376809955e-08
-9.592792248127816697e-09
-2.475064178281775200e-10
2.030876528356349752e-10
-3.278629586160217787e-10
-7.374714403957052800e-03
-2.412627453325580287e-03
1.755684813525105331e-03
4.339429407975820235e-04
4.439841370219416275e-05
2.714761173243673497e-06
5.819983178917994125e-07
-4.578089703053316776e-07
1.402688860377737271e-06
-4.667202772449385674e-07
6.204430623148180647e-07
-4.322837715052793180e-08
-8.841000821678535895e-09
2.194068632371309217e-09
-9.517286564675665607e-10
-5.018786537220369296e-11
-5.617847009980109316e-10
5.061313898061777297e-04
3.092577206390926267e-04
-4.801765012438279296e-05
-9.536523323274478242e-05
-2.599942562423685353e-05
-3.108336381537016030e-06
-8.421958018531130282e-07
-6.314516610144082387e-07
1.622743520684070897e-07
-5.341058732994632385e-08
-2.441459610451490651e-07
-3.695601674178913200e-08
2.394277816534937452e-09
2.042840645963144526e-09
-1.812848641904438698e-10
-4.921169789848104923e-11
3.330106400536683603e-11
-1.988585630224521186e-04
-1.821187594956152640e-04
9.867142166583362905e-05
1.711905383982880149e-05
1.201236827612579125e-05
2.013441651607773737e-06
5.734034368945873451e-07
-2.149608041038456623e-08
-1.123994372201746306e-07
-6.244795383678259722e-08
-4.653458739695794433e-08
-7.833504495921650588e-09
4.715770201901106930e-09
-2.359666007880163141e-10
1.186022069673134383e-10
-1.011070012609403485e-10
-3.447561199002430551e-11
-1.334748859586933440e-05
4.473164732536752598e-05
3.078918557230515515e-05
-7.819784159190493368e-06
-4.229252412571325480e-06
-7.640426371068450417e-07
2.184827486679780941e-07
1.500695082002203065e-07
1.950726208595837724e-08
2.990675778793358879e-08
2.170453076269303019e-08
1.933918425965808010e-08
2.064891906199585181e-09
8.321518107314807414e-11
4.649877396697847585e-11
5.455726642392949721e-11
-4.579039987010668180e-13
-3.684898198729854088e-05
3.926632083525717181e-05
5.922475259335488511e-05
-1.296550105833750284e-05
-2.370294242981591450e-07
1.380747760213360241e-07
-1.092366778048262421e-07
-4.877739646476328674e-08
-7.823016240563021662e-09
-1.029315867553683075e-08
-9.448558626139918027e-10
8.077226622382783990e-10
-6.098948069637724258e-10
-2.440665561085398669e-10
-4.967277213624389657e-11
-1.803473478471133159e-11
5.187932073604059686e-12
7.462086772316664930e-06
-2.085369961956524151e-05
-1.858788274429613418e-05
7.760586864327953863e-06
1.211576688763415658e-06
7.942271997112469907e-08
3.662301376127091159e-08
2.826693253839534267e-08
1.205024273428133083e-08
7.522828764849943175e-09
-7.571400317428259816e-10
1.738555142080211902e-09
-5.169466799868491162e-12
9.726571348850145394e-11
3.089200055726330085e-11
5.967073286941442876e-12
1.130002842961573342e-12
-2.666572743248437654e-06
1.159244219386874772e-05
1.006825121063076221e-05
-5.882980097143453026e-06
-1.094316156850889277e-06
-1.503928308115820848e-07
-3.418591753810554832e-08
-1.437326835787403423e-08
-6.488960605056450117e-09
-4.236537800628783054e-09
-2.182822853468486073e-10
-1.295527865535774679e-09
-3.540931501304593441e-10
-6.051956678755914881e-11
-1.545516734396025791e-11
-5.504986376925459048e-12
-1.266002359956994370e-12
-8.715157676434845329e-07
3.770874078186010936e-06
3.805729042751425736e-06
-2.602388652786853141e-06
6.150650579940824235e-08
9.431039210021172154e-08
2.202844017859589282e-08
8.719799406995476607e-09
4.502217322605498826e-09
1.462780264302552565e-09
5.949791654758810901e-10
3.381147681794504705e-10
-1.156047570563740581e-10
-1.402496133861176468e-12
-2.895746343405668364e-14
1.199451555270824135e-12
1.983963692243928377e-15
-2.704996615553180904e-08
5.149972240876140517e-07
-1.019384148798073409e-06
-7.879239922091706629e-07
2.321085162716719165e-07
-2.156115766107482188e-08
-1.138989915561635935e-08
-4.413649820262859365e-09
-1.864608657225812066e-09
-6.890377177269539035e-10
7.483668097787048910e-11
-1.536674175841734562e-10
-7.630565829019506353e-11
-1.481774031294786257e-11
-2.058677869114262847e-12
-5.134927497849797295e-13
2.295219141139691323e-13
-1.544003313454727078e-01
-4.827802450530029911e-03
-1.388576215637489725e-04
-4.224683580314790178e-06
-6.991275082663732807e-07
4.948250923515710585e-07
7.997206007624558039e-08
-1.265692051000369811e-06
-1.385940210785210450e-06
-1.038666647622025139e-06
-1.808620802232819025e-07
-1.270981603235165768e-08
-3.153032738908185308e-09
-2.183643234377729351e-10
1.609840083987562013e-10
1.068536376567419704e-10
3.961830724814899979e-02
3.227015008362797612e-03
1.699111332802304868e-04
8.033843621856973520e-06
-1.781519672493343549e-06
-7.488049810527824325e-07
-3.575040755013360888e-06
2.763086170945899352e-06
-1.428169344910198218e-06
-9.118792233836271748e-07
-7.236330249894614179e-08
-9.197347101502672218e-09
2.429144495751972126e-09
-1.155197792501885704e-09
3.967915613747406801e-10
-3.345035790175548015e-10
-8.345577187875274222e-03
-1.666392958940352302e-03
-1.595659053630730259e-04
-6.945593178216466542e-06
4.803586103660971507e-07
2.137325461630576841e-06
2.286083691219226780e-06
2.415372577706588677e-06
3.068777872893474855e-07
-9.050795396599159816e-08
3.211272406655837823e-09
-9.267073620675595968e-09
1.585672929690349475e-09
5.536209722264227684e-10
-3.238331871017171261e-10
4.221970713981176949e-11
4.463752378279358334e-04
3.760549225567915549e-04
7.835449117951885374e-05
5.617235547782143095e-06
-1.293774153687646494e-06
-1.572726441574565618e-06
-1.679640014236101403e-06
-6.601291889785942518e-07
5.367511751741385517e-07
8.140953874611391221e-08
7.364111324236763889e-09
2.745987808196227220e-10
-1.958339870774144399e-09
3.067542663482908021e-11
-4.219513714940136883e-10
1.846871394629038615e-10
-3.802094032368469128e-04
-8.017223651329384441e-05
-3.228952723432493971e-05
-2.418076742707322802e-06
9.189517769993826128e-07
1.134382340556074789e-06
6.753738374968002695e-07
1.340699812628429984e-07
-2.116197264708989247e-08
-8.474930353371022305e-09
-1.372979932914776698e-09
2.464049591600386469e-09
-1.059937784668585506e-10
2.643039977341734146e-10
-9.940749822603174145e-11
3.277387681840051223e-11
9.985786087984434268e-05
3.970691167607074556e-05
1.181662108808630919e-05
8.605688457705640056e-07
-1.200531259916136838e-06
-7.562432866900267706e-07
-2.404433319863401290e-07
-7.332948836225782443e-08
-5.259748861043958644e-08
-2.300997341959706051e-08
-3.805073644989477825e-09
-1.118408711892441910e-09
-5.294039517770642482e-11
-2.082630557308451156e-10
4.429896448598014636e-11
-6.674496037503600032e-11
9.620244492952949691e-05
4.143344637652215864e-05
1.732520254094484540e-06
2.484808357490804926e-07
7.162317036094084803e-07
3.977513088099721372e-07
1.429487771873929934e-07
4.337809930287846936e-08
2.189739157212146884e-08
6.387477901933377211e-09
2.270502541881477838e-09
6.190821069008053840e-10
2.366819566826245145e-10
8.201848080063583710e-11
1.508056040887131329e-11
1.206583260716530502e-12
-1.609190450618518689e-05
-2.675662450050057711e-05
-4.346389103653292345e-06
-6.184710370120946329e-07
-3.282900974698492996e-07
-1.810328216774186657e-07
-7.886405039963123642e-08
-2.724490312663812806e-08
-8.069776432961058276e-09
-1.130625338841367471e-09
-1.239634333015253290e-09
-3.322970551066595036e-10
-1.545215280177910813e-10
-3.265188239349102499e-11
-1.171703188575903087e-11
2.492903668856603212e-12
6.426014199266726777e-06
1.987094601885982108e-05
3.928469389510271685e-06
6.092346206999413749e-07
1.792945430235256536e-07
7.998821996688085820e-08
3.681860910208450819e-08
1.304970459633233032e-08
2.866051263624898458e-09
2.455712086942381042e-09
9.632119890290667703e-10
2.046047428155421882e-10
8.811855130493988619e-11
2.092525167628693357e-11
4.357867484566662909e-12
1.709623405667313748e-17
4.303603167107186008e-06
9.609703970632002071e-06
-1.971901519809324973e-07
-3.348581957393247000e-07
-9.467771053162944559e-08
-3.602388480372502774e-08
-1.586307318095508424e-08
-5.903590453310565842e-09
-1.432868862537950927e-09
-1.144501077107992304e-09
-4.529494241267247943e-10
-5.263979340921036749e-11
-2.255188867718231691e-11
-8.596814656804267618e-12
-1.799595671107428041e-12
-4.119864659809448688e-13
-1.157537998184691343e-07
-2.768031140340910748e-06
-8.725263978145528847e-07
7.002086763865427537e-08
3.719722245603317192e-08
1.213678371690299274e-08
5.212922244017110287e-09
2.203726988816796955e-09
1.041613017870339239e-09
4.132325775158411638e-10
3.829132187325833157e-10
5.823708421181587527e-11
6.878717873966729016e-12
7.422551476644051917e-13
-1.143698843016363703e-13
3.741608798069176841e-13
-1.402015870825806809e-01
-7.041078769196398857e-02
-4.942565418092324109e-03
-2.466228064202344609e-04
-9.258519629348877951e-06
1.316529112200719021e-06
2.019259793332965721e-06
5.842918793707281492e-07
-1.849399930121644931e-06
8.553298864461472684e-07
2.369586004771372618e-07
-8.526746545787313363e-08
-1.131361464719171522e-08
2.680325785978939022e-09
-8.304223825378020786e-10
2.591193824614473039e-10
5.187110233606147523e-10
2.363716527630071226e-03
7.639810847007507885e-03
1.554092528829885888e-03
1.523603999746331241e-04
6.040761882097381095e-06
8.795432208200603548e-08
2.804354787832992306e-06
9.757073623805886911e-07
-6.326584669163622724e-07
-6.949671441288525030e-07
-6.866510405865214114e-08
-3.876499609255555691e-08
-7.682926160778549337e-09
2.517012614903314522e-09
6.799399376130388442e-11
-5.701062175376500048e-12
-7.872947086967679697e-11
1.803996602622444606e-04
-4.157401350491310042e-04
-3.766849673025681909e-04
-7.529679252366903801e-05
-4.774887628997720348e-06
5.159960972017507988e-07
2.754066559601483657e-07
-1.165886074228111285e-06
5.382351246582010617e-07
-6.249889694693283091e-07
-5.784835905166097112e-08
6.610627022440322923e-09
7.162230286685998316e-09
-7.044745269496172632e-11
5.387794954684467520e-10
4.121191147504082092e-11
-8.932917483162831567e-11
1.422737842553289977e-04
4.066181348155848319e-04
8.226280665809586269e-05
3.086367244457013893e-05
1.966201248719948139e-06
-6.553896514952908152e-07
5.239856080237503788e-08
1.200320224226616051e-07
-9.767655882606612214e-08
2.612523383038469550e-08
-6.527862308162063811e-09
-9.485593785263141377e-09
-2.348231226913399290e-09
-4.280918802606948797e-10
3.877333695119087625e-11
5.876608391497064974e-11
4.065081521109491086e-11
-1.555752193313645824e-06
-9.893424537977044261e-05
-3.852975753483364589e-05
-1.141166526924630411e-05
-5.289798378875313464e-07
1.600479174770460656e-07
7.913395049811176985e-08
7.886068893160365520e-08
2.652441712324422727e-08
5.857814159993604469e-08
3.314779256223928791e-08
8.430358214657046619e-09
1.547435029454790133e-09
2.530805853216812232e-10
7.487831372731588839e-12
-2.067605566406284687e-12
9.712253172683075743e-12
-8.429408360693094841e-06
-9.647644394270014944e-05
-4.191525171358311745e-05
-1.911106028971179240e-06
-9.597717421600107345e-08
-1.796491686963921843e-07
-1.712774666079635644e-07
-6.216763619968049427e-08
-2.962450709812544557e-08
-2.772561449183814350e-08
-1.175289549604228077e-08
-3.928898989140557893e-09
-1.061158224684185272e-09
-2.129376018964135052e-10
-3.202669974991625553e-11
-1.298582110650360086e-11
-1.016031356095169721e-11
5.787909585210587936e-08
1.590418316953281036e-05
2.685432092056145429e-05
4.373555823869592278e-06
4.664260871437343129e-07
1.773898342520914929e-07
1.116866610825648812e-07
5.354176442019159285e-08
2.294659808222901670e-08
1.055440002744321223e-08
3.166863506361963386e-09
1.922049595784935621e-09
5.288750089497011063e-10
1.255467908864720049e-10
1.393942695989908159e-11
1.741517038814206969e-12
3.039459691289480264e-12
-3.579018257881884945e-08
-6.378346206478790976e-06
-1.988948766592269453e-05
-3.909972915850889433e-06
-5.477370435238992749e-07
-1.289806090324083208e-07
-6.349072640825301393e-08
-2.897574939493182175e-08
-1.277700937743288223e-08
-4.148704177032810460e-09
-3.267330777328654010e-09
-1.263286866136778270e-09
-2.788234811262682540e-10
-7.503647822381107524e-11
-1.316823893567749314e-11
3.408009173781836056e-13
1.027604757134594442e-12
-4.160623175502431594e-07
-4.345902502850379728e-06
-9.608267203338948401e-06
1.832699463201849279e-07
3.059855744911678711e-07
8.136107648772958559e-08
3.254975974639932149e-08
1.463251532135510391e-08
6.556011805665400281e-09
2.118323638244002125e-09
1.549043229985497636e-09
5.057342995734088915e-10
6.065625628871321199e-11
2.070069873587626719e-11
3.777777592541359584e-12
2.644792543067351667e-14
-5.441466218208000076e-13
-9.490223922709455759e-09
1.322251662289268017e-07
2.770380725791484572e-06
9.154881313513947917e-07
-5.976038893238597419e-08
-4.215086943600259885e-08
-1.551167210523215550e-08
-6.736655660774639218e-09
-3.376190817215858159e-09
-1.783018404061786871e-09
-7.401231756032371813e-10
-3.913918198493278323e-10
-5.949036514126151407e-11
-8.934643216685599958e-12
9.098248560762820052e-13
8.068830299329232085e-13
-1.652734764074922139e-13
