1.373687429073242872e-01
1.026311388388597035e+00
4.389925975063899838e-02
1.440229455875099507e-03
4.594671595016874897e-05
4.816675865777724467e-06
5.064659769799149373e-06
4.241569377235334929e-06
-2.186197268181130125e-06
1.541699028130815837e-06
2.726775605497790895e-06
7.342179466509649170e-07
1.153095461043990201e-07
8.198541137480243878e-09
8.727013824832781578e-11
-4.385252615747781919e-10
-3.634645410815765087e-10
-3.106689122606515890e-02
8.183775935291554005e-02
-8.721304850352315508e-03
-7.728951150059814148e-04
-4.353813095774466426e-05
-3.223943989210721435e-06
-1.275891888438039639e-06
-3.286429159972640728e-06
-1.097628415436321213e-06
9.654531211950073116e-07
2.745527362280245676e-06
4.601238663147958393e-07
3.818804719005294739e-08
-1.796272608496195662e-10
-7.713226651921770742e-10
4.433715325548028277e-10
-2.554640486008430329e-10
5.342836278676682538e-03
-6.173960686206334631e-04
1.456351143534200844e-03
3.273292686791472996e-04
3.247426688460009386e-05
1.040790709488955614e-06
5.424782331986703274e-07
2.467887215901874533e-06
-1.142057792320144104e-07
-2.700802083050654876e-07
5.532425925998591795e-07
-1.495807339866554020e-09
-6.746816366923793713e-09
-3.667936088513505781e-09
-2.963390867058304089e-10
-2.995322302691657150e-10
2.047221007656183311e-10
-2.628389602388141828e-04
-2.753345350718762008e-04
-8.257539076994063136e-05
-5.324339657940047504e-05
-1.290921458952637283e-05
-3.297804264074660884e-07
-1.268836533218342166e-07
2.679525166726219103e-07
3.354587425255436868e-08
2.110135423858662089e-08
-8.889194351017901300e-08
-4.123899190915524854e-09
4.786202046887486143e-09
2.671661237161291704e-10
-7.786944644931229659e-11
5.336321018556557117e-11
7.328884346037256309e-11
1.172126273504514967e-04
-7.757630613182681502e-05
8.948656335600608104e-05
1.090914678076635068e-05
4.363297706929148713e-06
2.022323426020635847e-07
-1.720855205821296952e-07
-1.643967505603272428e-08
-5.856703468362860055e-08
1.098582051715750493e-08
-3.601650519377884603e-08
-8.172917115433328915e-09
5.608810264489341866e-11
-1.137447277891434306e-10
-5.488229020835765773e-11
1.647250960345978008e-11
3.957575945861864065e-11
5.680424897183124992e-06
-2.546954908220818779e-05
7.412000440086552625e-06
-4.363387588425171460e-06
-9.492472148810275676e-07
9.876428935789025310e-08
6.228804173280524528e-08
3.026207694702420829e-08
2.582438759288463999e-08
9.777087115529007504e-09
1.808186713195219874e-08
1.058342812673370681e-08
1.625564978537148224e-09
3.243581870731810553e-10
-3.479994234007350245e-12
-4.011378348329219639e-12
2.843858667651582301e-12
1.400978870838496653e-05
-7.658299579025591692e-06
2.125538313123341658e-05
-5.015578059610221193e-06
-4.657112633166644666e-07
-1.087066150165598134e-07
-5.866184172326717810e-08
-4.225845934394157729e-08
-1.816998194856623125e-08
-7.531749522750117563e-09
-3.764116033743886372e-09
-3.619839255009123878e-10
-4.976326246470942239e-10
-1.408018558342564051e-10
-1.214075174867947617e-11
2.466867651677259169e-12
-4.592273022772756332e-12
-2.212299729156290443e-06
6.000478511145566907e-06
-3.550283468808231935e-06
2.690069337825091330e-06
5.208444040082744381e-07
9.180800542452306860e-08
4.063047999739864404e-08
1.951832882130030980e-08
1.045567889875191813e-08
3.514835713666251780e-09
1.276437520955197467e-09
8.774241525363388672e-10
1.571967580149436769e-10
6.085379064009516256e-11
1.119763185848828882e-11
2.339663814481372145e-12
-5.315397507939437766e-13
7.344236569118479699e-07
-2.958340131709806097e-06
1.160490651841137191e-06
-1.834915265403891777e-06
-3.515103752387465456e-07
-6.760920917099497200e-08
-1.989842249080513434e-08
-8.701037794904412014e-09
-3.808718281511251788e-09
-1.506563293284373759e-09
-7.625872870830236442e-10
-4.674285701829763292e-10
-1.515864945023119884e-10
-2.614333227129481402e-11
-3.964728314433805742e-12
-5.914236631975545969e-13
4.195653515402817803e-13
1.883584369538583784e-07
-6.177850353237344744e-07
7.842809511440071297e-07
-4.215588677843837869e-07
4.229355610642970850e-08
3.024767064384628810e-08
9.232145887951879198e-09
3.412992619472696664e-09
1.413496758733624088e-09
6.023861139071253428e-10
4.278690484553897181e-10
1.084968451496427062e-10
-2.605168403282671088e-13
3.654402622355972263e-12
4.204541595192623573e-14
-1.139129318798839678e-13
-7.802685139054153440e-14
6.381704366469305518e-09
-7.643862929032057373e-08
1.549706512236767809e-07
-1.388515801613560872e-07
2.901927640051089859e-08
-7.561711194181701640e-09
-3.086346051879727182e-09
-1.059138115894979751e-09
-3.967017002807168302e-10
-1.309131985490456436e-10
-6.308597690029373916e-11
-3.100615983990874180e-11
-3.426634670718616005e-11
-2.872975373504260652e-12
-5.312993452411429935e-13
-2.900931113202567828e-14
1.000992194865863630e-14
1.539406403632002408e-02
-1.568163800361271551e-02
-1.191073117679482436e-03
-6.372594954214916372e-05
-1.376499448116612700e-06
8.868304108296567140e-07
9.871687015396886479e-07
2.612753885676495255e-06
1.585910753055313657e-06
1.059736433161115741e-06
1.847432744301622643e-08
-3.504109993552380046e-08
-1.002994689064962887e-08
1.892423358949282142e-09
7.092719989289324101e-10
-1.653455656725729000e-10
2.832324804695971745e-04
1.339039321070924172e-03
3.066110542652750897e-04
3.064568829445662914e-05
-1.040768805875753215e-07
-5.271684859990011782e-07
-7.421974664284241643e-07
-9.611869322647524902e-08
-1.906953430993901857e-07
3.908195658737458371e-07
-2.211300450745883052e-08
-5.826091850252827609e-09
-1.123228286616565863e-09
-6.461853386660709069e-10
3.583512050553554594e-12
-4.063760713656975797e-11
-2.056021345672773932e-04
-7.415451314336018247e-05
-5.429898244342425557e-05
-1.303559915526571315e-05
5.363635857721468714e-07
1.332142968680493918e-06
7.593420608204697594e-07
4.264100775726083868e-07
-8.702733843294435819e-08
-1.000273999235770427e-07
-1.335857541957119026e-08
1.998783324048379808e-09
1.471627711811990984e-09
-1.607708947635605652e-10
-2.743516886410005838e-11
-1.061574448127771714e-10
-2.876721987931479243e-05
9.447933850388520174e-05
1.098289751912271339e-05
4.227274076205522952e-06
-4.269569250768783204e-07
-6.006373154907209790e-07
-3.584988027674386734e-07
-9.099163684855766104e-08
-3.599040883649040895e-09
-2.737450649573054545e-08
-3.909623047536353935e-09
1.487482053211375439e-09
-2.936394449340508959e-10
-3.847122989696254088e-11
-2.920215737379364971e-11
-4.140596600932516897e-11
-2.224280479503173877e-05
8.130814582991813640e-06
-4.509043805313822240e-06
-7.126135908287669194e-07
3.114055252366836373e-07
3.691453660217535716e-07
1.778082955978426150e-07
4.107078544821404053e-08
8.265131266200462537e-09
1.356075578889685361e-08
8.527520671569362030e-09
1.234520670559262478e-09
1.953153555129811406e-10
3.924035560669211421e-11
-9.799699256154102899e-12
8.913237626526327901e-12
-1.048268370985486431e-05
2.102269943602665060e-05
-4.998141441186369622e-06
-5.774687472650872224e-07
-2.222034848900021114e-07
-1.442390430851969520e-07
-6.457279511062930838e-08
-2.400386108353490850e-08
-7.684592078573568386e-09
-2.621749816552194154e-09
2.780460950725360495e-10
-3.668728777710212742e-10
-1.188585496978126147e-10
-3.494530659192626922e-11
7.018803877382106243e-12
-7.328408777016064094e-12
6.358569469134944723e-06
-3.528659161838776673e-06
2.709975207781517756e-06
5.615772132527675272e-07
1.326299514590821411e-07
5.717667347863790505e-08
2.685755502123834045e-08
1.135429867825532707e-08
2.825289227946524495e-09
7.128875149098251123e-10
6.419908478646134325e-10
9.353161347333730954e-11
5.490751129445613426e-11
1.319512043414570655e-11
4.308659780692632955e-12
-1.089061430941082397e-12
-3.076066419946654949e-06
1.146975194970453695e-06
-1.844890730357186540e-06
-3.656438034161433845e-07
-7.791071071693462456e-08
-2.597659002681858506e-08
-1.045586981932666570e-08
-4.030657996788104004e-09
-1.255855302116717545e-09
-5.671854606737320153e-10
-3.842370141347607025e-10
-1.266844032946518520e-10
-2.440185519415304400e-11
-5.366746746525799492e-12
-1.972673422972827375e-12
3.818769154131057723e-13
-6.443976485638505278e-07
7.845071331434632452e-07
-4.185833762410650979e-07
4.632933844273839680e-08
3.331267313891580572e-08
1.060048061203334044e-08
4.037578063397731707e-09
1.606571475593913840e-09
5.472930067850098798e-10
3.656547531250684380e-10
7.626161965771351064e-11
-1.181726874166888514e-11
2.476599600669404736e-12
6.047088918828747571e-13
6.320327686723969045e-14
6.725861548795690425e-14
-8.510231556363264504e-08
1.564078078575045986e-07
-1.436415258072074243e-07
2.724345798429628866e-08
-8.390448573047112263e-09
-4.033044378609248862e-09
-1.510737798320682755e-09
-5.090287983769294448e-10
-1.740266156467893067e-10
-7.650928963929701759e-11
-2.320584066727356155e-11
-1.724290846166399990e-11
-3.057729913833265390e-12
-5.259719625098596773e-13
-1.775274433204554582e-13
1.935000674364577585e-13
-1.017257870369196349e+00
-4.361859979226418577e-02
-1.431576694722444011e-03
-4.354616913324382062e-05
2.312446863275042543e-06
3.757121239962708489e-06
3.972140185677111389e-06
2.747507922852570104e-06
-1.416442322311102604e-06
-2.726381267380902434e-06
-7.399178542254501754e-07
-1.193750678836970861e-07
-1.203933382873072064e-08
-5.425346007552768059e-10
-9.481614013986927186e-10
6.299894868973238106e-10
-8.669251435567165709e-02
8.453027853340611825e-03
7.622559087497216175e-04
4.323261177196068158e-05
1.098797960475280964e-06
-1.382911919617376758e-06
-4.463090214017935882e-06
2.346175810133704366e-06
-3.073670795595297660e-07
-2.598645458608579971e-06
-4.443554960779428702e-07
-3.089352860485451507e-08
-6.539506039004732804e-10
2.069015698178616772e-09
-4.365162094426658965e-10
1.934481143148464980e-10
2.660646350707601866e-03
-1.274858442238764947e-03
-3.204829077178068157e-04
-3.453188278755582304e-05
-1.399302908120443483e-06
-4.725225286182641817e-07
1.821394771015080285e-07
-9.291494818333402910e-07
3.387774213205114260e-07
-5.830743083688272118e-07
-1.674754497837117188e-08
-1.015802762335809817e-09
3.054244429553332062e-09
-1.645569286921351402e-10
-7.821659407773373011e-11
-4.212727873093125281e-10
-7.446829953304453251e-05
1.397561797572847391e-05
4.969800156768188810e-05
1.347055976011504314e-05
3.688099704645659952e-07
-7.796030239052442281e-08
-3.752144366905277754e-08
2.391481630212965002e-07
-2.976968793141171987e-08
1.220882994666186985e-07
1.729469349955788876e-08
-4.360967038703231160e-09
-4.029566131106515887e-10
-1.764244498569755284e-10
-3.051301108791118477e-11
-1.687872105185540182e-10
1.657912176150165139e-04
-6.812422492671505749e-05
-9.801347598030443791e-06
-5.010603916984958027e-06
-2.177375885447153757e-07
1.510801089932825244e-07
-1.573714532649333925e-07
3.412049744122120930e-08
-4.154258571705986108e-09
2.070537427863234419e-08
4.754835930869377946e-09
-5.485795264534887218e-10
6.326206038605408078e-11
3.896021274385823769e-11
2.117822095365651670e-11
-1.546050077602317703e-11
-1.986489469190180429e-05
-1.385264204280306853e-05
4.205767890250043089e-06
1.269992882164866841e-06
3.985976387993989416e-08
2.637735927245956308e-08
2.853830439984818417e-08
7.631234182862507656e-09
-3.859627909919323249e-09
-8.574731319339632671e-09
-8.925620538331575839e-09
-1.163347950944011693e-09
-3.081164715521122495e-10
-2.310784011980890638e-11
-8.355951436370068229e-12
1.175473519424919290e-11
-1.721911973024552628e-05
-2.239557727215644620e-05
4.837793439088393075e-06
3.106062026138069651e-07
1.126063546665867008e-09
8.374508517337075950e-10
9.550157379222574658e-09
-4.922886435435779516e-09
1.102653458506709833e-10
1.049371084571326149e-10
-3.482299899119227420e-10
3.166684610538126617e-10
1.455901554845140423e-10
1.601510411991226756e-11
1.248866289114797906e-12
-4.590723426022201780e-12
6.804675440956826309e-06
5.697433937100514480e-06
-2.428250058315518927e-06
-4.264359393523407564e-07
-3.565177302366052633e-08
-9.620336791924408670e-09
-4.540857306235336199e-09
-1.523509770365009217e-09
-1.879610779211018222e-09
1.386016747271064039e-10
-6.179853700747778570e-10
-6.967746182806514007e-11
-5.549372497947345373e-11
-9.268748206100038815e-12
-3.560486588799940543e-12
1.377745127210904208e-12
-3.269429419007781352e-06
-2.856104565336853993e-06
1.604312398659689920e-06
2.978677133265117412e-07
4.211551571923095418e-08
6.455796362230492829e-09
2.567355077296986464e-09
1.027757184388460976e-09
8.882878099522875038e-10
1.493477213187529144e-10
3.545894395572312079e-10
1.143874973185205528e-10
2.450521344300373780e-11
3.058733955020237990e-12
1.498687110618045258e-12
-7.786923774816047898e-13
-7.727233489695527909e-07
-7.682490892780747669e-07
5.159078249255906076e-07
-1.583527954234777676e-08
-1.973809805964859874e-08
-4.317728997075833641e-09
-1.303758196273380216e-09
-6.033598036959259134e-10
-2.154334812477547193e-10
-1.177250290758874977e-10
-8.158619426264684008e-11
1.035846263084019943e-11
-3.246344275108014241e-12
-1.668162086915420421e-13
-8.778798546224760089e-14
2.937703419040032977e-13
-9.268695299115936127e-08
1.561417351352865284e-07
1.277277590788557134e-07
-3.780850221335363463e-08
4.214256696515463274e-09
1.662358470373532063e-09
5.010067807795005128e-10
2.649009005558145649e-10
9.895148107696779903e-11
1.006665302945284113e-12
2.328944591783977634e-11
3.212271522935442166e-11
2.010073485449337402e-12
2.899840293358580657e-13
-4.564635716853886333e-14
-4.234520869533579865e-14
5.426922012901294612e-02
2.282387684572410175e-02
-1.529657056392244932e-02
-1.177677007397466124e-03
-6.559687441871679626e-05
-4.081554964185260211e-06
9.927558687947157953e-07
9.981402883181473241e-07
2.582812315061959677e-07
1.434210539387375245e-06
1.158805917093523022e-06
3.519610943617444596e-08
-1.944269658970856295e-08
-9.951078661175696782e-09
5.176827948843252607e-10
2.151106794941938405e-10
-2.624684155210252436e-10
-4.931557272297013537e-03
-1.624167750889918965e-03
1.165153800119876322e-03
2.969320726326567478e-04
3.189089815551229238e-05
2.330673596657838311e-06
4.364146471421278906e-07
7.218246337223154311e-08
8.017898555689302577e-07
-2.945994720764447182e-07
3.783231330612140636e-07
-2.590938009120247526e-08
-4.100533198369002378e-09
6.766776976180597812e-10
-2.783033072826370047e-10
-1.737757636318552072e-10
-3.221936113750099803e-10
2.415609042068366408e-04
1.499500113018777407e-04
-5.072484951765898490e-06
-5.056537052509395893e-05
-1.493211783813936599e-05
-1.642308230244632782e-06
-4.628420837093484493e-07
-2.767657761109412384e-07
1.644299702910559470e-07
-2.335941948753037864e-08
-1.057407788525116580e-07
-1.167356064619151711e-08
1.263320115719464049e-09
1.351971684843447792e-09
-1.148448087047733375e-10
-2.617540067326105522e-11
2.631774512715812293e-11
-1.343213820414211124e-04
-1.191771672582039241e-04
7.179734629234265123e-05
9.668588334881099224e-06
5.492488059280025198e-06
8.991636970298713878e-07
2.220712714056274628e-07
-2.404323149484176619e-08
-5.572078634862973927e-08
-3.356627049982582171e-08
-2.668479376335118146e-08
-4.436306448734737982e-09
1.790477008817822546e-09
-4.542254665705407816e-11
7.066380776185905004e-11
-4.478157649581501046e-11
-1.549847869200317536e-11
-6.191198685546943897e-06
2.328034949737781988e-05
1.470831605100795465e-05
-4.231422980365995927e-06
-1.568366548866879014e-06
-2.743311373341730172e-07
8.952461619457210967e-08
6.964902837729857035e-08
1.084362043083730394e-08
1.202570292786123226e-08
9.624165251819851532e-09
7.904835594524882442e-09
9.350556116546757209e-10
5.819250032872638693e-11
1.398250329244424202e-11
1.985976030429248290e-11
-8.921963224627505713e-13
-1.382719741984564678e-05
1.416995355876296763e-05
2.215042787076381981e-05
-4.770312192355975822e-06
-1.711615194052641145e-07
2.309684427495406289e-08
-3.913126626362132986e-08
-2.008766241313803939e-08
-3.678406887593854764e-09
-4.123764031407720573e-09
-6.994025900885388719e-10
5.679695036899160210e-10
-2.160192359343953161e-10
-7.713900254804155845e-11
-1.898190331930727964e-11
-5.376396711128077043e-12
1.139132680481979913e-12
2.268204825673178351e-06
-6.384607138448047489e-06
-5.671484217147977143e-06
2.399010366129819595e-06
3.908249171497344054e-07
3.447919207748937541e-08
1.447413636200665470e-08
9.334456713887624046e-09
3.939641728152285625e-09
2.576067551980845093e-09
-1.387194808397364619e-10
5.274442184926558304e-10
8.694162405874633434e-12
2.790518990245870643e-11
6.849372182190401133e-12
1.840952142807669194e-12
3.031308102328488028e-13
-7.384268576137869762e-07
3.140259986896700139e-06
2.848072468716933310e-06
-1.596037313118249383e-06
-2.914419613951008352e-07
-4.211120301139532702e-08
-9.929627434040209944e-09
-3.957864734651883437e-09
-1.820423390255762810e-09
-1.078582404425588074e-09
-1.354222115969342163e-10
-3.168941616005021525e-10
-8.720595069954534189e-11
-1.505377035065858055e-11
-2.756292718192209168e-12
-1.189719500965125114e-12
-1.189204560899407766e-13
-1.776740972860751485e-07
7.470965444950700812e-07
7.655229535392472802e-07
-5.178377262983249973e-07
1.546643689175678087e-08
2.084193530608341032e-08
5.020574550161961929e-09
1.894576369524349690e-09
9.724532223024869721e-10
2.844788906733650352e-10
1.162342872427181678e-10
6.426411556946729391e-11
-2.389015496902477116e-11
-2.983453587304623035e-13
-1.738084090927099587e-13
7.843527789771861384e-14
-6.526342141772569223e-14
-3.900425729456528013e-09
8.595570641015930450e-08
-1.693194750085449857e-07
-1.343489136162017350e-07
3.838437486574628228e-08
-3.803287383948303791e-09
-2.054911291958909324e-09
-7.866425732126814635e-10
-3.335297012276074691e-10
-1.271294686860708197e-10
9.103916007474226259e-12
-1.813054501215625685e-11
-1.186828997710395579e-11
-1.285616092797901681e-12
-1.242749890153218132e-13
-1.858557562135967845e-14
4.695413468662461245e-14
-1.565092048767590394e-01
-5.097794638617820194e-03
-1.582283604086615232e-04
-5.085753229673539565e-06
3.901264044689798473e-07
1.086658497369896341e-06
4.877521252028558039e-07
-5.299375066282432766e-07
-1.195658354012788039e-06
-9.681892018992453315e-07
-1.950121206772972174e-07
-1.106328441216468108e-08
-4.784853738003671750e-09
2.609546668829638181e-10
2.399711429012484322e-10
4.348081267909051104e-11
3.265555454949110176e-02
2.727934372665467497e-03
1.509067708263853278e-04
6.705373355071189106e-06
-5.233694014299181418e-07
-1.897383407747331966e-06
-3.034056993550362671e-06
1.775108454789759883e-06
-8.389287290363370291e-07
-7.480599900792441738e-07
-5.625271002550643288e-08
-6.377567356683116749e-09
7.574603045382164992e-10
-6.809756256407067134e-10
1.712677946719620575e-10
-2.025967013510743792e-10
-5.575957409020036899e-03
-1.138399389657700211e-03
-1.126036438801674783e-04
-4.924855487729502099e-06
4.529589376436029066e-07
1.529628704822376960e-06
1.905568827731729439e-06
1.787067892954179019e-06
1.914922434242455702e-07
-5.200090546992278472e-08
6.399627980012805017e-09
-8.231566890026931285e-09
1.202195068406900190e-09
3.016278271200158312e-10
-2.088481394632731001e-10
6.328629956473477504e-11
1.882392183239831171e-04
2.026934227676113569e-04
4.455896145624476090e-05
2.641277474266262524e-06
-1.243126675431299539e-06
-1.060668966778777486e-06
-1.053612625644573771e-06
-3.401272040051174400e-07
2.612846299837429839e-07
3.439975632515414261e-08
5.695730134555114575e-09
-5.379233093874683102e-10
-8.997860525895638027e-10
-1.468154054294264920e-10
-2.202446455219294531e-10
6.430305343731637792e-11
-2.712782402372171777e-04
-4.395100789500349845e-05
-1.445134200155257912e-05
-7.868090641711422479e-07
7.183070693026133068e-07
6.539019994332870491e-07
3.786131375715694924e-07
6.622565471032893913e-08
3.512789387772014246e-10
2.931739628060840755e-09
-7.483393676147325852e-10
1.335221696581808044e-09
-2.635975386548520723e-11
1.344334683073314150e-10
-3.849441827443559109e-11
1.469132216169553786e-11
5.443323749184681841e-05
2.056372894443471690e-05
4.385360184154426773e-06
1.626161349095803365e-07
-5.537268334974919063e-07
-3.514626566767305657e-07
-1.197813627118801273e-07
-4.018219092717754682e-08
-2.484911935313590509e-08
-1.062643886962939175e-08
-1.822636358058368815e-09
-4.894609487698776628e-10
-3.098730815663208828e-11
-7.886038439259787269e-11
4.985398109506001459e-12
-2.027658333065762249e-11
3.506767373706219470e-05
1.509100667855234923e-05
8.343241216899284948e-07
1.808298927436390936e-07
2.677741289147217462e-07
1.526519600379247585e-07
5.531111084702985700e-08
1.760830626095606719e-08
8.656202478909652118e-09
2.099892935697978536e-09
6.715886602072819292e-10
2.542556438223176256e-10
6.985819471354712455e-11
4.772070019964757070e-11
-9.033387770191581399e-12
1.377126990132843357e-11
-4.826721794567893194e-06
-8.299882226681839969e-06
-1.394599320659766273e-06
-2.229103598892405800e-07
-1.083984197857634942e-07
-5.827045393493965488e-08
-2.466519838987159680e-08
-8.804438522090102881e-09
-2.730760092488261001e-09
-4.136676313443993499e-10
-3.760471564831003573e-10
-1.081917131981338517e-10
-4.490058992755461664e-11
-1.089051822658950359e-11
-2.585667328813528703e-12
1.481412739025717889e-13
1.900955501159273040e-06
5.423429076427691124e-06
1.044627462593141819e-06
1.666508986820318573e-07
4.904533465510308407e-08
2.142689823216694425e-08
9.669482011786529849e-09
3.480516678923624185e-09
8.295553723650054587e-10
6.767244181419886230e-10
2.299029593557510052e-10
5.611294544293536676e-11
1.997095553209850354e-11
5.464776840780764571e-12
9.644683235314984143e-13
2.129616949814585753e-13
8.751710590398382337e-07
1.926995543018522879e-06
-5.351188414842072523e-08
-7.286093544286859125e-08
-2.121200657800332570e-08
-7.990852087399610064e-09
-3.572852387860944250e-09
-1.264955285547715295e-09
-3.549655849152961824e-10
-2.165176527914782121e-10
-8.140793502456375847e-11
-1.100118197760474057e-11
-4.426753319130936455e-12
-1.770056982168203707e-12
-3.824082256484787208e-13
7.500081584126012064e-14
-2.052380760385446700e-08
-4.596246268807274228e-07
-1.436204197380993713e-07
1.267872056991776469e-08
6.888437242197394498e-09
2.297231402737232845e-09
9.769007424772349104e-10
4.079882283756487621e-10
2.055389966105299747e-10
7.996015027778905076e-11
5.791676582210066270e-11
1.009979791507595054e-11
1.126921394224095665e-12
-7.898914847419807471e-14
-2.251336243983108655e-14
-3.673888798592808585e-14
-1.146758622015526807e-01
-5.798710752716894345e-02
-4.169063051597773559e-03
-2.162137793303666638e-04
-6.933493110605002999e-06
1.895173364821817011e-06
2.257548457925345699e-06
3.189531451288112721e-07
-2.225976624797307310e-06
4.081176916409130046e-07
1.948672442637715710e-07
-6.263411752919643785e-08
-3.242098030666200010e-09
1.341709995938249245e-09
4.460586445828127717e-11
9.022104816894420560e-11
2.843056754372420264e-10
1.559654704411337581e-03
5.104676244392748925e-03
1.061353333909496963e-03
1.078459744480924021e-04
4.165075430853467185e-06
3.000533680005528793e-07
1.302139953182726792e-06
9.617168055511257085e-07
-4.278145154651256277e-07
-4.171823063025098047e-07
-6.122219020174224914e-08
-2.941805382828362098e-08
-7.117161478271703546e-09
1.772612422237240836e-09
1.460875784099184974e-10
7.294900620976509231e-11
-6.221636081132384300e-11
1.274036733935311489e-04
-1.690955992816027423e-04
-2.021277410177984440e-04
-4.299296934932438519e-05
-1.875368094066345720e-06
3.141063957163118850e-07
-6.094317218297078357e-08
-7.039923146104658789e-07
2.522450279727626122e-07
-3.160273687462399835e-07
-1.615288672111258513e-08
6.072484653619141349e-09
4.937928518757526900e-09
4.328542791727002723e-10
2.736512883834251492e-10
2.890076509534982713e-11
-3.744888778037631119e-11
1.058692706672918825e-04
2.902593224508894084e-04
4.556982535698513953e-05
1.394578716169362498e-05
6.415503465788453840e-07
-4.365159354492641230e-07
5.551839862918936341e-08
5.062414503045606268e-08
-2.949477240677742889e-08
2.692471217511323693e-09
-1.121194691035033004e-08
-5.908832383207404415e-09
-1.583848729547002596e-09
-3.013497700845442255e-10
2.009772718502838657e-11
2.745132325044402076e-11
1.451157280496626652e-11
-1.284600552314913978e-06
-5.371111574570260836e-05
-2.017248444790274527e-05
-4.275157190453204223e-06
-1.121759304034522043e-07
1.246673475617884103e-07
5.366301441041604368e-08
3.984897070482341317e-08
1.622304941808318557e-08
2.706710829074070224e-08
1.530888267871594698e-08
4.002441805331896461e-09
8.593733934791425489e-10
1.127164408779768429e-10
4.444943387088547698e-12
-2.778319787539916007e-12
5.649124156505491616e-12
-3.094079046551303844e-06
-3.517588408033067281e-05
-1.522389483992100313e-05
-8.748883138350607083e-07
-1.082136120428996785e-07
-8.876228195129315862e-08
-6.823691853913024838e-08
-2.416194067790825662e-08
-1.226005730755310727e-08
-1.077613260143583261e-08
-4.183124062840452835e-09
-1.397723163052680915e-09
-4.580213312218388395e-10
-8.686722504244054379e-11
-1.495689929268467256e-11
-9.214203675412689372e-13
-3.472854030227853356e-12
1.794769582605457327e-08
4.764343545013654330e-06
8.316770885456849642e-06
1.394725908672284043e-06
1.763345071549746125e-07
6.365674948953194670e-08
3.608035368019591117e-08
1.684241854813774822e-08
7.358493056535384894e-09
3.495209156747246194e-09
1.097909662575787820e-09
6.325643571925613255e-10
1.851271908073377433e-10
4.137725309568600530e-11
3.695581706889435116e-12
-3.977062717355222201e-13
2.792108314701900406e-13
-5.061975317057514088e-08
-1.891808246964880735e-06
-5.425406731420610867e-06
-1.037835117044488344e-06
-1.517814025375852129e-07
-3.612749512242161774e-08
-1.702679382673663599e-08
-7.648140827210819554e-09
-3.375961435176704675e-09
-1.169705119492030104e-09
-9.081451590856497088e-10
-3.239416805768017349e-10
-7.986794145938317850e-11
-1.798514025758545461e-11
-2.758608573693573318e-12
3.003384412021882128e-13
3.247802239683277426e-13
-8.843505990261854447e-08
-8.861859502553471304e-07
-1.927881302019682862e-06
5.015341023872369365e-08
6.730698779027847170e-08
1.833215982669658885e-08
7.167258940269193269e-09
3.231374087536490286e-09
1.371460863967198587e-09
4.954936389744792551e-10
2.998348473144925696e-10
1.063908539165244310e-10
1.584635884263965531e-11
3.603855115972212961e-12
5.619527572387261179e-13
-2.251755216078538782e-13
-1.773635835191542650e-13
-1.176449159492559629e-09
2.294301950815081968e-08
4.604160948549252910e-07
1.496507895391573788e-07
-1.103489770393938781e-08
-7.556264424785896175e-09
-2.760255994606758941e-09
-1.169510353984933021e-09
-5.778223212058799975e-10
-3.120170847640792129e-10
-1.295560885493712090e-10
-6.168069344154648410e-11
-1.008979269945381594e-11
-7.629194712511817639e-13
5.446098704335738312e-13
3.066399176617256104e-13
3.830560504423739372e-14
