1.341857664781689330e-01
1.027999755777675439e+00
4.299199382432265099e-02
1.326013746731228302e-03
3.820895567311645267e-05
4.197585210611037475e-06
3.513747041204981749e-06
3.488422287023420868e-06
-3.589863122747377385e-06
7.001302636717858119e-07
3.102154416009271993e-06
8.428059325067649112e-07
1.125616195904489923e-07
1.068160163909323704e-08
-1.034467637784114742e-09
4.778628253106076776e-10
-3.996363731784336850e-10
-4.104023612245902286e-02
1.096830858385985236e-01
-1.152192799542534063e-02
-9.720396249379201605e-04
-5.188529538720332659e-05
-3.802582612912429237e-06
-3.136464241565065150e-06
-5.225186350678091591e-06
-1.287953011338288342e-06
5.827252443031071768e-07
4.008547637218642645e-06
6.135729232368209588e-07
5.362085728703758021e-08
1.023117678439080285e-09
-8.143917844058238694e-10
-1.171499634497743806e-10
-3.111729737223853079e-10
9.468514538733780600e-03
-1.225996856394998349e-03
2.569822482959999068e-03
5.612212976567016809e-04
5.221916147224662098e-05
3.460035644193982860e-06
2.850224364170609075e-07
4.146526911054672507e-06
-7.790957034532262188e-07
-8.993189443316701134e-08
1.025609914210780062e-06
-2.952987145852182306e-08
-1.645370353951909250e-08
-5.737814498641515746e-09
-7.563437902121555156e-10
-1.928651499322701636e-09
2.996073604268586333e-10
-7.262820585572380208e-04
-5.357255798597015126e-04
-2.502413517904832508e-04
-1.321083093336111920e-04
-3.012728490842910546e-05
-1.022684027815525591e-06
-7.413861414382072286e-07
1.178769888892301224e-06
2.950863638771674871e-07
1.782422739283712182e-07
-3.794489758697303735e-07
-5.502086013570477821e-08
7.270385986450372652e-09
-1.053195659465740529e-09
-7.027356541308347761e-10
4.510415876377597863e-11
-1.103424216743106484e-11
1.939209926198111756e-04
-7.431732313523616604e-05
1.619190903011912268e-04
2.639220306745212303e-05
1.482193848927991695e-05
1.240504545232420646e-06
-1.089126175210369428e-07
-3.628707120088590595e-08
-1.040942453510344690e-07
9.960947871018743153e-08
-8.469085886151755628e-08
-4.810027414665522848e-09
1.679697738067423156e-09
2.217523546060807006e-10
-4.698401275551575428e-10
6.351796719829277051e-11
1.353268288265887556e-10
1.650630020126502478e-05
-6.350805553647406298e-05
1.404951716926430121e-05
-1.111877499421832008e-05
-4.400205561796267699e-06
-6.112065621299710658e-08
8.444901451190654727e-08
8.838269522927783956e-08
9.339443724305539554e-08
-2.119427856814580453e-08
5.209982320839613457e-08
3.311196794926638792e-08
4.974756367832554827e-09
5.307432395371005561e-10
1.123028084853916367e-11
-1.830522809409809628e-11
1.415313835909565042e-11
5.348843472759429575e-05
-3.220323139874370935e-05
8.277362301001281648e-05
-1.931497825859586592e-05
-1.137582202495724702e-06
-1.745986095682004726e-07
-1.903415570992067280e-07
-1.638432663000991730e-07
-6.982668963883930696e-08
-2.097570355702483730e-08
-1.308256471462257855e-08
-2.021493700400221161e-09
-1.970286505609375550e-09
-3.773405712561725746e-10
-7.470557529526178803e-11
-6.753537604318719012e-12
-2.551120829270738885e-11
-1.103215086124660640e-05
3.075673300744454554e-05
-1.835017488947393097e-05
1.330685176364951170e-05
2.365236921498858595e-06
3.441231059584772582e-07
1.886628845168951619e-07
9.871489449761170653e-08
4.733088522171524991e-08
1.287452077383562103e-08
6.885185812918382154e-09
3.964983030059594378e-09
4.780649113445422312e-10
1.775055989782966826e-10
7.469422567665449049e-11
1.957290927236472216e-11
6.608012936844583675e-12
4.009885136708064282e-06
-1.809530889363697572e-05
5.251204014523678292e-06
-1.082134516718800076e-05
-2.118784666609684584e-06
-3.952834527080248930e-07
-1.151330095967987109e-07
-5.646264466973272518e-08
-2.508164128692655832e-08
-8.413259465376215344e-09
-3.267835402533157432e-09
-3.191767162166173228e-09
-9.263469516685531328e-10
-1.062479700564371237e-10
-4.402669679695024483e-11
-7.830695984476170439e-12
-1.781288821023672017e-12
1.672546988275096248e-06
-5.751198661218976865e-06
6.866470083433203386e-06
-3.926262076945958845e-06
3.165466380210362147e-07
2.451805915417836099e-07
7.318847534978119265e-08
2.859482028642267355e-08
1.090034179550005451e-08
4.585821584019040017e-09
3.513004399852772939e-09
1.039621446675289411e-09
9.432233655997290000e-11
1.676759705470990630e-11
9.726136793169004535e-12
2.928820771782080895e-12
3.521893388410141075e-14
9.295694334443348887e-08
-8.998626780678994174e-07
1.824549994018489823e-06
-1.517028053271756390e-06
3.488803307282229881e-07
-8.215514819277477692e-08
-3.161064459032292667e-08
-1.070872408434444376e-08
-3.896325705304673907e-09
-1.501276876666920770e-09
-8.191282008397096985e-10
-4.464878852924531319e-10
-5.314777073924515093e-10
-3.943478605500900025e-11
-9.103977893855712252e-12
-1.880283058311713435e-12
-2.164778627050419311e-14
2.076589540359682906e-02
-2.069111352778547908e-02
-1.507077443413511533e-03
-7.614904724893361242e-05
-3.754202934774575038e-06
-7.363920512176060666e-07
-3.980922638716657142e-07
3.355123645520016797e-06
1.603361284575758501e-06
1.783411932271047393e-06
8.835078200177819825e-08
-5.224884023105912874e-08
-4.072871064337159813e-09
1.525041258808568923e-10
1.775282450121535838e-09
2.046518441078257236e-10
4.140285452538415220e-04
2.371162771142262034e-03
5.231434757081594982e-04
4.901690373291882184e-05
1.154352208277800786e-07
7.098420362158229190e-07
-1.410203393205844452e-06
-9.001757406960844331e-07
-8.242321358398877265e-08
7.612777791160610781e-07
-4.319549646179719126e-08
-2.138677294787225435e-08
-1.443946260153831037e-09
-6.227387932726857573e-10
8.850568187144141331e-10
-2.782465753583341655e-10
-4.457503969739266781e-04
-2.398524370498434798e-04
-1.347401498776293783e-04
-3.012405338812158907e-05
-4.117271141138728940e-07
2.228088539474317628e-06
1.681256126832358086e-07
6.242668699440325022e-07
-8.995357481798293577e-08
-3.769335353732837004e-07
-7.648142844197661623e-08
8.942197595430493880e-09
1.913979812250275190e-09
6.389539815796289703e-10
-1.019430807190818905e-10
-2.712338430838339589e-10
-4.178804079088739186e-06
1.694390329021339136e-04
2.701425393061364681e-05
1.398101728109980161e-05
-4.915390026183305565e-07
-1.191476168398204689e-06
-1.152370699259375342e-06
-1.004473137379209786e-07
7.576855066001985539e-08
-5.853762432123069106e-08
3.884504455167809790e-09
4.094257378283284863e-09
6.112390554824264718e-11
1.930673635396908321e-10
-1.465347199920774138e-10
-6.803520596918567735e-11
-5.509910694316192238e-05
1.540489008142979511e-05
-1.160824866950275930e-05
-3.653210823021790771e-06
3.448003944618817891e-07
1.237246897483736028e-06
5.904037798646685335e-07
1.183589074853448641e-07
-2.299004130652667770e-08
3.800876347918636443e-08
2.905700104362179681e-08
3.866451302183836664e-09
4.013372708067129278e-10
2.218956064797614861e-10
-5.540804814037819484e-11
6.147616884801916810e-11
-4.295966658338058812e-05
8.219063808867554998e-05
-1.916645181517696934e-05
-1.725328816905471390e-06
-5.500710632020678552e-07
-5.856624104551293035e-07
-2.158244942095040765e-07
-8.714344182778527478e-08
-2.002107248454149588e-08
-8.593810180985216878e-09
-1.466715043214924417e-10
-1.565289740185916245e-09
-4.288254225688491226e-10
-1.747941034048619690e-10
1.972504706888057657e-11
-2.955380604591956550e-11
3.249177007203473533e-05
-1.831260286679534766e-05
1.333942685850732058e-05
2.634297014353518828e-06
5.517802626478359236e-07
2.593574803870300316e-07
1.268587869468552003e-07
5.178183261124220804e-08
9.156185313574712707e-09
4.399275072266198488e-09
3.001761549160622879e-09
3.441319422100057786e-10
1.519072682928868916e-10
8.614315734652133186e-11
1.157492801342350626e-11
5.908300462692037211e-12
-1.862444695345394645e-05
5.198817913517327240e-06
-1.085906510048331865e-05
-2.225247069082854069e-06
-4.600230412369274825e-07
-1.560572208249142532e-07
-6.859170211770204466e-08
-2.590960990580312674e-08
-6.870723818327216726e-09
-2.236325847976479018e-09
-2.762973315364512032e-09
-8.369874899394947448e-10
-9.301688236745803206e-11
-4.908871709999997538e-11
-1.161089784408983704e-11
-1.570390095328772739e-12
-5.961515628244144493e-06
6.866295404273673452e-06
-3.916696713888140681e-06
3.559510999096905393e-07
2.696418722744926590e-07
8.553828796354910893e-08
3.524231837990736050e-08
1.330043253270429997e-08
4.479308256592022925e-09
3.153481690194533889e-09
8.093726544530690128e-10
-4.611818623745362463e-11
-5.121959535859621130e-13
1.400486067576190175e-11
3.286134560380151430e-12
1.418320181872695812e-12
-1.017059396845580348e-06
1.857514777086978140e-06
-1.587583797951841669e-06
3.252137446500121977e-07
-9.149389725800219462e-08
-4.584371004152587987e-08
-1.725385302348667148e-08
-5.696528214410950193e-09
-2.282205390657855149e-09
-1.355798218212620009e-09
-4.017203696727028073e-10
-2.727408412407514802e-10
-5.061171629244759446e-11
-1.610025587857088816e-11
-2.288553316430577156e-12
-1.973662423077296951e-13
-1.019652371959774317e+00
-4.276627357545078473e-02
-1.318428153579485462e-03
-3.447349983229834678e-05
2.611400836854849539e-06
4.857006617664481264e-06
5.339697649289660001e-06
3.535638882435584034e-06
-6.344639331445256894e-07
-3.039370501003031639e-06
-8.451474569246340334e-07
-1.109047216575356295e-07
-1.853262410329562541e-08
2.255078331782655530e-09
-2.901051720319782893e-09
1.694011382785213252e-09
-1.158134523412880507e-01
1.120178527989774964e-02
9.598675369698961637e-04
5.021247395680149890e-05
1.673717570696328588e-06
-1.226806210517405339e-06
-5.154300909160998675e-06
3.564359598437079906e-06
9.980473533692277763e-08
-3.858913493974591180e-06
-5.930766125411136108e-07
-4.468795201224523846e-08
-1.411233070768337799e-09
3.315601372312911256e-09
-4.950690693777334501e-10
7.768733590126524078e-10
4.731672109770529606e-03
-2.273461018529625809e-03
-5.467518354262084065e-04
-5.406797250891094871e-05
-2.048185316497377563e-06
-2.500182967019553386e-07
3.267697071274023345e-07
-2.211482255544809502e-06
3.720266005492005242e-07
-1.091960894691448565e-06
5.706490217206331853e-09
4.463995730125324578e-09
7.871751242341522057e-09
-8.676066528748396795e-10
9.729460667246074525e-10
-3.729855079887702357e-10
-3.132572585142334026e-04
9.509654395840526841e-05
1.222983667242967228e-04
3.028298694925126680e-05
6.782617011155749089e-07
-1.565674227729126911e-07
-4.955524392213969625e-07
6.624761124097375422e-07
-3.325720383886011409e-07
4.435217786642637593e-07
7.725772991380197268e-08
-7.071012811720146769e-09
6.702638898180630499e-10
4.823848411381610200e-10
4.446540401857895379e-11
-3.928062654163748750e-10
2.722977001242935674e-04
-9.636484222653071935e-05
-2.157227352359543526e-05
-1.574359875433650825e-05
-1.308123294422209529e-06
1.043754800518270218e-07
-6.803799179627432314e-07
7.762223598699249979e-08
1.958452993982610320e-08
4.508285802252978119e-08
-1.511423368805419319e-09
-2.393512763458312098e-09
-3.139378377371481185e-10
2.357297329323068902e-10
1.671836324130111386e-10
-6.440082350720919471e-11
-4.510505508341644136e-05
-3.745508580800404637e-05
9.146823465262868337e-06
4.771373815897062264e-06
4.870263493801925698e-07
2.431562146601220438e-07
1.950033839528010801e-07
1.688670397564255104e-08
-1.313884802222802529e-09
-1.900187264621870293e-08
-2.981036790013654112e-08
-3.824068737127141122e-09
-6.816470392557355232e-10
-2.617906820904350951e-11
-5.928424817815987690e-11
3.642568366069799636e-11
-6.995269325312697981e-05
-8.638024605436061209e-05
1.940357059668520019e-05
9.070790286922068799e-07
-2.451397572429930552e-07
-5.140220263326115845e-08
2.552802412277232008e-08
-2.345125697747894098e-08
-3.322405386721321417e-10
-3.964496225829484875e-09
1.675153005502643327e-10
1.410240774834499896e-09
4.291625600932714114e-10
8.852363960996542208e-11
2.132302252410710013e-11
1.004678803355955180e-13
3.487980056636441720e-05
2.884701835752649757e-05
-1.232925953878972463e-05
-2.047249416696302763e-06
-6.180332626341180706e-08
-3.263183883987582188e-08
-2.083461171544997485e-08
-2.920181070362849136e-10
-7.056447013028733896e-09
1.164234040692287748e-09
-2.951024444642761229e-09
-1.385979987212262330e-10
-1.558138944242348688e-10
-6.300618363295003337e-11
-2.586530395617827856e-11
-2.523311783332077516e-12
-1.923655568772424584e-05
-1.564608846824679924e-05
9.461232955565941196e-06
1.826934728672587584e-06
2.278517589023665822e-07
2.890063958908677071e-08
1.434143019278347847e-08
5.931223375353359106e-09
6.479134192104282536e-09
-5.392211962144518655e-10
2.528379141869118617e-09
7.554369563924549675e-10
7.912375628391221029e-11
3.783821863989216909e-11
6.438454155075634631e-12
1.833534483333222996e-12
-6.996217163329615812e-06
-6.854758728992314553e-06
4.697581179238550044e-06
-1.098326449829605534e-07
-1.570072887868303553e-07
-3.213781112094650671e-08
-1.031095266376446682e-08
-4.947433249278340696e-09
-2.441673847108025508e-09
-9.263067323282173880e-10
-8.485086111554573826e-10
-2.256001747699745901e-11
-7.284547911779890104e-12
-7.244452202618745930e-12
-3.738112662384273509e-12
4.500848749416377465e-13
-1.112649934330488353e-06
1.749182843280991997e-06
1.397027801471528287e-06
-4.415705477711705871e-07
4.703185811039931133e-08
1.713652633344349391e-08
4.735569719314526189e-09
3.051622070277724001e-09
1.047994210495445985e-09
-1.262452169430614444e-11
3.371718553999998082e-10
5.149029720532951793e-10
3.133153051803446775e-11
6.310194167647328235e-12
1.997013948554860588e-12
-2.488229970658316703e-14
7.158460649424379374e-02
3.020234000894250412e-02
-2.023131618946916524e-02
-1.491107655888117669e-03
-7.676422030927425408e-05
-2.914028345688910723e-06
3.323255011612093088e-06
8.040411373340998513e-07
2.939303081305484677e-07
1.778634942540193058e-06
1.817716880576403603e-06
1.208258745907167729e-07
-4.568149561898891999e-08
-1.915134276309181962e-09
-2.953469650521411261e-09
1.982376245212011825e-09
-5.239912837191084466e-10
-8.752762436345861222e-03
-2.848469769080572839e-03
2.088732714638062531e-03
5.077884794727077506e-04
4.996182206434617257e-05
3.186447858340507100e-06
-5.259056917778002214e-08
-1.878790312254393347e-06
1.465070393191687816e-06
-2.762710758310835354e-07
7.505084738794357506e-07
-3.480549147182341177e-08
-1.988319629941160473e-08
3.277642382112324104e-09
-1.694152356090389518e-09
1.120836634726453265e-09
-1.163165175454205845e-09
6.865355400785675332e-04
4.125705830339674207e-04
-8.366304668528699927e-05
-1.245640162065021728e-04
-3.340356464101103577e-05
-4.051064709217849934e-06
-1.190906997338415259e-06
-1.163946058588413232e-06
-2.563825353533879765e-07
1.296223604698983863e-07
-3.851271062667264852e-07
-7.905467022502459539e-08
7.189777052391459648e-09
1.257670974270756705e-09
8.888885023372523351e-10
-1.154740291564015871e-10
6.408702739202158927e-11
-2.187122369109734533e-04
-2.050081738402010365e-04
1.019711513868675092e-04
2.082381344980710675e-05
1.643006356210415138e-05
2.708524742240258943e-06
8.230925892559291143e-07
-2.252972298981902359e-07
-3.397409166486703356e-08
-1.062962095841256513e-07
-4.673380578391688359e-08
2.182157218589253250e-09
5.742171248715497096e-09
2.719980837728497899e-10
5.825730788451671031e-10
-2.485188810985722754e-10
-4.469900423293802026e-11
-1.770076371272284995e-05
5.387271417068110471e-05
3.974162831087301351e-05
-8.971768096066097908e-06
-6.468714227377128337e-06
-1.477486467000220413e-06
4.053437905474633200e-07
1.744925697624580817e-07
2.252611065494812730e-08
3.165088435165732784e-08
1.906126044751526745e-08
2.809139051967589736e-08
3.054911527110680187e-09
9.030072578834599440e-11
1.566007609392499177e-10
9.648072595546840044e-11
-1.281592058869156712e-12
-5.270253187424309849e-05
5.843503353819270920e-05
8.520526573996080647e-05
-1.922861069097102124e-05
9.456599622352474200e-08
3.682300750974459160e-07
-1.821542447276003912e-07
-3.494046970101076147e-08
-8.582533576731199312e-09
-1.363680537493512294e-08
2.310964905025620143e-09
6.571221501825812649e-10
-1.138644459387847804e-09
-2.669171317760535343e-10
-1.553870358160452301e-10
-4.607560391678183655e-11
1.719039687887694843e-11
1.130895422484662428e-05
-3.275394266948706217e-05
-2.860575060055492447e-05
1.216851258645860414e-05
1.739146700161235262e-06
7.810574815676268758e-08
4.463969654852309524e-08
3.759593295044975357e-08
1.364355905428816270e-08
9.861905312460429201e-09
-1.202119993644537242e-09
2.476348198716616747e-09
-6.882105950609760278e-12
4.791587020827315190e-11
5.688642014304171786e-11
1.432065296837877955e-11
3.497885031810274220e-12
-4.092049460485564401e-06
1.857132915187243710e-05
1.558332426899087004e-05
-9.400500168463942613e-06
-1.764056721345835504e-06
-2.327731942714389391e-07
-4.806632771815330107e-08
-2.455115469446604982e-08
-1.064038953799119593e-08
-7.410318675205941605e-09
5.367455462051761365e-10
-2.336947201171912907e-09
-6.424325292249288951e-10
-3.228112877608752309e-11
-3.296775643824908438e-11
-6.699426119039575658e-12
-3.840738024884775640e-12
-1.588104186815712876e-06
6.822354454903356673e-06
6.848023403640731927e-06
-4.707660103308252712e-06
1.038392510311330714e-07
1.635079409299671655e-07
3.562575559977168395e-08
1.623494840599950745e-08
8.395454019169233265e-09
3.175624863538511961e-09
1.009503329454217986e-09
7.658690477532219156e-10
-1.353955187175564112e-10
-2.583106100252596540e-11
5.486985570174320494e-12
3.681292893845409925e-12
-4.055602259629322089e-13
-5.652524298003340150e-08
1.022663292672841049e-06
-1.957590093161522898e-06
-1.505425874238951028e-06
4.543161027947763639e-07
-3.923793446361212402e-08
-2.296227142941030864e-08
-8.588453912769572224e-09
-4.187931031399289195e-09
-1.561431836456436612e-09
1.691562903433482527e-10
-3.381264071065888911e-10
-2.178350823258605244e-10
-3.062279898867126407e-11
-1.054819649996389266e-11
-3.061836258903018506e-12
4.254016563603536200e-13
-1.532089890337548499e-01
-4.677831286962795022e-03
-1.279602276538021829e-04
-3.461784357790005973e-06
6.671887208994542510e-08
1.260986861503982022e-06
-7.884362801835406477e-07
-9.525965406421783886e-07
-1.279073629515444231e-06
-1.171415140009265048e-06
-1.539450011968651974e-07
-2.351880445385666846e-08
2.853435816157658491e-10
-1.714015655426380609e-09
2.758661697549499137e-10
1.957696424266117057e-10
4.300067203430839313e-02
3.454447137316447522e-03
1.755263700208149996e-04
7.553530836370988807e-06
-1.218628742885440323e-06
-2.379440026896918230e-07
-3.122365595073559076e-06
3.794696775776140644e-06
-1.833094333450234176e-06
-1.033660331109391912e-06
-5.912762771489651093e-08
-1.540749843232708553e-08
2.742544246572619766e-09
-1.761076787275515064e-09
1.053156134578192853e-09
-3.873415977229765749e-10
-9.897029684683601378e-03
-1.951152228298611620e-03
-1.834338537692021902e-04
-7.533602428909000271e-06
4.048427271297281878e-07
3.466801047971122937e-06
3.093502016187792512e-06
1.601897279609856569e-06
7.100874830035271538e-07
-1.051890415780608704e-07
7.387842839913298479e-09
-7.228469231812509930e-10
-3.868464239060176171e-10
1.949806749848887036e-09
-3.385962797746930848e-10
1.582861242757730355e-10
6.310329126104606296e-04
4.868086144184909439e-04
9.904870802983853915e-05
7.337236999529229456e-06
-1.708726263114917303e-06
-1.067528912989286203e-06
-2.277199041996493391e-06
-8.674242118277418745e-07
6.613365253615088563e-07
1.803332081187084028e-07
-3.191134516642380210e-09
-1.190146698011741430e-10
-3.277616277707957044e-09
1.264290733165084946e-09
-9.760087582882099835e-10
3.388376225777824786e-10
-3.997307955424470190e-04
-1.012465676080492118e-04
-4.443370512032234626e-05
-3.873773675511192412e-06
9.802907133892874926e-07
1.604666552328669186e-06
7.091231288860406716e-07
3.121827405870962375e-07
-3.264553669618036069e-08
-6.239113340071626444e-08
3.170442058211073176e-09
1.234835476115049240e-09
1.915180975268892944e-10
2.033446886353176310e-10
-1.110838520987031907e-11
-1.742789420425625539e-12
1.170565976998783590e-04
4.857982598399863597e-05
1.733695811089187494e-05
2.005157531747185213e-06
-1.872130452888647856e-06
-1.136240880545811386e-06
-3.130908549244840855e-07
-1.065046674039717140e-07
-7.159115411807901178e-08
-1.947780293263398824e-08
-8.450853824647400213e-09
-4.766282573768011464e-10
1.265760825982942480e-10
-3.798152987842757363e-10
1.165295606190905228e-10
-8.521279801987596935e-11
1.419829014318622570e-04
6.148460912487115776e-05
1.815533432280882016e-06
-7.121306749821259885e-08
1.157704355882931440e-06
5.464760228135463762e-07
2.174894339158880754e-07
5.988287507505605678e-08
2.578546647718594223e-08
7.041922851411321185e-09
5.593759299145813295e-09
6.398906026204988075e-10
3.698812835415434799e-10
1.323907899969375689e-10
3.632469014110901533e-12
9.502654239653138742e-12
-2.567339227812329058e-05
-4.188407249272842794e-05
-6.498390696865566486e-06
-8.096488593850231052e-07
-5.088795630976379024e-07
-2.717658604225841764e-07
-1.194911862323894522e-07
-4.158099387506718479e-08
-1.275686224713110564e-08
5.736847600717162857e-10
-2.521649869817418815e-09
-3.115260019490691083e-10
-2.489301702172734843e-10
-5.949816924808179026e-11
-1.695759117048495268e-11
-1.745758010075502210e-12
9.776580423649084258e-06
3.164704396188473449e-05
6.380927379821875723e-06
9.655815672127808846e-07
2.841441155065525958e-07
1.339052694973156783e-07
6.268320382625169673e-08
2.134329488027393704e-08
4.802355508832674039e-09
3.399540261657931283e-09
1.903564624380671901e-09
1.777242750783725976e-10
1.366351047292293195e-10
3.264664806161011374e-11
1.045671577167637566e-11
1.799629001982918440e-13
7.695308630684885435e-06
1.731932704254865964e-05
-3.306603501523429221e-07
-5.932175518408142673e-07
-1.630250317012921926e-07
-6.662642018672072910e-08
-2.864184243408815146e-08
-1.093981263240994772e-08
-1.827161073574731261e-09
-1.949018221761241116e-09
-1.192220951749307432e-09
-8.104152742478706323e-12
-3.822555303646071114e-11
-1.196745992404955810e-11
-4.703479518493676996e-12
3.846318709292931178e-14
-2.210096161860239747e-07
-5.332866580962340081e-06
-1.691609649338454873e-06
1.349697511463002655e-07
7.140161954931175930e-08
2.324901070857341970e-08
1.011925757764624520e-08
4.320516284066542582e-09
1.634473852114263957e-09
6.282585259178538817e-10
8.915657954854333589e-10
9.583300804632485259e-11
1.411690758878222133e-11
2.311485386476762680e-12
3.558049173462879004e-13
5.039325908181340871e-13
-1.528474181621260752e-01
-7.646310603632132386e-02
-5.297155033566087849e-03
-2.572235638956738620e-04
-1.049071793735807169e-05
-5.927728839103027707e-07
1.369770390735054293e-06
3.311372975927147206e-07
-1.567581317755365478e-06
1.507796283453577201e-06
9.961849790680794522e-08
-6.332399747493085156e-08
-1.438837592586467738e-08
4.263826605212966977e-09
-4.114692782306364797e-09
1.057284784467880924e-09
7.358428310415965879e-10
2.822857224787282768e-03
9.063124034583772137e-03
1.817488817306269671e-03
1.750765257978745618e-04
8.779829903869828235e-06
5.738086040715721593e-07
2.909490778436332140e-06
1.104436132869985376e-06
-3.907381185898157947e-07
-1.181467335351740621e-06
1.740553955295191821e-08
-6.282750039756368648e-08
-9.874600756814745708e-09
2.218153012045617867e-09
5.393586539616329310e-10
-2.270384390449475040e-10
-8.374540153952287691e-11
2.117983162905627450e-04
-5.886920844469884992e-04
-4.868657152327113898e-04
-9.657619906179538624e-05
-4.967548032123800685e-06
1.396399698765590518e-07
6.580276474961151492e-07
-1.697484423507218345e-06
8.257695211904000610e-07
-8.142097091652048159e-07
-1.223484158892036750e-07
1.334240435977706670e-08
8.227392259993200365e-09
-3.016076399908219535e-10
1.253204447944864129e-09
8.288241165044525923e-11
-6.994246135730517490e-11
1.436468292860833935e-04
4.244132713370867547e-04
1.033204371162756505e-04
4.409079569590053230e-05
3.381249186903604409e-06
-4.087268732393536375e-07
8.819033076985322768e-08
9.866164843410492207e-08
-2.686712665620714989e-07
4.495395701774755337e-08
3.485958868646522287e-08
-1.272286493839152758e-08
-1.548808035701166454e-09
-3.286261158557630566e-10
7.397669601789502355e-11
1.097796862690018050e-10
4.126947184852747685e-11
6.465451869456844228e-07
-1.145956398094644926e-04
-4.764790153092380654e-05
-1.639758664291682334e-05
-1.493085561737361426e-06
-5.767045679404013021e-08
8.333159011087284384e-08
1.734480023798261037e-07
3.713025832301009692e-08
8.576812504505746195e-08
3.238796022336733859e-08
1.443969933918146181e-08
8.832527619675928262e-10
2.930720522081750691e-10
-9.631826199509817124e-12
2.455269582462801732e-11
-3.127695144560125097e-11
-1.320385180755165064e-05
-1.426720561213584205e-04
-6.196577600694474510e-05
-2.358098434316559886e-06
2.052140058040531377e-07
-1.435725514622559461e-07
-2.343254168777541465e-07
-1.078801039831998201e-07
-4.024291121680241713e-08
-3.592841439135372814e-08
-1.395914708375917724e-08
-8.087927413065734060e-09
-1.074259296141606887e-09
-3.203349074867454772e-10
-4.907774980229881899e-11
-3.783331389203717522e-11
1.181395992516848295e-12
2.922073498614752951e-07
2.532650332292644957e-05
4.205017391142496668e-05
6.615799136047907844e-06
5.850006268413249560e-07
2.438920406366636697e-07
1.763394915034905280e-07
7.804160464393941854e-08
3.586182244758791579e-08
1.707802888805267646e-08
2.400356608183399464e-09
3.489232576915904929e-09
5.874621583817812550e-10
1.919188613344502436e-10
4.488434011709676245e-11
4.633135152865718577e-12
7.825334367141861163e-12
4.514698767589606772e-08
-9.647956379856144530e-06
-3.170060993452847320e-05
-6.360366917091397684e-06
-8.633443288273265439e-07
-1.973631747187366926e-07
-1.098404245395613364e-07
-4.905643737190068432e-08
-2.143388128099882962e-08
-6.967422666997793482e-09
-4.765084817634889847e-09
-2.343094411896052255e-09
-2.952952652733344963e-10
-1.149274382453696532e-10
-2.502573805550040537e-11
-2.245682634630641810e-12
2.060875668848873956e-13
-7.348338899408715405e-07
-7.767901101117072088e-06
-1.729548577121853110e-05
3.077022609653419316e-07
5.405364918024922207e-07
1.402606429684932494e-07
6.036138143058468499e-08
2.709342518709305061e-08
1.242050289231358583e-08
3.145710109777350443e-09
2.827876159369154238e-09
1.225990503973088872e-09
-4.162810992358637052e-12
4.356809737777466974e-11
5.300037726909966095e-12
2.063328338477222718e-12
-1.626361336919015392e-12
-1.576881898239737388e-08
2.456288727838814473e-07
5.332356007651244828e-06
1.782828457937343492e-06
-1.177913617346379204e-07
-8.454539452092067689e-08
-3.028012600045075813e-08
-1.377192326018404292e-08
-6.803550578920816582e-09
-3.204729123503383448e-09
-1.209480928832988416e-09
-9.832408729328232039e-10
-7.735554452769606351e-11
-3.120728232844615925e-11
-3.098158763704740388e-12
8.923906493494217099e-13
-5.106291780608686087e-13
