1.307720935701858489e-01
1.029898880761780378e+00
4.201161470377041268e-02
1.209482502479848100e-03
2.844317199267645734e-05
5.016755655146818496e-06
4.075474386744535429e-06
3.818002556746085331e-06
-4.136874646119095245e-06
2.514502849919174196e-06
3.948030071927735350e-06
8.582848950968698132e-07
1.310347391094248128e-07
7.870005393064944608e-09
1.064583903828225645e-09
-1.718278673149932574e-09
-1.157970092642556547e-09
-4.930794101935551815e-02
1.338654660577590916e-01
-1.384726497498625468e-02
-1.106179400411871731e-03
-5.352297214500754019e-05
-3.582162488632654482e-06
-4.022405605053646537e-06
-8.263852060479559496e-06
-3.759840751299004855e-06
3.175635557116403770e-06
5.468853734421905785e-06
7.547767351499205446e-07
5.744934006761287272e-08
-4.941773102074337513e-09
3.110805551610227429e-11
2.537700392287909418e-10
-1.360798250634689021e-09
1.386275248391326612e-02
-1.906668351324067312e-03
3.737941003737839732e-03
7.913798679895712096e-04
6.804728955242226208e-05
3.903210373424557053e-06
-1.410909504040824103e-06
4.544176780237351857e-06
-2.457294990849211091e-06
-8.306419416421798606e-07
1.599021570254296190e-06
-1.698280050234906873e-08
-1.413456286686548572e-08
-1.376035488141741676e-08
-1.432682392471160882e-09
-6.938700997799551034e-10
5.418648436710756182e-10
-1.393650677531808402e-03
-8.760222743132223744e-04
-4.898716575017868615e-04
-2.372543886423000934e-04
-5.056556845702679274e-05
-1.275552991941210683e-06
-1.590414192624460930e-06
1.791994278739807842e-06
4.941250625869825290e-07
-4.498159820144434703e-07
-5.653541253809142615e-07
-8.489282539056800870e-08
6.315687312006561024e-09
1.035808240315525544e-09
4.019046503253736253e-10
2.630761300701060511e-10
1.491583920570994320e-10
1.906317284397954334e-04
5.693208114638907691e-05
1.888219387715825382e-04
4.687414874252824855e-05
3.175014823761619854e-05
3.763417295651333179e-06
-1.359527687011739267e-06
2.951940696126122662e-07
-1.551869160329447756e-07
1.927026695928636306e-07
-1.228623896620344534e-07
-3.384699468641242874e-08
2.912270768762763450e-09
6.062897567997862217e-10
-7.192865287000831393e-10
5.372668932209270972e-12
3.692090382222389102e-10
2.945885292269029144e-05
-9.255999988929867030e-05
7.337867311395100405e-06
-1.577431023856596198e-05
-1.171481704020230792e-05
-1.222189003753957947e-06
2.474410789152910745e-09
-1.379774191999304572e-07
6.758673415586143037e-08
5.458344551075244918e-08
1.477762802482652733e-07
6.706954188032559740e-08
1.068600394739532998e-08
1.458450597337475024e-09
-5.234118626745255234e-10
-9.599262091291804437e-12
1.523595810634022969e-10
1.001446197337474696e-04
-6.503513902217430964e-05
1.577389797111211894e-04
-3.542207905058675590e-05
-2.156912143257654453e-06
-3.527094283658094287e-09
-1.806417414690332687e-07
-3.296998113198745779e-07
-1.224790347513807578e-07
-6.601973691569012936e-08
-4.678357087634220545e-08
-1.452331868638691769e-08
-4.662169825357000178e-09
-1.185871574993458083e-09
1.073947467661705525e-11
2.475114842646500624e-11
-1.042500913938611273e-10
-2.591299033409110242e-05
7.217419205041721269e-05
-4.371519414230158401e-05
2.998492643040110588e-05
5.754723531633811944e-06
7.858618967086719346e-07
3.992371409943780558e-07
2.333875783717381731e-07
1.239914444298831811e-07
4.326672430751023355e-08
1.823727233753052664e-08
1.211765162050240883e-08
2.175688847800077599e-09
8.675869300323432510e-10
2.105017556488464262e-10
8.586044079322360443e-11
-7.469424946261604400e-12
9.790992110323344145e-06
-5.025417546707575518e-05
9.240310383135700120e-06
-2.913070721991253281e-05
-5.925947917313496585e-06
-1.176472714835547390e-06
-3.402581812814635658e-07
-1.604209081459024986e-07
-7.706034430895412299e-08
-3.102981604356303170e-08
-1.255775437411623996e-08
-8.235095612079761513e-09
-2.955032863848110593e-09
-6.245912442947517808e-10
-1.377595353476144525e-10
-5.161040070612988523e-11
-1.486820382725299127e-13
6.722297241219218526e-06
-2.417922717416715961e-05
2.625823734748481759e-05
-1.649619328056983199e-05
9.035620953186721666e-07
8.773621459507423526e-07
2.707844571208264058e-07
8.929974155285350684e-08
4.253749263092163971e-08
1.757243015612163690e-08
1.630018186805924828e-08
3.162095935619673108e-09
1.682363249274410320e-10
1.795976678400333024e-10
3.722245209751281531e-11
6.020072800353441811e-12
1.296067032280446013e-13
4.509514703070456683e-07
-4.221822362781190092e-06
8.506549694188795865e-06
-6.200961993236698372e-06
1.614835781801886589e-06
-3.789712869664992329e-07
-1.381484354816581026e-07
-4.754603017783956743e-08
-1.944344819554111738e-08
-6.886551773662165757e-09
-4.265896188419332408e-09
-3.559308624056486528e-09
-2.523504400961181782e-09
-2.005667612833372219e-10
-4.211744275398088858e-11
4.328734760534000697e-12
-3.237876483697534254e-12
2.550853299093079618e-02
-2.483101801563374414e-02
-1.725762790228921838e-03
-8.033616340439560320e-05
-5.762672592445949722e-06
-3.517700862019464986e-06
-2.097416878442410445e-06
6.488694614273630148e-06
3.541857562162132194e-06
2.599446659319743083e-06
-2.336599068408973440e-08
-4.777529183214067149e-08
-2.355104459306116689e-08
6.834019826377201424e-09
1.274490418820839685e-10
1.222115134791927323e-09
4.869068856384079912e-04
3.452766694164947220e-03
7.325568835568913723e-04
6.412794029886232359e-05
1.751465838368976700e-06
1.358061748983631317e-06
-3.042996510527737701e-06
3.537904749746793491e-07
-1.045114381868841216e-06
1.132376533610533569e-06
-7.635273409912834201e-08
-1.278779060962102490e-08
-4.360669555017775057e-09
8.090481829069438404e-10
-1.621666571291375003e-09
5.201494019355390675e-10
-7.712209682311519168e-04
-4.742661960803495370e-04
-2.421616872574594256e-04
-5.023141029541660686e-05
-1.948509142068567297e-06
3.355126767868371056e-06
2.713011239479564975e-07
1.478614934728680085e-06
-1.007724527668037346e-06
-5.980234141971427367e-07
-8.704662193840057824e-08
1.159324073226532853e-08
7.924125932187805328e-09
6.791205530227925279e-11
-7.791728604253287545e-10
-1.169100145493807956e-09
9.913424705695750966e-05
1.966683838841371196e-04
4.457766554132925902e-05
3.064377035883761801e-05
1.774955075899190624e-06
-1.600685145903041293e-06
-7.240148755212275854e-07
-1.768485859330729933e-07
2.336193669558784014e-07
-7.588132917074754053e-08
-2.750782152847983335e-08
9.249900499468463490e-09
-9.036650068113271453e-10
7.481217878000249724e-11
2.278769674109571380e-10
-5.091652763019250575e-10
-7.890401679507722617e-05
9.978308862055207908e-06
-1.804383513333905311e-05
-1.041854017895138499e-05
-4.752088505318285773e-07
2.006471184657446063e-06
1.135376734886480811e-06
1.005522242750521034e-07
5.929948724221263827e-08
1.226105481245678284e-07
5.742016321618936031e-08
1.005071564238401541e-08
3.912289649944035475e-10
2.176552704213465698e-10
-3.041651620378274157e-10
3.876410926764887281e-10
-8.436957990134146955e-05
1.561606602701358436e-04
-3.451879926742510948e-05
-3.056046511394197164e-06
-9.710575519794792258e-07
-1.079502346003373982e-06
-5.305953125243182526e-07
-1.583139442003044251e-07
-6.504700232848551201e-08
-3.826889561080004386e-08
-1.002258820776170956e-08
-4.706552377784009919e-09
-1.499165233135212170e-09
-2.228116871346736912e-10
6.056139913673549682e-11
-1.921604224672321515e-11
7.576696078116619353e-05
-4.383853045781341962e-05
3.009009286475424182e-05
6.317705505052889211e-06
1.386879155172118889e-06
6.344645559372846099e-07
3.084677722861391380e-07
1.347658088195705465e-07
3.146348016648058300e-08
1.206361280921084672e-08
1.037426147008625699e-08
2.086376930593742964e-09
1.022956024227146879e-09
1.598111201632733446e-10
9.991135821460398627e-11
-5.502220841294756364e-11
-5.099807211285643940e-05
9.277519308725454768e-06
-2.927737162578471179e-05
-6.259452556251809566e-06
-1.401267435848819723e-06
-4.689984062896974100e-07
-1.997851460963711062e-07
-8.009873164746900543e-08
-2.632902807835238334e-08
-9.575140586739803299e-09
-7.595823601146249660e-09
-2.975405787003650963e-09
-6.901068568701602998e-10
-1.439421272064187756e-10
-5.287846377734344003e-11
4.611264099680246455e-12
-2.503058199615995372e-05
2.617386929864795272e-05
-1.644350492852319221e-05
1.099945559096271472e-06
9.863152961705490149e-07
3.399261687193860052e-07
1.282707624523910670e-07
5.620219917768432134e-08
1.903242415685235096e-08
1.554284661117485242e-08
1.796664246099849810e-09
-3.792346969095280599e-10
1.253584139506304452e-10
6.178200168719341614e-11
6.327586143205603779e-12
1.242073451330270720e-11
-4.694653838704607500e-06
8.755984034492765653e-06
-6.595916406044761705e-06
1.485712649058888756e-06
-4.440546209026464698e-07
-2.254713722749512826e-07
-8.554775340700201467e-08
-3.283392777077576343e-08
-1.401704518529505993e-08
-6.037638944598460891e-09
-3.148197898735042835e-09
-1.312855402309974379e-09
-3.018126652248397845e-10
-8.322921016647222049e-11
-1.952088252967949539e-11
3.718726670576649602e-12
-1.022266910926510119e+00
-4.184010128249910504e-02
-1.206363775367810332e-03
-2.837070591769031436e-05
2.586730868343346395e-06
5.078609712914275121e-06
7.453992798035087960e-06
3.966037305925906036e-06
-2.223801778100348085e-06
-3.919976697610991350e-06
-8.628731085912228510e-07
-1.294088002718550458e-07
-1.244319785990823608e-08
-6.394270931828823224e-10
-2.113498113187956819e-09
3.062250767843431126e-09
-1.408819818660876910e-01
1.350445679592947139e-02
1.095597016730361908e-03
5.352241545433157502e-05
1.166023051881241072e-07
-1.708847299804073344e-06
-5.798064076881223579e-06
6.128838894273841026e-06
-2.098952165427095350e-06
-5.283397808634258044e-06
-7.412951864701425748e-07
-4.475953949454463358e-08
4.194729734503948687e-09
3.810256772851045399e-09
-1.375057002845235245e-09
1.386914354379813874e-09
6.858632699813749407e-03
-3.343829423472410769e-03
-7.679115382884240618e-04
-6.868739898221005123e-05
-3.343993616843476901e-06
-5.466496496479111569e-07
6.027748371697390105e-07
-1.556133302692218948e-06
1.088698574243817550e-06
-1.653791407924670303e-06
9.119982930630995290e-10
-1.049812427809271070e-09
1.163657806116137688e-08
-6.967203624354097682e-10
-8.380146721682756191e-10
-1.575506625807326035e-09
-6.305636074329711103e-04
2.343243989612949375e-04
2.170943207778600905e-04
4.674285907430824602e-05
2.943061360753729146e-06
2.340062276475210685e-06
-8.695802153559388294e-07
5.856023037124450689e-07
2.891239068366765585e-07
6.303005389307045215e-07
1.166013041339041338e-07
-5.539527440355012238e-09
1.718175685838628498e-10
-3.466342004763324895e-10
-3.623150343686201783e-10
-6.049612120963897533e-10
2.725751289379117238e-04
-5.689653973510545778e-05
-3.266297148495622818e-05
-3.189283898738333651e-05
-3.706839959067081650e-06
9.314539753554579182e-07
-1.055518861888147730e-06
2.612336595842775589e-07
-5.333516755128503214e-08
6.495573554201968605e-08
2.175658186126172399e-08
-4.491994739258918070e-09
-8.932288776824804269e-10
6.480430134497952454e-10
4.372770864331790797e-10
8.714404837242039598e-11
-5.253045721822837284e-05
-6.189421085562607798e-05
8.759115155646056322e-06
1.256956578371070212e-05
1.482926683210298948e-06
5.001012959551617031e-07
4.367350360217290133e-07
1.205536835313852429e-07
-5.695455825556334062e-08
-8.531510487020399678e-08
-5.898103442603145486e-08
-8.133366450338964670e-09
-1.555597130976043675e-09
2.047717016649007792e-10
8.241603733546480809e-11
-5.423328901528837381e-11
-1.360136278319172467e-04
-1.617192843574795130e-04
3.697858181303685302e-05
1.514281246496112913e-06
-7.346707559038328981e-07
-2.642031625488708702e-07
9.490156019944514757e-08
-8.498116858751073335e-08
2.238085989066910280e-09
9.531739568679933020e-09
9.627410173018762230e-09
2.945347519551379508e-09
1.060185277897623177e-09
7.359328629826212102e-11
-2.018868519789498098e-10
1.025466469922132228e-11
8.060863371896148731e-05
6.736115765042527414e-05
-2.799782466312994168e-05
-4.985605770335617888e-06
-9.827236814652128748e-08
2.577062648078005944e-09
-4.061462624271472673e-08
4.365717097204613845e-10
-1.135613652652139046e-08
3.878282392490988311e-09
-9.257486073605916572e-09
-9.290945447063800668e-10
-7.698018776403858964e-10
-1.265521325818173699e-10
-4.959456912383715237e-11
1.813925831081414879e-11
-5.060304347363528518e-05
-3.747467169453172888e-05
2.523081085151571303e-05
5.085837637045518409e-06
6.816105946168315847e-07
6.216144746961316147e-08
3.157206194143897395e-08
2.211428282360029950e-08
1.316867701622661342e-08
-8.827109480493814927e-10
6.197730550568304958e-09
2.127667123385805703e-09
5.293279672587548056e-10
8.424891234828687711e-11
4.377353746379384361e-11
1.418922343080227129e-11
-2.893366542415030303e-05
-2.787533706443209728e-05
1.919924709499413448e-05
-1.544309911407765139e-07
-5.603223937639088156e-07
-1.093722082086300731e-07
-2.815534210176886736e-08
-1.895371664954228989e-08
-6.564213862896573351e-09
-7.093022815138374707e-09
-2.240028937672425427e-09
2.438728618488265567e-10
-8.480745748683896027e-11
-1.968560895781633209e-11
-4.171408250371901386e-12
-3.478193562910049123e-12
-5.062276635400124660e-06
7.667922942575970010e-06
5.646386993606898673e-06
-2.022710642776204037e-06
2.207583792808062672e-07
6.894166645512033393e-08
2.451250685767950344e-08
1.164860919888692107e-08
2.514654088595784414e-09
1.529886412871616134e-09
2.889075396893882099e-09
2.380868078837483260e-09
1.493295490686125713e-10
3.192486729982887692e-11
-7.533811032744039824e-12
1.201682817917750277e-12
8.590920180245344151e-02
3.638255612466557987e-02
-2.433761095612070255e-02
-1.708659291269777787e-03
-7.709705497042924742e-05
3.223134363088479084e-07
4.598863283024026969e-06
6.968704486729745618e-07
3.511754674229535444e-06
3.203728584433997507e-06
2.790023849797434064e-06
-3.287560582680122040e-08
-2.863804399376138616e-08
-2.204893070075313523e-08
3.386880239156770043e-09
-3.409757703089007471e-10
-4.899420618003648493e-10
-1.283507396643934935e-02
-4.106832125362031016e-03
3.080723265889442463e-03
7.124942723158524159e-04
6.219894436795870044e-05
1.972800808693104988e-06
-8.820651580256228740e-07
-1.282536101603167278e-06
3.426957819832851451e-06
-1.261111995977832918e-06
1.135704576972427772e-06
-6.835035370807803594e-08
-1.002482575683030029e-08
-1.987846930969586879e-09
1.203415160444518501e-09
-1.928761194385886136e-09
-1.088247540615435034e-09
1.317050013617062721e-03
7.494860017572092326e-04
-2.189966479512532008e-04
-2.251763677872471367e-04
-5.264480171488663640e-05
-4.975781228378753276e-06
-2.346246628811511171e-06
-3.158792026998725346e-06
6.757991292347347136e-07
-6.493704362439023868e-07
-6.225688232352972436e-07
-8.603592446861342677e-08
7.056946881944641106e-09
6.670331945793139175e-09
4.615347190828436360e-10
-5.101413480678404795e-10
-2.203933425284802177e-10
-2.106220905877732483e-04
-2.292065813718263320e-04
6.105090806108242956e-05
3.031291505523954176e-05
3.204628383909390255e-05
4.930133205406494170e-06
3.006861840526419142e-06
6.520320968145723443e-07
-2.887633121799691398e-07
-1.491527823370012982e-08
-5.975186313929811244e-08
-2.546629031241338308e-08
1.096774058289631968e-08
2.621093916818553227e-10
1.348504588766262103e-10
-3.884483204456998547e-10
-2.989065503657424853e-13
-2.995775836167860782e-05
6.735986595894606025e-05
6.282704761436394905e-05
-9.495652874634642328e-06
-1.348296287568448269e-05
-3.062349290078082635e-06
8.757396069891424232e-08
5.633042557586223462e-07
-4.401255669755464343e-08
1.150812537002771582e-07
8.768304613836434055e-08
5.119832976452340359e-08
7.817540509964626314e-09
-8.024708668725597326e-11
2.237777942555879862e-10
1.241400112894796979e-10
4.511241975820575688e-11
-9.938768015508108963e-05
1.138196323905987112e-04
1.609674946972826826e-04
-3.611545356851549173e-05
-1.489892637453246317e-07
1.100509393912059634e-06
-1.932472208161213671e-07
-1.922152837530843923e-07
7.956477576834802263e-09
-3.438845236291023569e-08
-1.272200980179299125e-08
-6.957836102615442560e-09
-2.819142727046415354e-09
-1.035664335670458937e-09
-2.247964641589554624e-10
1.602556612787226566e-11
2.401628750827138346e-11
2.716754528228849526e-05
-7.579097596234084157e-05
-6.756639128297299210e-05
2.748448703160163913e-05
4.321196787202552378e-06
7.285662747616011267e-08
5.895753021656207829e-08
8.514110513542506186e-08
3.633687773824918767e-08
1.771981625409828389e-08
-5.107051026913583886e-09
8.416048871862564487e-09
6.111796710220518859e-10
6.371799536686922731e-10
1.371292422228402447e-10
3.785851702851397797e-11
-1.415221128724213237e-12
-1.039258582526284022e-05
4.949202507639130098e-05
3.760126678761204334e-05
-2.502536670086209748e-05
-4.903731500039911001e-06
-6.609666676040109377e-07
-1.154615373170508178e-07
-6.488490190102524917e-08
-3.617007781745406740e-08
-1.587407742387481336e-08
9.906561834403758049e-10
-5.928843986076000511e-09
-1.879297662320014797e-09
-4.646552570850188351e-10
-9.749069125026232691e-11
-3.504719600725985531e-11
-1.188357267170137371e-11
-6.374976415419541823e-06
2.814039916889738007e-05
2.781021764763652270e-05
-1.917829471911429169e-05
1.404517675448601318e-07
5.660223389226122078e-07
1.378820390732142450e-07
5.801362182905913394e-08
3.252361144587381464e-08
9.141419972268141778e-09
8.145362919142517140e-09
1.051319470335991419e-09
-1.023410925572668274e-09
-2.664472154783471709e-11
2.097491077978202642e-11
1.117095858589086056e-11
2.268540932445038774e-12
-2.757785259826037946e-07
4.765279832223118257e-06
-8.795291892626591894e-06
-6.224062161061619642e-06
2.109981906777633345e-06
-1.793243611783443330e-07
-1.043199276135695808e-07
-4.232794337510767904e-08
-1.559850744988327050e-08
-4.994936966790694388e-09
-2.016591547007466191e-10
-2.196034530569754594e-09
-8.365750038752128312e-10
-1.914125580550720095e-10
-5.553846430682872984e-11
-1.139784517189254415e-11
-9.376412952658684218e-13
-1.496846234574736589e-01
-4.252205634080867894e-03
-1.013549163327819431e-04
-2.314163343492043895e-06
-5.825225174055392342e-07
1.080069991288853194e-07
-3.224288602030637750e-06
-1.357022257708656820e-06
-2.811648693745003836e-06
-1.051257035292928447e-06
-2.121667174543542457e-07
3.170811846630320856e-09
-8.287061931256208835e-09
-7.372891517698500963e-10
1.151909834118590921e-10
4.063285999422481111e-10
5.149992787817714995e-02
3.969999046476475543e-03
1.815466164473734391e-04
7.048638609268032910e-06
-6.779598167077824627e-07
1.933719460622252089e-06
-3.973428880028876715e-06
4.817897792529384263e-06
-2.940718586270385983e-06
-1.324692391414886720e-06
-8.866611096482690423e-08
-8.833556862701310407e-09
2.543021524557365979e-09
7.024218375776722663e-10
-8.563257767527039284e-11
-6.842250160858586502e-10
-1.447208078350878044e-02
-2.744008430836715300e-03
-2.411459594486582811e-04
-8.998766618774010196e-06
4.381908598069530166e-07
4.610418902058132825e-06
4.139530102902899915e-06
4.642832825885985241e-06
6.571390014434346082e-07
-1.815160187473536416e-07
1.167083075309280240e-08
-1.748567778801172274e-08
6.789950073354099314e-09
2.267578992895171424e-09
-4.167921789348732402e-10
-7.695177942797875369e-11
1.295742146830072090e-03
8.595010726481108710e-04
1.580823127372233067e-04
1.084883144849381846e-05
-1.216536715085265097e-06
-1.377361107004639132e-07
-4.223539484387985943e-06
-1.110544072040997657e-06
1.269940450841993200e-06
2.060474586512702518e-07
9.866848065748635745e-09
-3.801160935820907959e-09
-2.710610082042902388e-09
-2.654048121665087381e-11
-6.135724782667999492e-10
9.274301197398503414e-10
-3.009032602053122551e-04
-1.651528317248782401e-04
-9.004203769325074523e-05
-1.011024620485195473e-05
-4.748070677214478747e-07
2.773994468665043665e-07
1.916127915007037891e-06
-1.774768316045155732e-07
-1.590595176596169727e-07
-3.265265502500536602e-08
-4.748716364155933690e-09
1.008517328384965386e-08
-6.387329837855086982e-10
6.542199940757092309e-10
-7.636370541861417244e-10
2.217607946807266288e-10
1.203386625582510329e-04
6.371052774478560101e-05
3.892675658655011698e-05
6.013310334861229317e-06
-1.975958910931221282e-06
-1.727047818338714681e-06
-5.111873349486944543e-07
-1.840435405125760413e-08
-1.251650153447499510e-07
-6.682220810803730661e-08
-1.188480780785696363e-08
-3.963171356311306691e-09
-2.748383340296553933e-10
-6.981395611455631900e-10
3.411077585056527008e-10
-4.432856041185122315e-10
2.746422372414531170e-04
1.153485279967024518e-04
2.949468981767164427e-06
-9.464827078198687213e-07
1.879346865571507331e-06
1.384080937502997388e-06
3.928273646491276410e-07
1.154104840877270381e-07
8.402231008520847952e-08
3.206792900797963292e-08
1.209455057601172331e-08
2.590173333922031904e-09
8.356695404482610525e-10
2.356954069780948251e-10
6.148542767723275145e-11
4.044023637656016248e-11
-6.075867178835418303e-05
-9.404524982850649977e-05
-1.532170900983760732e-05
-1.813547770120705524e-06
-1.151963993934126442e-06
-7.359841025656987432e-07
-3.054938703605663886e-07
-1.050019451070763219e-07
-3.300474017439842584e-08
-1.095853199486106974e-08
-6.808235024478149660e-09
-1.948452436513954366e-09
-7.515008193717448197e-10
-1.128286241949924169e-10
-7.449574952563384253e-11
4.873847004484262426e-11
2.146940350307663140e-05
8.306706839345872554e-05
1.758958396861483536e-05
2.823515560925211396e-06
8.329065370444131101e-07
4.024513076277125958e-07
1.979113825972657618e-07
5.770444473133862381e-08
1.828845349997445866e-08
1.263910497738449189e-08
5.795687546542547907e-09
1.546442009096163678e-09
5.301192236306829254e-10
1.312081626622079347e-10
2.438021649737370770e-11
-1.403038989149825170e-11
2.990337013704304309e-05
7.009143022492460491e-05
-8.329076106675283462e-08
-2.103176101851045403e-06
-6.032056184473159280e-07
-2.305450141979309288e-07
-1.116993412079577780e-07
-3.490404498692767818e-08
-1.114685278803926105e-08
-9.803790403686125919e-09
-3.039123265384261080e-09
-6.397765698510216282e-10
-1.584945310252501003e-10
-7.095472204598676683e-11
-7.526250364971176606e-12
-1.057788274353714067e-11
-6.407747047641981051e-07
-2.379881724797777533e-05
-7.785695434471818536e-06
5.525241346728821143e-07
3.168195532033981479e-07
9.982953684107806631e-08
4.958751882569064747e-08
1.775818575260387664e-08
1.028723379890002827e-08
3.140648560496768385e-09
4.066273866070424665e-09
4.861576324494700742e-10
6.618031727217802256e-11
1.193416141674858433e-11
1.340393416233052430e-12
9.108725869165018022e-12
-1.855609136603623144e-01
-9.174694560029915402e-02
-6.106606383701552836e-03
-2.731318860397006728e-04
-1.335600258183148952e-05
-4.011100994635443717e-06
1.003897713091317456e-06
7.062946599345794070e-08
-7.733739711064729956e-07
1.952008521120401077e-06
2.581736471189793129e-07
-1.321993323716473967e-07
-2.390751165981988001e-08
-1.572838025434470113e-09
3.375179879754743642e-09
6.146196954785609793e-10
1.257482193777369608e-09
4.212866611760434851e-03
1.326509813516453182e-02
2.556869720457620020e-03
2.292909975467851877e-04
1.197500113053855730e-05
1.536991120766496036e-06
3.486424017693299823e-06
7.796818153626512507e-07
-1.853202764924767879e-06
-1.373955104327296790e-06
-1.578084903074309623e-07
-3.306530780656240840e-08
-7.396066442833359477e-09
2.151635855247310944e-09
-2.749475664527652909e-10
-9.237328204784638311e-10
5.032370785786352809e-11
3.231774683463861544e-04
-1.212204445385153817e-03
-8.572683125814044508e-04
-1.560554130986741873e-04
-9.284661340565496311e-06
-3.246320925017609539e-06
1.087919492873725682e-06
-1.406756451363924869e-06
9.986128263344094554e-07
-1.455073467421391105e-06
-1.359747928704411377e-07
-9.204511558957644701e-10
1.631862296283584811e-08
-4.591003134979692876e-12
7.002224695198310935e-10
-2.043369133233918283e-10
-5.089517309150287845e-10
7.628110382970246890e-05
3.135051942433616850e-04
1.697374610137275096e-04
8.966452549043771791e-05
9.525156728767067562e-06
-1.326245884584008788e-06
7.666163163779376261e-07
1.828662484651736242e-07
1.442989690951621207e-07
1.607183681311200998e-07
1.727833294490473983e-08
-1.482996989524267563e-08
-5.255861514546176778e-09
-1.374764274108463531e-09
3.810902668113525738e-10
2.321336373734894722e-10
1.633150210069405102e-10
8.760190645335295715e-06
-1.145034797644768149e-04
-6.038137468611173717e-05
-3.954658025352983305e-05
-5.071755617949847206e-06
2.522963472210713504e-07
-1.629825407511531818e-07
1.337612619465771820e-07
-6.280173248058923870e-08
1.602047585551310932e-07
8.650606529482153485e-08
2.182909861167043132e-08
4.286592875735702158e-09
6.551591909038122274e-10
2.300425012854883901e-10
-2.451129955520656893e-11
1.663955244651191506e-10
-2.603742293372919797e-05
-2.768977693226930227e-04
-1.175822159488500428e-04
-3.187245458564467941e-06
1.345987079412891441e-06
-9.355500269903532758e-08
-4.621695484867295533e-07
-1.483164068042930211e-07
-7.600477093619887224e-08
-1.077656879037764551e-07
-4.983422733003817994e-08
-1.542644465498671019e-08
-3.704730054400788527e-09
-4.547779674676785881e-10
-1.453315752836532748e-10
-8.906929604765924193e-11
-1.141623437321332548e-10
8.433118902258176859e-07
6.073017710688235826e-05
9.469535787954879086e-05
1.547636275669501569e-05
1.184755269865245340e-06
4.304057608747064921e-07
4.245846934535956571e-07
1.904121840692998455e-07
9.366844526351608079e-08
4.512800168520094579e-08
1.947574633905081491e-08
8.645787471077161916e-09
2.439791403253448112e-09
4.814687634833888234e-10
5.477841685598571090e-11
3.837928002189121093e-11
1.786816035811646891e-11
8.860304263408325158e-07
-2.144486203964738084e-05
-8.325107838853106491e-05
-1.753376912503465664e-05
-2.503306604511901453e-06
-5.345955519644047052e-07
-3.153705660823282005e-07
-1.571118332221240016e-07
-6.115106613109258004e-08
-2.679332948457615331e-08
-1.618709011566631961e-08
-6.956019818932253509e-09
-1.760521949484554641e-09
-4.070108700365818267e-10
-1.082356844360839408e-10
-1.096095457149129318e-11
1.331726876001278135e-11
-2.460426054035104059e-06
-2.990674825085121370e-05
-6.997470828995330436e-05
3.484425758735412922e-08
1.870585404451116540e-06
5.115308250389869183e-07
2.190253607089548241e-07
1.130981752806131324e-07
4.497607918413773043e-08
1.854070775998539584e-08
1.287608571450012192e-08
2.628005259355588961e-09
5.432407971164489268e-10
1.741877407805611356e-10
6.653187011104636920e-11
7.083242688789387524e-12
1.139438804891497568e-12
-1.583665264119244363e-07
7.733873031986966473e-07
2.375669808606248811e-05
8.254705913313557716e-06
-4.328674348653134471e-07
-3.875026940714894492e-07
-1.482458717608345051e-07
-7.229519368801072878e-08
-3.539728577091759131e-08
-2.140951757802400768e-08
-8.221213048221125476e-09
-4.062269761439483732e-09
-6.434015614452389980e-10
-1.514944606881289936e-10
-1.954888555959364496e-11
-6.921844704544114075e-12
-7.651761197842507367e-12
