1.362066312813610680e-01
1.026913973778965872e+00
4.356797066429552584e-02
1.397860940088318290e-03
4.390458991073069528e-05
4.620126358926599976e-06
3.624202611285135228e-06
3.282143199967630101e-06
-2.943397841742889991e-06
7.390296762134488188e-07
2.693551881854600098e-06
7.880772126448490924e-07
1.054595481114822621e-07
1.046902596110434731e-08
-9.453432004149722680e-10
3.382873173455749648e-10
-4.190316000949969296e-10
-3.507812472396944214e-02
9.289058477491350663e-02
-9.847505282701996682e-03
-8.570252888738049508e-04
-4.735474759441701001e-05
-3.475029570006138115e-06
-2.983989895622537046e-06
-4.378634432756513352e-06
-6.352634391996116981e-07
3.442147509547520415e-07
3.100180166419954096e-06
5.136866839667274121e-07
4.549811371112909941e-08
5.906959125105051700e-10
-9.415997805054921273e-10
-4.313939567659750555e-11
-2.294212164390063081e-10
6.853868730366521542e-03
-8.345289142136710914e-04
1.866098188443261491e-03
4.154847685190952403e-04
4.033842312880072051e-05
2.582846798161660687e-06
3.706758705841684035e-08
2.955693588215671487e-06
-2.325357627973162115e-07
-7.538738036682706056e-08
7.242988777944772495e-07
-2.024361012353013086e-08
-1.289793461494295796e-08
-4.422158059574090907e-09
-7.441359818236152591e-10
-1.398232732916674203e-09
1.846700907927374136e-10
-4.098960079566956122e-04
-3.670103236172793208e-04
-1.349225511221238422e-04
-7.932731196385891484e-05
-1.885092728754042798e-05
-4.173972554282957120e-07
-4.023469053886782689e-07
5.539427954229953598e-07
1.624612529026650677e-07
1.361257077392346971e-07
-2.039200978336071012e-07
-2.430276600389443993e-08
5.506394387689015319e-09
-4.310132179741472740e-10
-4.570076338419335638e-10
-5.315978929952078294e-11
-5.953689577823841944e-12
1.531529341128735455e-04
-8.902713285237802432e-05
1.205337613780833623e-04
1.611053293253674761e-05
7.697359652899812366e-06
5.667006242253518973e-07
-7.028796073827258106e-08
-3.132828411553347310e-08
-6.911586413495461417e-08
4.498907166633769116e-08
-5.385875667682866556e-08
-4.931395206601763904e-09
4.689930370796362086e-10
8.732883390226894170e-13
-2.289072496843671006e-10
2.555353095700902062e-11
5.573044713165571154e-11
9.281757455414765934e-06
-3.893538490853258366e-05
1.051747480284919411e-05
-6.796669487867230062e-06
-1.874661073815371657e-06
4.231830010453333376e-08
8.411265727716528062e-08
6.372090633941919965e-08
4.885167620889484417e-08
-6.574243788114212627e-09
2.571448736588412118e-08
1.711352394358904572e-08
2.597440511421889222e-09
3.497556749245089191e-10
3.435560555517182674e-11
-3.133366974978754905e-12
7.248111916836416201e-12
2.533559968067486233e-05
-1.444653091167537292e-05
3.882686423119010173e-05
-9.144862587001761212e-06
-6.775598133012650523e-07
-1.349526868718916735e-07
-1.048441770932178709e-07
-7.742999979828799663e-08
-3.408399212683233796e-08
-1.094585265233886250e-08
-5.937225045744603516e-09
-4.471565968970635285e-10
-8.643650565617899742e-10
-1.914555609251601300e-10
-3.837747661429671649e-11
-3.542932815784592584e-12
-9.080206198310543746e-12
-4.474221123001212047e-06
1.233966326513373193e-05
-7.310299684276902097e-06
5.462587518833696251e-06
1.002569923826186403e-06
1.610729361810853294e-07
8.102713240641486910e-08
4.016776264808269199e-08
1.938852502190180692e-08
5.540510450706278310e-09
2.875515969903716228e-09
1.587880730650763922e-09
2.081182941926775437e-10
7.771525079011319091e-11
2.704923715737034438e-11
6.504004731599612105e-12
1.741413599728512908e-12
1.551391377182711190e-06
-6.528273428526686349e-06
2.301350074831255319e-06
-3.991348666448916816e-06
-7.699818540839951409e-07
-1.450081694387644975e-07
-4.221037735154435196e-08
-2.006180041828876530e-08
-8.843897130055913551e-09
-2.949055081638312838e-09
-1.306534037413268335e-09
-1.133789732363907560e-09
-3.284096140600819052e-10
-3.908803823773890304e-11
-1.347023783727831896e-11
-1.922644584389650442e-12
-2.948640671188743952e-13
4.804120401329180383e-07
-1.604400446371726308e-06
2.001136668367375363e-06
-1.094828095936815093e-06
1.032916181193756356e-07
7.538111378161404314e-08
2.270526351819488324e-08
8.874192991691419972e-09
3.430309112076924251e-09
1.450124867315338312e-09
1.006857369108286524e-09
3.137099565221712506e-10
2.524004356721555027e-11
4.938850762791423383e-12
2.146780812480057527e-12
6.146364199621474070e-13
3.167464313097964467e-15
2.082205672755970849e-08
-2.228209377572149403e-07
4.506964012405389870e-07
-3.964327793681681969e-07
8.550491673459665236e-08
-2.115451760944409468e-08
-8.546320495841391313e-09
-2.874998371514835786e-09
-1.045003729753344750e-09
-3.876422555003261726e-10
-1.934289074563141529e-10
-8.469238142697100445e-11
-1.173762179406693725e-10
-9.336140613407827279e-12
-2.288657368913423464e-12
-4.455537141126008496e-13
-2.620779035300044010e-14
1.751570038779457980e-02
-1.769799315823336258e-02
-1.323546677672088031e-03
-6.941711137534883370e-05
-2.850680460573758024e-06
2.912184643860466707e-07
4.291945605290114277e-07
2.447402825563852087e-06
1.139900905059874308e-06
1.271954118446589717e-06
7.957064670542861744e-08
-4.310282847373050282e-08
-3.264614543530168957e-09
6.025508093638629976e-10
1.454864209420541801e-09
1.032494514745766448e-10
3.391188952215329865e-04
1.718535396962312832e-03
3.876424037711936172e-04
3.819711172420108512e-05
-1.130288621486471104e-07
-6.589318464558838105e-08
-1.258403116391180322e-06
-8.157238219481737552e-07
-3.247375525277414797e-10
5.306284538941479182e-07
-2.134663517818490006e-08
-1.450395861996504178e-08
-1.118639278185004926e-09
-5.612164977630831517e-10
6.437110039443127833e-10
-2.495715219217209360e-10
-2.868642462945759442e-04
-1.263232423106097721e-04
-8.084316711378031813e-05
-1.889095208259756870e-05
3.053397143431661090e-07
1.719431554386441535e-06
4.458604175222913951e-07
4.472088160932600071e-07
-1.299645851897029542e-08
-2.056175973871313553e-07
-3.989629274916016540e-08
5.351311363867783283e-09
1.091594635821181299e-09
3.657751561000926002e-10
-1.569898990156047287e-11
-1.298508673039256078e-10
-2.724108039523989592e-05
1.263822176602391405e-04
1.675653891948860824e-05
7.174639931818182154e-06
-5.640474987018094146e-07
-8.652055514211109110e-07
-6.951213128612810354e-07
-7.630840154567652768e-08
2.264420447669537223e-08
-3.836801138019068218e-08
1.141252696899564312e-09
2.217658272771351512e-09
1.528143547959410637e-11
3.013141646888729809e-11
-8.711258335987558361e-11
-3.749744605701435959e-11
-3.404592704545406404e-05
1.145777295790857822e-05
-7.007656246121416819e-06
-1.476733030860114255e-06
3.362985340011213025e-07
6.561281357460552354e-07
3.036281622430191287e-07
6.884520246901463358e-08
-8.799218080052297943e-09
1.795812743557311597e-08
1.450329725542042078e-08
1.884917757435714552e-09
2.678566284780845300e-10
1.108618757458820147e-10
-1.886872569908329613e-11
2.421892365332578512e-11
-1.955756443111730220e-05
3.852960333385846924e-05
-9.106613594410457082e-06
-9.305781168920204094e-07
-3.165200446234949493e-07
-2.745433694543145525e-07
-1.064964107424195950e-07
-4.338811286941709696e-08
-1.068833344555399593e-08
-3.707084044998227880e-09
5.777074307340442024e-10
-6.082226761499870395e-10
-1.839452945670539777e-10
-7.437937788853687823e-11
4.330166825563324235e-12
-1.215201331619918394e-11
1.305848814178751582e-05
-7.282027608019709713e-06
5.482794494011119828e-06
1.102315799912606897e-06
2.443727283000473991e-07
1.110346424628477335e-07
5.309671232064877219e-08
2.137675334297277982e-08
4.102419208011482190e-09
1.788991025861589008e-09
1.135384424459926567e-09
1.138362843279675147e-10
6.054017931741663861e-11
3.322578492323281933e-11
5.217753139054044422e-12
2.363437135580183509e-12
-6.763790844893693209e-06
2.276157020192940405e-06
-4.007544488637071882e-06
-8.053208693372454697e-07
-1.679735149026890501e-07
-5.671055078622232070e-08
-2.428584687584411825e-08
-9.239180752075151072e-09
-2.359646739416464371e-09
-9.042329693719798545e-10
-9.549029496045460322e-10
-2.817826758154403943e-10
-3.186510974195027084e-11
-1.574902746394083972e-11
-3.730123328986691236e-12
-5.759596440690817889e-13
-1.669776829170518319e-06
2.002507056838516948e-06
-1.090432091463367275e-06
1.139171749300601982e-07
8.272818537737050986e-08
2.603893229561029711e-08
1.055692406560872407e-08
3.972448617814374915e-09
1.344035002420202571e-09
8.724389562326323261e-10
2.423611031834451376e-10
-8.345567079401129034e-12
8.809729533006967363e-13
3.285499512510673989e-12
8.974567330455573065e-13
4.008784846221041913e-13
-2.503411552963471933e-07
4.561736153164110885e-07
-4.117289461802184718e-07
7.992103377985708564e-08
-2.335739137448306728e-08
-1.168029103425449991e-08
-4.354323387395590738e-09
-1.409098980880109035e-09
-5.367566556840921227e-10
-3.006111469755746290e-10
-7.100514647879850324e-11
-6.196138689161658368e-11
-1.085105741501733450e-11
-3.425755104527897144e-12
-4.687703210586271755e-13
1.845275964217015139e-14
-1.018124400972341803e+00
-4.330828970209085749e-02
-1.389432703605915625e-03
-4.020958312869568781e-05
2.198007379732778944e-06
5.236213082921409816e-06
4.652774276051467435e-06
3.092290019987650926e-06
-7.402889125610246931e-07
-2.637282593940132877e-06
-7.942827163207782012e-07
-1.062040343498289551e-07
-1.662785353199190471e-08
1.639704349340860276e-09
-2.097561065285042749e-09
1.146403221828333401e-09
-9.828250668133173273e-02
9.555298793455473463e-03
8.458084167395979935e-04
4.613384552781420026e-05
1.255603266187092938e-06
-8.986898920356775980e-07
-4.124004461836626948e-06
2.574102367726391591e-06
2.184846356430492951e-07
-2.957011939631199237e-06
-4.928349921606445130e-07
-3.883094698697586101e-08
-9.601850142028406601e-10
2.656161300992506366e-09
-1.514187510449961326e-10
4.456727129323052251e-10
3.425945105389575657e-03
-1.639462941946837320e-03
-4.053951902959379875e-04
-4.274184678064185818e-05
-1.612619852856413880e-06
2.260900774185418455e-07
4.592577517648693671e-07
-1.666876288787596687e-06
2.797274014946326447e-07
-7.780575672210519176e-07
-1.740785500603553322e-09
3.454808709997780496e-09
5.427020459765888161e-09
-3.371754289847357618e-10
8.238698096337861023e-10
-1.983287198354154723e-10
-1.491953941139435988e-04
3.620083499972887812e-05
7.391877246791612251e-05
1.949696180141053620e-05
1.845063145718606545e-08
-1.679189876218417627e-07
-8.262843154819994072e-08
4.098097814495443547e-07
-2.125434965975172891e-07
2.520846536351858338e-07
4.009629671280198065e-08
-5.088370408986903352e-09
8.378021344972762421e-11
1.850194827541068790e-10
9.275651789293591095e-11
-2.028178069168504715e-10
2.156893854111583385e-04
-8.496489571607578192e-05
-1.404093240785592090e-05
-8.417229185486729644e-06
-5.645021490626376820e-07
3.951258828928806795e-08
-3.647655202244019022e-07
3.231645923184823744e-08
4.487822493712638926e-09
2.911159615676756729e-08
7.208878281034764087e-10
-9.746393720511845211e-10
-6.996205750090507639e-11
1.485585220908479947e-10
6.966805941642550755e-11
-2.894528030828444668e-11
-2.929985704123930625e-05
-2.190214248110232344e-05
6.116037637833110713e-06
2.181999835294660701e-06
1.938487025808091769e-07
9.189525804800895346e-08
7.224123289404443983e-08
8.759160123304843275e-09
2.134043796507577048e-09
-8.514174753130906371e-09
-1.502571535763168027e-08
-1.940801896754292938e-09
-3.918912282735375017e-10
-4.876147833907193942e-11
-3.439481242257531907e-11
1.576533309608933079e-11
-3.205237411728798186e-05
-4.073452899777108401e-05
9.021966406066898324e-06
5.039654824076294192e-07
-6.474590807177949101e-08
-9.004052534713288824e-09
1.220307669610041560e-08
-8.714459798647194552e-09
4.079282395982623895e-11
-1.583497425795098793e-09
-5.566154436414589961e-10
5.938670381792617190e-10
2.088915777305542471e-10
4.729630387025276577e-11
1.087893798995656339e-11
1.276795576349839451e-13
1.402033547160101548e-05
1.163720983904114458e-05
-5.000702709743936986e-06
-8.460252134183671606e-07
-4.628893483842399281e-08
-1.728310046084730549e-08
-8.340295562449218418e-09
-6.546849776829678558e-10
-3.211175340007416907e-09
2.017752364320500466e-10
-1.147633656114429568e-09
-6.621255831392180208e-11
-6.766716628201545833e-11
-2.453554994600751096e-11
-8.991934877257337948e-12
-6.254459372239506881e-13
-7.120557771646817524e-06
-6.059668200172967972e-06
3.492858759722971051e-06
6.589967529242640699e-07
8.656688896248520645e-08
1.199024192921642407e-08
5.403627930221988769e-09
2.065323997112131837e-09
2.250757489547474279e-09
-2.748013389986271850e-11
8.943270014979434674e-10
2.680715890950618103e-10
3.164361732972179260e-11
1.256819122234284736e-11
2.219902363807421979e-12
9.280774450446838271e-14
-1.984160175038977545e-06
-1.961832649017478696e-06
1.331259792850735868e-06
-3.881013931837857795e-08
-4.870084079660277188e-08
-1.038978134094240175e-08
-3.318906802263355045e-09
-1.503858698481556145e-09
-7.221001980376889248e-10
-2.268375147157927442e-10
-2.535887987636031917e-10
-5.251079032130251360e-12
-3.663268019984859352e-12
-1.996964947733698832e-12
-9.931129685392063630e-13
2.688322528152165335e-13
-2.734143462710493256e-07
4.475919304073252928e-07
3.653028864230712078e-07
-1.101287268226440017e-07
1.188407892406853160e-08
4.727836165503437692e-09
1.292095192969070502e-09
8.333810131761634712e-10
3.210915187116023720e-10
-2.152129398903923747e-11
6.253792562583489522e-11
1.128990726086526260e-10
7.111723894677448332e-12
1.569987753856920216e-12
4.144136600586694113e-13
-1.031831465605931573e-14
6.123997922078249639e-02
2.578475160838266181e-02
-1.727929869843816343e-02
-1.309714184885920826e-03
-7.068355616220922341e-05
-3.364716195202438900e-06
1.871680436108937313e-06
4.888589468324228329e-07
-2.238468069267290765e-07
1.261797835772261978e-06
1.302404103698515855e-06
1.131240085025335868e-07
-3.502556793583785647e-08
-2.207868718652733540e-09
-1.629063485480845334e-09
1.512192845532022184e-09
-2.589881736344790669e-10
-6.328353484986547553e-03
-2.076196568761741468e-03
1.501384810438491412e-03
3.760477375966191039e-04
3.960860992317627964e-05
3.072551564055567138e-06
2.742125743610805484e-07
-1.289441762185777801e-06
7.119981596792913219e-07
-1.523551009896780425e-07
5.139902237218506630e-07
-1.768728624966373545e-08
-1.284522793701946584e-08
2.322228608365256981e-09
-9.241265068982039730e-10
6.988685384360788741e-10
-7.241937491879563940e-10
3.831593147921367429e-04
2.356844927440448416e-04
-2.653612080843822607e-05
-7.496560711427908161e-05
-2.169062681129058933e-05
-2.783927863334883897e-06
-7.541314573417685645e-07
-5.629903309122084467e-07
-1.106799484599041545e-07
1.147882561365971363e-07
-2.105259607076335612e-07
-4.066054427003196896e-08
4.576342568970066263e-09
7.955948718908337795e-10
4.703730376376877662e-10
-2.980285339220436791e-11
4.798584872558429407e-11
-1.742016327318675188e-04
-1.571352429695653714e-04
8.952816854330144060e-05
1.381726126397503701e-05
9.070639648541703681e-06
1.563105736571851176e-06
3.305274574788394470e-07
-1.400856611102351597e-07
-1.340741740758722112e-08
-6.616405372284052961e-08
-3.268321154543728432e-08
-2.384558602695668760e-10
2.969014146260122008e-09
1.788232808010230316e-10
2.615831631944517960e-10
-1.300123611668187918e-10
-2.548449252500778393e-11
-1.020849726578315597e-05
3.451639419337407515e-05
2.335778616326544837e-05
-6.057385181822943484e-06
-3.054140209604816432e-06
-6.724460276569905213e-07
2.120088151740895633e-07
9.095529704158830017e-08
1.827885374320408919e-08
1.326800931366123663e-08
8.957132696736471076e-09
1.406192852340927998e-08
1.445446666560887892e-09
7.950275776345281384e-11
6.892032464996423531e-11
4.659093850100199979e-11
1.492294520058696896e-13
-2.497477068496961990e-05
2.658025768286242002e-05
4.019572543691982857e-05
-8.927725216550441901e-06
-9.421118393737484547e-08
1.188600290736722055e-07
-8.199815053757804176e-08
-2.093520678882651205e-08
-6.772522776038281399e-09
-6.915178260568202566e-09
7.300122003690939070e-10
9.352021105521795863e-10
-4.093784059183120468e-10
-1.079851127812668048e-10
-6.060972330901229094e-11
-1.853575503042589055e-11
5.130384235693976561e-12
4.579272580179900048e-06
-1.315335696650701708e-05
-1.154400878237447900e-05
4.937495378477064749e-06
7.411879760678949830e-07
5.043788325253136267e-08
2.342496150855751658e-08
1.648239846226462389e-08
6.106315881600775133e-09
4.507645309746341585e-09
-1.880685399228276293e-10
9.471172972849613093e-10
-2.180243984078713018e-11
1.736049827725987642e-11
1.982365147375132996e-11
4.971126563401700052e-12
1.637325794620619961e-12
-1.567629438904044077e-06
6.844161548557213325e-06
6.035930143680313001e-06
-3.472475410121190247e-06
-6.406410336315878272e-07
-8.824030097118242508e-08
-1.941450067311870810e-08
-8.948336496542250889e-09
-3.856358107147790843e-09
-2.604377844412232207e-09
3.884617177815428330e-11
-8.116234629716532184e-10
-2.185871518799365714e-10
-1.204845287964049865e-11
-1.009652094363939874e-11
-2.369831961227390435e-12
-1.130785267658520204e-12
-4.546162087754298503e-07
1.928086419154640882e-06
1.957672060136867171e-06
-1.336256081883060488e-06
3.733559517846639848e-08
5.106362933067816599e-08
1.145162650955813216e-08
4.943150716563018789e-09
2.457871183249825325e-09
9.147095265628844499e-10
2.315935914039171111e-10
2.263713044202156797e-10
-3.146463204407538729e-11
-5.133632944677863690e-12
1.107250714304663497e-12
9.433368477068965059e-13
-7.571739034293277447e-14
-1.266614953322198752e-08
2.515936270196057618e-07
-4.915207137127365508e-07
-3.881407476762264142e-07
1.123708889145782114e-07
-1.020529158937608400e-08
-6.035703028686113146e-09
-2.241931070094581425e-09
-1.091963204882547104e-09
-4.388562990353530142e-10
4.337040553872836950e-11
-6.410396771106972175e-11
-4.950993002821207769e-11
-6.110389273749015908e-12
-2.081346659321579806e-12
-5.813250870273199976e-13
1.218894012817549622e-13
-1.553028815501917570e-01
-4.941716815845239100e-03
-1.467810268029956034e-04
-4.235287158824743410e-06
1.120268308350058006e-07
1.546838038175375925e-06
2.400126520691554506e-07
-6.094742594526984082e-07
-9.595329909215221994e-07
-1.079187853277219972e-06
-1.524353853852759488e-07
-2.400231909118287300e-08
-4.299714524287191819e-10
-8.509918566218756368e-10
2.531274137309332452e-10
1.115890462572593270e-10
3.682782725691225584e-02
3.032574693605646996e-03
1.627708983510886022e-04
6.676904146626519756e-06
-1.224008816929517287e-06
-4.379593535454442403e-07
-2.726206164720466491e-06
2.585401962436758537e-06
-1.129010471504112596e-06
-8.498828640070683813e-07
-4.823743770533005340e-08
-1.326449642941210234e-08
1.689723658281635676e-09
-1.385752572351768335e-09
7.563853290563998075e-10
-2.341604803566030566e-10
-7.160614664117221327e-03
-1.443616131035476303e-03
-1.409904160737056170e-04
-5.882660773533603997e-06
8.117405006639124199e-07
2.987856362469025549e-06
2.607088767162884444e-06
1.327824374612727037e-06
4.490139343639091755e-07
-7.903081076724536893e-08
5.324581884915533126e-09
-1.837394493333485492e-09
-3.675408969546290907e-10
1.134763151121501079e-09
-1.589812392986353891e-10
1.706324604756990670e-10
3.235959490339789879e-04
2.973329831613856695e-04
6.391619835974009440e-05
4.395399844112221861e-06
-1.598838742760162497e-06
-1.277166432727140749e-06
-1.538323373911105411e-06
-5.470760653652965298e-07
3.796880305711433922e-07
1.016814012802725692e-07
5.720180332560945922e-12
1.867196559657255752e-10
-1.865666057141374703e-09
5.292210249024551135e-10
-5.230306073555791966e-10
1.442881963446736170e-10
-3.412927070232421828e-04
-6.428024995924530626e-05
-2.394412720883830811e-05
-1.789025028615272758e-06
9.576825961986429146e-07
1.106325764711851750e-06
4.536863153813336055e-07
1.907320601884232429e-07
-8.478208782838632990e-09
-2.417123897247677141e-08
1.657937494354414972e-09
6.469257393555271498e-10
1.410459304709018605e-10
1.476581693360681349e-10
-5.146975590600591836e-12
-9.014504311609205720e-13
7.876555756463154523e-05
3.082004830092394267e-05
8.159142942192817383e-06
7.122447953319458663e-07
-1.042575805032690587e-06
-6.085042981629945529e-07
-1.851250632433222333e-07
-6.783964192657140435e-08
-3.842155354957565370e-08
-1.163730312487250467e-08
-4.193490002757939857e-09
-2.387752022387086449e-10
2.439400607484630509e-11
-1.814544009304269035e-10
3.823181410002443130e-11
-3.810384060116278014e-11
6.532151641613762917e-05
2.828764715691045324e-05
1.147701080230405813e-06
1.221073657466344464e-07
5.368038456237728110e-07
2.590782859602004008e-07
1.068510282238444084e-07
3.043188576677831311e-08
1.208487235971751620e-08
2.863627282429936362e-09
2.025835121081608012e-09
2.766202225744483032e-10
1.658357944033030047e-10
5.958370457372833226e-11
6.720026764559931093e-12
3.276213553014586093e-12
-1.012054257772254589e-05
-1.702261634287992204e-05
-2.726915905732029256e-06
-3.847498042053680925e-07
-2.142395566763988702e-07
-1.128860197322581419e-07
-4.957402176045092798e-08
-1.747886333210434697e-08
-5.536884766193268874e-09
1.789868238484280409e-10
-8.849386351672223836e-10
-1.227888411003066028e-10
-8.983993895100775356e-11
-2.235025472903499017e-11
-6.582005043066628360e-12
-4.940855847832638605e-13
3.941145135064908331e-06
1.176077243399859548e-05
2.307407564803122380e-06
3.565382185405284995e-07
1.047709947824311972e-07
4.765530592933115828e-08
2.210412665781909227e-08
7.693453128911812291e-09
1.704298542112610297e-09
1.276123197832228780e-09
6.029064656681868928e-10
6.590125055094341205e-11
4.283600237065763883e-11
1.075564231101799902e-11
3.539731997120912905e-12
2.030965011911178799e-13
2.233627062177673003e-06
4.944846419941122642e-06
-1.284441750441530827e-07
-1.817618967672863072e-07
-5.112541753271552455e-08
-2.044857810577136769e-08
-8.726703982493868082e-09
-3.312569645542946298e-09
-5.887594693667483234e-10
-5.198190163535250726e-10
-3.300258219914983170e-10
-1.980057879409140228e-13
-1.162791652887042454e-11
-3.602450245844127478e-12
-1.285306148505259089e-12
1.786580790101845521e-14
-6.118501671320300561e-08
-1.338212485180284641e-06
-4.191874280891091077e-07
3.535337733230442890e-08
1.904150714558122460e-08
6.335082271146274205e-09
2.639656490161762448e-09
1.126429745595302664e-09
4.693956332046791817e-10
1.827472060368514311e-10
2.004235480569154002e-10
2.480324600876016971e-11
3.309236338318735989e-12
4.700309379336670092e-13
-5.108414347334181241e-14
7.357652232658572192e-14
-1.298926186422440232e-01
-6.542553779831231098e-02
-4.640447207862689535e-03
-2.352329561755150814e-04
-8.541807158052931964e-06
-8.426451890702403494e-08
8.916834561742351978e-07
4.731290640400407246e-07
-2.093611572497277588e-06
9.271039261658570293e-07
7.935535017938632892e-08
-4.154163609833546163e-08
-7.580722624809564688e-09
3.538012013942263728e-09
-3.058916218759190343e-09
9.222033752157791830e-10
3.995183555443475998e-10
2.015621401273160525e-03
6.554141808647491289e-03
1.345257537390235703e-03
1.347295666619090638e-04
6.728376193675102374e-06
-8.494255853015849714e-08
2.041061594979148963e-06
9.907398816423256589e-07
-3.820614781788057262e-07
-7.485871588138287486e-07
7.967782445800183916e-09
-5.042783310613152399e-08
-7.476039349921792103e-09
1.675181732729099885e-09
3.897501842938903192e-10
8.591598579594295872e-12
-8.468692090304200528e-11
1.596136855173237515e-04
-2.963102259676771199e-04
-2.972395498132070386e-04
-6.185992125101692427e-05
-2.528014711055950635e-06
4.708122265866573421e-07
1.881504817531415405e-07
-1.117076732323647423e-06
4.980657565805047357e-07
-4.831837736624394718e-07
-6.018250158419815395e-08
1.078076689164743213e-08
5.707346668233023508e-09
1.582178377540326523e-10
7.893601203387224669e-10
3.702292771565831446e-11
-2.289957525647796655e-11
1.301543994272565976e-04
3.645192407899946574e-04
6.572822282490222486e-05
2.356526549672500315e-05
1.432736483631454543e-06
-3.074927556244181806e-07
8.019118365126430555e-08
4.062663715263518872e-08
-1.405295233748550316e-07
1.503089333012389773e-08
6.607737483799794472e-09
-8.630969998212848189e-09
-1.431943501091065082e-09
-2.545309725403004346e-10
4.579630050679713670e-11
5.942319581487334383e-11
1.789074257766158169e-11
-8.132364888849171448e-07
-7.749239829116934231e-05
-3.024680625800954889e-05
-7.661874125742951569e-06
-5.420915656064573441e-07
5.015412834115148093e-08
7.310578923727639660e-08
9.337645560967712127e-08
2.699450388482293665e-08
4.459171818443160660e-08
1.905803827082867660e-08
7.680647057282931797e-09
6.854865064251012115e-10
1.881538322859801771e-10
-4.933600773040845684e-12
1.473330758904318518e-11
-1.091678905904554214e-11
-5.925840328235974745e-06
-6.558916254190849280e-05
-2.850090889577659530e-05
-1.367219772551109867e-06
-3.367615017640828764e-08
-1.154788639076729266e-07
-1.182738394877728851e-07
-5.234953967928849870e-08
-2.084579228381946890e-08
-1.661669403239896150e-08
-6.307146352446496010e-09
-3.344481408774607081e-09
-5.654139369119717044e-10
-1.677434293868316493e-10
-2.475676961268318286e-11
-1.409740166423324776e-11
5.125909046401341226e-13
7.871698746434178933e-08
9.979582149393153377e-06
1.708014855694933728e-05
2.759371188719454843e-06
2.950310445824229159e-07
1.161594439539792283e-07
7.220615193556374233e-08
3.289278571910852891e-08
1.491146839763785414e-08
7.295047906377495215e-09
1.115173809798874551e-09
1.360807273445865291e-09
2.601498925569199141e-10
7.937611742922665884e-11
1.545764347898694749e-11
3.337592797838796900e-13
2.055901216894329197e-12
-5.813383508206827446e-08
-3.906338276364066319e-06
-1.177522839367337035e-05
-2.297148646812455009e-06
-3.219387651379273541e-07
-7.497764710068023011e-08
-3.873208220652337997e-08
-1.727104401864787079e-08
-7.616250588713776313e-09
-2.465193332010990624e-09
-1.787058534012909264e-09
-7.886031506323446479e-10
-1.176405118348480192e-10
-3.824683704677953883e-11
-7.393902741023819493e-12
-3.751992882364136451e-13
1.927591309856022305e-13
-2.232669291435915040e-07
-2.261158099766922469e-06
-4.941050247053544817e-06
1.206676053707491818e-07
1.671961288854964469e-07
4.417981196223253681e-08
1.825910348925218404e-08
7.975385650195103741e-09
3.657007546873218835e-09
9.456130651064510206e-10
7.566631872495609714e-10
3.730383700367951791e-10
7.085752039391588929e-12
1.225114302387890811e-11
1.176339459061832172e-12
2.143503746256848238e-13
-4.795054292663001578e-13
-2.931263034265634888e-09
6.749486981706503852e-08
1.339459652766721319e-06
4.391025743168857999e-07
-3.130205742669186742e-08
-2.174536801516130280e-08
-7.758992841139153993e-09
-3.416340389583290905e-09
-1.658567082703005810e-09
-7.991029719835528013e-10
-3.102805317828872781e-10
-2.244037375180163017e-10
-1.992630970464465627e-11
-5.882747772201778525e-12
6.555131739961230174e-14
5.166757302779756751e-13
8.816861112087587120e-15
