1.379533965967212061e-01
1.026002938559937627e+00
4.406765652331458977e-02
1.462827036711218361e-03
4.863719750635023205e-05
4.799112249678011119e-06
4.651206022641558497e-06
2.874184198748133811e-06
-2.478133429382459166e-06
9.987390928519141832e-07
2.362397792522726547e-06
7.171647982630756072e-07
1.018084526444280588e-07
8.665478526514338664e-09
-1.177458931807550086e-09
1.802346692799538577e-10
-4.989486422443746383e-10
-2.882525194946512076e-02
7.573405708323449614e-02
-8.091967848773392105e-03
-7.225729061021977147e-04
-4.117607640478422620e-05
-2.988244466581156694e-06
-1.863047410504106813e-06
-3.829918056832110578e-06
-6.222314634379407502e-07
3.817714793396580694e-07
2.322546920134104109e-06
4.122240727988589235e-07
4.176589356543694374e-08
-2.474224018992760658e-09
-5.688572350117337904e-10
1.848661302453135736e-10
-2.131825576711283406e-10
4.591115506722360899e-03
-5.241675065248049261e-04
1.253315132076957732e-03
2.828053993068268212e-04
2.862013281885148838e-05
1.149712151835670540e-06
3.456654190095331472e-07
2.089959333739573342e-06
-2.323227795440320245e-08
-1.155171417130888182e-07
4.795593155008965771e-07
-6.752580545881584809e-09
-8.449517928652081976e-09
-2.853570178587220674e-09
-3.549078837144072715e-10
-6.577084382078355260e-10
1.614308085738666115e-10
-2.047429676497492814e-04
-2.274777566552469126e-04
-6.338419152128221996e-05
-4.226644594716087001e-05
-1.033311382407831536e-05
-2.122516154463735188e-07
-9.770072443922237082e-08
2.000671254187288226e-07
2.664518490527777535e-08
8.329780330345905194e-08
-8.138270612799701526e-08
-3.954710396716858119e-09
3.127272422674984768e-09
1.439540543029544910e-10
-1.210793096221293294e-10
2.390069209760150097e-11
1.660958027033244493e-11
8.961044822094594534e-05
-6.047619555409197782e-05
6.828662371193334091e-05
8.293121784575115560e-06
3.185610317176571735e-06
2.742785310322011320e-07
-1.000736778193894641e-07
-3.273876517041593582e-08
-3.104037474877441102e-08
1.498016251750615567e-08
-2.958605307927369910e-08
-4.775009963222415524e-09
-5.441772640577244814e-12
-4.830064268937021538e-11
-9.506690262310065019e-11
1.665510961427922620e-11
1.978059242593929955e-11
4.186116524777656551e-06
-1.782748008886711924e-05
5.289563960975810606e-06
-3.008860680282685166e-06
-6.306507640357362848e-07
3.455933064847646465e-08
4.839224851194224700e-08
3.348200502805349952e-08
2.034896018930061365e-08
8.443019039956969374e-10
1.098590822772019918e-08
7.123550594174676136e-09
1.115849064125035128e-09
2.031661194361148707e-10
2.096378855236775831e-11
3.102141021152148584e-12
5.966328893495766010e-12
8.559624810117571738e-06
-4.660777810643903534e-06
1.305421414199649089e-05
-3.130559247627308594e-06
-2.802550683412456978e-07
-6.304755145103834323e-08
-4.082933092303928537e-08
-2.821849650445569380e-08
-1.321818727206244610e-08
-4.904399739357119178e-09
-2.478850243950995740e-09
-2.317292218437943221e-10
-3.219932176414015146e-10
-8.122425595364136656e-11
-1.374733692886102637e-11
3.472645072033667048e-13
-3.050940881232597125e-12
-1.251811691938812121e-06
3.424922137728869908e-06
-1.990762546717119631e-06
1.549048486287320383e-06
2.997336114626091295e-07
5.253624263181010658e-08
2.439837401295401692e-08
1.204792694124522508e-08
6.131230624506938239e-09
1.915338773072216858e-09
9.260717001993077337e-10
5.124790760734988558e-10
7.975480909829330325e-11
2.948385787056489942e-11
8.706307634696167650e-12
1.757588321664259105e-12
1.498516960218899033e-13
3.964466499766272414e-07
-1.564919055497919874e-06
6.344298689145490384e-07
-9.772322131469261269e-07
-1.877613005257638184e-07
-3.624597669351247205e-08
-1.064783488389372883e-08
-4.935342062230282122e-09
-2.227689846753037895e-09
-8.297943567497668394e-10
-3.640076304842977119e-10
-2.770445479340688154e-10
-8.137537201226438558e-11
-1.146122661966289144e-11
-3.158859500952128754e-12
-2.776996548061011307e-13
3.876860777882152057e-14
8.918224311774949652e-08
-2.930862328678589754e-07
3.776840623286927190e-07
-1.992626769664838545e-07
2.158682707148262030e-08
1.502280773085061233e-08
4.698367410934273640e-09
1.789490096251425108e-09
7.309300305125316614e-10
3.465798662837106139e-10
2.076545021202502726e-10
5.767123944817727786e-11
4.721761504537671234e-12
1.788111916494404726e-12
1.978287953675306716e-13
1.100735981817305404e-14
-3.397826212979868236e-14
2.906556265847774669e-09
-3.435558967953150504e-08
6.970464075482941950e-08
-6.355520659293590935e-08
1.302115568341912948e-08
-3.439577351132012188e-09
-1.478894571057277585e-09
-4.922054410935103876e-10
-1.797481267797700226e-10
-6.580077671984253209e-11
-3.235427009430392735e-11
-9.658301426810045429e-12
-1.510620605877280197e-11
-1.426774594581834932e-12
-3.180805978910361195e-13
-3.201279385789701612e-14
9.023944777675001680e-15
1.423052135328249299e-02
-1.455221134997836466e-02
-1.112245300188472591e-03
-6.022858183375175118e-05
-1.341372214407193286e-06
9.250323145190604618e-07
9.530975383063673641e-07
2.132344642972532153e-06
8.250536663273877667e-07
8.924535271498910663e-07
7.240445444531412222e-08
-4.790543902203280477e-08
-3.166315487354989748e-09
5.402093289898599113e-10
9.254715784923374132e-10
-2.133109322416913244e-10
2.495867632987361666e-04
1.152122278107526373e-03
2.645911684625559725e-04
2.720889121395773577e-05
-4.604604574595950995e-07
-8.594109365172090624e-07
-9.230766360077116568e-07
-5.429585743871243398e-07
-5.279659770946379194e-08
3.421851128376292661e-07
-1.349132049628866833e-08
-7.756403788642517147e-09
5.992655678413575793e-11
-6.821917732364320597e-10
2.555512846363528922e-10
-2.294572952903175676e-10
-1.678037158720457574e-04
-5.607986682626421289e-05
-4.296629061278516059e-05
-1.035856560234760259e-05
6.019667612738969307e-07
1.192002111138470525e-06
5.689029065600204110e-07
2.614382396982684531e-07
2.253500464329761882e-08
-8.920173982290824436e-08
-1.802096186941123066e-08
3.044995535079743307e-09
4.517469881721070340e-10
-3.002389883204672040e-12
-2.869469575048712019e-11
-1.030150876643077783e-10
-2.242595807569848089e-05
7.180444322709396226e-05
8.555087891490772436e-06
3.072483763253950946e-06
-3.238170993994646643e-07
-5.176949307427696124e-07
-3.533338394961346771e-07
-5.334411291873092496e-08
-1.022983495478792068e-09
-2.283006920741130222e-08
-8.339359140401216441e-10
1.209565824769948565e-09
3.184109435622401396e-11
-4.655244715362545749e-11
-6.143970222535609650e-11
-2.238498986329353020e-11
-1.549223162382109227e-05
5.800724399415580934e-06
-3.060505075930457701e-06
-4.691181071102331557e-07
2.049090727673687261e-07
2.900140808576604226e-07
1.342717400767088747e-07
3.426651517661282082e-08
4.039840774460796909e-13
7.579284101748922005e-09
5.875273092701521455e-09
6.942936596430915799e-10
1.195961962024081819e-10
3.280091517168309782e-11
-5.961618626063454789e-12
8.309929345386999054e-12
-6.453890115156034464e-06
1.292118490182268946e-05
-3.128281422044075705e-06
-3.630279513733406449e-07
-1.372517350259854442e-07
-1.009692571058850624e-07
-4.298364045734906133e-08
-1.772869870061224373e-08
-4.980029195536483753e-09
-1.573626422145968570e-09
2.262014991567318278e-10
-1.856791016990803631e-10
-6.022137856054897860e-11
-2.820267167863483395e-11
6.314752711645134967e-12
-7.814619476945924798e-12
3.640290646752855439e-06
-1.975892979722361609e-06
1.558721614053378166e-06
3.272306957579184431e-07
7.808796129446922565e-08
3.504370444361484256e-08
1.677563565785969610e-08
6.956735621008461005e-09
1.534777866077482209e-09
5.671011094331126723e-10
3.507613559671322044e-10
3.261837007084985687e-11
2.129447548793912847e-11
9.005805923909208522e-12
2.449184919385135853e-12
1.903739926365941038e-14
-1.633367068934685689e-06
6.262845806850439423e-07
-9.821850831016677633e-07
-1.961171910680829331e-07
-4.245053986254561722e-08
-1.436838387772655724e-08
-6.129755720394292696e-09
-2.398018049602838489e-09
-6.869880521892766155e-10
-2.538724920753661724e-10
-2.213102274871181757e-10
-6.491001837594657936e-11
-8.767183129717487769e-12
-3.625318699295785563e-12
-8.766296941019408105e-13
-1.097024259823605976e-13
-3.055952674619777187e-07
3.781544863333984698e-07
-1.977731137640900184e-07
2.368716279238587648e-08
1.666104648929852887e-08
5.420709538050485437e-09
2.122999440202943177e-09
8.211992012978577246e-10
3.139471500238098850e-10
1.734722668936556892e-10
3.986826716188850158e-11
-1.768863195086724499e-12
8.026164693712178384e-13
3.850294582792440481e-13
1.057142131449511627e-13
9.506606396134626459e-14
-3.834195039227579825e-08
7.018233776449426270e-08
-6.569203321742863682e-08
1.217716227359925779e-08
-3.826819796988115204e-09
-1.934345215547197273e-09
-7.055548255175781756e-10
-2.267369962292174942e-10
-8.000669871687263710e-11
-4.128537124826484864e-11
-6.570745813628860867e-12
-7.542017469670298774e-12
-1.476691111081597979e-12
-3.520808925595222695e-13
-7.747945076283639618e-14
6.235811911410716786e-14
-1.016818216315423795e+00
-4.377733097890369740e-02
-1.453945002696383805e-03
-4.561099320326874581e-05
1.907571983804939931e-06
4.789826215399077228e-06
4.575788781055311409e-06
3.046551378124312033e-06
-1.022026311089545318e-06
-2.338765138702539625e-06
-7.299395875976494218e-07
-1.060776650172901207e-07
-1.414122617776702958e-08
1.429276980684207034e-09
-1.514800761500917831e-09
8.120333422544308461e-10
-8.027467266884710795e-02
7.838410994453415964e-03
7.126363047395840433e-04
4.058221332495160134e-05
9.689476284164457892e-07
-1.497735176805088075e-06
-2.897163404231143641e-06
2.121478986282444132e-06
1.174474625664719326e-07
-2.193476723007112320e-06
-3.837667431626092480e-07
-3.761030147130479926e-08
2.256881885917843938e-09
1.757317634499880602e-09
-2.106040000195723184e-10
3.109939093132592221e-10
2.291656416804640703e-03
-1.093908923226286425e-03
-2.771838359106796701e-04
-3.106063454393229531e-05
-9.750314990716172722e-07
1.101621817167239152e-07
3.413237581492592907e-07
-9.890353754171989567e-07
2.314518066917058565e-07
-5.149999865811281240e-07
-1.241983961728182945e-08
6.770267049735124278e-10
2.847776688701353945e-09
-3.607751060918307733e-10
3.606380959480182069e-10
-2.134334241824256552e-10
-5.130115957273987786e-05
7.802509723509212550e-06
3.991261212341246409e-05
1.107084101650066898e-05
-9.426917775918978290e-08
-1.708864973753568689e-07
6.125664451117201852e-08
2.263236551574558295e-07
-1.022794661925217962e-07
1.166040147122000863e-07
1.384380646086372870e-08
-2.224323754369202306e-09
-2.760461533940127910e-10
-1.045356767298849729e-10
-5.074530269058410475e-12
-9.648142556460315300e-11
1.270741462313806523e-04
-5.211525016635561961e-05
-7.463829598077723336e-06
-3.724075273038537072e-06
-2.236052888522085124e-07
8.299809245401688863e-08
-1.509953125372794074e-07
1.034857678638531484e-08
-4.450575638576586119e-09
1.621613933907760445e-08
2.250539027189933442e-09
-4.221801218037411526e-10
-1.909078751889384669e-11
7.590572561165942154e-11
1.073809527746865567e-11
-1.537122263341336863e-11
-1.319399406830324064e-05
-9.708374290052494652e-06
2.825719582823778498e-06
8.564893015774596501e-07
6.960295138568178717e-08
1.534242926706800971e-08
1.591732495666045470e-08
2.993530045078732907e-09
1.645778167312290005e-09
-3.879752249554765342e-09
-5.955194426667068118e-09
-7.507722291693351901e-10
-1.970656392201686932e-10
-2.992934851309694031e-11
-1.381996263406771777e-11
1.908103398404062709e-12
-1.069753221987133660e-05
-1.375448612552765552e-05
3.045065993029049907e-06
1.867284509471340245e-07
-1.182751085040904463e-08
1.799020462604510755e-09
6.190110849362930413e-09
-1.562907643660286996e-09
3.289698922087040451e-10
-1.682499493545328710e-10
-2.157096070493635379e-10
2.013944371980263772e-10
8.531930501221112639e-11
1.350763978072962712e-11
5.570559145832077170e-12
-2.644944696634562084e-12
3.908776621594819104e-06
3.235383036900165477e-06
-1.402280969000823318e-06
-2.465029497981721635e-07
-1.742835376138299294e-08
-5.229607425446314092e-09
-2.879738072721730799e-09
-7.917553953131180788e-10
-1.042645297599944411e-09
-2.509277875854300234e-11
-3.584512244224351637e-10
-3.156559103072339593e-11
-2.504603030489361608e-11
-6.962284331201115132e-12
-3.108860796870023889e-12
7.941122568253275681e-13
-1.749338996128340663e-06
-1.540756058448117468e-06
8.544723044652269642e-07
1.594234166317945808e-07
2.180847128853121243e-08
3.095256564704144607e-09
1.443196035396072231e-09
5.934121455619794383e-10
5.640698574601321002e-10
2.730991644998358482e-11
2.134370339878106621e-10
6.387662118399131954e-11
9.524895666791112373e-12
3.128316915270233100e-12
5.637620554375711000e-13
-1.322427590342091884e-13
-3.673245254318855160e-07
-3.661118420921006441e-07
2.460729141444767306e-07
-8.399875402000998635e-09
-9.686181977805789558e-09
-2.173127382364355402e-09
-6.396523424593381802e-10
-3.093176696381714869e-10
-1.519451804944398302e-10
-5.041382517605156538e-11
-4.504868358773999255e-11
1.195506441185602058e-13
-1.814126260736940789e-12
-3.664270436583785841e-13
-1.111352065724186383e-13
8.406119669723485903e-14
-4.163351232650316709e-08
7.139331678416868076e-08
5.844945872656657474e-08
-1.717166072801941898e-08
1.901711751053874610e-09
8.052840365709679968e-10
2.022080791665905838e-10
1.394984341336633369e-10
5.808124279651328005e-11
-1.469701344498842667e-12
7.746712280510968367e-12
1.423887747318976184e-11
1.010581680649191299e-12
2.294751211417674543e-13
1.686325290373075190e-15
-1.167638110444664368e-14
5.037197262734399716e-02
2.117436609305596573e-02
-1.418830779392244237e-02
-1.100295413629907718e-03
-6.253004720474083437e-05
-4.368013717102821368e-06
7.195048555681876494e-08
-2.415360076004220032e-07
-2.113624592749809425e-07
8.942445105496028806e-07
8.911587051764454941e-07
1.119900325507034429e-07
-3.740029498244337816e-08
-2.153429871175407228e-09
-1.004982003959611636e-09
8.752559603498109891e-10
-3.196453007694156730e-10
-4.235561311236335849e-03
-1.399145120851813659e-03
9.985314655015489673e-04
2.562044885635678050e-04
2.883471687547195717e-05
2.536638307085206573e-06
5.472580877707012370e-07
-6.105474386239686686e-07
3.302751772950677831e-07
-1.489614422567147966e-07
3.197993971046675185e-07
-1.359496426348070769e-08
-6.983993885224764649e-09
2.174762550981908087e-09
-6.901012456143627461e-10
2.566153065173045439e-10
-4.637373377082456375e-10
1.858461009645838978e-04
1.146141445686407474e-04
2.269919522845140887e-07
-3.995176066578120155e-05
-1.227967548645543325e-05
-1.655348253382520792e-06
-4.687771037722378395e-07
-1.579147772274194591e-07
-1.876100089399677674e-08
6.938996847631650172e-08
-9.009320585926427570e-08
-1.771006499999376171e-08
2.860786945636316483e-09
3.689812971772897443e-10
8.406975356497152494e-11
-6.035846828531716610e-11
1.153972734239131386e-11
-1.022138396385166109e-04
-9.098986867897088386e-05
5.462783003446190923e-05
7.341638057121859693e-06
4.208147513269680338e-06
8.747708467504778508e-07
9.287370307798050968e-08
-5.388622234125783663e-08
-1.281263139982953986e-08
-3.202408966876388649e-08
-2.062513047289991999e-08
-1.829450286051595181e-09
1.372447226581235870e-09
1.264401782195041283e-10
7.055925778609017397e-11
-7.456667145402933591e-11
-1.396710727391909414e-11
-4.731084789292865974e-06
1.565537579718836599e-05
1.049562376146106380e-05
-2.789301723771475622e-06
-1.170006505962883133e-06
-2.571042041160709326e-07
9.595987744942480025e-08
4.473800211667248930e-08
1.206351141281372860e-08
5.564416640373554792e-09
4.284882082807780170e-09
5.751091462792987467e-09
5.001466732225809241e-10
2.873539996148610527e-11
1.575605559765137585e-11
1.542908260384424981e-11
1.335809389834014084e-12
-8.430892065646944651e-06
8.775718759691128560e-06
1.355066982840773365e-05
-3.007711999969294136e-06
-6.722819041243668633e-08
3.010766919214040223e-08
-2.860472434739381961e-08
-1.204915980427405104e-08
-4.715410986369873235e-09
-3.043857214410876564e-09
-1.712948852347452820e-10
3.196831011385745451e-10
-1.051994643705055798e-10
-3.723855623792841439e-11
-1.830612159747753824e-11
-4.061061266432746198e-12
8.267988190066992217e-13
1.279697605411715715e-06
-3.652492797696027930e-06
-3.207301110129245988e-06
1.382969276025431181e-06
2.203590512283966054e-07
1.732928262640782703e-08
7.702227646025971903e-09
5.821612335128800996e-09
2.559562754806944492e-09
1.510205980654326520e-09
6.262155233798035365e-11
3.016069368169739742e-10
-6.742583207835884328e-12
6.941370681809435139e-12
4.947450390976562676e-12
1.154105853180029065e-12
4.784774711283491880e-13
-3.971455600857452182e-07
1.672319077036457697e-06
1.534394477522380311e-06
-8.490203231352144854e-07
-1.553859642037547955e-07
-2.217939685599440375e-08
-4.946858290077410922e-09
-2.399438415869426598e-09
-1.101985764201132013e-09
-6.741043192770314169e-10
-3.531336598958815800e-11
-1.884266976652747050e-10
-4.880696459365534022e-11
-3.870989982583430129e-12
-2.230137246690808277e-12
-4.754171885155418154e-13
-2.505659006022844895e-13
-8.403151680128416728e-08
3.560727859161013662e-07
3.648652077821997104e-07
-2.473925296083506656e-07
8.183840816998844056e-09
1.021149032432537544e-08
2.454303718330164831e-09
9.688671646984406279e-10
4.918977344639772115e-10
1.907635039165182723e-10
5.036113246011740814e-11
3.707183409962222071e-11
-6.720084298857805580e-12
-8.415449544596074492e-14
-9.012788966251066791e-15
1.028725189945299395e-13
-2.199882195364124312e-14
-1.836722557621095840e-09
3.851496383936370174e-08
-7.691398187664357162e-08
-6.128222430847633427e-08
1.741187833352969988e-08
-1.701705806376116833e-09
-1.006647271114455343e-09
-3.427287802303803557e-10
-1.729686837419007929e-10
-7.502155672139604778e-11
3.474841556461746982e-12
-7.421893796135025816e-12
-5.669711877330857594e-12
-6.703608299820724330e-13
-1.642787426675629964e-13
-2.110390967543062996e-14
2.886781040790750141e-14
-1.571172693374634222e-01
-5.177231816047420630e-03
-1.639897591221535836e-04
-5.002501096328076738e-06
5.418719428218068482e-07
2.133779833760831479e-06
1.232553681699040695e-06
1.132150992951643272e-07
-7.972711384894963072e-07
-1.023440314301289340e-06
-1.288528265250085966e-07
-2.990384716630590805e-08
-3.735322663371829652e-10
-2.728553003658504848e-10
3.621059665457930663e-10
9.635009300481793042e-11
3.031675902449494642e-02
2.548895065071235966e-03
1.440091255966027893e-04
6.160697375400380248e-06
-9.255137193329295538e-07
-1.353900383030652938e-06
-2.566140304091843748e-06
1.816383982794237180e-06
-6.845014201345824554e-07
-6.565307850137669906e-07
-3.724848066726973681e-08
-1.125408332914391007e-08
1.853902242424700084e-09
-1.181022051370037901e-09
4.457489348162138558e-10
-1.212708309379887316e-10
-4.793092741305007495e-03
-9.837090452258024156e-04
-9.965437064739713811e-05
-4.105178932242409303e-06
8.292193239107382314e-07
2.017960266912609878e-06
2.232811822135478617e-06
1.091162471300731797e-06
2.359852879109627199e-07
-2.241049797854855321e-08
-4.897134887129554329e-09
-2.956045778678777248e-09
-2.731944628155097850e-10
5.101218217561624810e-10
-1.831328298080272874e-10
1.253939752682742083e-10
1.396824372073675541e-04
1.610298768568007980e-04
3.630158464607074955e-05
2.316604779514899526e-06
-1.150016235401497347e-06
-1.121798471724257281e-06
-9.015785831685377442e-07
-3.474046478708102436e-07
1.988824823887014295e-07
4.092291988382214833e-08
1.483938288282979822e-09
8.301419719034933192e-10
-8.235362393233879025e-10
1.219007118084509854e-10
-2.875896701156082253e-10
4.842588553464945282e-11
-2.069854049453441274e-04
-3.347023667733004058e-05
-1.087992254974857147e-05
-8.425020515987927985e-07
6.703236103280568686e-07
6.250842019391544791e-07
2.363600785202019215e-07
1.010491239799635352e-07
2.975839846153015292e-09
-4.058766734140612768e-09
8.298400229951425055e-10
2.545668590974283398e-10
6.525521991933803460e-11
7.261768357028371509e-11
-1.337515991503175639e-11
-9.178161360893194107e-13
3.643250879588968316e-05
1.392461168508129524e-05
3.093141816843776680e-06
2.092225900825919478e-07
-4.699099626092788175e-07
-2.700042489464318003e-07
-8.595764069531699715e-08
-3.208545281009261381e-08
-1.734627217325975817e-08
-6.328760372852877448e-09
-1.523253840613689879e-09
-6.045472254767346018e-11
-7.097580273874426797e-12
-6.870270059945878559e-11
7.937583495411569154e-12
-1.370775259343562907e-11
2.174515517639538377e-05
9.440946234371813055e-06
4.718300436072404155e-07
8.656613100102286619e-08
1.924854206087416756e-07
1.012875844881481049e-07
4.121930651949151865e-08
1.190998789064090455e-08
4.494537509479926262e-09
1.242917185599925413e-09
4.681427571964079944e-10
1.090638392556818720e-10
4.213781955640690080e-11
3.033350637480528862e-11
-6.361858508398249707e-12
1.116674290048072340e-11
-2.740520865780464250e-06
-4.777696648225600162e-06
-8.023110326591129974e-07
-1.256097669521823957e-07
-6.578999556328728994e-08
-3.595859639854910037e-08
-1.607400074247135439e-08
-5.529827657487359521e-09
-1.757766265265353780e-09
-1.385872732411247310e-10
-2.143997469280913219e-10
-4.221950028897853218e-11
-2.490290909727203109e-11
-5.483361141696980761e-12
-1.540478288582582862e-12
-5.034701969411391958e-13
1.025534208337579016e-06
2.891145303831560467e-06
5.580434368764109181e-07
8.936408459513635256e-08
2.638777301430179551e-08
1.226378395467344104e-08
5.680593277768520090e-09
2.003562910154749770e-09
4.489739840942550344e-10
3.626742015850185654e-10
1.243678619160934089e-10
1.767845904768481965e-11
1.002783485571940995e-11
2.514348410381773393e-12
6.611990945354202415e-13
2.260118196081479878e-13
4.230887212344788150e-07
9.232512859790054596e-07
-2.904779658538452702e-08
-3.621098139895159472e-08
-1.068883080529848188e-08
-4.202275062724556755e-09
-1.862760177201333930e-09
-7.086682334772413389e-10
-1.285969443657356273e-10
-9.590479671981642299e-11
-5.271395513519468368e-11
-6.788687430740308671e-14
-2.592824038429299210e-12
-7.139944446790133016e-13
-2.653325546654008398e-13
1.879878040207543435e-14
-1.077283164810401603e-08
-2.096056778176486834e-07
-6.492055452968697093e-08
5.841865978655563592e-09
3.283599400333385146e-09
1.082528516211523969e-09
4.556239810432559271e-10
2.108090468188223907e-10
8.891950708261812237e-11
3.311752765293260448e-11
2.674520283498468754e-11
4.269874589866457996e-12
4.754777339755140867e-13
-1.470828937831963470e-14
-8.298649715126250200e-15
-2.348911780489670316e-14
-1.062446890260280996e-01
-5.382762349398464291e-02
-3.896689902493234714e-03
-2.053910331174088253e-04
-6.146719500753266359e-06
1.470474488828833107e-06
1.055817028725303996e-06
-4.941803182248991564e-08
-2.492919585925890538e-06
5.128750788636505790e-07
8.304862263445651301e-08
-3.469889693223738620e-08
-9.390441778604538199e-10
3.680134765004634090e-09
-1.740416683551114463e-09
6.662694163495653272e-10
1.453489231693574493e-10
1.337918793687321384e-03
4.386605513560835369e-03
9.173649764351598807e-04
9.553075886192771194e-05
3.748169805882042526e-06
-1.314447147755023035e-07
1.457877584985055325e-06
7.586895420242523590e-07
-3.130205722535112339e-07
-3.942177905489485759e-07
-1.295261065652465282e-08
-4.421750332387790654e-08
-2.943367492783513351e-09
8.425672228130851743e-10
2.172718163171761030e-10
6.946162075147954042e-11
-6.130091993088638328e-11
1.088933029259754441e-04
-1.229941799234956395e-04
-1.610250103887681580e-04
-3.497620991564976182e-05
-1.175263897838392793e-06
4.741823953979651233e-07
-1.206639362547131905e-07
-6.061010196017777320e-07
2.765627125977462015e-07
-2.661986992170174977e-07
-1.919571010988736980e-08
7.448435323993354421e-09
3.442644088791905440e-09
3.493119529444046642e-10
4.317327782965825642e-10
-5.664108901768272594e-15
-5.453395119779511875e-12
8.087554006327788553e-05
2.220643815240164610e-04
3.460525587433048379e-05
1.042226778432518544e-05
6.219417152588148842e-07
-3.150709739041461131e-07
5.764031434202950145e-08
4.786839927804683710e-08
-5.487491025751199644e-08
2.592328221995600331e-09
-6.851647050528917381e-09
-4.571417732135660751e-09
-1.112825248565283463e-09
-2.710944532600690965e-10
1.457378338115616736e-11
2.687774415885485871e-11
3.087760448452645996e-12
-5.931083106770862212e-07
-3.604960055343277558e-05
-1.372714885366208871e-05
-2.892825017629178694e-06
-1.708903877294238432e-07
8.167913324460178623e-08
4.546270090265383410e-08
3.029211289118959552e-08
1.073661944977651639e-08
1.895488063421330350e-08
9.781475010542017456e-09
3.204931496481184094e-09
4.510123201029781153e-10
1.134795336137401623e-10
-4.488422519022013592e-12
7.417160724797473518e-12
-1.880058800894598743e-12
-1.875184762821787821e-06
-2.175995061235091392e-05
-9.506637585568644591e-06
-5.309563803773661303e-07
-4.164158275272314319e-08
-5.613498830689092468e-08
-4.710051147052289691e-08
-1.897724655072453094e-08
-7.589906481428232317e-09
-5.999733331065866544e-09
-2.507130336656730011e-09
-1.057728454536646994e-09
-2.581726148522722272e-10
-6.470892449509716952e-11
-1.114713041776401325e-11
-4.471996169157931650e-12
-7.764495674025263586e-13
-1.153072463020690952e-08
2.687651810970095410e-06
4.790428660498159669e-06
8.067730258119622152e-07
9.737421649519909681e-08
3.675678246637896740e-08
2.215160174531208958e-08
1.054266147080898161e-08
4.541773262178615649e-09
2.268722032346552729e-09
5.496050319762098759e-10
4.050913805589286174e-10
9.587544265521338374e-11
2.657712532500558427e-11
3.507492563546599859e-12
-3.844664452274629597e-13
3.598624332992488216e-13
-2.622890713887335088e-08
-1.018457786633544266e-06
-2.893959005839525693e-06
-5.548521907890722548e-07
-8.051581525899675646e-08
-1.888500312414259565e-08
-9.519221022853903527e-09
-4.345874711038070412e-09
-1.929228665877298777e-09
-6.351665564289016178e-10
-5.030778215305477885e-10
-1.845981806679954395e-10
-3.424987905688626337e-11
-1.052458198369446220e-11
-1.565844467262451453e-12
1.452304533024787466e-13
6.484724938265048041e-14
-4.430688063994093133e-08
-4.292354888150515129e-07
-9.231495719017822288e-07
2.729036428186322152e-08
3.328573356747327856e-08
9.177011840575054164e-09
3.603638960616090837e-09
1.638928658522113491e-09
7.550478964461298014e-10
1.951467662187115948e-10
1.457646639386718214e-10
6.816751564591350910e-11
3.840466712970680928e-12
2.787969619582721133e-12
1.784381291708122385e-13
-5.538656032210507098e-14
-9.953677473096915307e-14
-2.643466664420583974e-10
1.168365934263575200e-08
2.099193905433754743e-07
6.760477318353390718e-08
-5.148955492033216916e-09
-3.565546541902933807e-09
-1.222831186180575962e-09
-5.407271800932979119e-10
-2.845851782946951307e-10
-1.390445736894101034e-10
-5.456176958190997747e-11
-2.990144796927620220e-11
-4.149379343501868092e-12
-6.336753576198691819e-13
2.471382830110923764e-13
1.543015175664740055e-13
3.566392516904311307e-14
