1.362037682616102918e-01
1.026912983835344351e+00
4.357078127240081311e-02
1.398391969644125540e-03
4.337329158602258616e-05
3.887190873760596682e-06
4.537814505658173807e-06
4.353350000669679073e-06
-2.336793946855479636e-06
1.447360974615567216e-06
2.861149408216160364e-06
7.546875398950676131e-07
1.172675055658033637e-07
8.783495777241271112e-09
-5.381653588451607630e-10
-2.480514730774197654e-10
-3.871761501556520379e-10
-3.507736763268922559e-02
9.288819967298100888e-02
-9.847079443955202363e-03
-8.567977870124444343e-04
-4.755419698462941958e-05
-3.573449346571627831e-06
-1.768428282987359389e-06
-3.846397074134313491e-06
-1.052881728633582455e-06
1.015678041269923924e-06
3.203086798682421890e-06
5.243792217699642989e-07
4.240326787133504547e-08
-7.975007679867373121e-10
-7.692050012506743724e-10
5.193855665716412976e-10
-3.315500182326720565e-10
6.857123904552214072e-03
-8.383708252884363972e-04
1.867110166052827905e-03
4.157933904572817091e-04
3.967931696700077330e-05
1.582041296957245420e-06
1.510352070668656133e-07
3.165645679683118119e-06
-3.228030752165426920e-07
-2.679592031334515159e-07
7.406720242294799769e-07
3.350316008956773332e-09
-7.605727730738840182e-09
-4.005105162987708942e-09
6.126237017001564157e-11
-5.255174077796453029e-10
2.810935994702857553e-10
-4.094920575476518809e-04
-3.695027904023478614e-04
-1.344721194382765257e-04
-7.980415740818256817e-05
-1.790964824088798116e-05
-1.058722235968641469e-06
-2.419117732744993963e-07
5.648522582419113564e-07
7.827619293392023761e-08
4.510985367339896301e-08
-1.557478584399401385e-07
-1.592343120746835387e-08
5.547366771428391124e-09
3.598434496307814545e-10
-1.411479857632026562e-10
9.178198983220186686e-11
7.741928667618820485e-11
1.566552894681823716e-04
-9.211268474449427549e-05
1.224441507336119345e-04
1.644177230979513026e-05
7.306080660732804583e-06
3.436878586492983877e-07
-2.031271429863704249e-07
-3.171523845707575310e-08
-7.964171917239753473e-08
2.986914797695197064e-08
-5.338864610243110087e-08
-1.115923621297104571e-08
7.933383372699065397e-10
-5.356367493971163471e-11
-1.432793021287147764e-10
3.629459213475602538e-11
7.027609067180389173e-11
9.379314767047765058e-06
-4.000482177805451869e-05
1.077639247264077500e-05
-6.762763719701201898e-06
-1.950776051940260435e-06
1.429290756110344833e-07
8.152785002899868815e-08
4.163392257702951129e-08
4.407044208228631153e-08
1.097358486498844855e-08
3.019650993440917488e-08
1.802032092040647949e-08
2.583531644194316837e-09
4.574216265700326528e-10
-1.543253358987702257e-11
-3.949650488090408762e-12
9.559186304614862517e-12
2.606876442594175769e-05
-1.455373999025922988e-05
3.982956719950280714e-05
-9.355544019518159015e-06
-7.559630365053388001e-07
-1.627271914136205645e-07
-1.004776899058470422e-07
-7.550433474631046576e-08
-3.363595242175853167e-08
-1.288112251034289003e-08
-6.740458748391602018e-09
-6.817427665939462047e-10
-8.794921696774808096e-10
-2.538695111501744400e-10
-1.391467917795753679e-11
2.905942148395638838e-12
-9.628962855701234762e-12
-4.682336724240164188e-06
1.262429003961551381e-05
-7.614982252139250876e-06
5.605787708483636817e-06
1.058864168443101965e-06
1.718487871109228165e-07
8.077907839490149371e-08
3.929367152423963500e-08
2.149640601701584612e-08
6.765010763256834717e-09
2.637645544532256446e-09
1.745009185862289202e-09
2.791632903788122935e-10
1.191412939762215291e-10
2.725773575586093785e-11
5.111045704643246757e-12
-4.859829244463675590e-13
1.640537024429696693e-06
-6.822510725897620455e-06
2.450586167225396521e-06
-4.177617748507563357e-06
-8.063780094673370637e-07
-1.505838498063777234e-07
-4.478591613759630137e-08
-1.976752274399563619e-08
-8.589078784043289256e-09
-3.404064194771747474e-09
-1.625633630280415198e-09
-1.088492575872067388e-09
-3.522834874213830719e-10
-5.765707277708177974e-11
-1.159012595256390982e-11
-2.399278254040500674e-12
5.099337382499606628e-13
5.065330630154887556e-07
-1.703792579539610145e-06
2.107665683618502065e-06
-1.166944278350010425e-06
1.065100856821898234e-07
7.757435876174049344e-08
2.321772640479468822e-08
8.680508664121858848e-09
3.468627102348647570e-09
1.460910860949587192e-09
1.110242918057692514e-09
2.850953337431183218e-10
6.556352990412473589e-12
1.060419645515581510e-11
8.236379143768728290e-13
1.556343415450950943e-13
-1.429642315266019193e-14
2.182215509554754809e-08
-2.340000373983270434e-07
4.765602210851042934e-07
-4.169987383463859875e-07
9.065360199569586612e-08
-2.221223420181006890e-08
-8.555112416306400613e-09
-2.966451686218763972e-09
-1.086978430862207100e-09
-3.590394823982619063e-10
-1.944326894725893147e-10
-1.027759072121011827e-10
-1.146535552140312936e-10
-1.005636023438934844e-11
-1.720745296318853642e-12
-1.759979541652342848e-13
-1.554395533432737726e-14
1.751616769452121400e-02
-1.769836469189295033e-02
-1.324329363636866886e-03
-7.029823408283415417e-05
-2.821184772039732211e-06
1.207846456031715310e-06
5.181428582175978911e-07
2.895031050692811118e-06
1.781995739617515762e-06
1.280312956532542992e-06
2.137817793346266198e-08
-4.747627795146172030e-08
-8.937631818565521704e-09
1.546055774891833140e-09
6.389720852640241606e-10
-4.106765867800579982e-11
3.375599773410887811e-04
1.721710716140280534e-03
3.885537337328431244e-04
3.755014704061297341e-05
-4.008764488442432373e-08
-2.092498535395269999e-07
-1.024076496815876895e-06
-1.827136983840589994e-07
-2.308633032611326688e-07
5.263393943843042601e-07
-3.239111179273032111e-08
-8.487238161574254386e-09
-5.866685322080662786e-10
-1.021382566746334810e-09
6.949230078558775503e-11
-2.724476329305864059e-11
-2.869513946451261190e-04
-1.252190270580726963e-04
-8.089065276379876334e-05
-1.898126403328049934e-05
4.877912193284603490e-07
1.606311253526064881e-06
9.369091781882147701e-07
5.310808354658590416e-07
-1.326557086335812994e-07
-1.756249269051650920e-07
-2.903035987494856694e-08
3.120077356354031950e-09
1.753739448337481549e-09
-2.854575158193358472e-10
-4.129440516457209710e-11
-1.758604884157144783e-10
-2.845627963609643726e-05
1.284857736472644839e-04
1.674217005893511759e-05
7.337919539685158513e-06
-5.776662481633319394e-07
-8.337004947124492053e-07
-5.606074133532766647e-07
-1.224503509547228504e-07
1.088225797702070152e-08
-4.076693321763657815e-08
-4.587567733939207919e-09
2.808055909946372742e-09
-4.673932582761801305e-10
-5.934126568727049411e-11
-4.519191133902309457e-11
-6.783617627208135027e-11
-3.485902363175836740e-05
1.199884146925211573e-05
-7.166903998285363961e-06
-1.549723867726159263e-06
4.667034701688263763e-07
6.273146102705430289e-07
2.958163158419572458e-07
6.811038017748022407e-08
9.018392060455113111e-09
2.270201946486942266e-08
1.482770652883108039e-08
1.980012554678812363e-09
2.646489234323866323e-10
7.114376801005934660e-11
-2.117826218459743163e-11
2.380493517000578495e-11
-1.992780248904703325e-05
3.942294379618698505e-05
-9.284448915148558654e-06
-9.772746219119939117e-07
-3.767434168293291920e-07
-2.679274093134320109e-07
-1.143718252575772008e-07
-4.373165332866689152e-08
-1.290910914964836639e-08
-4.508436771917147902e-09
4.132232745330931528e-10
-6.648351380717398491e-10
-2.410938692419330314e-10
-5.339905322145671670e-11
3.923487018914917087e-12
-6.566520611547243560e-12
1.340924894477178081e-05
-7.583317776607681757e-06
5.639726748353346166e-06
1.148404533487397494e-06
2.610266501362015476e-07
1.145805352041531443e-07
5.417502345466150231e-08
2.327047840657999303e-08
5.250111029226912053e-09
1.477633075709057300e-09
1.284959660453912271e-09
1.707447081584185292e-10
1.070655086037143352e-10
3.346631432773128523e-11
5.692043616605442090e-12
6.778600328640772863e-14
-7.074158342132191183e-06
2.427208656659718264e-06
-4.200729311097655690e-06
-8.394822216193283162e-07
-1.756616789055359229e-07
-5.924633744431465113e-08
-2.403398412908275240e-08
-9.042178390297978538e-09
-2.822993976993113621e-09
-1.190216216244424414e-09
-9.071001518908885031e-10
-3.046752234082965217e-10
-5.414175076494902536e-11
-1.464966363222863249e-11
-4.711540689418582755e-12
1.083718254625356949e-13
-1.773814336518113092e-06
2.106895516481149800e-06
-1.159447675059274631e-06
1.176284238134688155e-07
8.575799519744263993e-08
2.698148693411409634e-08
1.044592307169559005e-08
4.036728717596952704e-09
1.344708783872246011e-09
9.570339882239312896e-10
2.009658161101834498e-10
-2.683691319803602405e-11
6.406260055263617452e-12
2.016982780257438947e-12
4.621057166750312561e-13
4.413305002651414610e-13
-2.604596545090385910e-07
4.826855402854337026e-07
-4.334430166106967035e-07
8.516804422783643044e-08
-2.472552069269908911e-08
-1.160404572467672721e-08
-4.384415293120846521e-09
-1.462217120896811989e-09
-5.069711030930943492e-10
-2.531945284176755025e-10
-8.014412668426683233e-11
-5.533722431036911289e-11
-1.100480071667944892e-11
-2.260013579928749847e-12
-4.745634828360523226e-13
3.062322101949938366e-13
-1.018123023271686689e+00
-4.331111228051343076e-02
-1.390378752933490569e-03
-4.049499615698310990e-05
1.808296763497435050e-06
3.792348266874214292e-06
4.301929746940269636e-06
2.601330619099955165e-06
-1.264226552138436178e-06
-2.857080468988681858e-06
-7.574572913107732396e-07
-1.186905242513639698e-07
-1.357842215056311375e-08
4.741430811329002060e-10
-1.443366207928908927e-09
8.928063692931843017e-10
-9.827968316261603832e-02
9.554643465940888120e-03
8.452619663678261844e-04
4.641377408806435017e-05
2.281366960331556949e-06
-1.537548400517462082e-06
-4.822497115648509396e-06
2.580337536335402910e-06
-3.417045898366076852e-07
-3.045936275339384830e-06
-5.089525546527144453e-07
-3.422913013651146613e-08
-1.954105276401736885e-10
2.347529976497520389e-09
-5.653021677512774009e-10
2.909229338162590581e-10
3.432414967589810309e-03
-1.641439054819725761e-03
-4.068970992405071736e-04
-4.233810522602772053e-05
-1.332975269408053417e-06
-1.521603116595557541e-07
8.870976806951851895e-08
-1.191750250187095941e-06
3.781385455903869266e-07
-7.783206214234043212e-07
-2.253155182468337282e-08
-2.366223960138471259e-09
3.890163487968766780e-09
-7.605774546263070024e-10
-2.760655094460315045e-11
-5.349427691212703699e-10
-1.463118820107096017e-04
3.705955333307452880e-05
7.353369677190737196e-05
1.904269233465031479e-05
8.257199581258170743e-07
-1.115071895061170400e-08
-2.323821096050201172e-07
3.417534950235754932e-07
-8.328680339086893533e-08
2.009382046921156186e-07
3.229686782592851446e-08
-5.097636694564754569e-09
-5.385748489356423325e-10
-1.486680450833920240e-10
-4.418852556332267594e-11
-2.472994247595146457e-10
2.197909359013501876e-04
-8.776741608653580620e-05
-1.411424705505195744e-05
-8.316462406144691985e-06
-3.771266741956912341e-07
1.620645434158232164e-07
-2.638251824276553348e-07
5.499791582466348532e-08
-1.534866096510220631e-09
2.977114990452783332e-08
6.724170559753006316e-09
-1.405380937307083127e-09
-1.718487204782546054e-11
9.661066975301409450e-11
4.274627475026185849e-11
-2.847476234482053819e-11
-2.980549943781099666e-05
-2.231014327649227515e-05
6.290827161282187050e-06
2.418655377011605244e-06
8.010346672718016320e-08
6.369278976770865805e-08
6.503280221369959048e-08
1.263430788619445125e-08
-6.056992870851410338e-09
-1.378469622887296241e-08
-1.562360026337130572e-08
-1.878908248944661818e-09
-4.597916766717728991e-10
-2.583860901539962119e-11
-2.075323908336062061e-11
1.671902022181289300e-11
-3.289152620661847431e-05
-4.179373857455182304e-05
9.138134889435953084e-06
5.084099056632272317e-07
-2.949309239854661501e-08
-2.670788458696153874e-09
1.736416501946750927e-08
-9.060584134224231215e-09
2.120255762761006575e-11
-2.736311238737028770e-10
-4.593163124704852498e-10
5.608256063945032432e-10
2.579506908039439679e-10
2.816357163384063078e-11
-5.899065643339058383e-12
2.325028778773349497e-13
1.442794057928845060e-05
1.205841977365906032e-05
-5.113341894983306528e-06
-8.812512887385346377e-07
-5.776428624621611826e-08
-1.700158941109488136e-08
-9.051039259259231033e-09
-2.940718663258175078e-09
-3.712346176481140431e-09
3.756137018538228010e-10
-1.284403177657111553e-09
-1.040459852178697131e-10
-1.076069036735503021e-10
-2.446495519706651346e-11
-5.031332245915518870e-12
-9.323467740861046835e-14
-7.445820578060248432e-06
-6.356555249526285315e-06
3.657916116071313153e-06
6.879601784021031478e-07
9.307892832545602461e-08
1.384438539272552076e-08
5.505810882820709284e-09
2.111498553211816536e-09
2.160168581417361860e-09
1.994055165277073253e-10
8.606421372771371702e-10
2.680575177712869693e-10
5.322953523846622155e-11
9.604385509642359845e-12
3.498455817134665532e-12
-6.113239732306010311e-13
-2.113381758055354517e-06
-2.083427956899477004e-06
1.411561871598576405e-06
-3.898474473652996116e-08
-5.116743216947454027e-08
-1.089609255814139877e-08
-3.314603180742398126e-09
-1.474230126041705380e-09
-6.007212617902845755e-10
-2.927696220441635500e-10
-2.304768778188298515e-10
2.234914624856864695e-11
-8.885772481062320504e-12
-7.417532339057172689e-13
-5.539497766286255771e-13
3.743926450464630291e-13
-2.824605746397632112e-07
4.737037260481449059e-07
3.847033373682056775e-07
-1.157678080104029673e-07
1.279970507363886802e-08
4.688242843736767913e-09
1.427379409188655083e-09
7.593411842043013556e-10
2.818586650286790705e-10
-1.778276654628327010e-12
8.138256320916474836e-11
1.073730957062941208e-10
7.722709839186547987e-12
8.334854168070128174e-13
4.972483018727411778e-14
-9.971639686664548924e-14
6.123936367062479680e-02
2.578590203403081926e-02
-1.727784401028711544e-02
-1.309372643132405457e-03
-7.199912847700839634e-05
-4.283768111136102538e-06
1.503064615227822772e-06
1.287366704689635883e-06
2.396715243232009828e-07
1.701452744517521917e-06
1.373240831940740868e-06
4.275654346926142122e-08
-3.280464869142418890e-08
-8.755142777463567283e-09
-9.419113628861252757e-11
1.946083533641981238e-10
-3.022801614666761194e-10
-6.332875858384960296e-03
-2.078594458492306635e-03
1.503862727867398422e-03
3.764774435246113051e-04
3.949467682380398433e-05
2.678013464375080326e-06
5.649368397754070967e-07
-3.783934499724247995e-07
1.091241537548216704e-06
-3.804516529951656219e-07
5.165889904733710705e-07
-3.485012730847357228e-08
-7.162084386393224996e-09
1.937010978731876634e-09
-8.492256356990351022e-10
-4.678546881972470562e-11
-4.821698557292284445e-10
3.825797850004609263e-04
2.361179895937781409e-04
-2.536974872283412235e-05
-7.526838107057273253e-05
-2.123354769753647487e-05
-2.650180697603711528e-06
-6.979257364765137311e-07
-4.095058977314193668e-07
1.484780041729940676e-07
-2.196385589908509794e-08
-1.831769343754070654e-07
-2.659184080339619484e-08
1.920144144494705667e-09
1.600399888947810649e-09
-1.894886272317018445e-10
-5.481816667996127438e-11
2.819993091568838090e-11
-1.773020426625187857e-04
-1.599585551241434328e-04
9.136651281371542088e-05
1.426374950424995298e-05
9.045742099995336550e-06
1.544877599427348635e-06
3.850510938176133403e-07
-3.560697311479489835e-08
-8.429257139724854401e-08
-5.236988197298087374e-08
-3.820389903650126366e-08
-6.034145013348999729e-09
3.446244990642367351e-09
-1.505938132471244645e-10
1.020599129517175088e-10
-7.746298467803422274e-11
-2.635685659144621707e-11
-1.034638170907726654e-05
3.585151881646779363e-05
2.389308526389394036e-05
-6.424684459027443163e-06
-2.976688110809600531e-06
-5.259485131975143459e-07
1.694564359371264637e-07
1.096921523391948294e-07
1.759171445858035981e-08
2.063563016243975154e-08
1.534938812984153682e-08
1.403248503823731579e-08
1.487902836467151553e-09
7.118653850813245574e-11
3.082858448396653732e-11
3.944046765320726855e-11
9.116900532232765754e-14
-2.574717084533685289e-05
2.695734201087188992e-05
4.131294210152255389e-05
-8.995814012722132776e-06
-2.067725778822205179e-07
7.531544419473596394e-08
-7.757746120669070187e-08
-3.498948333573295843e-08
-6.699600599584061834e-09
-7.338741517880689218e-09
-6.860784407589341296e-10
8.512473822464135196e-10
-3.901577304582238297e-10
-1.598847947301251425e-10
-3.325537486973260098e-11
-1.220002025227688016e-11
2.997893897501057978e-12
4.817905990267241422e-06
-1.348085767881892328e-05
-1.200517604558679233e-05
5.043559916601511288e-06
7.963399328936339611e-07
5.850211081213847738e-08
2.612024825521137238e-08
1.879424581726493857e-08
8.046341274346936504e-09
5.086932450510141604e-09
-4.007336661407211599e-10
1.098907760499667995e-09
-8.395132295500511586e-12
5.790436033754179408e-11
1.835147613567532950e-11
3.385050067858661433e-12
7.735316598371585768e-13
-1.665300465458460880e-06
7.159800854190699691e-06
6.341609281859360326e-06
-3.636039793614497664e-06
-6.712672153037362845e-07
-9.353109665801470921e-08
-2.188055030167395856e-08
-8.966275757361043946e-09
-3.925181510522178638e-09
-2.583842004669043569e-09
-1.743899354707566287e-10
-7.778222974357337084e-10
-2.123533903722359036e-10
-3.442843478976878283e-11
-8.434842454888166309e-12
-3.115857861158079989e-12
-6.605745952063434636e-13
-4.779479789884658358e-07
2.047275705765567578e-06
2.077484298781451016e-06
-1.416289767436690735e-06
3.836840520202023973e-08
5.377256734518603520e-08
1.269891568636312989e-08
4.945716068263131879e-09
2.467082647233783274e-09
7.879652412376652815e-10
2.973326043931677079e-10
1.870406840466748698e-10
-6.163798047754014699e-11
-5.222186071634768696e-13
-2.657621596361485581e-13
5.116159056622833832e-13
-2.259468239540380698e-14
-1.302705209380103389e-08
2.628072067559416856e-07
-5.199629091226035948e-07
-4.080215608855070542e-07
1.178583189701253611e-07
-1.136458231528760008e-08
-5.995070679284400870e-09
-2.312449873666369138e-09
-9.773968421990207205e-10
-3.715883015269679991e-10
4.274374181408209805e-11
-6.890586031618248567e-11
-3.705908160884755510e-11
-6.299642965569368064e-12
-7.270713104702124749e-13
-2.065513438670285696e-13
1.457756393775700284e-13
-1.553021349223050185e-01
-4.942476155987928638e-03
-1.471912644906483709e-04
-4.184454607238769801e-06
4.862572076934708711e-08
7.152368622901941658e-07
4.162201101598748543e-07
-1.052537325791553624e-06
-1.248083209763703047e-06
-1.017268919762352521e-06
-1.818950664159566018e-07
-1.406131751641518545e-08
-3.370184393262719578e-09
2.299592187171045810e-11
1.728405451741511349e-10
6.598028729467155677e-11
3.682754282908128063e-02
3.031700847417540239e-03
1.638561914343018258e-04
7.739975496079833339e-06
-1.098155101901112399e-06
-1.057253610487754275e-06
-3.480662264135200323e-06
2.389437667238823793e-06
-1.177499265209581292e-06
-8.397331040885156836e-07
-6.533758078072889983e-08
-8.556214332825879572e-09
2.015201784498446294e-09
-1.102577035049055799e-09
3.688513445856862393e-10
-2.859724074614585721e-10
-7.167829417340607946e-03
-1.444587086572392048e-03
-1.403556787756673671e-04
-6.044061171350636215e-06
3.706871692524278821e-07
2.086097981685580428e-06
2.190086785890949729e-06
2.132372457872994978e-06
2.613848595185407844e-07
-7.493945616875295134e-08
2.562818385001432459e-09
-8.364327120291319153e-09
1.261945451473216909e-09
4.356006276358864689e-10
-2.704980155614054599e-10
6.603968517224537439e-11
3.213847087112107819e-04
2.982194828964478844e-04
6.378866945132500221e-05
4.322839532087952697e-06
-1.349236495791838449e-06
-1.561601558813555817e-06
-1.395880226201642866e-06
-5.414544706220585976e-07
4.148873566772627381e-07
6.235799765788192448e-08
6.808263254087738840e-09
2.141985741180410371e-10
-1.562303378910508870e-09
-1.900488172210246253e-11
-3.482880913474078018e-10
1.263136765259394024e-10
-3.480123475994937048e-04
-6.515968331572408981e-05
-2.410928532610884549e-05
-1.608784862439420462e-06
9.072469154761952595e-07
9.911730067507094717e-07
5.364808785589071254e-07
1.170577935993102261e-07
-1.021688096050811773e-08
-3.722719810034247681e-09
-1.075774874737175769e-09
1.779670301419073432e-09
-8.518133165794483214e-11
1.925938428269354944e-10
-6.536607223208902797e-11
1.984378962157357757e-11
8.147702722218721127e-05
3.182722326470670211e-05
8.285535170607810526e-06
4.757765629538475195e-07
-9.334434132944241712e-07
-5.729327808271568512e-07
-1.868651399869966986e-07
-6.063401487888852962e-08
-3.949137303919516172e-08
-1.703010934061293131e-08
-2.820478141711163874e-09
-7.624835701897265067e-10
-3.243304319143143347e-11
-1.492344223525309270e-10
2.491664914917222725e-11
-4.464048458024024719e-11
6.644236563633273279e-05
2.860754655557207050e-05
1.306184939238709326e-06
2.349937365149846119e-07
5.081878019465975048e-07
2.781185126268685507e-07
1.017117651709747244e-07
3.085047683941194814e-08
1.488728079929496889e-08
3.997958270093040513e-09
1.398839069479389370e-09
4.089694741513689122e-10
1.623521363153914878e-10
5.728629499542614712e-11
1.157003713100330187e-11
4.827769487114561141e-13
-1.031082947995490124e-05
-1.740272221909900595e-05
-2.854044449719086818e-06
-4.229780312463244841e-07
-2.183961012124348455e-07
-1.184576892323755989e-07
-5.125499619358866881e-08
-1.775760720587385895e-08
-5.287738608666664255e-09
-6.305252349751078235e-10
-7.611584065860366381e-10
-2.073241713101414430e-10
-9.585199148517109424e-11
-2.053131200576133602e-11
-7.186916296817086673e-12
1.379532782489665725e-12
4.122032032464047667e-06
1.231256346230127891e-05
2.407089428827615544e-06
3.751685415286082139e-07
1.106225590367713140e-07
4.855918816255972961e-08
2.198783574752557970e-08
7.878460466752481812e-09
1.693544460626874837e-09
1.487127322047432557e-09
5.555112615292105626e-10
1.186121036702111460e-10
5.030735348910667686e-11
1.203198218755544720e-11
2.586454327164420888e-12
1.105566494037460812e-13
2.367361406593778522e-06
5.244516016939854213e-06
-1.280086287964158388e-07
-1.894390032079209831e-07
-5.384287165350548298e-08
-2.034533746887028312e-08
-8.815785687996066298e-09
-3.279699359318184592e-09
-7.609223367551764002e-10
-5.963325530542857610e-10
-2.424530808545432766e-10
-2.582723855240849154e-11
-1.207859570053356925e-11
-4.633761807876666296e-12
-9.873247459441539176e-13
-1.600699212531250186e-13
-6.066369961724703008e-08
-1.413004103343155091e-06
-4.429615390307053826e-07
3.717035340084734212e-08
1.960877425342645880e-08
6.388794746324169918e-09
2.668348064450857287e-09
1.144587247708055224e-09
5.439283283255677621e-10
2.194370988260826455e-10
1.876748764734958962e-10
2.992772176366164253e-11
3.270345830840280955e-12
1.958219489002112047e-13
-1.106522525117276942e-13
1.329340630659806057e-13
-1.298911472545013213e-01
-6.542663885909889843e-02
-4.641002048270398070e-03
-2.366014823738160687e-04
-8.574913642472268291e-06
1.089283541326901571e-06
1.937014977748984073e-06
2.566768042894512154e-07
-2.006082276627519514e-06
6.848697695169182939e-07
2.126770670872143213e-07
-7.487352338700840346e-08
-8.540751277314552160e-09
2.843079537518658844e-09
-8.691341862604624771e-10
2.377431224845065976e-10
3.961270715609945398e-10
2.019204703787960339e-03
6.560832192756210247e-03
1.348143895900047939e-03
1.338585454265687829e-04
5.272186615885050690e-06
-4.885472115937934406e-08
2.265395820696697755e-06
9.825672132645799441e-07
-5.493717927440195968e-07
-5.773911859421163871e-07
-6.292636666226854668e-08
-3.617677036038563214e-08
-7.393703268175183429e-09
2.288392955640647895e-09
5.575632553042781137e-11
4.333385568094921628e-11
-8.010619891079430135e-11
1.591904651537518866e-04
-2.967050669193641195e-04
-2.983526428160860515e-04
-6.066063434098789830e-05
-3.594729597417624270e-06
6.369962963063121114e-07
1.496274285025526790e-07
-9.777257460663268964e-07
4.259165287479392476e-07
-4.912962416101099785e-07
-4.017801952843440844e-08
6.732871338649079548e-09
6.178178301924789456e-09
1.480153245570272875e-10
4.409319609935881973e-10
3.095890664351445435e-11
-6.197511446771158259e-11
1.330267751400597879e-04
3.729329714147043996e-04
6.673142524150309761e-05
2.293337390549137587e-05
1.278707665348507570e-06
-5.393770069032942470e-07
4.716552638079902192e-08
8.935198607498059444e-08
-7.587235631873270154e-08
1.409907084816196462e-08
-9.369306859755674270e-09
-8.015855444388409893e-09
-2.011490362346158841e-09
-3.648527821076816506e-10
4.133483520122918439e-11
4.668419899772577794e-11
2.881449257283921179e-11
-1.501710631717405438e-06
-8.072419856883171463e-05
-3.091031551881100279e-05
-8.000750015178284514e-06
-2.889998577596257293e-07
1.369289067839809773e-07
6.523024796288801450e-08
5.985147914441017226e-08
2.312465886622489118e-08
4.381141091346151874e-08
2.489203877488182486e-08
6.421099125276159847e-09
1.214776590269209162e-09
1.861431094945800200e-10
1.404099417349791141e-12
-2.037014132711520890e-14
5.916294621652297341e-12
-5.788142096841571206e-06
-6.663543579217693681e-05
-2.892878441331228750e-05
-1.416602286035735420e-06
-1.125044848498172850e-07
-1.396710775713668374e-07
-1.205444258253869711e-07
-4.356894055222621896e-08
-2.110243787164026648e-08
-1.903130256266793340e-08
-7.834535436216329127e-09
-2.663826778800338324e-09
-7.582362621585752128e-10
-1.543482710624704174e-10
-2.333453198668876146e-11
-8.131614367936322687e-12
-5.534373777446986582e-12
2.794507117017150245e-08
1.019317689793264302e-05
1.746036513675713935e-05
2.864707164712961624e-06
3.217315112136617696e-07
1.205696589197320684e-07
7.241231835515915682e-08
3.460560922334012536e-08
1.492562877807233357e-08
6.950491871850433957e-09
2.012212535724060808e-09
1.254976569889056019e-09
3.490998501331260526e-10
8.172619706908723017e-11
8.425630593880869883e-12
1.765426041800624960e-13
1.437002072137720439e-12
-6.025724956652795289e-08
-4.099189125674238977e-06
-1.232152863248468093e-05
-2.393975099839331151e-06
-3.374218607262261277e-07
-7.987086225398164141e-08
-3.817932881036798722e-08
-1.719122628545598361e-08
-7.708442538124437497e-09
-2.490694643127501446e-09
-2.009318006815100978e-09
-7.545744577607388736e-10
-1.688176844656058005e-10
-4.396662221505012430e-11
-7.061519653558472213e-12
4.836752601731324616e-13
6.611901196514159333e-13
-2.327033804187962416e-07
-2.393407312872968334e-06
-5.245410133247100703e-06
1.193608610575682547e-07
1.734727612644219421e-07
4.619697470579701099e-08
1.816765048978431651e-08
8.016780067950403401e-09
3.612821846273080375e-09
1.137847526501211415e-09
8.228130471192263832e-10
2.876053710674225605e-10
3.373812623186755515e-11
1.083773341546283944e-11
1.671036425758438261e-12
-1.712436407542478964e-13
-3.744837989568981947e-13
-4.732672243444052513e-09
6.914915734714020736e-08
1.414934208467429411e-06
4.637552760622552618e-07
-3.205922879974917523e-08
-2.184341337565714515e-08
-7.912474508506438246e-09
-3.365763472067556674e-09
-1.695220872629040975e-09
-8.919427168085676679e-10
-3.742050092749010177e-10
-1.934040695172494162e-10
-2.936595353108498021e-11
-3.550454573021973561e-12
9.391398337672514412e-13
6.044281315945615308e-13
-1.576362565255410060e-15
