1.350476158370871038e-01
1.027530955555829628e+00
4.324044634480727484e-02
1.357078158572365151e-03
4.040688693393024302e-05
4.236991427218285234e-06
3.955936967786922038e-06
3.201306476440312229e-06
-3.268998272807889902e-06
1.000400261631536521e-06
2.909541922572879805e-06
7.922048292178566166e-07
1.132411585034751055e-07
8.488583280826458272e-09
-1.204968406889547342e-09
2.561180081947209306e-10
-4.621181712802598166e-10
-3.861940098322662329e-02
1.028064886808211648e-01
-1.084166409907518815e-02
-9.268922246924717837e-04
-5.019034544046692019e-05
-3.763060063416796635e-06
-2.455158889631559693e-06
-5.007521742938638087e-06
-1.117045334844178633e-06
6.443099444105319738e-07
3.608677074752100372e-06
5.629350497305455058e-07
5.479080403496761230e-08
-1.918085719499522540e-09
-7.299294399664286355e-10
1.399464499869555149e-10
-3.088409964247078945e-10
8.350934162171275502e-03
-1.053990312470395353e-03
2.269829270788492875e-03
4.994025514195266037e-04
4.758279782092340702e-05
2.573174340054017699e-06
9.231317094252430052e-08
3.808422480983982559e-06
-6.478966875040501668e-07
-2.066110019623044699e-07
9.110722279265060220e-07
-1.487297859662616689e-08
-1.413039216607453788e-08
-4.545097015903706803e-09
-3.211788789250440483e-10
-1.317381644274227844e-09
3.169245136036431593e-10
-5.843607772497706439e-04
-4.592420453365050090e-04
-1.989451745429381677e-04
-1.088319529782635919e-04
-2.511259034468471988e-05
-9.364075898711807394e-07
-4.063027928649453071e-07
8.203549427135577511e-07
1.443261411526440457e-07
1.718919735463548290e-07
-2.695680607707261328e-07
-3.353081056985532176e-08
5.672012112424100586e-09
-4.348635822267302555e-10
-3.351020426033565386e-10
1.603277032050863038e-10
4.853998870252847899e-12
1.786653716338176031e-04
-8.514840388245263386e-05
1.451478989605821195e-04
2.175647409385854489e-05
1.108219389966901072e-05
1.088871007785478463e-06
-2.044384319084474639e-07
-6.031402434072840080e-08
-7.512632842214628453e-08
6.799584807315974448e-08
-7.654572394841329207e-08
-9.235965820530688782e-09
1.488296912953041411e-09
1.487404938989076554e-10
-3.131526586739120797e-10
5.771577584625367144e-11
9.995935015794832465e-11
1.414308464885909762e-05
-5.313422842566589786e-05
1.329138005980086298e-05
-8.940662023877531846e-06
-3.149505918314035512e-06
-6.360237388483072627e-08
7.864965563731830850e-08
8.267530348210909577e-08
7.531694588694086259e-08
-6.055766974044919412e-09
4.280909066267137433e-08
2.627478653939548100e-08
3.672533947326005444e-09
5.030281100170522521e-10
-1.514988304056345815e-13
-8.016792500714058859e-12
2.388641678079739031e-11
3.865990092567630972e-05
-2.261534210363610233e-05
5.975664043434645309e-05
-1.407405791944007341e-05
-9.734415628876609505e-07
-1.630057249319971036e-07
-1.433110220127955236e-07
-1.227431102590942012e-07
-5.684013778030582787e-08
-1.884311121832026825e-08
-1.078537067894727834e-08
-1.485593847785114952e-09
-1.408782427118795342e-09
-3.137002444120841381e-10
-4.367189629623565171e-11
1.419776693021912378e-12
-1.834660784240561752e-11
-7.549862873422079716e-06
2.093404648729214800e-05
-1.245265373762283477e-05
9.165772187696349588e-06
1.697007120479099631e-06
2.607283736714898227e-07
1.333103501451608732e-07
6.864512684414890335e-08
3.572812854644027239e-08
1.044105549583977632e-08
5.129059672214214896e-09
2.892473066911787220e-09
3.724590776372936283e-10
1.487186989139217597e-10
5.373447659836300706e-11
1.294827488713263903e-11
2.496512058509997593e-12
2.723031447464738450e-06
-1.189593619940116033e-05
3.770735970356178195e-06
-7.184573267496831739e-06
-1.412899006360605272e-06
-2.684618695963933174e-07
-7.800067811845194083e-08
-3.725329253317328278e-08
-1.702605918653018303e-08
-6.308019686462864820e-09
-2.518120510044887766e-09
-2.101098279753742441e-09
-6.250708936531303973e-10
-7.723721823250125722e-11
-2.665630803785250821e-11
-4.882616069415120262e-12
-7.402147815590713777e-13
1.004730538024889339e-06
-3.409372856592875337e-06
4.152463770777462027e-06
-2.328423389189046371e-06
2.055710293479091556e-07
1.538464276468553189e-07
4.717732609918988503e-08
1.792600690717949599e-08
7.053660261831548007e-09
3.165828229775672123e-09
2.207693976589168928e-09
5.970854814601181028e-10
5.147915604516699883e-11
1.890588293559103950e-11
4.237398424892792463e-12
1.196628729649177309e-12
-3.736773538381254276e-14
4.828001277785635877e-08
-5.143179682062191209e-07
1.037942188365861467e-06
-8.910587840390864635e-07
1.976741191429808377e-07
-4.881284217988145979e-08
-1.944982706455227163e-08
-6.523934007902101746e-09
-2.342785997724171673e-09
-8.893925375284782247e-10
-4.802110472797432084e-10
-2.200996245212017839e-10
-2.801187597784655411e-10
-2.350855876308996985e-11
-5.171578248309346086e-12
-6.962710839371809766e-13
6.883229483398371014e-14
1.943054241452421213e-02
-1.947694943333839329e-02
-1.435072139871237983e-03
-7.364096156872527164e-05
-2.771751979166945383e-06
-2.286703350315342886e-07
-3.008547045694466595e-07
3.082385306824995877e-06
1.432013108125244959e-06
1.524299556744736396e-06
9.444718438645789979e-08
-5.700868660891627958e-08
-5.173636184592058300e-09
6.357610165316555549e-10
1.444707332645373400e-09
-1.528495539073447937e-10
3.854076360030039426e-04
2.092375541598897291e-03
4.657968546207583139e-04
4.495238456998922895e-05
1.240172528647527497e-07
-1.057973441913700163e-07
-1.253638391714200163e-06
-7.608456502964582328e-07
-1.415532387812720754e-07
6.677814357159302256e-07
-4.062988235501034405e-08
-1.526248685852212930e-08
-4.025909519407984602e-10
-8.761542342931656513e-10
5.664347556035934481e-10
-3.151666298984922617e-10
-3.753547291313302889e-04
-1.886763817401672350e-04
-1.109521050813953174e-04
-2.534033494526257715e-05
4.037833440314408443e-07
2.108536434518915718e-06
6.545684155300882915e-07
5.299794842803919592e-07
-5.176891582757004381e-08
-2.773000752972769420e-07
-5.818236201700723115e-08
7.435929253147004663e-09
1.679016878074727422e-09
2.081109147482167526e-10
-1.511255914042286835e-10
-2.565955666201041767e-10
-1.690427415074652372e-05
1.519811774691244457e-04
2.221362795699355567e-05
1.070441076535795224e-05
-3.839889133598897015e-07
-1.079070822851973059e-06
-9.083017541983111227e-07
-9.847424887961345929e-08
4.186215233352559894e-08
-5.818482510000251138e-08
-2.855447797222239326e-10
3.643789000041844564e-09
-1.849628591174423501e-11
1.849970871501050791e-11
-1.638395686936767725e-10
-5.682614865209835424e-11
-4.576957607561170117e-05
1.452262967131266722e-05
-9.288559222476368773e-06
-2.557989727618893107e-06
3.939743942201549053e-07
9.655466962380983071e-07
4.642944939717708075e-07
1.018576118375051663e-07
-8.969971188478968213e-09
3.112140318428916741e-08
2.284666820571161875e-08
2.782152229426384326e-09
3.117542813722777194e-10
1.112975107440876091e-10
-4.418561997688303838e-11
4.643617559525498750e-11
-3.057775616194018055e-05
5.931325834535540242e-05
-1.399997056245590230e-05
-1.388682758214300253e-06
-4.874700863012345666e-07
-4.347487013683475747e-07
-1.741795650178691119e-07
-7.131108077888204758e-08
-1.807976923844112751e-08
-6.913973308650376580e-09
5.679365437420997682e-11
-1.049445158492246486e-09
-3.331052660411817503e-10
-1.221049915613778996e-10
1.978721184975972495e-11
-2.001911309961838628e-11
2.216140663669364380e-05
-1.241868537350550798e-05
9.217019827832364075e-06
1.882482428867527729e-06
4.175188372582196473e-07
1.901472514368311426e-07
9.184601591576201007e-08
3.897162472644125608e-08
7.725477666883183705e-09
3.210349912454123691e-09
2.176005149514102445e-09
2.346980716078427703e-10
1.292808837999199361e-10
6.157228935737061101e-11
8.025955842803352865e-12
2.210762867999289572e-12
-1.227719519399901669e-05
3.730700358347451588e-06
-7.222619501455555080e-06
-1.484164968709041426e-06
-3.164301703611594067e-07
-1.061622976979114999e-07
-4.568431728132954514e-08
-1.768107640432324210e-08
-5.175956434629997069e-09
-1.775714385344442199e-09
-1.782873155791497653e-09
-5.542326708220201027e-10
-6.956799463069818244e-11
-3.037806624774953507e-11
-7.267045762337853007e-12
-1.033523583883768990e-12
-3.542543655281190831e-06
4.153707638146990396e-06
-2.315733870137688971e-06
2.310421695955527193e-07
1.710433360793359973e-07
5.529339223591137147e-08
2.189160553287423218e-08
8.343044997972087432e-09
2.986594489380604331e-09
1.937410843113604039e-09
4.441111899623496405e-10
-2.403143377267000476e-11
8.837158562697159244e-12
6.143077082862317836e-12
1.379227952159818863e-12
8.915320742169360487e-13
-5.780746308364459894e-07
1.054413942694910471e-06
-9.313215352554047466e-07
1.836519912505751920e-07
-5.495881933754549602e-08
-2.761823754023919432e-08
-1.026780821857266952e-08
-3.352090260377676680e-09
-1.276831910614949284e-09
-7.368286292585688855e-10
-1.932863456016050625e-10
-1.395973383791126068e-10
-2.918241438565927389e-11
-7.643704874281168154e-12
-1.082811423139003083e-12
4.007041164762685643e-13
-1.018996113557566474e+00
-4.300028048914716905e-02
-1.349089094797394908e-03
-3.682851014646340327e-05
2.611087447063802512e-06
4.629371518715738932e-06
4.948728281381169209e-06
3.403555722862674269e-06
-9.329131169674687847e-07
-2.882206811400487287e-06
-7.937601824579166062e-07
-1.133611544656467885e-07
-1.575169772861395644e-08
2.001618001157447511e-09
-2.378855849587283728e-09
1.414496249283866389e-09
-1.086471904601596372e-01
1.053202427551961501e-02
9.149017426629931426e-04
4.875445747813862436e-05
1.797585325327677846e-06
-1.462018495193307958e-06
-4.658671838197577723e-06
3.226789638671999162e-06
5.233862614358109379e-08
-3.470762130768177921e-06
-5.349037350185151359e-07
-4.711761756647258569e-08
1.639468727097179475e-09
2.800020757287121480e-09
-4.664666202077099953e-10
5.649372966748935656e-10
4.173516085009675025e-03
-2.002061112627173938e-03
-4.871855571533338365e-04
-5.000199365108309727e-05
-2.011576853571827003e-06
-3.397859689352519440e-07
4.113595510618900088e-07
-1.765759573043417311e-06
4.083191610717143820e-07
-9.608477722730718242e-07
-1.042503173876903968e-08
2.454863575670978971e-09
5.877070760224168766e-09
-9.686479836101789710e-10
5.236287267397143603e-10
-4.114806701925240607e-10
-2.411443089060487106e-04
6.819004462522100843e-05
1.010547296735350389e-04
2.585930014604184788e-05
5.564212754823595034e-07
-1.343849963948484258e-08
-2.661299599558137077e-07
5.718150270706294791e-07
-2.739411697436781809e-07
3.343650663426853283e-07
5.202381002078274960e-08
-5.243262532510248982e-09
1.678515238996499587e-10
1.040353556888056883e-10
-8.161248027403264557e-11
-2.861667365354866223e-10
2.509687045045054196e-04
-9.377615949289841240e-05
-1.791032765190019263e-05
-1.215334831022772002e-05
-9.748705529541761409e-07
1.835725870732462041e-07
-5.110725683203715588e-07
4.772248788158274801e-08
5.676591247075502659e-09
4.081960109932915103e-08
3.995003360104973804e-09
-2.169270695455445015e-09
-3.085220859829684677e-10
1.955753348587045880e-10
7.884835842504428908e-11
-4.887889520713333309e-11
-3.673707309747060589e-05
-3.089407699851504617e-05
7.538083178613636036e-06
3.650852663728123051e-06
3.565194402837356017e-07
1.422071125024923236e-07
1.241178045326499229e-07
1.314221692462167032e-08
7.050824228074494845e-10
-1.657620735399364926e-08
-2.340508276424808270e-08
-2.666874534615749741e-09
-5.698518984698150639e-10
-4.128002724416403376e-11
-3.071231654055521074e-11
1.362046532672886418e-11
-5.020393021038208368e-05
-6.249352419143824802e-05
1.404251403597957582e-05
7.068241501753881161e-07
-1.493583268539136319e-07
-3.114174043038269975e-08
2.402348189350305798e-08
-1.240379823542860881e-08
4.283136158631615392e-10
-1.751569660577954523e-09
-5.979931324832251875e-12
9.449010811832714926e-10
3.367309905356704804e-10
5.199581549983465385e-11
4.241082877548264357e-12
1.167049221581187724e-12
2.380597618043833616e-05
1.973230280712325141e-05
-8.437829619728315245e-06
-1.445711038156968334e-06
-6.138676922604212550e-08
-2.069783075931613085e-08
-1.486471880779840152e-08
-2.723254813704208878e-09
-5.645564207295222413e-09
5.124618364469799238e-10
-2.159361157056141204e-09
-1.159783211585854158e-10
-1.305103433912920191e-10
-4.340878209798734027e-11
-1.620953194833628232e-11
-4.755831724258705744e-13
-1.276773589335500277e-05
-1.061183556498512603e-05
6.272185610037504879e-06
1.212632198471645897e-06
1.583926518826020169e-07
1.929443692742927195e-08
9.814677399485697418e-09
4.071716174607403639e-09
4.436529423875685777e-09
-1.098592113559907856e-10
1.679173921790584628e-09
4.974884717960756831e-10
6.161843810325079662e-11
2.403323975575637346e-11
4.041892849575521733e-12
1.224428105112679751e-12
-4.189090213801241728e-06
-4.119008007584742213e-06
2.810027288560730814e-06
-7.342559656745413440e-08
-9.902384019760087763e-08
-2.103117341599583063e-08
-6.371390976338662532e-09
-3.178722471327587248e-09
-1.564691198880617910e-09
-5.503023418075366011e-10
-5.037539112930582337e-10
3.016437202299728123e-12
-1.350816154190539849e-11
-3.862697468208013373e-12
-1.420254687031395530e-12
2.048554721309367536e-13
-6.285285530000263864e-07
1.025121675944778959e-06
8.192766659058314206e-07
-2.535094051176281640e-07
2.796940921171057320e-08
1.061266971655015631e-08
2.779485104839382923e-09
1.789331638710461954e-09
6.776783629147044936e-10
-1.187987595770852819e-11
1.732116833130095231e-10
2.674307877147373471e-10
1.795763707142329258e-11
3.572132245336472971e-12
6.169485508524712989e-13
-1.340566446094961595e-13
6.738646222357036475e-02
2.840567731835546422e-02
-1.903248542343966357e-02
-1.420029487038624010e-03
-7.500132361407983793e-05
-3.806608336157494199e-06
2.209344571516974880e-06
3.938525323807317503e-07
-2.484417636578837960e-08
1.635726553998100995e-06
1.538998808192024825e-06
1.265452689694054038e-07
-4.690956563796051111e-08
-3.264858605374734452e-09
-2.085430989599750845e-09
1.528823566518324714e-09
-5.935573012788159881e-10
-7.715960696551668781e-03
-2.519923100591178917e-03
1.836269238699342159e-03
4.518051559220606921e-04
4.615352296264943244e-05
3.317675094933635804e-06
4.734069870532518276e-07
-1.280345692648691702e-06
1.122770851878169565e-06
-3.156241677514326710e-07
6.550864923190880100e-07
-3.648781261702313750e-08
-1.390898645480753616e-08
3.270549408874453790e-09
-1.563154511534399517e-09
6.420081283487654993e-10
-9.631001172231840801e-10
5.492541704172230815e-04
3.339410543731858379e-04
-5.713346330231623330e-05
-1.031405925537004346e-04
-2.811805632887899760e-05
-3.274071076021951521e-06
-1.129567854418796402e-06
-7.339793709299229591e-07
-1.092670882541182849e-07
1.011675229318625652e-07
-2.835738198159377066e-07
-5.823987966249860268e-08
6.089494364594483944e-09
1.224782766679290377e-09
4.739936292032753226e-10
-1.946732540890446643e-10
3.849712181693978216e-11
-2.021080237981648245e-04
-1.861934882723992085e-04
9.877339334857021189e-05
1.765836077660992069e-05
1.286797867794879540e-05
2.449664165082370514e-06
5.760195266523784961e-07
-1.226620960841908341e-07
-3.888466429882925254e-08
-8.381678728088967484e-08
-4.885477830393604649e-08
-1.911417589974770391e-09
4.748838543406507629e-09
1.786298633935695237e-10
3.034368438148037234e-10
-2.219028837027423216e-10
-4.759066022889297977e-11
-1.509669308946105998e-05
4.453432066259166482e-05
3.272963799817021549e-05
-7.502685989617031387e-06
-4.750860696612969212e-06
-1.092533824844978050e-06
3.175964306695455629e-07
1.489477761904871479e-07
2.237605179626822558e-08
2.402532608256769943e-08
1.645370648036838724e-08
2.206904751013632834e-08
2.087943890998284047e-09
5.547382225792284383e-11
6.824737333610674647e-11
6.917371061370044551e-11
1.635694809332889237e-12
-3.822211863506744191e-05
4.167619447345641417e-05
6.175573376955270828e-05
-1.386561240282529613e-05
-7.652855929391614289e-08
2.331922162779389895e-07
-1.289283243950464643e-07
-4.259850533716133316e-08
-1.288428802435230204e-08
-1.150851773899956821e-08
9.594941818760778595e-10
5.717500750398336461e-10
-6.718467723360377646e-10
-1.961275265893110551e-10
-1.042989999092467149e-10
-2.571564483604969029e-11
1.075843215856361495e-11
7.772381612643980631e-06
-2.233915336590783769e-05
-1.961485538011883655e-05
8.316101140294757506e-06
1.260892615459696711e-06
7.071868063321903102e-08
3.484655006773254273e-08
2.982874493658470464e-08
1.253296125609509078e-08
7.733407168668178088e-09
-5.824404267258192260e-10
1.847234722455332387e-09
-4.088380238019336996e-11
5.178094717458042171e-11
4.174163214422716119e-11
7.972721170243145065e-12
2.582855330903638812e-12
-2.775359231820545547e-06
1.231544420610375425e-05
1.058291643440252958e-05
-6.227673651735226215e-06
-1.175615170286001300e-06
-1.622781948913839708e-07
-3.374485985326733487e-08
-1.706624176156264052e-08
-7.526398976776196727e-09
-5.045764742695313202e-09
1.078963327744854845e-10
-1.523702567578103565e-09
-4.057557286328663925e-10
-3.319404832449448334e-11
-2.104986747124936237e-11
-4.100680376259489178e-12
-2.740974802751437913e-12
-9.517163541736809930e-07
4.070813580469991243e-06
4.109546657429351206e-06
-2.819377646885585727e-06
7.113043639144919163e-08
1.040998764946995336e-07
2.410152433006074791e-08
1.010873620784961315e-08
5.231880136457290627e-09
1.953303887200843581e-09
5.822851395620449068e-10
4.357253681843511765e-10
-9.215014704385065431e-11
-4.626413811427103179e-12
1.834642848461792195e-12
1.621023278324308792e-12
-1.212548085335488940e-13
-2.845496084143541557e-08
5.811799295802129903e-07
-1.136443102925306104e-06
-8.766875092218967057e-07
2.599021906234684951e-07
-2.406147365280166980e-08
-1.413134276242712330e-08
-5.000009692312409095e-09
-2.357630135404553499e-09
-9.517059371608852745e-10
8.344948299922821351e-11
-1.735217277390166339e-10
-1.028522316712867043e-10
-1.823688064751213204e-11
-4.865861273406057248e-12
-1.121111471075075955e-12
3.594175306366133003e-13
-1.541044747314662122e-01
-4.790135130978597812e-03
-1.358578394474019410e-04
-3.763326202745944227e-06
2.175344393148846026e-07
1.547796830889912261e-06
-2.834990989462362560e-07
-8.482728482628363017e-07
-1.132149493798296574e-06
-1.168118434777803082e-06
-1.355862048282765469e-07
-2.331093765708786606e-08
-2.864213128862423546e-10
-1.302831345947819975e-09
4.672285400642137812e-10
1.212195005761056458e-10
4.049980325733704145e-02
3.288342487658705172e-03
1.710463514785908628e-04
7.328149511576867458e-06
-8.903939941861484110e-07
-5.206692347899879686e-07
-3.251206661922976457e-06
3.278763321266120059e-06
-1.504768728040836344e-06
-9.448647275566755583e-07
-5.986725748526956470e-08
-1.367870891898678890e-08
2.845488698901560253e-09
-1.569397509079499819e-09
8.792030054132968330e-10
-3.335654994954739339e-10
-8.727064789538293774e-03
-1.736254277690522712e-03
-1.665262978784242222e-04
-7.210195589900522235e-06
4.894481438565901977e-07
2.794241729352427894e-06
3.136760351798316312e-06
1.744755492294282030e-06
4.609086207057541376e-07
-5.646192832655121546e-08
-2.549991952629597657e-09
-4.195364461939663978e-09
2.334942683648670883e-10
1.587091832762307028e-09
-4.692964179261996802e-10
1.619835489996578504e-10
4.902341068205059819e-04
4.031695526172879643e-04
8.382949904399331737e-05
5.513302055873433852e-06
-1.548928440289557941e-06
-1.392434950035845102e-06
-1.898272334348463121e-06
-7.773077995047950818e-07
5.578172338320352987e-07
1.212059328071061418e-07
2.374171997390514827e-10
4.561181784318980807e-10
-2.513108775978906880e-09
7.851839091603415924e-10
-7.556406712658440814e-10
2.415822124649415930e-10
-3.826018287276085014e-04
-8.460516013701201588e-05
-3.462304462787733190e-05
-3.128823342988549900e-06
1.037765363134800498e-06
1.381134360358093045e-06
5.924759855963500155e-07
2.516916205649915687e-07
-1.440972383782996311e-08
-3.316910690506215353e-08
2.545581499736925416e-09
1.220944094340407283e-09
1.805633283480452156e-10
1.507540279371449961e-10
-3.964799008910533969e-11
-9.988094048511177507e-16
9.908331404456124339e-05
4.002081382641459694e-05
1.277792417484261388e-05
1.377781041089285859e-06
-1.476933001642827873e-06
-8.956715466151474828e-07
-2.501062262344120029e-07
-8.433717812635920369e-08
-5.774830237872615786e-08
-2.014990382547940044e-08
-5.910449627211278233e-09
-4.625997105124681014e-10
3.591007322741271916e-11
-3.053953095682355473e-10
7.614046659387150876e-11
-6.481039178740358407e-11
1.018185629577154173e-04
4.406841703061146538e-05
1.619332528520994449e-06
9.346874810572466770e-08
8.455564364915197177e-07
4.318189209881797230e-07
1.681418723002696428e-07
4.625272606861781744e-08
1.987417045821684698e-08
6.495112803913341831e-09
3.359277293849128777e-09
5.065109845833421824e-10
2.679688480424421853e-10
9.019905622632826770e-11
7.301779537777842363e-12
5.049952772853706115e-12
-1.730276893721608322e-05
-2.862427992212942019e-05
-4.617760714387413886e-06
-6.317823065134535954e-07
-3.646177041408046968e-07
-1.994514388351525998e-07
-8.904874417814389640e-08
-2.996706643055519910e-08
-9.229026654387525298e-09
-5.379964897559113894e-10
-1.528483577894237322e-09
-2.574483576303393132e-10
-1.806245550327983752e-10
-3.128155837214047511e-11
-1.182165069996762749e-11
6.139417279000862342e-13
6.720896253154578599e-06
2.101983044435250865e-05
4.226289713598130561e-06
6.637374734741628812e-07
1.939937782349975902e-07
9.096206083950761218e-08
4.270798958601798512e-08
1.465185848585118878e-08
3.125152824746628146e-09
2.613701814772032022e-09
1.156194171727923308e-09
1.399707285641618019e-10
9.728414732386945867e-11
1.901107836389927867e-11
6.140890207107720073e-12
-2.517859852867899051e-13
4.651910813425717523e-06
1.040094918540255731e-05
-2.330902411195676527e-07
-3.741062868963188101e-07
-1.061906626488665643e-07
-4.203002670319827736e-08
-1.850437378805399805e-08
-7.150698754110064156e-09
-1.276233214460790115e-09
-1.196059411366232258e-09
-6.648935838087473300e-10
-1.641069146449979259e-11
-2.628616944443657157e-11
-7.447927198654033104e-12
-2.577589784900028360e-12
-7.660444653623577744e-14
-1.343943921697997168e-07
-3.088659539052257744e-06
-9.717426563951229675e-07
8.035546273306213858e-08
4.347913912636303833e-08
1.404718838753987617e-08
6.120229088185092891e-09
2.727761196494459919e-09
1.063553389933618878e-09
3.953849196444695323e-10
4.659110750241028316e-10
6.060829522686226004e-11
7.739246365013134327e-12
6.711104758532431900e-13
2.660866508117959972e-14
2.782289757463912906e-13
-1.434700898124054158e-01
-7.198412523584944711e-02
-5.037738899920798409e-03
-2.489944229603652400e-04
-9.643760011076175147e-06
1.208926089634829079e-07
1.767250082161685228e-06
4.860581478836785582e-07
-2.280167273314641793e-06
1.241991306277331020e-06
1.518350340812296394e-07
-7.183448408508468652e-08
-8.493696768284738044e-09
4.405403984094240926e-09
-3.124288958385412195e-09
8.174943436915459130e-10
5.730570588601023276e-10
2.476269572799115991e-03
7.991011799114858608e-03
1.617606530692581625e-03
1.589145398779124121e-04
7.582800126410044718e-06
3.389667896506245582e-07
2.624073341471448123e-06
8.318499488700532356e-07
-4.258159600777272835e-07
-9.128851873864059766e-07
-2.091889650543218393e-09
-6.335631830540772524e-08
-5.401913854411951430e-09
2.015125969125390388e-09
3.712969757090011296e-10
-2.029200223766658251e-10
-7.624892883021026169e-11
1.896923782940840590e-04
-4.554596784947390889e-04
-4.028383484744743007e-04
-8.168687980129926815e-05
-4.030255583392922176e-06
3.597516577874491069e-07
1.861262432555319895e-07
-1.375937996648938842e-06
7.414984560654695323e-07
-6.813803113990795671e-07
-8.247912798467621580e-08
1.386399637274128674e-08
6.734109646592768109e-09
-9.436562285447121289e-11
9.679985041268186599e-10
1.636779332186398621e-11
-6.321487788537024673e-11
1.415197327761253939e-04
4.076186632311382487e-04
8.631219511046601500e-05
3.395977525076695477e-05
2.745600847464192502e-06
-5.571232789536654828e-07
1.647235357008282253e-07
1.576972455599958496e-07
-2.085281490683724572e-07
2.792871816003527923e-08
6.127254576592764933e-09
-1.084595750010280332e-08
-1.569981074506152621e-09
-4.582116670910989256e-10
3.513151993363238911e-11
1.002150460698096886e-10
1.597110795443810734e-11
-5.356365207471145319e-08
-9.712835096934756079e-05
-3.916304978712316576e-05
-1.219262305129020855e-05
-1.086655997624200445e-06
7.370185032692813434e-08
8.383075310461798765e-08
1.043979238837344661e-07
2.678544349578837886e-08
6.691367968814605677e-08
3.175216752986339477e-08
1.060773672269214025e-08
1.002872881555923713e-09
3.053142393977986283e-10
-2.073077533876008807e-11
2.366746022992183848e-11
-1.131056363426459320e-11
-9.223529052676350523e-06
-1.023468030611080490e-04
-4.444094381099946193e-05
-1.908426119316147636e-06
7.524430491342210549e-08
-1.388465407985530146e-07
-1.865075353899246811e-07
-8.100133499507009232e-08
-3.069458001790575673e-08
-2.799623304421083788e-08
-1.195248413260786396e-08
-5.293844347271257028e-09
-9.381377885217001435e-10
-2.397127821643367562e-10
-2.689391777333506082e-11
-3.107603409256035611e-11
-1.240463392718174871e-12
1.510526523539113337e-07
1.711332628863722604e-05
2.872339794222276255e-05
4.658141677991772047e-06
4.544001925976029209e-07
1.762073850668690999e-07
1.241671111969956520e-07
5.934803940784263746e-08
2.575478810257281786e-08
1.263866083880041470e-08
2.705357782215250776e-09
2.325431772594251533e-09
4.700876121197558681e-10
1.379976875020926131e-10
2.188483503335477443e-11
2.255074383514196403e-12
4.428143849506975265e-12
-3.167737591214921731e-08
-6.658944345327269101e-06
-2.104484735089547784e-05
-4.202517719676014882e-06
-5.892009235979280434e-07
-1.333875973164607440e-07
-7.211253221346919206e-08
-3.339938700007254815e-08
-1.472159620470638445e-08
-4.665396517700834371e-09
-3.556613559183037469e-09
-1.496476439469567380e-09
-2.202780252893832482e-10
-8.250101979623153322e-11
-1.475422830088526628e-11
-2.399114964444157773e-13
3.333403410764947735e-13
-4.479998596231551574e-07
-4.699122735582001025e-06
-1.039381030903075782e-05
2.153831188278760216e-07
3.392546432543326851e-07
9.053357460831101644e-08
3.742943867486412166e-08
1.719996892506696087e-08
8.047264899043895940e-09
2.083040506662849288e-09
1.737723283749547682e-09
7.197380953545068951e-10
1.914866887668270306e-11
2.720958262435523489e-11
2.824259128833696406e-12
6.152656707629828820e-13
-8.456098790992138839e-13
-9.389614448279135497e-09
1.507876766400627785e-07
3.090455827237479084e-06
1.022204810543091069e-06
-6.907977090748462327e-08
-5.027699704585872427e-08
-1.789110585190955242e-08
-8.105559596397368857e-09
-4.163919165387214548e-09
-1.985433693870840414e-09
-7.492290912529010947e-10
-4.967698006341450612e-10
-5.384485911233510019e-11
-1.513495478675249670e-11
6.424526023154329648e-13
9.999442506596023306e-13
-1.499237487896837571e-13
