1.293685452502809086e-01
1.030711319779186619e+00
4.161148676655249123e-02
1.167174093299163740e-03
2.594643072591944140e-05
3.335251062477676394e-06
2.852091981198591749e-06
4.549546954375708333e-06
-4.782484565732626083e-06
1.236789329439150479e-06
4.128092919190308566e-06
9.767568229636037180e-07
1.304089294371244753e-07
9.700623093177825524e-09
-2.144237476107420773e-09
4.719327790077381460e-10
-2.418013199538772046e-10
-5.226721173583112612e-02
1.428175398362700188e-01
-1.468093417517456201e-02
-1.145597987965598589e-03
-5.534851796975196858e-05
-2.991902895389743275e-06
-5.294646648978389874e-06
-7.137282357054844216e-06
-4.003968026266213951e-06
1.556433427324673511e-06
6.386595519685563399e-06
8.333474839278288883e-07
6.839885547755383319e-08
2.118243457586966527e-09
6.525468605710559763e-12
-1.062573342457036376e-09
-4.709662719736175880e-10
1.566965509457203184e-02
-2.186906981495251572e-03
4.212638840174188354e-03
8.785763245109058303e-04
7.182492911033430509e-05
5.876818820737151048e-06
-2.948023580776377131e-07
7.263501221170788186e-06
-3.643204459055874410e-06
-2.663061482422870612e-07
1.762773224611010337e-06
-6.289402545034083439e-08
-3.171008841672193166e-08
-8.584265248132036243e-09
-2.356077372664108420e-10
-2.706937617354457930e-09
3.849778983422793885e-10
-1.678008282548773154e-03
-1.119724252134853687e-03
-5.801633751243430144e-04
-2.808091093027534541e-04
-5.870964845875999914e-05
-2.204310498260742552e-06
-2.586730684096779942e-06
4.072259767745215583e-06
8.380215212212488118e-07
3.482578581094952957e-07
-1.026373453958094826e-06
-1.889349812326087482e-07
9.533624914819292139e-09
-3.024719362971568510e-09
-1.267260434671885575e-09
1.050203952576203322e-09
-1.528639336861926320e-10
6.689408552256038791e-05
2.222733830366035383e-04
1.202723087520174319e-04
4.825544222273196916e-05
3.936626021190207665e-05
3.601324317725337342e-06
-2.585000346188877029e-07
-1.104364170815446701e-07
-7.134915919266054915e-08
3.633644056878580233e-07
-1.284739660204082251e-07
1.529384770317423340e-08
8.711137813261335065e-09
1.817778092620861257e-09
-1.917612569545853060e-09
2.883333712018402074e-11
5.793418914012554656e-10
3.266495243242540541e-05
-8.071358461078461158e-05
-3.523390886914757240e-06
-1.383519813860368793e-05
-1.586930725746004837e-05
-9.118117982901613212e-07
-2.806819796475451224e-07
-1.209086089793078375e-08
2.398421834745506190e-07
-1.324315448929766408e-07
1.325770625139868152e-07
8.147312859303548567e-08
1.290930128931075034e-08
4.310775883452782185e-10
-5.679472267715652036e-10
-1.835797412380711365e-10
2.644736838153135036e-11
1.469486750974983199e-04
-1.070820284316343685e-04
2.331889297336405030e-04
-5.490254380210440465e-05
-1.120401216101124369e-06
3.947892065980256244e-07
-2.078973864306110324e-07
-4.198200641702504233e-07
-1.926610352491633193e-07
-5.245933483465731351e-08
-4.727430384253093832e-08
-2.040323322239432592e-08
-7.560209583245003574e-09
-6.755300969279294498e-10
-8.836329937751245263e-11
8.989292770213510121e-11
-1.153407115656543718e-10
-3.772285978116648498e-05
1.138035660045896543e-04
-6.352549426796440615e-05
4.563467358558512667e-05
7.556960673063949915e-06
6.918143544264439953e-07
5.399753285182855785e-07
3.307001464309798564e-07
1.557242351808923074e-07
3.404351002838134068e-08
2.667982959343665267e-08
1.668773347322516581e-08
1.674283377883483552e-09
4.323389848135785692e-10
3.736186285489346395e-10
9.435993492995413151e-11
4.853759435686045209e-11
1.322645373333704553e-05
-7.509085592000697682e-05
8.771189700862800775e-06
-4.237163233764622522e-05
-8.627866446151180615e-06
-1.559040532386221071e-06
-4.268468972355397001e-07
-2.307494926442481594e-07
-9.987504878633636758e-08
-3.515189261543332234e-08
-4.820359318443319251e-09
-1.394826325361795294e-08
-3.789246106011124735e-09
-3.480551587380699907e-10
-2.260424011306020852e-10
-6.654904085695521835e-11
-2.398859736426447993e-11
1.073648588469884418e-05
-3.893216026961687239e-05
4.186032736056999624e-05
-2.648346510587429951e-05
1.323288439472906106e-06
1.300954312815499589e-06
3.661215602227827873e-07
1.365753951206741045e-07
5.152679328779342545e-08
2.270023746247265795e-08
2.338791502536536784e-08
5.265036103249011017e-09
7.197643811045727095e-10
3.519225224283206206e-12
4.844255485969554813e-11
1.109822811511342563e-11
-7.105995479993762490e-12
8.265701776503314385e-07
-7.204772561626863594e-06
1.422991114491048217e-05
-9.731266371355655996e-06
2.740895933313738307e-06
-5.849955563465727255e-07
-1.898967410189792653e-07
-6.686132228689058436e-08
-2.328751993206400933e-08
-1.085081759134763002e-08
-7.403161256059405169e-09
-5.793643237180028197e-09
-4.841495467324249145e-09
-2.896872529935922915e-10
-5.325371539025196362e-11
-7.868180020551758422e-12
8.843258844484717696e-12
2.728177760190898804e-02
-2.630671738998341044e-02
-1.792730823327917753e-03
-8.085623814434280061e-05
-5.706421113212430723e-06
-3.382151930151551877e-06
-2.471530263052475972e-06
6.600384042985640437e-06
3.306938592297667143e-06
3.303919420277264345e-06
1.083083688094282356e-07
-7.478841680287864966e-08
-8.560834003307231593e-09
-2.822076051972500494e-09
2.951516548365375196e-09
1.523117432366203844e-09
5.088096246568413758e-04
3.890380144701142701e-03
8.128220828030692426e-04
6.721157832523281335e-05
1.834543210776976135e-06
3.848249066453999243e-06
-1.925459415847062468e-06
-9.440199491498724536e-07
-6.814827103562227983e-07
1.295180577189938307e-06
-1.282936630100119748e-07
-3.770305652847572898e-08
-3.194030083313547319e-09
-5.387125943469302294e-10
1.125229991668612521e-09
-3.372598934103157987e-10
-9.600692718391480064e-04
-5.564476505255304233e-04
-2.861869361498119266e-04
-5.739710462986472185e-05
-2.787473693688160233e-06
3.267875269290502709e-06
-2.400021128429737807e-06
9.788426012337363140e-07
-3.387086418286423669e-07
-1.015843326166893778e-06
-2.235095534418603625e-07
2.080632390258168712e-08
6.140808612621136244e-09
1.872615126847326114e-09
-9.801276568769065202e-10
-1.204761503054686751e-09
2.007314996205736724e-04
1.233766567418980527e-04
4.770581735937966033e-05
3.737805856363129385e-05
1.525762928295158006e-06
-1.065994685515970258e-06
-2.381095566695952514e-06
-1.097406762113165281e-07
4.005678955212616209e-07
-7.940667622445767628e-08
2.836356357129055437e-08
1.172678993980066760e-08
1.047385771336816323e-09
1.518957430593927904e-09
-5.824829817065071845e-10
-3.745439648465028607e-11
-6.891064664178878313e-05
-2.700630767182277188e-06
-1.550424552860994474e-05
-1.426226236947416564e-05
-1.330246552335563408e-06
2.922904048690744219e-06
1.674840931777872465e-06
2.345485120307679636e-07
-1.174895118537086404e-07
1.041931366186906812e-07
7.632589738723193956e-08
1.071363104754605774e-08
-3.057787875587657324e-10
5.628902664947065251e-10
-2.367339945512694380e-10
3.451659480068460270e-10
-1.366646631971087935e-04
2.324329291984867903e-04
-5.397675656409676423e-05
-3.177707304005716525e-06
-4.442078138235802324e-07
-1.660272978420064212e-06
-5.499876762113512413e-07
-2.163981048772106764e-07
-4.953348124669411937e-08
-3.525807574979901558e-08
-1.681661279806826522e-08
-6.848602345749721466e-09
-1.421459177520648369e-09
-6.458541175495014734e-10
2.382508738565483785e-10
-1.528795178333904306e-10
1.186531070246168339e-04
-6.407091503974354937e-05
4.553313810421481057e-05
8.807154667419941275e-06
1.441406645809803672e-06
7.728649894535300196e-07
3.715503258279499595e-07
1.651521520413453897e-07
1.909980758628467428e-08
1.945474766790084785e-08
1.461844451171826409e-08
2.294890399870240018e-09
4.832406323473052022e-10
3.403610253880075407e-10
2.416189582201967662e-11
1.394939042664085213e-11
-7.578439222553191119e-05
8.856406522517479713e-06
-4.239919700549549285e-05
-9.202259881842353534e-06
-1.823809261869057965e-06
-5.834653539843340239e-07
-2.797666340626458575e-07
-1.012323836557858937e-07
-3.087223515889591534e-08
-1.790415749512596641e-09
-1.288943096393387036e-08
-3.923151729190538109e-09
-3.500987709025071549e-10
-2.324591805269993365e-10
-5.606350957575829101e-11
-7.698777404061776847e-12
-4.019538151025034970e-05
4.173193024167109837e-05
-2.650606808719374033e-05
1.623647775214564866e-06
1.423619595793143280e-06
4.522389272182643536e-07
1.917755762164819874e-07
7.479068710641403359e-08
2.604441815347671449e-08
2.243700195658648267e-08
3.573390258120297532e-09
-8.473814253736104579e-10
-1.521025323160892977e-10
1.072696070469233527e-10
7.444141156166870656e-12
1.460288699639801544e-11
-8.067990049884240871e-06
1.471498332400260526e-05
-1.039123020886449117e-05
2.552342574123196883e-06
-6.558131609963106678e-07
-3.221602864086036639e-07
-1.219012467589799745e-07
-4.045174742291887131e-08
-1.827514352255128039e-08
-1.294146523840412734e-08
-5.553393127876323870e-09
-2.299389499054770068e-09
-4.755441962192780442e-10
-1.549895012734615053e-10
-2.711209138150392429e-11
1.299899441841161614e-12
-1.023360418151980866e+00
-4.145840163816400664e-02
-1.162369662060732745e-03
-2.327467524398954559e-05
2.742877447323241389e-06
5.240577084030137164e-06
7.293133394696492649e-06
4.714813013803150534e-06
-9.579305393548626520e-07
-4.072387668242055669e-06
-9.734086081877738228e-07
-1.223335202100057468e-07
-2.355228116825063926e-08
4.941054090883927099e-09
-4.939129492392848726e-09
3.568864107888007642e-09
-1.501065884154561825e-01
1.433417205875809480e-02
1.135590295695711096e-03
5.318129960516094340e-05
1.134107419100012558e-06
-1.442563793065396042e-06
-7.415984684287376834e-06
6.759454104239878664e-06
-5.210876155622312943e-07
-6.240904456244061430e-06
-8.153753875478735445e-07
-5.424780251722311335e-08
-2.686170310000962813e-09
4.974510634587551674e-09
-1.587958950359250993e-09
1.974367468003856201e-09
7.699124473773670367e-03
-3.789459701498269426e-03
-8.553783816119272338e-04
-7.152909854201665448e-05
-1.891618039032631019e-06
1.001871509046390597e-07
-2.769105728568603490e-07
-2.895309371525715497e-06
6.494310180462370399e-07
-1.835835250754424117e-06
3.889887871581840232e-08
1.250821533448377276e-08
1.446080190795587703e-08
-2.569815016896686625e-09
1.357886546557538821e-10
-8.144826781787241808e-10
-6.785093966367775585e-04
2.840757569532495995e-04
2.592794852844693566e-04
5.651916295668198766e-05
3.354076910512679068e-06
4.527463005135755041e-07
-3.132106569500030708e-06
1.418253909762262343e-06
-7.711039387790681957e-07
1.112517585940964758e-06
2.254364736446332099e-07
-9.190400994392516504e-09
2.251182873350000252e-09
2.188722560698621541e-09
-9.116112765795509190e-10
-8.654047584094045125e-10
1.158190132102269630e-04
4.265820703460089280e-05
-3.233160431856921838e-05
-4.009832958023293873e-05
-4.991306988496073644e-06
7.553648802342165504e-07
-1.808599989166949130e-06
2.122437556319862796e-07
9.409469311685406599e-08
5.471367692970662405e-08
-2.703373634304542961e-08
-9.903301213682678530e-09
-1.484378405802884069e-09
4.159833951286229368e-10
1.033301600601992718e-09
-2.789788489708171232e-10
-4.623909096544188708e-05
-6.540864344713615691e-05
4.545860938595500092e-06
1.562465634791634632e-05
2.079608196875424266e-06
8.642516464146886583e-07
9.651615786387658112e-07
2.169497904915645857e-08
-2.854937258386800877e-08
-5.250571167956863511e-08
-7.586244209280221008e-08
-1.063049253596702541e-08
-1.284299542345632153e-09
6.252042571975746664e-10
-7.006085630011975529e-11
7.720126067649606009e-11
-2.164508461438821498e-04
-2.409029053738985244e-04
5.813049433645910369e-05
1.672208031969229805e-06
-1.512144795212964693e-06
-4.183296709972568164e-07
1.103382625855508217e-08
-1.069583136708189867e-07
4.487641050018058126e-09
-1.032056142020740799e-08
1.646897728761611806e-08
6.265522453129773966e-09
1.015747239312771152e-09
1.832084474975889417e-10
-2.914971588762895007e-11
3.864320049580087362e-12
1.250908736290438190e-04
1.004340812273017751e-04
-4.370088999401462764e-05
-7.220443361367850736e-06
2.484804600706964799e-07
-1.987537163127048471e-08
-7.738136308838689851e-08
1.612178003761558147e-08
-6.824638225619902357e-09
6.726926281731320895e-09
-1.293868746707702931e-08
-6.937976321574485572e-10
-4.202419076305366038e-10
-2.665617065644966371e-10
-1.541175078838564129e-10
1.189212284605749690e-11
-7.431049081507389823e-05
-5.209190626521431486e-05
3.693647417498223130e-05
7.711848715003574701e-06
8.544684887411980552e-07
6.837913119850019104e-08
4.696972137260346403e-08
2.574983592102763387e-08
2.760992517779455786e-08
-1.230047048557769943e-08
1.069825009788559853e-08
3.100538308690749948e-09
1.633649563914326547e-10
1.570607794515804780e-10
3.846197515925860683e-11
2.375956463287633022e-11
-4.599607583916458367e-05
-4.400714366495449943e-05
3.062385367530294110e-05
-3.226229379808786844e-07
-8.442319341014596290e-07
-1.508987769697914883e-07
-3.849687327134114798e-08
-2.167146056145171309e-08
-1.353249066303094188e-08
-8.463617316701263929e-09
-4.140681018552797277e-09
-3.795909676018585528e-10
9.226607909866916663e-11
-2.204049450800705996e-11
-1.461994481484365345e-11
5.100841933157072381e-14
-8.810375882445950916e-06
1.208820440371960587e-05
8.872181297627046388e-06
-3.344748561472939792e-06
3.569253923652626503e-07
9.598714067180019004e-08
2.867211954702810001e-08
1.747792101281421952e-08
3.901723147572340104e-09
1.371362468315139953e-09
4.715729820050740328e-09
4.811088565566140502e-09
2.439992037128831441e-10
3.633244983581745471e-11
1.589580049777091997e-11
-4.233347775135382020e-12
9.101464873305117886e-02
3.860547128940668149e-02
-2.580807562204406880e-02
-1.775494626313208184e-03
-7.842532393046371965e-05
3.441855426812020432e-07
6.499523262257173691e-06
2.683629331968938152e-06
2.339144048169286615e-06
3.585702461886357048e-06
3.351067581007079517e-06
1.418134436551386849e-07
-7.348679948683516460e-08
7.614552097638522789e-10
-8.963523433571674748e-09
3.475044393140603719e-09
-1.045883389564874373e-09
-1.450358234041207450e-02
-4.598727975504661794e-03
3.487441450624636109e-03
7.909635490383783423e-04
6.661560390279125713e-05
3.879656003615063717e-06
-2.050403479874714736e-06
-4.232484937144920158e-06
4.286728312087732466e-06
-8.983509457520579827e-07
1.309235204307187413e-06
-1.095495968624902416e-07
-3.820499180131284583e-08
5.512898441066002066e-09
-4.946865921958803728e-09
2.413787811724354106e-09
-2.867009741126303688e-09
1.568479545045134253e-03
8.477929856180687045e-04
-2.613065758369395955e-04
-2.656724086337737371e-04
-6.087086358457216426e-05
-4.719326750346101597e-06
-1.561958943596293694e-06
-4.064836204440738416e-06
-8.773598536895495233e-07
1.354644994437890804e-07
-1.028206137643490172e-06
-2.348314338886516490e-07
1.552885367905765397e-08
2.531861640061245536e-09
3.150190762223468446e-09
-1.143897086374002926e-09
-7.040667213257312582e-11
-7.056062136034882296e-05
-1.353128546874930694e-04
-3.936554421045384145e-05
3.076067076708291313e-05
3.885263202650903673e-05
4.843382481997012363e-06
3.268248261623177754e-06
-3.208793703994394989e-07
-1.802409142302093522e-07
-1.608298490374451558e-07
-4.529012388163630786e-08
2.970905502807360923e-08
1.684294775368023546e-08
1.467811480428628137e-09
2.459440729903553722e-09
-7.166059931145366247e-10
-1.530842722773733440e-10
-3.123731101384025747e-05
5.840117407433058485e-05
6.669694116233177100e-05
-4.455267579947236690e-06
-1.970083385211238337e-05
-4.531222374549699794e-06
9.584053797612430514e-07
5.008076585911648051e-07
6.470692686419421856e-10
1.148424204043257959e-07
5.019815074747069492e-08
7.277574910577246377e-08
9.249418912113620172e-09
-6.048316473941695994e-10
3.385856975661570573e-10
3.377475946701170480e-10
3.535518302534028318e-11
-1.453250230288900965e-04
1.848909142251706108e-04
2.383652188451882402e-04
-5.765469103877122976e-05
2.147892649571349265e-06
1.893148285410508649e-06
-6.077932339458869264e-07
-3.354321016836636559e-08
3.395563471527050599e-08
-4.203007176683674061e-08
7.806271514507551254e-09
-1.377447405356891330e-08
-6.204636193724112676e-09
-1.071224115683164515e-09
-6.877082149339658676e-10
-1.672495886371934969e-10
1.295111340832044652e-10
3.939772355258606680e-05
-1.186740979302526209e-04
-9.992758022851784127e-05
4.305562565487028570e-05
5.594542965627502624e-06
-1.112461207119224977e-07
5.841922999162303182e-08
8.382683536245517589e-08
2.762964919415674711e-08
1.208628440542125686e-08
-7.770786090487773889e-09
1.146368525055281212e-08
1.126684317134568906e-09
1.021795030029143838e-10
3.033094644619078498e-10
8.960991520499417158e-11
-1.201564227638977166e-11
-1.401530244344480067e-05
7.284925833501972395e-05
5.197717625596824941e-05
-3.663798101214571918e-05
-7.298271848280303972e-06
-8.844474553678397685e-07
-1.123510680166362894e-07
-8.754403136031447456e-08
-4.157649699618276410e-08
-2.992874171138756544e-08
1.146829065608680989e-08
-1.046502177662915834e-08
-2.891314384762118995e-09
1.425175789476575562e-11
-1.739982810561256551e-10
-2.272090227997581607e-11
-2.783984674414902003e-11
-1.026412440925402565e-05
4.500885894804052212e-05
4.403794833686888450e-05
-3.055159883032609164e-05
2.686352434882787643e-07
8.555671485838368959e-07
1.695978139257226961e-07
8.131741962107337993e-08
4.490089290149965211e-08
1.907080549872507815e-08
9.981469826867543672e-09
3.292251993624695573e-09
-1.445148350265417453e-09
-3.787681806520325469e-10
4.478289652681984598e-11
1.545949739622500439e-11
-5.870383120417821344e-12
-5.243663751943161432e-07
8.202939645443992205e-06
-1.407115511148574837e-05
-9.920553236484086658e-06
3.519797115098834315e-06
-2.870757704179392997e-07
-1.514588082414284227e-07
-5.508675048172667079e-08
-2.784150833066675426e-08
-8.552755729690126508e-09
1.365983034679366646e-09
-4.370526457463289508e-09
-1.929937602877200643e-09
-2.822811247784704110e-10
-1.146066047676016719e-10
-3.649990611626407437e-11
4.984456279834875344e-12
-1.482416967105206485e-01
-4.084388898707426614e-03
-9.116742617826780945e-05
-1.233739547273254238e-06
-1.925524162469619216e-08
5.958371476060791202e-07
-2.234719278971145949e-06
-2.053918983095762449e-06
-2.219237663856427606e-06
-1.410349521801377907e-06
-1.595048217814817660e-07
-2.495569578405710044e-08
3.088095614776440506e-09
-5.314302405955411809e-09
2.078485364601304793e-10
6.802939597978892698e-10
5.452010321857014841e-02
4.131882193689050825e-03
1.823943259525050338e-04
6.920325697452567994e-06
-1.446266654897944476e-06
-2.420567700038042046e-07
-4.478346612211497418e-06
7.789274677798334957e-06
-4.130731654609469801e-06
-1.432096253282436869e-06
-7.836798726242634137e-08
-1.479935036667900257e-08
5.416224017262082896e-09
-3.034951644548980946e-09
2.305453072851853601e-09
-1.150449555808086674e-09
-1.634697398983733785e-02
-3.050571627705203105e-03
-2.597789476345345959e-04
-1.098499244564473383e-05
-4.030632652261655220e-07
5.977673866863585903e-06
3.333392391349113269e-06
1.986113854801049639e-06
1.713303233083883311e-06
-8.749131046833669126e-08
9.376203722136070654e-09
4.132960897060413973e-09
-1.758540971085495457e-09
6.263584863006549788e-09
-8.384701787865630331e-10
2.544739735025360929e-12
1.555050163347871132e-03
1.017662082123244093e-03
1.820235735936824410e-04
1.271544423234341489e-05
-1.310971365417729777e-06
2.792274706230370383e-06
-4.069858162991079634e-06
-2.119184655808689353e-06
1.542430725571591820e-06
4.608933753000723340e-07
-2.160944386197652823e-08
-2.646655570233423703e-09
-8.602202051489248285e-09
5.022042997925573179e-09
-3.487243618555977199e-09
1.423082846175915583e-09
5.252693533724199639e-05
-1.734113325875572909e-04
-1.098304069932918350e-04
-1.067402041775263414e-05
-1.213896199887541252e-06
1.132736336875832769e-06
1.223550598865990147e-06
8.030786373877873477e-07
-1.481467759888702959e-07
-2.795704151282639539e-07
7.375222936742687612e-09
3.095579400935432489e-09
2.637180350383200512e-10
-5.515479709194413159e-10
1.881366263022241240e-10
-1.534311287117307935e-10
8.266982731369666628e-05
5.124979162477462629e-05
5.317772093342231746e-05
8.606852803262520627e-06
-3.799364436560434426e-06
-2.606733532511139117e-06
-5.091098067039314111e-07
-1.258163592872633610e-07
-1.952048678032139218e-07
-1.472978013718718286e-08
-2.400130876759294641e-08
-2.179643747413786095e-10
1.355515289999329360e-09
-1.103749615517526874e-09
6.552789289755544155e-10
-2.870948192193913663e-10
4.264311192329533280e-04
1.893879638764483641e-04
1.050936405109837933e-06
-2.893053078603918534e-06
3.388752586685960544e-06
1.539987273761620443e-06
5.201372700122107153e-07
1.068972515714383948e-07
6.091331269084342461e-08
3.042710027020884767e-08
2.753283099273481792e-08
2.083698397294725719e-09
8.496427866232862963e-10
4.900496017070620962e-10
-1.489296021936267861e-10
9.825806889833949808e-11
-9.361409686955827515e-05
-1.483526135521089724e-04
-2.187742099338173423e-05
-1.577382590924410762e-06
-1.635354962251734952e-06
-8.445767702966650766e-07
-3.750150688193090115e-07
-1.408339251399438933e-07
-3.052836775497463548e-08
-6.972883603747596696e-10
-1.428736868186973379e-08
-1.141479216320680278e-09
-1.121435223730466910e-09
-2.471875546195784655e-10
-3.868744405300477286e-11
-3.679589180448669072e-11
2.794096423464192676e-05
1.210288707204084611e-04
2.654825947556369625e-05
3.778538544788339458e-06
1.041148425176555422e-06
5.195710360141265367e-07
2.510464835151046791e-07
8.285680885144392797e-08
2.245078024303175170e-08
1.291619822361065460e-08
1.106096231818407202e-08
4.644752715535755794e-10
7.575712973418274961e-10
1.678320355216202193e-10
4.502276290645367481e-11
-7.631980750854289345e-14
4.737768134064737803e-05
1.116961655788072122e-04
-2.003192376844006574e-07
-3.206495078932582281e-06
-7.884246772266465221e-07
-3.327641639827122565e-07
-1.464594181210872598e-07
-5.494154702243592524e-08
-1.363117477408784649e-09
-1.279790324723945141e-08
-8.091418581158925579e-09
-1.144119973342233684e-11
-1.640413782047189463e-10
-5.452412485019551602e-11
-3.934885331484919636e-11
6.397663858325731824e-12
-8.371982620818024725e-07
-3.821153223863509285e-05
-1.280237340815677025e-05
9.527755711781667234e-07
4.721777656696213431e-07
1.366202144596699811e-07
6.833269642397057879e-08
2.965719534537308323e-08
6.323974514871869705e-09
1.993588285899969250e-09
8.628808531991813249e-09
5.899694542657382737e-10
9.072537229161197549e-11
6.405006134813858774e-12
1.241403985011889731e-11
4.342109550603321736e-12
-1.975425350075773467e-01
-9.719317467049441717e-02
-6.361715400042815272e-03
-2.744339108149347378e-04
-1.106148881745193727e-05
-1.795255870199651380e-06
1.404571777554980299e-06
-2.635280144738623281e-06
-1.144842706605361790e-07
3.486576531299592052e-06
1.600932907292530650e-07
-1.372010668511423409e-07
-2.607519597970229455e-08
8.843600786024935536e-09
-6.060939038580805627e-09
3.685684228268769665e-11
2.601583571251512279e-09
4.775418877045380789e-03
1.497974739678739793e-02
2.841765343518207806e-03
2.446728375730806396e-04
1.190846465593352158e-05
1.274033616128023069e-06
5.615095327153126957e-06
1.160529291392418928e-06
2.585532142110740008e-07
-2.710725016984274149e-06
-1.089736222988364454e-08
-9.105019142919755276e-08
-1.523311573799901667e-08
1.869793423985151823e-09
1.907583431030021760e-09
-1.768081886636070173e-09
-1.262417856723144993e-10
4.377220118689215166e-04
-1.434524901900333235e-03
-1.015482197084699315e-03
-1.810797847121797084e-04
-1.119600260319189558e-05
-1.856606770011195800e-06
3.739253387581786624e-06
-3.032218549811042736e-06
1.976515485665028648e-06
-1.826471449390233252e-06
-3.899544186515781954e-07
2.240813187655624418e-08
1.515479288654373106e-08
-2.728054282253751128e-09
2.457958849692534593e-09
5.540573406293293369e-10
-3.281156377925709963e-10
-6.865538268607861237e-05
-6.171493970553678559e-05
1.750586352319715875e-04
1.120569237640970484e-04
1.150034420369894297e-05
-4.799665928746067298e-07
-4.465376176232862941e-07
5.108130585038151786e-07
-9.098355130377560987e-07
1.918987549491909947e-07
2.277286395991031226e-07
-1.630963692190941065e-08
-2.015989609204346812e-10
-5.141968123958159401e-10
-1.923701914302465355e-11
4.014204446057824834e-10
2.481597217963725676e-10
9.327386497046456670e-06
-7.673389748110444710e-05
-4.901131987194933090e-05
-5.144871527205684733e-05
-6.618258656629418080e-06
-8.678400477046403355e-07
-1.842679359601623982e-07
3.440600952249943961e-07
2.425822699154620832e-08
2.384580883949722360e-07
4.123926203295113049e-08
3.590159701731470345e-08
-3.426549236761598497e-10
1.913621428557507663e-10
1.337832668433823284e-10
-5.710240210579893263e-11
-2.184749467924616142e-10
-4.201912834811391458e-05
-4.307031381755580717e-04
-1.912795709586113458e-04
-3.101193134242757874e-06
2.810893786863579063e-06
4.546317332682396925e-07
-4.225714330639148975e-07
-2.977783511096953831e-07
-5.632559036843133952e-08
-9.390302474922714956e-08
-4.716498009092496949e-08
-3.339435043758359995e-08
-2.066447601689325006e-09
-4.537668199389303670e-10
-9.468791903647954926e-11
-1.795052045145423295e-10
3.147973695095883397e-11
1.246538338813436864e-06
9.294331516719198051e-05
1.492553542045509910e-04
2.262784331000624707e-05
7.585622991400438343e-07
3.860193419303680753e-07
5.462923961131436034e-07
2.381045243611471290e-07
1.264142427026101643e-07
4.723488957733674377e-08
9.456934062797105686e-09
1.608728640734464488e-08
1.783268168823848328e-09
6.273514802366069348e-10
1.718754948947424004e-10
4.641882386046355456e-11
5.707130141903258395e-11
1.942686267001200138e-06
-2.752425257260793202e-05
-1.214674797746453266e-04
-2.656504587442105663e-05
-3.266287133845374229e-06
-6.399043737233450541e-07
-4.522524955474833861e-07
-2.021029680489752693e-07
-9.029200340812937544e-08
-3.312093659471500962e-08
-1.837037058363101954e-08
-1.186828992033353434e-08
-7.421090393434954909e-10
-5.635994185716730106e-10
-1.516458952165771356e-10
-2.057706279164887094e-11
-6.342371659267460879e-12
-3.864534854851058500e-06
-4.743780182475479265e-05
-1.113853779823119182e-04
1.086591333634671844e-07
2.856172908843897918e-06
6.870311377988357405e-07
3.218889835920288039e-07
1.571388651358815301e-07
6.966731171170531324e-08
1.202972146609770291e-08
2.065514730094740731e-08
6.310116007318807711e-09
-6.967872908436216073e-10
2.658663704901614787e-10
6.152034924783823865e-11
3.321338625236845312e-11
-1.170641054674512983e-11
-2.582857949165891832e-07
1.028024214878064532e-06
3.812372378114387228e-05
1.368122554377933002e-05
-8.260113004732278053e-07
-6.097819924996959414e-07
-2.059534333455211243e-07
-1.021337319424419015e-07
-5.335025071278668707e-08
-2.313056597245522087e-08
-8.490929912185585273e-09
-8.970190208324093536e-09
-4.827299835541209445e-10
-3.344354780778289306e-10
-6.710076970238666939e-11
-3.541114328906836351e-12
-1.316906483335923725e-11
