1.379531368190861640e-01
1.026001894805676384e+00
4.407010407176677191e-02
1.463879295203084161e-03
4.917908003827962466e-05
4.712659428593003105e-06
3.761378425284892841e-06
2.931893394112492971e-06
-2.415137082277424481e-06
1.154285673627013514e-06
2.474550593542317735e-06
7.249257902703978992e-07
1.077059144099592522e-07
8.812808427549348939e-09
-1.075645129499330034e-09
1.417653363669524816e-10
-4.704906651932764997e-10
-2.882424560007909239e-02
7.573131241030506278e-02
-8.089827326992177214e-03
-7.233129316477146390e-04
-4.100915847161147067e-05
-2.919865746468265893e-06
-2.193687878050437983e-06
-3.627210294518672625e-06
-7.041359403274708720e-07
5.053165926772875447e-07
2.402892088510350052e-06
4.181463339348450195e-07
4.053295582209816202e-08
-1.988948233848854037e-09
-7.098893730297879472e-10
2.552354772909055487e-10
-2.457577521717574183e-10
4.589464311999965490e-03
-5.210356069184698957e-04
1.252116992958845956e-03
2.824408520288593715e-04
2.790852445288378135e-05
9.243808107166117338e-07
8.565661597932844613e-08
2.082767047755251200e-06
-4.060077953227179805e-08
-1.314425419095419906e-07
4.858218036013160687e-07
-1.938607126187937758e-09
-7.380037795012535389e-09
-2.521188032374188859e-09
-5.470172297455896994e-11
-5.359603687122726973e-10
1.745966130564649251e-10
-1.988476273708999565e-04
-2.326422553705499014e-04
-5.955288057514275963e-05
-4.177977987991258286e-05
-1.014102452745370188e-05
-1.246756668156847644e-07
-1.030745108961422474e-07
2.409612048086608013e-07
2.850890355800563817e-08
7.175901815356117057e-08
-8.109233158794897337e-08
-4.846232017710888524e-09
3.207944403868222190e-09
1.943916785986336979e-10
-9.385257312988680454e-11
2.755415714113326862e-11
2.314015331799591683e-11
9.403064287478744084e-05
-6.498854973224958502e-05
7.131459344846859116e-05
8.297226940314437948e-06
3.160219074066113662e-06
1.369146354004139725e-07
-1.029703023724716595e-07
-3.129643617728623038e-08
-3.481198244770259469e-08
1.252510905962435116e-08
-2.874919512035245723e-08
-4.889429285957099005e-09
1.688442067664024508e-10
-3.512001900734456439e-11
-8.039863088537122969e-11
2.116723303912895026e-11
2.353565482487029273e-11
4.431152175116116225e-06
-1.891157960429978575e-05
5.751246932095735562e-06
-3.122214726198750982e-06
-6.471330571217395690e-07
6.794610723234726132e-08
5.387694806772268289e-08
3.098341571079532447e-08
2.028571625735196492e-08
2.228710960791933605e-09
1.134674233526834546e-08
7.332271303492957445e-09
1.088473597145476195e-09
2.036240331178252984e-10
1.246553548526746218e-11
2.995113202504563124e-13
4.749955134257687175e-12
9.318588595589014269e-06
-5.069778776860893185e-06
1.416749098816821334e-05
-3.397836081408951546e-06
-3.054596788817014038e-07
-6.919803290402762930e-08
-4.323748081423587070e-08
-2.914775468048630004e-08
-1.323487712745392229e-08
-4.838318689532126021e-09
-2.393864573895273464e-09
-1.188001861218100841e-10
-3.054345465623875093e-10
-8.229288506352037446e-11
-1.040579200694719934e-11
1.160152307173528148e-12
-3.059670893139933637e-12
-1.362639129772952976e-06
3.707606543154898183e-06
-2.162039579992858891e-06
1.671799490009205002e-06
3.225172994395946427e-07
5.502095123593232659e-08
2.571346594835003160e-08
1.237526493224012377e-08
6.387514120671444993e-09
1.928866708362629690e-09
8.683247094803862820e-10
5.197378006944650956e-10
7.774810350446562206e-11
3.090379109481302075e-11
8.246294196022211618e-12
1.477556896468554772e-12
-8.379089714472025469e-14
4.312305089328038416e-07
-1.694221778774708858e-06
6.904111906753057275e-07
-1.056610160332329758e-06
-2.024031163733967267e-07
-3.828395381231071306e-08
-1.107343940886556504e-08
-5.097122822585340620e-09
-2.201881009417776520e-09
-8.299607515642988623e-10
-3.736682831209532295e-10
-2.826560119429795271e-10
-8.504689061489452558e-11
-1.201287495544479634e-11
-2.973202758926175324e-12
-3.107666059019126213e-13
9.241952601974163771e-14
9.667698368744503529e-08
-3.195648521058421225e-07
4.090521598228533033e-07
-2.175759977049146140e-07
2.265169236894072904e-08
1.590482348456877772e-08
4.768584041959793007e-09
1.829437263349500425e-09
7.363743105457988736e-10
3.349257744927480308e-10
2.172403790978201658e-10
5.767327954919096661e-11
2.822396536408929173e-12
1.723731745250270527e-12
5.470124047289751342e-14
-5.794550425385664807e-15
-2.334249284250833536e-14
3.221437658340728126e-09
-3.636948515275421821e-08
7.522884986846645393e-08
-6.782904829650085918e-08
1.421233071229856404e-08
-3.631644748569398935e-09
-1.481288462196376000e-09
-4.988917405666251481e-10
-1.820243189446106427e-10
-6.335863410159882193e-11
-3.167451774019165190e-11
-1.082522702415933227e-11
-1.619460012952108140e-11
-1.493086734574879517e-12
-2.898020516320410902e-13
-2.888465597216766848e-14
1.125090577053056458e-14
1.423091314029049752e-02
-1.455177615141932390e-02
-1.112587856037154524e-03
-5.972601944931193611e-05
-1.921330482552201492e-06
1.129167913315867578e-06
9.671263539309980634e-07
2.342219336831378553e-06
9.779825634525093058e-07
9.018953830849287941e-07
6.115129046640300500e-08
-4.689175414103383944e-08
-4.295080332131442649e-09
5.241831684833635204e-10
6.802739053910587263e-10
-1.920356739508817443e-10
2.511587076165404733e-04
1.150072937930315042e-03
2.649380998508656299e-04
2.685635244763828256e-05
-2.924424659712217268e-07
-5.371237936994864016e-07
-8.951275663850730965e-07
-4.092333960319094281e-07
-8.272344473905841648e-08
3.478093991554184021e-07
-1.571357194737206307e-08
-6.861354536694854330e-09
-1.413402050284950622e-10
-8.533872476773022127e-10
1.756684597878473165e-10
-1.658567386900291302e-10
-1.692358674509402631e-04
-5.170255917718405593e-05
-4.231331054325104623e-05
-1.045627639531816863e-05
8.299684999360853007e-07
1.084287485578748138e-06
6.166776461602131828e-07
2.638322731557360474e-07
-2.759462490924134069e-09
-8.959813366428439647e-08
-1.738596384392696918e-08
2.556096098538549589e-09
5.825750791731712199e-10
-7.163529893317230262e-11
-2.260985639984842026e-11
-9.637732675186824941e-11
-2.496316872552448626e-05
7.509839960792918999e-05
8.578608765768497581e-06
3.135925926375383974e-06
-4.012296527906124086e-07
-4.975497612901529212e-07
-3.327050796930683598e-07
-5.745216092288307538e-08
-1.736846359117954123e-09
-2.236760744083108039e-08
-1.008157999105622072e-09
1.259175907145492110e-09
-8.286500926061186141e-11
-4.564742247913071824e-11
-5.584408530587443709e-11
-2.257002585874277536e-11
-1.637720318766120101e-05
6.294786874521276666e-06
-3.203152612219494756e-06
-4.843747656287251497e-07
2.275942281281984361e-07
2.892480628200013568e-07
1.301849036426434368e-07
3.273822638295640449e-08
9.568077457993353477e-10
7.974772263592317491e-09
6.034569120996373361e-09
7.291661725678580053e-10
1.269336558373896932e-10
3.371371698956781717e-11
-4.715610277438151302e-12
7.358875626986778518e-12
-7.027305759940367369e-06
1.401770465039635317e-05
-3.395307348099452146e-06
-3.866586282485476261e-07
-1.437621415297637825e-07
-1.016738073639949282e-07
-4.287645348092603917e-08
-1.716464167969174827e-08
-4.869897929216600390e-09
-1.517992686803550399e-09
3.119724547272149997e-10
-1.924382099602367015e-10
-6.605305566167312633e-11
-2.717392994902000775e-11
6.565892098653181948e-12
-7.594537567429096444e-12
3.941764737830954129e-06
-2.144703467828852190e-06
1.683321487386881196e-06
3.492585376957317720e-07
8.068469761990943705e-08
3.568800095565501809e-08
1.682721093653140121e-08
7.007259876857170212e-09
1.513799408432043521e-09
5.087524871357078930e-10
3.675925245759919720e-10
3.575957625426654634e-11
2.490325550569728531e-11
9.320409391187240698e-12
2.445222988778251796e-12
-2.520362324446489857e-13
-1.768803370287617295e-06
6.812121698890529049e-07
-1.062248349387567461e-06
-2.104806723863643829e-07
-4.441088601772991812e-08
-1.462249538354308217e-08
-6.180434702621773123e-09
-2.335160602105827112e-09
-6.806819352847961210e-10
-2.641048633198247508e-10
-2.305194554489928073e-10
-7.029010048659175148e-11
-1.008538419725311614e-11
-3.687674471198448284e-12
-9.901534069926130312e-13
-4.579182851817826646e-14
-3.328896898198263501e-07
4.096687017074892864e-07
-2.159070875816625279e-07
2.470993003526000473e-08
1.751134344651378930e-08
5.436363434835534296e-09
2.137339908686877864e-09
8.229468306468869606e-10
3.008113636632655310e-10
1.833478725033144370e-10
4.054991181861681672e-11
-3.378117456711239317e-12
9.304886959958982150e-13
3.050126283883080704e-13
8.736102987611008620e-14
1.084355796414092689e-13
-4.073516229812282040e-08
7.572582413751043496e-08
-7.007945561669312154e-08
1.340659916803514726e-08
-3.979290739764882808e-09
-1.915354968232846102e-09
-6.975766273272356823e-10
-2.239862672754794915e-10
-7.720859619491939996e-11
-3.971149299707207161e-11
-7.351738125541947151e-12
-8.043264572813997936e-12
-1.557034821322486100e-12
-3.115036829275442341e-13
-7.956898118569736097e-14
7.187859386659549843e-14
-1.016817886550984040e+00
-4.378029395732747214e-02
-1.454575661889439360e-03
-4.536764145677891667e-05
2.096630059591011578e-06
5.279536996922158808e-06
4.578484237222885468e-06
2.992231279306522147e-06
-1.096069243362784106e-06
-2.460551797250239527e-06
-7.330726815145894793e-07
-1.111425717905007345e-07
-1.394406525702377664e-08
1.376229989137573087e-09
-1.447874027827982993e-09
7.807799273391988848e-10
-8.027298652770627208e-02
7.837078609507731539e-03
7.134197969416392754e-04
4.043883924435239988e-05
1.257032586486317439e-06
-1.106680904679501799e-06
-3.140853196118324061e-06
2.045828558341986171e-06
1.850461117939859476e-08
-2.277628466956808988e-06
-3.942749608564059911e-07
-3.603652902604699015e-08
1.206023561874090459e-09
1.842977264970110341e-09
-3.271345860058860976e-10
3.310709765616075252e-10
2.286580260500026360e-03
-1.094062543516562949e-03
-2.773012488507987797e-04
-3.071970016061667443e-05
-9.449596706201508114e-07
2.680711991501595121e-07
3.446516712038564574e-07
-9.267343631653586044e-07
2.255133284929844128e-07
-5.160688402372452090e-07
-1.610304901152323911e-08
5.084205146131371988e-11
2.631449040813563059e-09
-5.182534424745739419e-10
2.442896940352163179e-10
-2.620734742202217759e-10
-4.348475630165258356e-05
4.675301325580560179e-06
3.959071875314279705e-05
1.114562113860666351e-05
-1.073914310765879386e-07
-1.557678229523489592e-07
-1.762915957765673644e-08
2.147793809171753444e-07
-9.095784714608037458e-08
1.135066778950343489e-07
1.446856268762769906e-08
-2.692715273879863785e-09
-3.517006563335084713e-10
-1.522969006906547116e-10
-7.157269083804607100e-12
-1.064283699668179636e-10
1.331932006727043483e-04
-5.530288426826048258e-05
-7.682856193611364211e-06
-3.763694974683802755e-06
-1.150849139576673383e-07
9.274256978117703256e-08
-1.391843470839952800e-07
1.466911992400349333e-08
-1.798861101969238557e-09
1.598936547459254611e-08
2.584164512017616276e-09
-5.058678463027903850e-10
-1.009493970129525743e-11
7.144984911598466072e-11
8.111573663145134672e-12
-1.587451455857086360e-11
-1.408755201560572058e-05
-1.026377547072450630e-05
3.042939433389565610e-06
8.968518077275670275e-07
3.769993334708975810e-08
7.293313230653444178e-09
1.700530151787802752e-08
2.892921482229992854e-09
2.579370341673941853e-10
-4.421338351587517429e-09
-6.258716074484099098e-09
-7.582622744396363447e-10
-2.042494918644527402e-10
-2.624669668496334537e-11
-1.194821411105555604e-11
3.864385870639665527e-12
-1.162188238042097589e-05
-1.495216591710493181e-05
3.283818101149842378e-06
1.998724253932860112e-07
-5.945292780713584549e-09
5.164970901761718597e-09
7.224415244789915121e-09
-1.715389035828740004e-09
2.905385409200729142e-10
-1.430904897455927756e-10
-3.035072186735122754e-10
1.909306295646105073e-10
9.086043804896651155e-11
1.093681291209439694e-11
4.885923611502083242e-12
-2.964240261592359967e-12
4.225436727102916358e-06
3.506613558030588339e-06
-1.513320744775385660e-06
-2.643738600254259212e-07
-1.914434166812618722e-08
-6.389097819101000671e-09
-3.270116019227514976e-09
-9.616962894063243208e-10
-1.133017127977395665e-09
6.463834792941932666e-12
-3.754387521957861044e-10
-2.928796768199114992e-11
-2.774410310577034356e-11
-6.712797766351851496e-12
-2.945947589561013195e-12
9.391752415603336919e-13
-1.893120730985825174e-06
-1.670408026876178742e-06
9.254160623861699370e-07
1.722069477185114679e-07
2.348501436722957523e-08
3.427651229167699705e-09
1.594857966986113326e-09
5.625434410817760763e-10
5.819733444193042366e-10
3.515933766759089577e-11
2.221465911743441144e-10
6.697516814574433851e-11
1.056251547704624685e-11
2.875702029767880271e-12
7.082271789170783360e-13
-2.143154014654122612e-13
-3.999378909946202746e-07
-3.982543697649502425e-07
2.673795470857740508e-07
-8.908055518346309046e-09
-1.041363949723095074e-08
-2.247028425507597479e-09
-6.902647446553114560e-10
-3.166837682393414946e-10
-1.439926732294851280e-10
-5.232098218061162793e-11
-4.659808130269905160e-11
2.229307543866234542e-12
-1.807144050286644161e-12
-2.267001208685918589e-13
-9.926087606559510141e-14
8.530606418020654590e-14
-4.447864721290883256e-08
7.644460327068172293e-08
6.250611363323511164e-08
-1.844973853027936732e-08
2.052446682947292475e-09
8.049882731981892778e-10
2.095359192879087270e-10
1.408700082462631765e-10
5.905836147078550754e-11
-3.572370246797666181e-12
8.799819013853036246e-12
1.518527491289503245e-11
1.066393576627120312e-12
1.790107979804754092e-13
-2.531270657565447145e-15
-1.535300919224281510e-14
5.037123302744380554e-02
2.117275777674171994e-02
-1.418900816603490059e-02
-1.100952007461547533e-03
-6.214513508316951262e-05
-3.852707906326237348e-06
8.438323551367101905e-07
2.787855255584934401e-07
1.014166549534074473e-08
1.036594650892692285e-06
9.226951335660698926e-07
9.631290565204595923e-08
-3.545884525195183643e-08
-3.873017364915796817e-09
-1.020198388914426482e-09
4.847372942587865822e-10
-3.248914113098045969e-10
-4.232767540527179566e-03
-1.397526613134023000e-03
9.977354508833304828e-04
2.565618502906406168e-04
2.861184460822587515e-05
2.404583790135902294e-06
6.540137186665513013e-07
-5.851185201269782516e-07
4.243717767595943892e-07
-1.830010571934675201e-07
3.303631676677793899e-07
-1.711598799958756644e-08
-6.004547733530817065e-09
2.035474724389733503e-09
-7.868278954434067472e-10
1.805325547493386357e-10
-4.157273176561134491e-10
1.791260985222322755e-04
1.109961085929762241e-04
4.097746314109632995e-06
-3.964865821093838057e-05
-1.212537073676444186e-05
-1.447751791803627447e-06
-4.404377704942444683e-07
-1.142637642627425404e-07
1.712722827173207873e-08
4.765899674417890331e-08
-9.074705321586033028e-08
-1.642532655316260649e-08
2.173218321384206963e-09
4.922092358988659490e-10
-1.394378021727022610e-11
-6.074141495240045815e-11
1.346444815994402139e-11
-1.075664026305613307e-04
-9.530632481277139109e-05
5.801200311274972902e-05
7.636443422315966609e-06
4.196658581891765162e-06
7.909694271282135581e-07
8.304072852465377080e-08
-5.006469976961596094e-08
-2.345576390451719122e-08
-3.150183785486394959e-08
-2.091955942738879370e-08
-1.950620750137478930e-09
1.488052839607446635e-09
4.019117561671672472e-11
6.908027562712572055e-11
-6.097176102237023297e-11
-1.371407047796747513e-11
-4.909804998066150424e-06
1.679239324132405012e-05
1.105220785450249186e-05
-3.011956929763732402e-06
-1.178914381415205621e-06
-2.233799858392387132e-07
1.026254002363997513e-07
4.614561394196826843e-08
1.138269691353138880e-08
6.220360921648084762e-09
4.886011953382629762e-09
5.848125881524921105e-09
5.296780609127912385e-10
3.165057543665752787e-11
1.440989873634643878e-11
1.547242066992153271e-11
1.219309461699456455e-12
-9.190193740100592218e-06
9.527017271203830942e-06
1.474403433818715493e-05
-3.250464440079036449e-06
-8.832540791154445799e-08
2.204325288583844008e-08
-3.247720716857256315e-08
-1.314558516841837906e-08
-4.056579974343697591e-09
-2.962528532356016323e-09
-1.752077617432468818e-10
4.250187446634208701e-10
-1.042322836498786015e-10
-4.285723091538899297e-11
-1.575596903626806857e-11
-4.107369728882624579e-12
8.620063272119986721e-13
1.393987829994774462e-06
-3.950740905397060008e-06
-3.478075937427979972e-06
1.495392812852543196e-06
2.396942556416465430e-07
1.947134363459826159e-08
8.989110886574421151e-09
6.165302081087823528e-09
2.547289984060882862e-09
1.568613454715868846e-09
5.782695064971368046e-12
3.160321770863810266e-10
-8.338662544904330532e-12
9.727565376782143742e-12
5.138741451161681468e-12
1.071044721063403591e-12
3.289446363187128397e-13
-4.316097721867578526e-07
1.810545170471435482e-06
1.663195839659319287e-06
-9.202330433843178032e-07
-1.684075008539828205e-07
-2.392065924761886895e-08
-5.374036428563721018e-09
-2.478958417434187361e-09
-1.040222493230144303e-09
-6.824830821878581588e-10
-3.534272501345805443e-11
-1.974533932773107118e-10
-5.199048542162614144e-11
-5.085584771838027140e-12
-2.232545122695560669e-12
-5.805837468260223432e-13
-2.206285713090343043e-13
-9.129189980632602484e-08
3.876309772855723750e-07
3.971863229172288677e-07
-2.686301960032685019e-07
8.836600936963442634e-09
1.100552579608825011e-08
2.541419343463643096e-09
1.000404242915258737e-09
4.993977218191146436e-10
1.787469651710102107e-10
5.067684164823250619e-11
3.839928064029555048e-11
-9.044582115672233031e-12
-6.533820429283413011e-15
-9.716588506555227774e-14
8.721769560151542510e-14
-1.048878973101593909e-14
-2.018603589392654324e-09
4.102496054069330979e-08
-8.242351743014386353e-08
-6.554801332869213431e-08
1.865383163013137273e-08
-1.855865967661615995e-09
-9.987110933521443179e-10
-3.399296719350079029e-10
-1.703565127025935346e-10
-7.426671987024071936e-11
7.460580288271078004e-12
-7.894366939391150424e-12
-5.808954289271789220e-12
-7.352824156438729397e-13
-1.010561728450884827e-13
-1.571675570313158393e-14
3.113058707593588702e-14
-1.571182061811180752e-01
-5.177324448457806122e-03
-1.643579185325175283e-04
-4.617907543107527674e-06
4.248264434794706636e-07
1.832764989421397198e-06
9.536545572188166481e-07
-6.622374901762381815e-08
-8.316529920006907156e-07
-1.039825069843902069e-06
-1.424520461961232449e-07
-2.691763604757822082e-08
-1.221793987028580469e-09
3.326201414854221486e-11
3.063890585195947170e-10
7.606772304972722858e-11
3.031504418335459819e-02
2.549975610634641274e-03
1.434117620089062507e-04
6.493214368234117752e-06
-1.488144019941989474e-06
-9.517635075673026558e-07
-2.814585870861693717e-06
1.837506737871934620e-06
-7.380795713290727048e-07
-6.635973662563477060e-07
-4.437828779068612944e-08
-9.313216914657005248e-09
1.733406192372029845e-09
-1.182204975586901442e-09
3.972494539699334901e-10
-1.297839050168231109e-10
-4.788200596413555096e-03
-9.837046085727121480e-04
-9.847423035309004315e-05
-4.360962732632441557e-06
6.287927701138979237e-07
1.910157712627920623e-06
2.047896638083220770e-06
1.220784576150311482e-06
1.898566154045151261e-07
-2.810248225530028698e-08
-4.164809414144280615e-09
-4.087856198983489754e-09
2.261239068268839290e-11
3.652915116502137338e-10
-1.860723818779694583e-10
1.097366767172554510e-10
1.284752886617998861e-04
1.600197967054291823e-04
3.621557710741385715e-05
1.981247186158758584e-06
-9.510945059794721191e-07
-1.183631697838298641e-06
-8.435616477155685205e-07
-3.427855796410204174e-07
2.121941676558523148e-07
3.721471462066442529e-08
2.882955461449163130e-09
6.413514084520101048e-10
-9.324466219573407939e-10
7.031655627475911524e-11
-2.667171878620341737e-10
4.965379654109263518e-11
-2.186553857406381342e-04
-3.417193131818386972e-05
-1.090844593174319125e-05
-6.082815179550383717e-07
6.371959887448641175e-07
6.075175550821062401e-07
2.387131423358165488e-07
8.931615086318041811e-08
7.693206143885159720e-10
-2.886518808361801004e-09
1.666411264409131641e-10
4.223703340746486139e-10
2.783448934370108840e-11
8.333828977363882158e-11
-1.644506635056056576e-11
3.029013810791573570e-12
3.939484209130621390e-05
1.480606375138507294e-05
3.165153363387850576e-06
1.411389200163169830e-07
-4.694738654192621703e-07
-2.608830555547663548e-07
-8.169562183171776512e-08
-3.101170218211648856e-08
-1.723406088768380865e-08
-6.651309257252261795e-09
-1.414208986660861983e-09
-1.510782893080590410e-10
-1.120880054307386161e-11
-6.560115900326497414e-11
5.644776078683200464e-12
-1.323859962399593152e-11
2.352421598761398082e-05
1.024422576510360174e-05
5.303545341215572387e-07
1.047024636701749218e-07
1.973003534882124894e-07
1.015696093998827192e-07
3.927110142509591595e-08
1.146902959688410609e-08
4.630444532717132496e-09
1.197334659574005621e-09
4.198597102664170251e-10
1.271922920498353125e-10
4.362550654790397724e-11
3.227762850959533550e-11
-7.068446202944345416e-12
1.167673119950193908e-11
-2.951021804902260445e-06
-5.171822980170763650e-06
-8.672396428738711337e-07
-1.334081222143589903e-07
-6.843097968623814414e-08
-3.636425931536668530e-08
-1.582023209844556046e-08
-5.442041019728024205e-09
-1.694432238814267364e-09
-1.286566290332327928e-10
-2.095953474105661737e-10
-4.817480466055046225e-11
-2.560860595912461718e-11
-5.969322197290726122e-12
-1.440451552933626004e-12
-4.740011010739328995e-13
1.109981280114193622e-06
3.132447979081666201e-06
6.030522598300543098e-07
9.491355133880297272e-08
2.741758187346916964e-08
1.240426281786504237e-08
5.564554770262413673e-09
1.994954954332329867e-09
4.189369851312479861e-10
3.826345203834075968e-10
1.295281632364308084e-10
2.116868129522923680e-11
1.087468412327960228e-11
2.613751630687077923e-12
6.346915079421286599e-13
2.157801051584345874e-13
4.591762889542802828e-07
1.003563792000137390e-06
-3.040505547047377094e-08
-3.849219566652455252e-08
-1.092215723978952054e-08
-4.279778371424462357e-09
-1.845426138398186329e-09
-7.083211996405024051e-10
-1.236880064384199554e-10
-1.026238380727181156e-10
-5.213021336590876465e-11
-1.327350581013510886e-12
-2.624060349332647230e-12
-7.841391609613463683e-13
-2.748123579582547021e-13
1.946695595211872758e-14
-1.094849822782923256e-08
-2.243137903580323419e-07
-6.979148050913353182e-08
6.267226755057997146e-09
3.319514078599108653e-09
1.095204965761486748e-09
4.568882084272005403e-10
2.082754130213661385e-10
9.147109572073438490e-11
3.538591973281644580e-11
2.809507534360167478e-11
4.671197542489334058e-12
4.814348378614113503e-13
-2.611323849336558765e-14
-6.680606881114042852e-15
-2.039221379897662751e-14
-1.062427425708520057e-01
-5.382535060721027609e-02
-3.897390729010678356e-03
-2.050250585142905906e-04
-5.817237071727584658e-06
2.060203370993307842e-06
1.589110923869552039e-06
2.298085443800102974e-07
-2.396520179847130656e-06
4.680442066276374494e-07
1.221541185719663573e-07
-4.484881430684677790e-08
-1.993057575842278514e-09
3.627194121637558202e-09
-1.692329019222794192e-09
4.807546090854038509e-10
1.653466658152764336e-10
1.333521706044924838e-03
4.383216833803897997e-03
9.172707843891883452e-04
9.424029477328922536e-05
3.641634497190134001e-06
-4.219480980009422437e-07
1.459677932730539415e-06
7.822356859980155771e-07
-3.186886127621417150e-07
-3.857615585923799247e-07
-2.007610796139757053e-08
-3.885269716652517850e-08
-3.574260856481270998e-09
1.228523683477732270e-09
1.527609087478286643e-10
8.983885325954673590e-11
-5.377177456258186039e-11
1.138424840751543494e-04
-1.121064383098095766e-04
-1.599800120237446536e-04
-3.470047404316673676e-05
-1.054816006049779791e-06
5.740656521258504166e-07
-2.404029001525262353e-08
-6.066036160955985010e-07
2.682353242203828356e-07
-2.683101972827437519e-07
-1.969516512669674475e-08
6.719835091753964189e-09
3.412831753757273370e-09
2.343539870220723112e-10
3.690547836882192421e-10
-1.102351217480699731e-11
-1.009776291636318069e-11
8.625704083485398271e-05
2.347261355758065377e-04
3.532338638378096851e-05
1.040216760551148024e-05
3.620092819447117638e-07
-3.260651911959360648e-07
3.606453639819722616e-08
4.800442214200820343e-08
-5.353008175563776757e-08
3.481058662252732305e-09
-6.862286369814488669e-09
-4.312471681621305574e-09
-1.026656831797616284e-09
-2.429831524329323556e-10
2.279925635670199852e-11
2.937778230899992113e-11
5.718944816713582326e-12
-9.028892565659714886e-07
-3.901002697212651882e-05
-1.456862227578111024e-05
-2.992332351902081473e-06
-8.344128873294631618e-08
9.505152039180133886e-08
4.352294541540940650e-08
2.759658765977718282e-08
1.225007513895897398e-08
1.880800706232405989e-08
1.020143844415871997e-08
3.036181187216866333e-09
4.685692302813603658e-10
1.009159050081771006e-10
-9.286923240789347547e-12
5.335580383757060630e-12
-1.494285563824922360e-12
-2.013149659142267314e-06
-2.355003489079437543e-05
-1.031237264184824665e-05
-5.811998222955134163e-07
-5.978912668265520633e-08
-6.472610823404808225e-08
-4.839006247003314588e-08
-1.816578380493118684e-08
-7.720518447799593333e-09
-6.171862589547801022e-09
-2.510281809815556651e-09
-9.656120099572814957e-10
-2.608432829868634568e-10
-6.123939383559476337e-11
-9.445753075806554788e-12
-3.382638759278858433e-12
-1.079781876189700939e-12
-1.489099790967095909e-08
2.893789819049514322e-06
5.181555264381982217e-06
8.703596859117111540e-07
1.045415495531720079e-07
4.019168385627110717e-08
2.305609418542630684e-08
1.080487813690330711e-08
4.545125648163153486e-09
2.219169631528299422e-09
5.388272194787089296e-10
3.852725284238586841e-10
9.674394770289258057e-11
2.497511869088130024e-11
2.891781030402114439e-12
-5.010202166798001214e-13
3.203139398879991673e-13
-2.859593861337759538e-08
-1.101644739149442812e-06
-3.134236020752073991e-06
-5.997004594188851364e-07
-8.584721764108164479e-08
-2.009345400937111837e-08
-9.905028988531801890e-09
-4.363819503397235509e-09
-1.943715700710185695e-09
-6.141104209524225521e-10
-5.190442731313774032e-10
-1.855384515717280889e-10
-3.617330089459233126e-11
-1.046865358881629223e-11
-1.456099140187900916e-12
1.988299008441018832e-13
9.369620714879396162e-14
-4.806725072673019101e-08
-4.662122273111360288e-07
-1.003842309072879012e-06
2.856205821793308373e-08
3.548444436385458755e-08
9.482302382991602161e-09
3.765396430492743492e-09
1.646825277741110630e-09
7.639890240498078747e-10
1.922570926224631483e-10
1.498808315561710393e-10
6.619111913949996428e-11
4.430497918338406119e-12
2.555560145152658354e-12
2.003516738576114786e-13
-5.279447802331112049e-14
-9.837614686551993971e-14
-3.076492986274860430e-10
1.214534500587183888e-08
2.247195318122337725e-07
7.270161862089871053e-08
-5.556454163786796552e-09
-3.614944862471834943e-09
-1.250467029807802030e-09
-5.435715491780506777e-10
-2.850833846115878261e-10
-1.403096511242588295e-10
-5.633157641998049571e-11
-3.020350926967379090e-11
-4.398008827593530992e-12
-5.274423043914365792e-13
2.665029604009823628e-13
1.489711191211316010e-13
3.050881872682542537e-14
