1.279798490216320639e-01
1.031516597164712890e+00
4.121073090802426786e-02
1.124786551564264546e-03
2.424790933493707821e-05
3.935581500143764654e-06
2.529937099085304814e-06
3.863266112870399014e-06
-5.269203493870079184e-06
3.291043055896011706e-06
4.744828115511664971e-06
9.622460855882508988e-07
1.402146476670158459e-07
6.095695402641818146e-09
8.868589440408063567e-10
-2.857789205201988807e-09
-1.955109110151562907e-09
-5.501263643101288875e-02
1.512809621985140573e-01
-1.545742773875581622e-02
-1.178999458132577683e-03
-5.574333294477486369e-05
-1.024951159225069887e-06
-5.106712073701271092e-06
-8.116766649577397355e-06
-4.900586386524512967e-06
4.153828117785411484e-06
7.172570011605156234e-06
9.415479054981918853e-07
6.975586342126343092e-08
-6.559102611980120324e-09
1.092275388386468218e-09
-3.901400109585115636e-10
-2.045694978404190393e-09
1.745211420892578413e-02
-2.450347339652863415e-03
4.678602998110964126e-03
9.617776026774248156e-04
7.308988556694001430e-05
3.146668274969431099e-06
7.856599128953351141e-07
1.030403528293393326e-05
-3.659956047608690176e-06
-9.486450840654277588e-07
2.105737891877281692e-06
-3.765133826412683559e-08
-1.706467589274387756e-08
-9.405581037743331950e-09
6.067496661277762432e-10
-1.910488816972961141e-11
1.616372538057636836e-09
-1.977220225629252280e-03
-1.348574002284247831e-03
-6.745271519257545981e-04
-3.244896854909963936e-04
-6.837548570327391421e-05
-2.805491315144608869e-06
-2.230099575100800188e-06
4.824930695055478355e-06
6.702351315278697859e-07
-6.249034185139447068e-07
-1.041603964872623602e-06
-2.148125295208811553e-07
6.994578639470807682e-09
3.549900804999044278e-09
2.704228488804235122e-10
1.594172291488453147e-09
4.103880962591577057e-10
-4.298841822412900309e-06
3.548955165279167752e-04
8.346722732502682312e-05
5.753422411189332454e-05
4.729690664242746409e-05
4.314875328192619787e-06
-1.795443693470380681e-06
-1.343923536804071537e-07
-2.805591192344995356e-07
4.794180861745645763e-07
-1.041868983560255955e-07
-1.492249049080062536e-08
1.569553822094709708e-08
6.352058482260256067e-10
-3.170367441413783037e-09
1.298601506360936392e-11
8.217239146504682133e-10
3.593478933493291774e-05
-6.622450206224481388e-05
-1.950108106010542750e-05
-9.435379807557155008e-06
-2.105566389091659377e-05
-1.255588342484248051e-06
-3.852703609899338546e-07
-3.793749364403316660e-07
1.287477033708963952e-07
2.647113905219597403e-08
2.135631605617066591e-07
9.980496644484334224e-08
1.368350715225546961e-08
8.985800845764106095e-10
-1.026144403918652441e-09
-9.627776041607451253e-11
1.706819239773411688e-10
1.462160985248377133e-04
-1.137817575748411165e-04
2.344276400993920532e-04
-5.499018089534024530e-05
-1.368468111997129887e-06
4.962969136897967811e-07
-3.661027903165047252e-08
-4.694660318112568529e-07
-1.387580480901170458e-07
-9.766807846850329659e-08
-9.666634525214101660e-08
-3.839901334320903450e-08
-9.073536918124187645e-09
-1.399158506098497316e-09
6.026742102110245133e-10
2.213088905250712745e-10
-2.545595133564363856e-10
-4.303087948531760768e-05
1.250778396348444757e-04
-7.168396253614663723e-05
4.937334266673749038e-05
9.109576990521218927e-06
8.321520993157423714e-07
5.820395656923433960e-07
4.146225331713044393e-07
2.039525721750657051e-07
5.708193460222044744e-08
3.792761364018209469e-08
2.201263757028610764e-08
3.512275418537909528e-09
1.547151316144440094e-09
3.981083373105419020e-10
9.842486560103198407e-11
2.344641462017260737e-11
1.531393578231316378e-05
-9.103933883576124085e-05
6.517487367908222059e-06
-5.107987157726971732e-05
-1.059982037175927528e-05
-2.013922618065446839e-06
-5.789725060231079989e-07
-2.882887565782962697e-07
-1.422339214739635387e-07
-6.156117915315245597e-08
-1.144791163895278799e-08
-1.368457591827255068e-08
-4.994214466438342388e-09
-1.105379313357871857e-09
-3.704556115196606705e-10
-1.501280437287691166e-10
-6.239491181574444004e-12
1.550692095221155274e-05
-5.777223099124125958e-05
5.856190579782715621e-05
-3.924743148984051997e-05
1.426762230647080909e-06
1.731824797863853264e-06
5.055364607470775362e-07
1.626139738246614944e-07
7.502190228136223974e-08
3.610165951760141439e-08
3.948271668042042738e-08
5.823332447654978063e-09
6.784091212246945044e-10
2.578024060251365555e-10
3.176295711730264067e-11
6.418003759500124160e-12
-7.207608071203847562e-12
1.183792131878736479e-06
-1.090314636876294747e-05
2.141118670629778368e-05
-1.354444150390285386e-05
4.129319685668979577e-06
-8.486847043805939433e-07
-2.670899266289486856e-07
-1.009021861129923809e-07
-3.264142141963810775e-08
-1.393869220505568267e-08
-1.241907401085913510e-08
-1.145791605898409099e-08
-7.350258162736491189e-09
-5.487990406642741853e-10
-3.158288869520823903e-11
3.361661646655665909e-11
-1.392238527647895300e-12
2.896509370872035749e-02
-2.767353552274354200e-02
-1.848576098674526444e-03
-7.920428958088198811e-05
-7.421415482765788771e-06
-6.597793153371565194e-06
-2.200824040622348273e-06
1.013919853699656479e-05
5.130108876327714324e-06
3.811101971403345525e-06
2.158573241712954441e-09
-8.135463189545514847e-08
-3.566196149166724517e-08
4.906934408131210534e-09
-5.505545656603983504e-10
3.944925909419163827e-09
5.217787505212873479e-04
4.320649672242999305e-03
8.883773869120484973e-04
7.116163669823915357e-05
1.420062694859115399e-06
1.958380574139744986e-06
-2.164151856222808016e-06
1.361168994634668402e-06
-1.651481654292041006e-06
1.520845244672111666e-06
-1.701072308201427379e-07
-2.475006260960251809e-08
-3.365491924996788803e-09
1.260888210491063902e-09
-3.309602753773512625e-09
2.130998210178274246e-09
-1.145594881454406423e-03
-6.421650333020728933e-04
-3.342395379467156657e-04
-6.387351989040850454e-05
-3.134766323406786257e-06
3.649538047671196118e-06
-6.771130009837497656e-07
1.056593145903571113e-06
-1.617540439988916281e-06
-1.117034714690970930e-06
-2.121896543499786465e-07
1.622369524919071943e-08
1.388192180306894236e-08
9.671848205382449045e-10
-1.456559942551558463e-09
-1.971077679096501828e-09
2.848889128280387029e-04
9.155467778637655523e-05
5.314457286852189812e-05
4.636804649508377785e-05
2.461300287052719257e-06
-4.605833156275982826e-07
-1.404238155166379357e-06
-3.715229304609697511e-07
5.902026911566466718e-07
-5.288295505703060262e-08
-5.765231399928484431e-09
2.316886839650504771e-08
-2.272024991078070155e-09
-1.771909139493358937e-10
4.497924219869160908e-10
-8.197157928133597573e-10
-5.309253075239202724e-05
-1.886465290863480529e-05
-1.288575062151063282e-05
-1.958954072510529768e-05
-1.372462545378857895e-06
2.831604780411245189e-06
1.794835072705338855e-06
1.774160961783603724e-07
6.117402105920741686e-08
1.855932370190841543e-07
8.602098106214816759e-08
1.292977504663624943e-08
-1.224898026357536324e-09
3.985883766998711151e-10
-5.525706674375395003e-10
7.678991003996955620e-10
-1.430530938888161289e-04
2.322082975419474302e-04
-5.301087400941611273e-05
-2.914685642852007601e-06
-8.804501776974227679e-07
-1.716975348534635522e-06
-8.030120222732702638e-07
-1.718159224124658069e-07
-9.927586018797698288e-08
-8.379802189621102216e-08
-3.276475140105182243e-08
-9.823036188919389250e-09
-2.446749063136568798e-09
-1.096367853026241250e-10
3.072408751166029315e-10
-1.357730457430201875e-10
1.303880629536414851e-04
-7.221436565379472862e-05
4.932665656133379892e-05
1.022835368858413161e-05
1.944392794444123389e-06
9.681005897685801328e-07
4.882055336280419996e-07
2.153356214755049124e-07
3.666388613622637662e-08
2.833456382676273574e-08
2.068393327890767726e-08
4.514008978292794975e-09
1.980360100344902474e-09
2.785085356925436722e-10
9.041470466900731912e-11
-1.081165642058850778e-10
-9.139216445523386332e-05
6.779312204890975590e-06
-5.125454167288473592e-05
-1.129383535966631108e-05
-2.441984391421949780e-06
-7.773840507663950045e-07
-3.574308659605968312e-07
-1.455793182438228526e-07
-5.586663506742022870e-08
-7.916192003621740369e-09
-1.352655503314485059e-08
-5.512125473990446612e-09
-1.262651913261281168e-09
-3.197680906307271756e-10
-1.390289347122273249e-10
2.700288398933477710e-11
-5.956917718191587278e-05
5.828553816608854474e-05
-3.918266050521935812e-05
1.892012213199540839e-06
1.941427534319468100e-06
6.547593291941275860e-07
2.597428451765763714e-07
1.136958838272199204e-07
4.516663672051029241e-08
3.827500873985463203e-08
1.623764149565100967e-09
-1.449361437037288494e-09
-3.171977443213564405e-11
1.117937974962068412e-10
3.504599617241917480e-11
4.107891306043675715e-11
-1.206598729867379740e-05
2.223453026474873730e-05
-1.459108948700562475e-05
3.839794475119758211e-06
-9.955792394504322334e-07
-4.819278189807072409e-07
-1.913172323009723390e-07
-6.605572605349820857e-08
-2.845612364828942429e-08
-1.526394638138979910e-08
-9.825951802356770869e-09
-3.643649617711330924e-09
-9.133780308517407590e-10
-2.093170635890646258e-10
-3.957518856635784264e-11
7.993641062367795761e-12
-1.024437374233423848e+00
-4.107604862520703587e-02
-1.119573428919717461e-03
-1.942636781493198143e-05
2.599128357517682903e-06
6.768224002143191222e-06
1.014263212593988857e-05
4.641638988718841426e-06
-2.646897117306226169e-06
-4.739901991633210758e-06
-9.673848167927989339e-07
-1.352676211968572785e-07
-1.294794600542388998e-08
1.419085712072919397e-09
-3.152354574151662576e-09
5.635856399306208574e-09
-1.588027739294273766e-01
1.510913811757027235e-02
1.169876021788395989e-03
5.266932200361244733e-05
1.359705697972231086e-06
-1.940239598731022401e-06
-9.131188143159844225e-06
8.038889546658210036e-06
-3.044459080051432724e-06
-6.953499647140594438e-06
-9.323097073686725835e-07
-5.071798775607936705e-08
2.744282339432548765e-09
4.429786291219317657e-09
-1.836696997400800148e-09
2.291406049817413148e-09
8.500828053868867903e-03
-4.229129789735323885e-03
-9.391107134153048579e-04
-7.433262109547513256e-05
-3.575383007954896221e-06
-2.548786135504183078e-06
-3.473775962323200599e-06
-2.826268148288981404e-06
1.259681222561613814e-06
-2.191388913969991438e-06
2.976465784794555117e-08
-4.555119684127456416e-09
1.063706641494792713e-08
-4.559501506800027531e-09
-2.250961186085114610e-09
-3.748880804447278899e-09
-7.441205885557826936e-04
3.383671613800388975e-04
3.007126793932461597e-04
6.367753755238230709e-05
5.546735141482791071e-06
1.947051219640664099e-06
-3.718018297379298395e-06
1.275171210919116773e-06
2.379585259080952258e-07
1.133672073903737636e-06
2.485780488588045674e-07
-6.615953358112264825e-09
-2.678491250769162895e-09
1.108152215481638926e-09
-1.752284727919857119e-09
-1.391675810561453023e-09
3.386340125405078275e-05
1.089963921537446016e-04
-3.774192080289605258e-05
-4.730922312941251317e-05
-4.982440728346400344e-06
1.859896872969020998e-06
-1.435752892357344444e-06
5.561522980821067533e-07
-5.230548810981454687e-08
1.104679497561490290e-08
5.794276942520610807e-09
-1.609734470598797784e-08
-7.039348597621894062e-10
2.118616198758743421e-09
1.199368774887480470e-09
2.266917091247937072e-10
-2.443509400531829233e-05
-6.620325014461791286e-05
-1.101994254850515427e-06
2.162630140228675088e-05
1.692137459519103405e-06
8.863130604360803375e-07
1.089170580692998197e-06
8.693710218317474501e-08
-1.527730721556747402e-07
-1.136023946987320898e-07
-9.420700480044430120e-08
-1.022169122292833615e-08
-1.293506799056183019e-09
6.727683443633106183e-10
-1.450016109516701854e-10
3.313788569034926341e-11
-2.222638875099706491e-04
-2.390830410755639718e-04
5.865802556835529412e-05
1.035982351269587447e-06
-1.532868736122848002e-06
-5.127679407959244055e-07
1.046266052950469841e-07
-1.731305035571060771e-07
1.900147763807683016e-08
2.874656633955087169e-08
3.490399786922646955e-08
5.784995686128751524e-09
1.272716368827868618e-09
-2.877087321106942393e-10
-4.314075683499011260e-10
-1.882893711526023010e-11
1.366051720382971120e-04
1.119400249270589002e-04
-4.725457085140965911e-05
-8.274884799543852522e-06
3.088194457539858820e-07
2.961999643479366705e-08
-1.268361292629988363e-07
-1.650883974519524093e-09
6.705644242105230787e-09
4.921516065109418961e-09
-1.941495209906545309e-08
-9.796801343680680854e-10
-1.492722879241420369e-09
-2.781751899670829597e-10
-1.635408263007311892e-11
4.382368433737503898e-11
-8.777660519538789819e-05
-5.796144594491693539e-05
4.431443833760688309e-05
9.314301268859795046e-06
1.113674867367846522e-06
8.595070433206221856e-08
5.335916719684865553e-08
5.125725671402646303e-08
2.946576967982783260e-08
-1.557861672919217524e-08
1.119740987597646238e-08
3.226166857451122671e-09
1.002006901681883779e-09
2.570809610850519366e-10
1.089134956728539230e-10
3.823285313936786066e-11
-6.775654650042616401e-05
-6.439927774159520310e-05
4.467428376896009126e-05
-3.435614322327283180e-08
-1.122851733847508780e-06
-1.873918511588972435e-07
-3.609279648407859365e-08
-3.281254130444515456e-08
-1.852273175222797411e-08
-1.901242414385226182e-08
-4.687778536455633054e-09
2.873703034400096658e-10
-9.543663625237237077e-11
9.827209393091057686e-12
-1.999084751006559409e-11
-1.238137410197001800e-11
-1.303234011370330741e-05
1.783529260449213716e-05
1.234009078802118330e-05
-4.989565205712840417e-06
5.135637881094578101e-07
1.173680975414848205e-07
4.654533136796835786e-08
1.924919529178389314e-08
2.713743807871416123e-09
5.411087747376467111e-09
9.965746696297362587e-09
6.983322280482237256e-09
4.639616215072400683e-10
5.462845035959271354e-12
-2.364255510648050469e-11
-9.907866642780462886e-13
9.574698899646492956e-02
4.068206823738454436e-02
-2.717351603879966659e-02
-1.831344793040890710e-03
-7.718193894503148564e-05
-5.312655947297832821e-07
4.567565403691123905e-06
4.608937164582921045e-06
6.241226114073202416e-06
4.889325882140157276e-06
3.990249159934520075e-06
-1.592698631118070740e-08
-6.497392515310086367e-08
-2.773044912053058314e-08
-2.275273145954743021e-09
-9.473601728783168612e-10
-2.689347465675740698e-10
-1.615546824688593799e-02
-5.076153441366314939e-03
3.889488107764196845e-03
8.650604920371098017e-04
7.091477804839221258e-05
2.584652294558465296e-06
-4.439244172306912573e-06
-2.316478410875552127e-06
6.593635090987957085e-06
-1.978607353204772637e-06
1.596482714822711307e-06
-1.607235821950027567e-07
-2.644987911529816424e-08
1.324940096625236905e-09
9.260003856516837932e-11
-2.252633751899283471e-09
-1.681154821684584850e-09
1.834589722516815876e-03
9.581351102401063644e-04
-3.077853620276100200e-04
-3.080609788561428173e-04
-6.897305392945475208e-05
-6.225227829302442608e-06
-1.154783463193764064e-06
-4.800698443681909814e-06
-3.154426319908630981e-07
-9.910154160884729460e-07
-1.177313073132714633e-06
-2.009973685400811456e-07
9.850941851900199792e-09
1.106351758446950608e-08
1.275621092993327253e-09
-1.042648357917895871e-09
-4.412009378572221744e-11
6.302908292277549240e-06
-8.965216700884649174e-05
-1.059605944015820677e-04
3.176470337936812625e-05
4.713173071953766674e-05
6.026525033212270150e-06
5.002748490252817215e-06
9.217633347425818079e-07
-7.031348309343409955e-07
5.408584009327164907e-08
-8.337668261798389002e-09
-1.071075029360478766e-08
2.716109600990528102e-08
-7.565307239579265454e-10
5.504360310813798423e-10
-7.151663664807581022e-10
8.223547342954867137e-11
-3.117418457531148630e-05
3.524354660941173315e-05
6.543647446028037838e-05
1.411466572569376002e-06
-2.333887465170413755e-05
-4.474588121278024914e-06
3.111167310825501332e-07
7.816806769553287162e-07
1.743765806378976725e-08
2.485965822550503869e-07
1.233836001888077135e-07
8.061323058975362045e-08
9.325169243683972411e-09
-1.691588251398558317e-09
3.761432265473008411e-10
3.903595913226965079e-10
-1.220163207577868792e-12
-1.454555943449976246e-04
1.894257736374018179e-04
2.373686339563957966e-04
-5.771020208913685555e-05
1.800682218706905587e-06
2.078407895346831432e-06
-5.504143442992820437e-07
-3.056808035738808321e-07
8.419523484675700875e-08
-6.971802563562346371e-08
-3.272363264684243184e-08
-3.020135363054021675e-08
-6.471917261821887547e-09
-1.953867932283971069e-09
-1.852290497660648933e-10
-1.657356004849698611e-11
8.728179998233180979e-11
4.546896746528438410e-05
-1.290328200624303503e-04
-1.121954002078503045e-04
4.626571436518625260e-05
6.734699978876807638e-06
-2.318591310641469802e-07
1.003512643946881452e-07
1.495392969512502812e-07
5.276969846381047122e-08
2.533593870040419569e-09
-7.969930602901935483e-09
1.859816704711224960e-08
1.656744647307949839e-09
1.443931744475620446e-09
2.756541798941986191e-10
3.591165733147540384e-11
-4.139284980456794575e-11
-1.669078615089470595e-05
8.655741912417047406e-05
5.829343297711199430e-05
-4.381266753788636334e-05
-8.889485412337836756e-06
-1.100450459798834504e-06
-1.408267802354816613e-07
-1.042294399357746345e-07
-7.014157957706059947e-08
-3.385598729177024093e-08
1.390572160325431168e-08
-1.146104659401427706e-08
-3.107852488745917991e-09
-8.704888803406088169e-10
-2.544518711868772499e-10
-7.555509134482024073e-11
-2.173991039367061170e-11
-1.474555693281290679e-05
6.615312443645391348e-05
6.428957495894484177e-05
-4.454933006489761722e-05
2.610782912048408368e-08
1.117826999434020864e-06
2.401968498170684139e-07
1.033480818325579311e-07
6.476046442997747672e-08
2.601742157687935826e-08
2.209262959248919251e-08
8.500368727555747889e-10
-3.088181188980457820e-09
-3.062380985571685894e-10
1.365897897064444397e-11
4.569461754460963637e-11
8.973962343923609178e-12
-7.669526844121796960e-07
1.234561925969720435e-05
-2.087162578743337831e-05
-1.394283132469662728e-05
5.222885542711833644e-06
-4.151065307699746295e-07
-2.033244131030243699e-07
-8.335583192824600747e-08
-3.001255663960380606e-08
-4.933317572809448858e-09
1.951396556198138610e-09
-7.539131226875631809e-09
-2.335795630838410739e-09
-7.019562495813232231e-10
-1.353899044235883155e-10
-2.941399540649949840e-11
-2.452330755382538907e-12
-1.468192062368769424e-01
-3.923611217201889746e-03
-8.262332842315929895e-05
5.584269576958923895e-07
1.273634025498727751e-06
-1.459196308790156264e-06
-4.565526404809582463e-06
-2.703786006612390961e-06
-3.501515623288766536e-06
-1.241454195047054017e-06
-2.063248062670425691e-07
5.688477694505225593e-09
-4.722474583805715166e-09
-3.011140398510551012e-09
1.424521841687241950e-10
7.819642191185960827e-10
5.731488999377725574e-02
4.273352530266708374e-03
1.805409377613451420e-04
7.574027355807798435e-06
1.093363113285182343e-06
-8.223446474551756132e-07
-6.359099951984312590e-06
7.983721377543770843e-06
-4.804170243932961309e-06
-1.530856979391196169e-06
-1.233839075927438313e-07
-8.855258222436046712e-09
4.130173136929476145e-09
5.953801560579704486e-10
2.137440265377961937e-10
-1.593802200601372605e-09
-1.818765860842856685e-02
-3.340241377087863409e-03
-2.774853008670657485e-04
-1.110575681921664032e-05
-8.788202493032067797e-09
6.176071926463834454e-06
4.158738259938499449e-06
5.524929037465467913e-06
1.386090965878002906e-06
-1.878855112804320868e-07
1.439505902866536987e-08
-2.822075612461555671e-08
5.041428039029196418e-09
3.893671749630309406e-09
-8.133001196889952796e-10
-5.406477253965819095e-10
1.825103297581681097e-03
1.179526787515801887e-03
2.038993649757168383e-04
1.575558806005195517e-05
-2.058143009008078459e-06
1.242751629708885858e-06
-4.398704980595087848e-06
-2.196032774416389865e-06
2.008180532026608479e-06
3.728631214844932742e-07
3.749475611209391252e-09
5.725499877636046241e-10
-6.316795207079170980e-09
1.822047907981823985e-09
-2.395749368047536540e-09
2.175025685644426838e-09
2.702838496190080285e-04
-1.944745808690450653e-04
-1.334906897700079544e-04
-1.365484671589951369e-05
-2.951449895142437131e-06
-2.939773435653892904e-07
2.153252696028378278e-06
-1.373313389416059320e-07
-3.906979086776094231e-07
-1.633479502261148020e-07
-1.446031322521930489e-08
1.476808670388278394e-08
-8.615384796499427028e-10
9.739490113522313009e-10
-1.182903146396342674e-09
3.232871234120084808e-10
6.519569684372258220e-06
3.231770848683461147e-05
6.630267799056755406e-05
9.824185003664087190e-06
-2.296248740509425434e-06
-2.289212498740268949e-06
-5.973715583692399212e-07
1.116126112325320772e-07
-1.612616352261137292e-07
-6.660554032590071080e-08
-1.235310885666291233e-08
-5.621713838825294923e-09
2.327668812802970689e-11
-1.450769449985729249e-09
1.061467536506960882e-09
-9.039799854003948630e-10
4.296059567974950784e-04
1.906896630879154303e-04
5.265470675204116974e-08
-3.012895721388473902e-06
3.130136285784633426e-06
2.135486333567266017e-06
4.776948104628631816e-07
1.259801280748477569e-07
1.130056262288503487e-07
6.736215653881769674e-08
2.435728413254516037e-08
3.263327722095800549e-09
1.043356133661504983e-09
4.410169005714796851e-10
-1.510754263097196530e-11
1.619283553208433946e-10
-1.030501583419271463e-04
-1.589801451686163576e-04
-2.497309930514312161e-05
-2.030950895625047610e-06
-1.921109796184263206e-06
-1.235150963150881494e-06
-4.592738673694358098e-07
-1.714079599956630416e-07
-5.259892756300589901e-08
-2.707327696175401323e-08
-1.557070383601180674e-08
-2.934584449972731769e-09
-1.235063800511734919e-09
-1.287786432612758972e-10
-1.314297316335629492e-10
6.667999730773866669e-11
2.900229398782973444e-05
1.432878053970015040e-04
3.199549527009693499e-05
4.880546839477759914e-06
1.402811191728937899e-06
6.967342377077545090e-07
3.474932646809499347e-07
9.649109880595471969e-08
3.444852930954881762e-08
2.282717600733616861e-08
1.262234404340295846e-08
2.596718945774327761e-09
1.135320179938450876e-09
1.995929985830593393e-10
3.909114940802483652e-11
-4.597617486244544238e-11
6.737591220186814388e-05
1.624066696971900405e-04
1.423357491596299190e-06
-4.252517379142070282e-06
-1.102943107197280587e-06
-4.391806586007100989e-07
-2.175335140865954388e-07
-7.350525788712473847e-08
-1.166191831701604412e-08
-2.161054897740552112e-08
-7.132231889024630220e-09
-1.119149479039541945e-09
-3.359605182307610029e-10
-1.285486798576431975e-10
-2.633615797008684683e-11
-1.424393838460968379e-11
-8.330018021204619353e-07
-5.613074441423256036e-05
-1.916089999164755190e-05
1.229676968809640198e-06
6.681852056017481140e-07
1.980946041925364065e-07
1.043968741908251522e-07
4.651078878017974424e-08
2.063889978817218566e-08
5.102351423899075445e-09
1.176026326448138593e-08
9.907604883021333245e-10
1.292473695773297709e-10
2.922347082833464914e-11
5.164899121025044791e-12
2.944102883820525260e-11
-2.088064591362508715e-01
-1.022462884856961823e-01
-6.584873098059657384e-03
-2.740816273502966779e-04
-9.802098585810263228e-06
2.218886496260060059e-06
7.067283575660093097e-06
-1.401527383577426979e-06
2.514929118315511526e-07
3.211257378062327478e-06
3.961134625201786855e-07
-1.683945431668572354e-07
-3.132947983106833428e-08
7.998249147511763661e-12
3.906856172155700494e-09
1.374557504624419892e-09
2.769579477621334640e-09
5.338589491456588454e-03
1.666624964519604693e-02
3.112872183663108194e-03
2.573932290213919324e-04
1.064688530539921682e-05
2.567322371656165416e-06
6.974058002246135678e-06
9.446228319966736490e-07
-1.851661046178300152e-06
-2.361778897734725258e-06
-2.409512486625737066e-07
-4.965888401270526683e-08
-8.524982527096050899e-09
2.630853681035582278e-09
1.193253582839134305e-09
-1.879079334186795559e-09
2.612806860314470772e-10
5.475282214422344832e-04
-1.674189210286833275e-03
-1.175216780048591670e-03
-2.049287079001045294e-04
-1.350816752010038825e-05
-5.016393606315634804e-06
2.721295162455476849e-06
-2.565038723457220733e-06
1.793059657110581544e-06
-2.240631623614744569e-06
-3.355796446924836568e-07
-2.534007019030426016e-09
1.817163363385222217e-08
-3.855237966488257515e-09
8.960034541415646707e-10
-1.635269042674186509e-10
-9.321622508517326861e-10
-1.651779152366911164e-04
-2.980927236550338097e-04
2.030245561879478837e-04
1.333624274145475631e-04
1.340755409312956426e-05
-1.638416951022705811e-06
-1.219993484114767187e-07
5.350224801277910986e-07
-1.037501161004999793e-07
3.885878427066968672e-07
1.626133254318992305e-07
-8.743867611715548831e-09
-5.625252768874267490e-09
-1.742834235294720331e-09
1.987477504503246141e-10
3.273483950873062738e-10
4.988366863067448013e-10
1.361457881842430600e-05
6.653438230284112305e-07
-2.978209799540883939e-05
-6.647536197377321035e-05
-7.116079716871637607e-06
-1.068255489051032179e-07
-3.756377868880642387e-07
1.551456445040277335e-07
-1.375356515720082838e-07
2.051524760276798613e-07
9.197831267238781472e-08
2.698084037039290361e-08
4.537284290525294589e-09
1.542500622084023309e-09
6.540387942554837400e-10
-1.821924270949191870e-10
9.284523264038802608e-11
-4.125641611596666148e-05
-4.332026648887276699e-04
-1.941862823285006937e-04
-1.122718954887351717e-06
3.173918602399510017e-06
3.683632668389308520e-07
-5.594303314472040779e-07
-1.720319594523161481e-07
-7.093496784503343894e-08
-1.447796601840913755e-07
-9.508342317657475565e-08
-2.907743574903543992e-08
-4.155733353833463820e-09
-5.757759078474235804e-10
-2.719702588349342151e-10
-1.524623994564710695e-10
-2.185507408435065711e-10
8.528168833098691681e-07
1.026509387150360429e-04
1.603592348441343742e-04
2.559718367164414660e-05
7.990707996454677538e-07
3.845492019289416147e-07
7.347460437968933390e-07
2.833214606406806607e-07
1.525262467980667578e-07
7.344258085470941136e-08
4.075419277552009676e-08
1.730909123249182218e-08
3.585401557472002837e-09
6.396289232757459023e-10
7.581721588680819951e-12
6.937386008679332872e-11
1.009502296931675507e-10
3.115415251487901366e-06
-2.893565114429144330e-05
-1.438483459040687030e-04
-3.199456991519011281e-05
-4.105327670747186504e-06
-8.262232039340723800e-07
-5.868660404860840398e-07
-2.860156089395264759e-07
-1.066912595098458983e-07
-5.135549600492917413e-08
-2.800583217017881102e-08
-1.343211372131614391e-08
-2.946702459701401413e-09
-8.473521823999319576e-10
-1.835962420006798714e-10
-2.700276176711183055e-11
2.100728931945245694e-11
-5.149779812707557379e-06
-6.713978128594892279e-05
-1.620184190939009874e-04
-1.525037367229395508e-06
3.702470852317057832e-06
9.541713577382881835e-07
4.409579143899473430e-07
2.374962186091606529e-07
9.948668608206160600e-08
2.802383501478625085e-08
2.973321661884442027e-08
3.946449983347151678e-09
5.262850368624185097e-10
4.760965669217897935e-10
1.755360421494781526e-10
3.496478797089832490e-11
-5.574009714710791074e-12
-4.665540557592786905e-07
1.149235411876794471e-06
5.599157500192846973e-05
2.049365692258273261e-05
-9.462912893691609955e-07
-8.461994658171269785e-07
-3.183952789286936095e-07
-1.566585311224249735e-07
-8.867995129859093755e-08
-4.983859613230612687e-08
-1.969784912382852769e-08
-1.120242415041946862e-08
-1.608991866733907026e-09
-4.231927480338578703e-10
-5.916279166083476702e-11
-2.073235596907705362e-11
-2.610057796765944807e-11
