1.370752015264478374e-01
1.026455456363428720e+00
4.381960244607453064e-02
1.430198991914167052e-03
4.660849493282674232e-05
5.238386439969044805e-06
4.028208715136267472e-06
3.676745145415575178e-06
-2.340262451217855303e-06
1.216653949196305243e-06
2.619194906007466382e-06
7.332084914784291078e-07
1.123489279519373911e-07
7.982184263291487097e-09
-6.424977712845030238e-10
1.842387948229369081e-10
-4.017435121764439433e-10
-3.212141589082928572e-02
8.472719725707217320e-02
-9.016756374121925183e-03
-7.954978094087624980e-04
-4.460575032480537726e-05
-2.691269935247272489e-06
-2.302933063537294369e-06
-3.502576473419284093e-06
-9.093634043033070909e-07
6.819493986781456174e-07
2.766915585748302604e-06
4.684887775083785793e-07
4.177164877068635920e-08
-1.428392222024864139e-09
-4.668329047282817624e-10
4.161729886184372053e-10
-2.724873105794848085e-10
5.721571417487727497e-03
-6.714566437114017445e-04
1.558306510044666412e-03
3.494246916543788787e-04
3.348645608381901092e-05
5.453513357595256244e-07
1.171910068366077540e-08
2.472263626740890833e-06
-2.009856833056033055e-07
-1.894230566559161683e-07
6.121061142574017506e-07
9.919648175941926697e-10
-7.685003128408914286e-09
-2.392765630610420800e-09
3.169829726264203206e-10
-5.440140570144094086e-10
2.256658605275852772e-10
-2.922369520069557154e-04
-3.022347782757579880e-04
-9.164314025266137608e-05
-5.946049831235369128e-05
-1.392644810001558432e-05
-5.986564105706120455e-07
-3.615773330642340282e-08
4.086815427181160275e-07
6.291459842837779635e-08
7.078758693374551533e-08
-1.156670722882962224e-07
-8.901179595121241539e-09
4.509358551360631231e-09
3.999949065699540231e-10
-7.963200119997593971e-11
4.111010176871658633e-11
3.753502663170947634e-11
1.332543463739652579e-04
-8.819950633640994775e-05
1.018487921243578379e-04
1.242287531688409480e-05
4.936316559635099479e-06
1.958109444860407277e-07
-1.763984145460283896e-07
-5.350065768809532466e-08
-5.768432815341370172e-08
1.973517519081990386e-08
-4.107502516542225920e-08
-7.630990181799499480e-09
5.075471444482920068e-10
-3.373481380673427395e-11
-1.257578640427572714e-10
3.262992068680806944e-11
4.232015099345897130e-11
7.169845316253627928e-06
-3.023833722268024830e-05
8.896572123044307732e-06
-5.055833867739417492e-06
-1.192780172359752157e-06
1.150043006779794696e-07
7.648265226485006898e-08
4.377678459477838236e-08
3.301992075023158833e-08
4.889513267206602274e-09
1.925692001478730859e-08
1.214223970405103510e-08
1.765513493559747853e-09
3.161808364093379049e-10
-4.743857062729115564e-13
-3.802558861400720643e-12
6.543991988339552985e-12
1.694815009797370368e-05
-9.278023398938140134e-06
2.587258583235770086e-05
-6.131940501239235098e-06
-5.182582904296245084e-07
-1.124724609175488808e-07
-7.053033419540646844e-08
-5.070585637591188326e-08
-2.289358252315543959e-08
-8.327025227049054659e-09
-4.153909894818559409e-09
-1.860759209035098561e-10
-5.358941827155927015e-10
-1.519268924710260072e-10
-1.333194171938476158e-11
2.689530965512798083e-12
-5.795326072776358639e-12
-2.758331489136109835e-06
7.499742808526904279e-06
-4.443076894961262230e-06
3.355822835132547160e-06
6.390058156662058806e-07
1.050226455151683331e-07
4.897601897532669527e-08
2.420314310334616332e-08
1.264651097614280616e-08
3.782298762492886946e-09
1.590683942592831447e-09
1.018788225803614451e-09
1.480710346823997858e-10
6.361705163940934001e-11
1.609734867633309194e-11
2.855170518601165587e-12
-3.062123193601039542e-13
9.282411162256682424e-07
-3.754254777021949543e-06
1.440042805075696721e-06
-2.320409175262877293e-06
-4.465866363683041170e-07
-8.316297934981100659e-08
-2.420847437201722083e-08
-1.085560002192279551e-08
-4.673033667637689169e-09
-1.786134930905766238e-09
-8.340221650573552644e-10
-6.101291340845901471e-10
-1.880043099962453144e-10
-2.785431490919389510e-11
-6.302830678716206745e-12
-9.065239837618377665e-13
2.476107491420022859e-13
2.457437527864210501e-07
-8.195834819051847886e-07
1.032564927160071659e-06
-5.597501195563834657e-07
5.499833855927535663e-08
3.896979649227496741e-08
1.159701446658759016e-08
4.311168717327138109e-09
1.685002510726059526e-09
7.341447312922084094e-10
5.323213249322878085e-10
1.393304297212585138e-10
4.699022571222809966e-12
4.522628752282293669e-12
1.912522401690145658e-13
7.084833353546760222e-15
-3.722504561091320126e-14
9.674611236828898995e-09
-1.035605309429116894e-07
2.123850479615464456e-07
-1.885774066208090277e-07
4.016285493902570842e-08
-1.011699155504578386e-08
-3.987225867966848060e-09
-1.339809313824723068e-09
-4.730834379971400395e-10
-1.608185860008650675e-10
-8.322709795193887893e-11
-3.508235702429225921e-11
-4.726709736536655533e-11
-4.153039767796923458e-12
-7.684367965184433265e-13
-6.839946417387336166e-14
2.414446262444068716e-14
1.594812845847426441e-02
-1.621112017157403176e-02
-1.225265203203191808e-03
-6.430202092242204748e-05
-1.433676380963639111e-06
1.079606353777042690e-06
6.764585402198960611e-07
2.564451810323104177e-06
1.274539415257315029e-06
1.076707682739168933e-06
4.286571988750377906e-08
-4.880071130039425776e-08
-6.926956996259588644e-09
2.925842414866547028e-10
4.913509429434143804e-10
-1.873079767009232457e-10
2.987770778357077303e-04
1.435170633769368084e-03
3.277185847857964018e-04
3.305832453785039767e-05
1.091851539656165875e-07
-1.030277784236039197e-07
-1.108212693822094838e-06
-3.851412293078582848e-07
-1.409382495455726155e-07
4.347064903261159754e-07
-2.382020301427857277e-08
-7.785206993750909915e-09
-6.472747591317664000e-10
-1.097878459480282941e-09
2.032927256879245426e-10
-1.325521682973270548e-10
-2.260210624309288855e-04
-8.266021003554278911e-05
-6.018042186926352493e-05
-1.428921992033681902e-05
8.462666463377169891e-07
1.421486180251987344e-06
8.235826400388356812e-07
3.972708672176213773e-07
-4.574937401542168569e-08
-1.286190203587182562e-07
-2.316580769282244169e-08
2.941669954253701255e-09
8.902902944111689008e-10
-1.552287485214025629e-10
-1.240420673534207748e-11
-1.287811563334723987e-10
-3.177160644703869608e-05
1.070532952218983258e-04
1.287164923896076049e-05
5.047837615092869486e-06
-5.015523862549509490e-07
-7.008366557536258696e-07
-4.696490552513600843e-07
-8.926350463691713231e-08
1.167534877137262135e-09
-3.173545215020960458e-08
-2.337756436473079570e-09
1.891109124068052648e-09
-2.490273168527937369e-10
-4.521319050054230233e-11
-5.884383815028897800e-11
-3.356705227029812984e-11
-2.637003451150559850e-05
9.810159688143822799e-06
-5.267054252730516369e-06
-9.508250185171788142e-07
3.406063425755571896e-07
4.536587439386320896e-07
2.100000837387861181e-07
5.173157205715253449e-08
3.218614509539573429e-09
1.395177224295156007e-08
1.003024907021714150e-08
1.257878687011904914e-09
1.993073545230360647e-10
5.191077361260004060e-11
-1.161173480983487111e-11
1.229512954299616813e-11
-1.279582864780317845e-05
2.560026923723125316e-05
-6.105288865773955567e-06
-6.589347886239727921e-07
-2.468846903161922283e-07
-1.763765178919141923e-07
-7.512167965874231695e-08
-2.975949061162133791e-08
-8.438674917440847708e-09
-2.692119789880544883e-09
5.313107135106699708e-10
-3.713874537381845021e-10
-1.295693988339070123e-10
-4.362042891536459465e-11
1.127829556965730625e-11
-1.146352950186755758e-11
7.970409746117422005e-06
-4.414104070231705393e-06
3.377425364796375877e-06
6.918535717218889393e-07
1.569619593610728703e-07
6.882908616136923417e-08
3.307756187947523804e-08
1.380546810617489884e-08
2.940483009133857662e-09
8.991095138607853751e-10
7.389535245284108951e-10
7.512248756874628226e-11
5.503558753714636166e-11
1.836125546905773832e-11
4.381929196854116649e-12
-8.957718740049091960e-13
-3.907219040828070502e-06
1.422972331991525837e-06
-2.332427039496911707e-06
-4.642067415789866008e-07
-9.691309843947438953e-08
-3.213058511462124790e-08
-1.323121980822673644e-08
-4.957993316581894145e-09
-1.470374759029413843e-09
-6.010023967127208968e-10
-5.056851688536293408e-10
-1.595752551151031006e-10
-2.484385026117300596e-11
-7.689185157328682400e-12
-2.285733148237907382e-12
9.500289830955055390e-14
-8.532023333367920882e-07
1.033541581556188190e-06
-5.555783989762041100e-07
6.035578346205135902e-08
4.307929090236733788e-08
1.336374981188309577e-08
5.125722248131445164e-09
1.934063293404938251e-09
6.640195669625031406e-10
4.541625999863739187e-10
9.832422659288452111e-11
-1.103551193829607168e-11
2.512838315881429788e-12
6.985674604164784197e-13
1.525874555753137531e-13
2.190401174873203429e-13
-1.157920464630292407e-07
2.143022163920607387e-07
-1.955296001068606007e-07
3.778200928318571945e-08
-1.118203856426287713e-08
-5.285189950131415849e-09
-1.939230169778075574e-09
-6.103728384839779785e-10
-2.111201967392057930e-10
-1.090872312580846607e-10
-2.545044300375341651e-11
-2.233494311768881707e-11
-4.347194700061331792e-12
-8.122141740409174178e-13
-1.826087324925941504e-13
2.023280178259959121e-13
-1.017471195099044268e+00
-4.354548114377346929e-02
-1.421540157809989251e-03
-4.359196414787479534e-05
9.107610024889568817e-07
4.582604011677857821e-06
4.176340770308543207e-06
2.786166851769651649e-06
-1.109408107506525909e-06
-2.610723984563630566e-06
-7.359174668782783592e-07
-1.149210912003632082e-07
-1.321040683366828197e-08
8.818003533969437471e-10
-1.645731023548513897e-09
8.067943195055072674e-10
-8.972512171458627006e-02
8.741593709735569553e-03
7.843154795015343456e-04
4.455916529453376193e-05
1.503107973883460946e-06
-1.349523564951456110e-06
-4.126718766549808570e-06
2.342590716656357378e-06
-9.387503934653174782e-08
-2.629697714332723398e-06
-4.478048049953153116e-07
-3.589353899621120736e-08
4.953158575074300512e-10
1.833232796974196015e-09
-4.966918310805891017e-10
3.299695601122355913e-10
2.854370336346264379e-03
-1.365368949163684549e-03
-3.420258432913184815e-04
-3.622110616992090204e-05
-8.073803378109969089e-07
2.600201393934260480e-07
3.648996302965662192e-07
-1.025851933550175443e-06
2.965175102050323498e-07
-6.438297792721497878e-07
-2.071509816827397605e-08
-9.706795674046589442e-10
2.644423019979617096e-09
-9.604037091646113738e-10
1.472058601612042820e-10
-3.631165872772538901e-10
-8.565531774006146753e-05
1.625426220002638048e-05
5.561516756437441945e-05
1.523430838037360198e-05
3.660414088060058340e-07
-2.628994595106904059e-07
-1.264518920338754730e-07
2.585544674245090906e-07
-9.919109604226680719e-08
1.552036343598996807e-07
2.154253802137274035e-08
-4.035063123777445341e-09
-5.630115800222185984e-10
-2.014517142214787532e-10
-1.770700046519548379e-11
-1.582240902519627234e-10
1.880922781150913146e-04
-7.712729492231966107e-05
-1.116153145142963252e-05
-5.876454315896352246e-06
-1.944412246744629073e-07
1.591278324786646646e-07
-1.802975211428179345e-07
3.664579055252335213e-08
-1.284417448503404669e-09
2.310194651300845588e-08
4.437028722939463251e-09
-9.531890835728767161e-10
-1.828838524051873856e-11
9.972998452991943465e-11
2.033403342100489243e-11
-2.478716314681621229e-11
-2.255848835566453831e-05
-1.664768733332030676e-05
4.839585593636005642e-06
1.579728988017802310e-06
4.969670307211669569e-08
2.086735948450039354e-08
3.146195297432517636e-08
4.733865805632133634e-09
-1.367995327714416538e-09
-8.119617820036357417e-09
-1.049261798216690487e-08
-1.252305971363090901e-09
-3.251824318637334875e-10
-2.496442352813285648e-11
-1.400508937297722038e-11
8.725407232289942022e-12
-2.120291329665446070e-05
-2.719904502789913895e-05
5.961849046636774454e-06
3.433746580829167363e-07
-1.483407394551560105e-08
5.325227819014152944e-09
1.300481522273522322e-08
-3.990267564691969855e-09
3.090417451588060816e-10
-2.989092522686545236e-10
-5.379591608448746804e-10
3.334362856981190679e-10
1.665593579361286243e-10
1.540610487787324048e-11
5.044311538877902782e-12
-4.468354200401038850e-12
8.563995077585528795e-06
7.117085368670508189e-06
-3.052752343231803951e-06
-5.294083495728846660e-07
-3.621621028631533310e-08
-1.168565201945058082e-08
-6.482632071102803703e-09
-1.915335242789720814e-09
-2.250784987755144371e-09
1.399357596113360240e-10
-7.473130057461335839e-10
-5.027943152905900801e-11
-5.802213804499690336e-11
-1.278467199415389035e-11
-5.173671086032870711e-12
1.604450765693233547e-12
-4.150376067481757405e-06
-3.601284818659077103e-06
2.033402155275082174e-06
3.811177384779883297e-07
5.124839752340751333e-08
7.679635413651341682e-09
3.200515566940507008e-09
1.131104295436185734e-09
1.218897684705796388e-09
8.152114369890526952e-11
4.834675180635785630e-10
1.457070702918562118e-10
2.517337729239368973e-11
5.550706457560211335e-12
1.759742902887601882e-12
-5.145905831563930843e-13
-1.020578599206899865e-06
-1.011853199957452118e-06
6.823828836958014372e-07
-2.116602718384781737e-08
-2.569936227401442088e-08
-5.541307514992664521e-09
-1.613870497972608324e-09
-7.095939539184802362e-10
-2.890569734997370947e-10
-1.276724743986639390e-10
-1.132363510636916616e-10
8.965681247296929396e-12
-4.174078720135703008e-12
-3.599450597490011226e-13
-2.394134862113823378e-13
2.046396614557166687e-13
-1.260983192997243167e-07
2.129562857071595572e-07
1.737220729215362929e-07
-5.175841194754918373e-08
5.859769550262903829e-09
2.203969117502092393e-09
5.823615073761063228e-10
3.495894034889948268e-10
1.402222039246113154e-10
-1.044591545585650597e-11
2.784612328013982403e-11
4.426946253272624670e-11
2.967046456346542376e-12
4.083263500302371785e-13
-9.845715279538451916e-15
-4.193803956841641563e-14
5.610358448402106429e-02
2.360161217222279950e-02
-1.581616705329384406e-02
-1.212012433012486052e-03
-6.648502481840092655e-05
-2.759317166161434108e-06
1.798753770284436258e-06
5.008208765485415627e-07
1.017700638284165339e-07
1.282322528023207825e-06
1.126466703778986508e-06
7.218929585544132106e-08
-3.572889398193648752e-08
-6.593999057095236711e-09
-1.279513964609416112e-09
2.154371737499218895e-10
-3.519497728983261144e-10
-5.280729250333409015e-03
-1.736598296201259271e-03
1.249331882336549753e-03
3.175401413232202151e-04
3.440526722392113235e-05
2.813346467946504180e-06
9.108838146027740357e-07
-6.350891110054409780e-07
6.427640506243687844e-07
-2.630165874179018522e-07
4.190555697464453119e-07
-2.626684908126835550e-08
-6.784158178177023828e-09
1.768488852879954420e-09
-9.961939186807002125e-10
1.519605172114594622e-10
-4.549763348631838351e-10
2.693560579678872728e-04
1.674997362355566677e-04
-5.983985954840072333e-06
-5.581573986102258571e-05
-1.591734032471756841e-05
-1.976460040158369264e-06
-4.796216617117294323e-07
-1.775772039709370569e-07
8.593318457314756852e-08
2.913521223570079824e-08
-1.316379753381611944e-07
-2.142550584454351787e-08
2.221194925611089787e-09
8.318115707802588016e-10
-8.788660334821826453e-11
-4.356096061289110715e-11
2.114332045612707208e-11
-1.514976029595157885e-04
-1.346931863486200399e-04
8.086401005680245396e-05
1.118528916802776655e-05
6.402588887503791837e-06
1.185976898818994257e-06
1.576615718510181361e-07
-7.192940192996219155e-08
-5.070866876912031007e-08
-4.394724350137276868e-08
-2.996473561693669418e-08
-3.635963698804065854e-09
2.302076083750857402e-09
-6.172804140663583996e-11
1.063004356113304260e-10
-7.257386953458960637e-11
-1.668470366589075699e-11
-8.005018793560107629e-06
2.686724724050157254e-05
1.786969540795217446e-05
-4.828084162959836906e-06
-2.005665710005155507e-06
-3.701598463336941860e-07
1.507674503368944447e-07
7.792227096296452157e-08
1.705044332536950151e-08
1.165369086063324420e-08
8.951784611802064600e-09
9.639984676816793317e-09
9.318837813920434108e-10
5.847251665241984885e-11
2.205906580164604058e-11
2.554446331428799843e-11
3.354336231285962433e-13
-1.671332906514331925e-05
1.738268840009667260e-05
2.684217580453116520e-05
-5.895705754364985286e-06
-1.473752947780805633e-07
4.405842369819194291e-08
-5.589833030348757187e-08
-2.345429700885507582e-08
-6.230370494269766708e-09
-5.055659424558224461e-09
-2.958733590262012193e-10
7.581397382927764638e-10
-2.050960344699256935e-10
-8.823602012445177914e-11
-2.467973528477553860e-11
-7.376569972338229246e-12
1.996223585627106180e-12
2.826050694598499511e-06
-8.005049524415847528e-06
-7.067434270747685612e-06
3.016622669090685058e-06
4.803377288071707716e-07
3.700253007708717112e-08
1.692680813577341083e-08
1.221701212479678864e-08
4.986073124347104370e-09
3.072978892545737762e-09
-1.356776313893432897e-10
6.365126567464065188e-10
-1.893090773990171615e-11
2.555913845485457639e-11
1.045457595878219287e-11
2.016067357795814974e-12
4.172089908436048117e-13
-9.344968970966370132e-07
3.978765995577119462e-06
3.588608319808969869e-06
-2.020952224041306536e-06
-3.721747416968901329e-07
-5.203294752116055882e-08
-1.205374650127881977e-08
-5.117138949244206779e-09
-2.152270230289100497e-09
-1.439818573448916263e-09
-7.750875551882886150e-11
-4.349244092036715007e-10
-1.149590293366581001e-10
-1.435620074727120728e-11
-4.606408505196329525e-12
-1.416576113963373972e-12
-3.862856927772987095e-13
-2.320146735719137161e-07
9.897013608537402686e-07
1.009243732683508408e-06
-6.853166637048319079e-07
2.103019310809245755e-08
2.716066451244812994e-08
6.354288947940468817e-09
2.396196511820378464e-09
1.178553754215595282e-09
3.768502505103713928e-10
1.269817211188661275e-10
9.334605571513482081e-11
-2.678532228089119700e-11
-1.885784404586273405e-13
-3.114105362484580528e-13
1.992422754311508981e-13
-3.934131494043543800e-14
-5.895593049212016631e-09
1.166450869405425168e-07
-2.317463540777890737e-07
-1.831440508012365870e-07
5.250250546059255634e-08
-5.276931850624615315e-09
-2.787928453865191074e-09
-9.630164547371315933e-10
-4.366380736768966518e-10
-1.810059467126602512e-10
2.454136222555630201e-11
-2.419680475111172102e-11
-1.524448083865243967e-11
-2.144428157720035585e-12
-2.034279076511557320e-13
-3.967947774191647489e-14
9.465540788271673355e-14
-1.562084772115491516e-01
-5.059723658690465364e-03
-1.564339435242197032e-04
-5.281870607709937262e-06
8.711196584910924822e-08
1.642295919112085171e-06
2.329634707757590197e-07
-4.090023348848232883e-07
-1.016680200201157732e-06
-1.020441892231894677e-06
-1.582666467789780686e-07
-2.034721292441958286e-08
-1.938639817478726053e-09
-1.507780396720028874e-11
2.216805778533563755e-10
5.828030430841590603e-11
3.375357713329563136e-02
2.807337928891922608e-03
1.542797789963580655e-04
6.735565336299382078e-06
-1.120696075688979960e-06
-9.956850349096132000e-07
-3.131083541876801374e-06
2.113523720878232384e-06
-9.241647665463318724e-07
-7.471518535688212321e-07
-5.385055288433627136e-08
-8.527837822128042479e-09
1.814031637998553848e-09
-1.272556463588708763e-09
4.024324206996695331e-10
-1.871777559643888831e-10
-5.975205397015651183e-03
-1.217138904040553126e-03
-1.209381059381261776e-04
-5.596456593737310943e-06
-2.224950831635743092e-07
2.030358163367064306e-06
2.177701699218287426e-06
1.604981640226454453e-06
2.213948730598994907e-07
-4.599978673082832475e-08
-2.411227711910752153e-09
-6.045855748189990201e-09
2.465140173415152121e-10
2.834448163351131423e-10
-2.470129960620644012e-10
9.627690845913162794e-11
2.087765579805864397e-04
2.245182621710940460e-04
4.909730816068951951e-05
3.249079904162039835e-06
-9.233317926127330848e-07
-1.447462820228834558e-06
-1.134515622982585348e-06
-4.471389391118342712e-07
3.091663612758858735e-07
4.877117539043474819e-08
4.781180318827236567e-09
4.904264155227515593e-10
-1.337291173632249002e-09
6.817731542848058975e-11
-3.261360506572444259e-10
8.393360080878180072e-11
-3.049048156242112296e-04
-5.044036008955838897e-05
-1.687720983368693308e-05
-1.099260474230716935e-06
8.244559373866165858e-07
8.354409542402105913e-07
3.770510364053105633e-07
1.152411161000242447e-07
-3.092208122224539630e-09
-3.476716914745482288e-09
-2.178752981423574616e-10
8.964872155367825986e-10
-9.855486940735085496e-12
1.349304113060488175e-10
-3.534291505124535130e-11
9.669576744747842775e-12
6.218668325140597772e-05
2.383336371209685147e-05
5.509176901602777951e-06
3.097124440880949306e-07
-7.106578661891183964e-07
-4.110846001532889385e-07
-1.296650500856239793e-07
-4.689555837526820300e-08
-2.735825806857346342e-08
-1.126706351813564174e-08
-2.125656864070523483e-09
-3.752831995164447487e-10
-1.843395109020210144e-11
-1.005191915899589750e-10
1.279601555992499695e-11
-2.172626184495544975e-11
4.312859159046877606e-05
1.859194563093414474e-05
8.888080057135050773e-07
1.590455013812148508e-07
3.383078934374005579e-07
1.783769047598727331e-07
6.783794089746247894e-08
2.016095158145387825e-08
8.640650337099027756e-09
2.226331371156166272e-09
7.719591181811107918e-10
2.498966478031919815e-10
8.166969796424693486e-11
5.388007479152892432e-11
-1.077270554068697856e-11
1.723434320350228401e-11
-6.062207294596170319e-06
-1.040866772308470402e-05
-1.721860226832831289e-06
-2.566569214895227580e-07
-1.315773930072627091e-07
-7.125385097491167767e-08
-3.076648773389460304e-08
-1.063180102329618035e-08
-3.186951077013755043e-09
-2.576021260059999226e-10
-4.147695461335997913e-10
-1.071149357288463551e-10
-5.274989000054754178e-11
-1.168770021889695168e-11
-2.884214337393811462e-12
-4.094539691311607328e-13
2.369277819275648688e-06
6.858739572519344753e-06
1.331734095559336519e-06
2.074446399197649431e-07
6.036542624897468906e-08
2.701750388224135189e-08
1.206719059599561303e-08
4.281528225517928855e-09
8.622711909622185590e-10
8.334991563450857620e-10
2.884814568475239652e-10
5.325028640846405536e-11
2.550683506915759786e-11
5.850940828334763068e-12
1.217666205719729600e-12
3.046331351294985557e-13
1.160001687237956108e-06
2.549934885771406195e-06
-7.105352773104138070e-08
-9.523581757766977764e-08
-2.697098105339051260e-08
-1.030685538049488542e-08
-4.435269463260110909e-09
-1.667372074503410435e-09
-3.118362957007937928e-10
-2.765832971981261191e-10
-1.255004034307709894e-10
-7.327593302607016986e-12
-6.048736617000810878e-12
-1.992140304170832665e-12
-5.838092956548649871e-13
4.501336280183615513e-14
-2.947166255142567384e-08
-6.313460415930666723e-07
-1.971414397810059970e-07
1.733747459038853260e-08
9.074695606957593920e-09
2.922677680620685403e-09
1.212345638110702805e-09
5.246935549316615335e-10
2.382803876011362175e-10
9.746300086742334216e-11
8.041477547453208214e-11
1.311952505299554847e-11
1.372913189437520210e-12
-4.979105975347818416e-14
-1.195796626854754497e-14
-2.555914824254498747e-14
-1.186664007690341749e-01
-5.994423195040358976e-02
-4.294787209206386153e-03
-2.234316553780064311e-04
-8.127862760894492359e-06
1.821453495182934149e-06
2.223685576595261901e-06
2.509386502581548062e-07
-2.273052715687917375e-06
5.892649289887732764e-07
1.619935774057973008e-07
-6.249770942733483007e-08
-3.181420470344799677e-09
3.257261241677832187e-09
-1.887282705242501722e-09
3.769746737948735690e-10
2.603704912844415186e-10
1.669094336905161411e-03
5.465097039798180734e-03
1.134073015476126656e-03
1.144449990429637439e-04
4.192055662111098064e-06
7.981024566993901763e-08
1.744174155890275585e-06
9.067023146854451759e-07
-4.269333363153466109e-07
-4.705667350807199362e-07
-3.683829583648380053e-08
-3.942473588323579275e-08
-5.029908508252357447e-09
1.633817092641058151e-09
6.565137360126846091e-11
8.557518239775989257e-11
-5.252736870465954860e-11
1.396251119190779200e-04
-1.884677163069487025e-04
-2.249377443559134730e-04
-4.737916788597355063e-05
-2.189826507477896303e-06
8.203123142042175206e-07
5.330936992088394297e-08
-7.671674432464198794e-07
3.577316496677863900e-07
-3.801703790816823457e-07
-2.869509907552591276e-08
7.441676340117996614e-09
4.451709255543901668e-09
1.040695418059696553e-10
4.396461104131478860e-10
4.735039285300175340e-12
-3.106026316572493505e-11
1.182072884566214379e-04
3.266037408804514609e-04
5.188147492092092899e-05
1.617228021013276325e-05
7.511017156207189487e-07
-5.051998603931636493e-07
3.183449542145981941e-08
5.900368877946900352e-08
-7.289534140877737054e-08
8.667762196569804979e-09
-8.789006328761528662e-09
-6.052376773465143157e-09
-1.469980124715707291e-09
-3.451242648628768929e-10
4.277062407310709137e-11
4.319656004354495381e-11
1.401488246194734880e-11
-9.961730344737932791e-07
-6.153201617775425178e-05
-2.333729618418426511e-05
-5.246936816477779352e-06
-1.639463720829017654e-07
1.315912382948182810e-07
6.152900956859249246e-08
4.316268592614028865e-08
1.809752955891060371e-08
2.998793694698601442e-08
1.684482649850917461e-08
4.611477416887498406e-09
7.741680136020738364e-10
1.484335011845417164e-10
-1.311458002246384370e-11
4.088868725061150978e-12
-4.512578138367967603e-13
-3.751632098549763318e-06
-4.320068139011060137e-05
-1.874699957172860384e-05
-9.791053377541630470e-07
-8.685766650984014439e-08
-1.026676116891963994e-07
-8.150157118313157026e-08
-3.020714484751603398e-08
-1.352425607456524481e-08
-1.133785279359113009e-08
-4.573674306524577035e-09
-1.661979407479366166e-09
-4.690578379087890034e-10
-1.001110273973440223e-10
-1.506209829374709339e-11
-5.092408314300129940e-12
-2.849701206302273487e-12
-5.149780648087188855e-09
5.962659828188820653e-06
1.043215980622944675e-05
1.729101722611185297e-06
1.986804767176449414e-07
7.485736860343972297e-08
4.456079498142196213e-08
2.081326696477674194e-08
8.866025319525538378e-09
4.180192596309624085e-09
1.050752026950341276e-09
7.301982080640719842e-10
1.946016438668664415e-10
4.785845249397542240e-11
5.261985920823365510e-12
-5.596501919541063284e-13
7.296312402243788207e-13
-4.801603359700537002e-08
-2.352204450366179915e-06
-6.863347413084367807e-06
-1.324472463732417678e-06
-1.867160107352944510e-07
-4.390323452595308596e-08
-2.143351828617927991e-08
-9.418548994630080776e-09
-4.172994336602265035e-09
-1.283096797632389944e-09
-1.119027886018661343e-09
-4.024645096714919967e-10
-8.284618646647479227e-11
-2.346489024156684795e-11
-3.397527577105623971e-12
3.838338479879253594e-13
2.808724941462320538e-13
-1.184415800050079048e-07
-1.175818263059393635e-06
-2.550418848254189022e-06
6.650449447192361556e-08
8.733018288697510378e-08
2.329207205202694159e-08
9.113485522734856831e-09
3.981614249398864663e-09
1.814782728803405463e-09
4.847034114404318279e-10
3.890517689558375995e-10
1.533514725002388348e-10
1.296513978858989861e-11
5.752166547452785901e-12
6.440144124971083231e-13
-9.455709900672205566e-14
-2.332961552526067594e-13
-1.373196035719866534e-09
3.298095341234650877e-08
6.323093281526520921e-07
2.060624701431977424e-07
-1.519408119702810517e-08
-1.002155705713433576e-08
-3.470196390484625390e-09
-1.475701814315331545e-09
-7.530416395425724120e-10
-3.808892859243274277e-10
-1.581576162767450290e-10
-8.382812647255675541e-11
-1.236504824612105557e-11
-1.531590497622021968e-12
6.090956074258527784e-13
3.357737378606815733e-13
4.628906505718793048e-14
