1.391232644375279826e-01
1.025408993565811722e+00
4.440348269898234529e-02
1.507272892518431379e-03
5.187985149015459903e-05
4.975893936984081291e-06
4.093029057529598329e-06
3.630810684774814744e-06
-1.621351901071607064e-06
1.206995417390719192e-06
2.260225291496476002e-06
6.889468905289591911e-07
1.052319810776378185e-07
8.145557621859798034e-09
-5.536213245459088687e-10
2.629962521127468931e-10
-3.599152254260023187e-10
-2.364283936334543243e-02
6.179633739549996591e-02
-6.635693353045295922e-03
-6.031233001760522060e-04
-3.478724955654683874e-05
-1.930024336457275739e-06
-1.735755949159862588e-06
-2.488632574404908838e-06
-5.410933247697122038e-07
4.348492671574018503e-07
1.855669145406727078e-06
3.415446187496578769e-07
3.135403125925569271e-08
-8.550735636533380559e-10
-5.456385738369403737e-10
3.333551578582462486e-10
-1.755163329057741000e-10
3.066133224675524245e-03
-3.237109423631886790e-04
8.358823667822836128e-04
1.907752647569879419e-04
1.873319407478369770e-05
3.518851973670940115e-08
1.174815431238103089e-08
1.340522129015678827e-06
1.915330121630958258e-08
-1.105830165560437880e-07
3.106839721790721177e-07
-1.020207389597748366e-09
-5.214276029366971298e-09
-1.675314759124583576e-09
6.744122758247473078e-11
-2.774032792702836231e-10
1.140490570976814368e-10
-9.445255089293325015e-05
-1.456206446352804635e-04
-2.443853492153442764e-05
-2.187819860704913103e-05
-5.309183644641660798e-06
-1.239645664992313451e-07
1.712906624995379981e-08
1.173925020288787325e-07
1.909916098925589614e-08
3.553201892839217832e-08
-3.487817456367774734e-08
4.560798338795986771e-10
2.412312777452329512e-09
2.551301674830225817e-10
-2.788396413615016345e-11
-5.642824570580264730e-12
1.497982098554721887e-11
5.385867575633928456e-05
-4.080531957884306387e-05
3.990448804199488153e-05
4.241230634690504751e-06
1.339897448660920255e-06
1.170566353067257776e-08
-6.270812710085224807e-08
-2.198488469632636447e-08
-2.132723649943614467e-08
2.962871106210807941e-09
-1.390369610361153908e-08
-2.768988045187858349e-09
-1.911632124886012430e-11
-4.673436503844361565e-11
-3.402815735636454287e-11
8.328415636980970494e-12
9.814526910566253696e-12
1.847746723301178323e-06
-8.518830816947479671e-06
2.690921649685719345e-06
-1.419254448939624072e-06
-2.257185259913851312e-07
4.708395665349062297e-08
2.650269234244388661e-08
1.371050750906977700e-08
8.317881115086878292e-09
1.695232084621699525e-09
4.501263279294747419e-09
2.957763707770535368e-09
4.670038156454317403e-10
9.639005527985235441e-11
4.974870306407845448e-12
-7.413689438517229161e-13
8.817716731090990931e-13
3.303728188594592984e-06
-1.743659452444963144e-06
4.989880133558946987e-06
-1.199376750018742563e-06
-1.162978900415944114e-07
-2.834873837000484670e-08
-1.560295827436474879e-08
-9.906823936939183677e-09
-4.592270900375632830e-09
-1.757882151586938970e-09
-8.259213924004442916e-10
-2.305120078462237862e-11
-1.069293740088919200e-10
-2.996086332110342914e-11
-3.053024479287309839e-12
8.165159604327923759e-13
-7.246413758299521686e-13
-3.908909716247262420e-07
1.069284019610892467e-06
-6.072717802049675828e-07
4.851072504059840143e-07
9.499547433795517110e-08
1.680246722877628394e-08
7.414828778537297421e-09
3.514334246623976804e-09
1.803045092972978876e-09
5.610574759909140311e-10
2.363309589474166365e-10
1.489821614483116640e-10
2.402638944574262565e-11
9.314773995476537969e-12
2.011771762690121715e-12
2.871139946412002304e-13
-1.061214521108193034e-13
1.080472924202059397e-07
-4.102327442192800375e-07
1.811294474330543165e-07
-2.589988144121486187e-07
-4.918538955379546957e-08
-9.248956531560704040e-09
-2.698105391484520201e-09
-1.172738529574064739e-09
-4.892941044555374769e-10
-1.844080631049180244e-10
-9.027901099949820027e-11
-6.477101857238620336e-11
-1.954384707796365212e-11
-2.925730028837184141e-12
-5.447968610806501243e-13
-1.100062836395723962e-14
6.237529979697099079e-14
1.849888494876202955e-08
-6.019769259739617976e-08
7.872139422475879675e-08
-4.088363117940658318e-08
4.538253050705879806e-09
3.116443220205183719e-09
9.291774710237417742e-10
3.433538518846143366e-10
1.372041717227107635e-10
6.094729418747831003e-11
4.083748667684007176e-11
1.061753130382229442e-11
1.567208966374661058e-13
2.187012011971538307e-13
-5.862761083912208574e-14
-3.065959138650606390e-14
-1.371947367010743870e-14
5.040815263032815271e-10
-5.558478488512403881e-09
1.164839909780385961e-08
-1.056917286905335753e-08
2.149158065709724702e-09
-5.793983116424439347e-10
-2.374322505553265872e-10
-7.934424399218569086e-11
-2.807605183801573818e-11
-8.780225855960927306e-12
-4.188425845960156299e-12
-1.247070191597041895e-12
-2.057720373783744056e-12
-1.712545244207965021e-13
-2.790219809077201086e-14
3.286251971202270310e-16
3.712491025920515002e-15
1.158478364355710472e-02
-1.194007611031120547e-02
-9.247818179354184596e-04
-4.991231267060906184e-05
-4.134692286980223964e-07
1.900676483217945810e-06
1.265788685029471613e-06
1.929030453784595937e-06
8.855082868554698412e-07
6.760691851811880764e-07
3.430313647035351434e-08
-3.663956192694064407e-08
-5.584095531691315439e-09
1.850458570070483829e-10
3.145403326867200112e-10
-1.644861761269037828e-10
1.799325600317412753e-04
7.671317228588189156e-04
1.791863292662763149e-04
1.870316367738159192e-05
-2.900409958683578269e-07
-4.490918553370055699e-07
-7.779363571720923820e-07
-2.594497569140807125e-07
-6.362188910564069838e-08
2.163384277840231739e-07
-8.913038683632425911e-09
-3.743763132082808098e-09
-4.312104253943744704e-10
-6.575429513210119830e-10
9.064655331909675933e-11
-1.009587565467643286e-10
-9.886082384132222750e-05
-1.879156920812972045e-05
-2.194097014674603908e-05
-5.486323105489811786e-06
6.018792881963430296e-07
7.352181058286413175e-07
4.487701175663666366e-07
1.873519386440086086e-07
9.497482558938982453e-10
-4.077337325333753605e-08
-6.729315846507158728e-09
1.091742692453597593e-09
2.957825797947517796e-10
-9.738205961726345702e-11
4.363034296171666254e-12
-4.700583810138828622e-11
-1.692753872973294557e-05
4.202911570869371182e-05
4.413472080140935815e-06
1.343969830004690235e-06
-2.506008044911228704e-07
-2.754287801003746155e-07
-1.654639290588163655e-07
-3.641521304925015888e-08
-4.982050270334190417e-09
-1.070232888095910576e-08
-7.252293240680558036e-10
5.892585948392450341e-10
-5.267802785931571111e-11
-1.764375291202937249e-11
-2.135511307332297050e-11
-1.090629692625493470e-11
-7.447738104851764490e-06
2.969730033523798099e-06
-1.452642555188712132e-06
-1.594981132755061775e-07
1.138295452065679346e-07
1.194063173537342093e-07
5.384892367491214652e-08
1.424976219358531743e-08
1.176143465969869953e-09
3.082605523410352204e-09
2.326982951628199024e-09
2.885007617034093243e-10
5.393138674823366144e-11
1.326424111642212036e-11
-1.494452003746420853e-12
2.020404307117930179e-12
-2.435682976583018183e-06
4.929977273724161771e-06
-1.200298365542353363e-06
-1.431430310889640623e-07
-5.462019863032918846e-08
-3.526371026600855057e-08
-1.524450480765013638e-08
-6.104383369062436980e-09
-1.813314849155701207e-09
-5.242130922146351643e-10
1.446965252883894176e-10
-5.966920552308558599e-11
-1.923536094001239700e-11
-8.233621913423758899e-12
2.839527749542608332e-12
-2.903304878834033783e-12
1.136154904912777865e-06
-6.015729185384056965e-07
4.888528689488754385e-07
1.023588775136571118e-07
2.412213784222752738e-08
1.042913386392942118e-08
4.882494101425477687e-09
1.998498091585261500e-09
4.448337893958175424e-10
1.275436382922432202e-10
9.999624265197944760e-11
8.849004162877934639e-12
6.943368752982960523e-12
2.165423352670586728e-12
7.882307263289635780e-13
-1.923384644153353829e-13
-4.301752608702388070e-07
1.786704995030405140e-07
-2.604242591867902364e-07
-5.102682389992583105e-08
-1.071825472884919992e-08
-3.542557647450481589e-09
-1.431064407759790400e-09
-5.288853607885995958e-10
-1.487115792258883523e-10
-6.219630529926563050e-11
-5.110917883243398067e-11
-1.528910237140623558e-11
-2.313071731545905636e-12
-6.994484507194003795e-13
-2.074154959930457979e-13
2.382936604256732419e-14
-6.281733943232602472e-08
7.889132720299385108e-08
-4.048390588334180853e-08
4.936724784902952693e-09
3.436080222038250511e-09
1.059197799403037136e-09
4.009445816098059634e-10
1.521565073156109705e-10
5.315337815350889893e-11
3.353230706838491472e-11
6.958483382238695892e-12
-1.094780512014422159e-12
6.257188217473176345e-14
-6.152880176555722720e-15
-2.594750491614619713e-15
1.346817996832187461e-14
-6.186575235465135987e-09
1.166481749117244460e-08
-1.086938277314673700e-08
2.032515742607201300e-09
-6.310406543715486470e-10
-2.939857903085952860e-10
-1.055961218351997465e-10
-3.221892663847433556e-11
-9.634709273700625511e-12
-4.456451630888961504e-12
-5.007975992142138344e-13
-9.396173685229901002e-13
-1.420737777835918846e-13
-1.821167111837817235e-14
-9.905156740311041548e-15
1.557147744352674075e-14
-1.015955891656122878e+00
-4.409292129787591163e-02
-1.498617971201773348e-03
-5.013512412083879713e-05
5.559756639568599506e-07
4.819406737309578846e-06
3.960306183465469270e-06
2.453131685339971836e-06
-1.163936626209317586e-06
-2.257383147658797386e-06
-7.006801442100512449e-07
-1.114525586012163596e-07
-1.272682198123497097e-08
5.962453262008629102e-10
-1.195363304630664926e-09
4.124003126009545907e-10
-6.558118047618823054e-02
6.420496162920947061e-03
5.946244774774367978e-04
3.533732618878393424e-05
1.017012410868144906e-06
-1.248836397564399239e-06
-2.792708730546567567e-06
1.530307965001431035e-06
4.251072939162801144e-09
-1.739729755863481784e-06
-3.222862290054977087e-07
-2.721314502268371781e-08
-5.097054414366559163e-11
1.307247789726211580e-09
-3.191891157478557993e-10
1.758744090140863315e-10
1.517398441206735090e-03
-7.275163858475484566e-04
-1.876867749029981105e-04
-2.098581685887047527e-05
-2.940386646573237478e-07
3.947176841801471191e-07
2.546292061394604570e-07
-5.462874651534014976e-07
1.656895201760582094e-07
-3.319323500093949021e-07
-1.301764623755237445e-08
-3.908181514618818081e-10
1.477481887219659321e-09
-4.128129628230815557e-10
1.267926425585264852e-10
-1.841084143753128338e-10
-1.057392524550527176e-06
-5.506397159433729876e-06
2.078885496442710347e-05
6.099498873538774198e-06
2.379695807514981637e-09
-1.612675385165026159e-07
4.326569718010231383e-09
9.954583923639340437e-08
-3.699136578224588268e-08
5.406290566995258202e-08
5.878936304114759113e-09
-1.972647258546394271e-09
-3.367385940692884944e-10
-1.386724749816754792e-10
2.517281076882847824e-12
-5.111429474996623202e-11
7.673915157888359841e-05
-3.263607763703615396e-05
-4.043103495002132788e-06
-1.698371297406777488e-06
-1.829986169780062172e-08
5.095445422672380021e-08
-5.093124243773655437e-08
9.411457158000454496e-09
-1.788841170811248326e-09
7.760827228270522334e-09
1.490648741883820288e-09
-1.843277679356481166e-10
2.894334956266469296e-11
3.247827846189096075e-11
3.807266960470395698e-12
-7.503889666489140759e-12
-6.558392437853007234e-06
-4.486512560297577054e-06
1.430421960395631232e-06
3.431481069896180902e-07
2.637145208056305577e-09
-3.664593080394036612e-11
3.453806626371511207e-09
5.339737819330416336e-10
9.785536393020782596e-12
-1.785543979705103045e-09
-2.454125590024939995e-09
-3.119400592028641059e-10
-9.121599219098602164e-11
-1.089183409504306484e-11
-4.248548601447927667e-12
2.074481744286146180e-12
-4.038019528781219154e-06
-5.276507260626447652e-06
1.147172145974968241e-06
7.626722796398271367e-08
2.618000018368815903e-09
2.596024334656487890e-09
2.451365753954705297e-09
-5.204053734461950265e-10
1.206843396127097865e-10
-7.381011555823237165e-12
-1.404240783554435999e-10
6.513752454852816287e-11
3.408174454906957765e-11
3.256360465408702202e-12
2.121213412842299653e-12
-1.757372937387375697e-12
1.211627135965769431e-06
1.000409648834194300e-06
-4.361902970326774812e-07
-7.740754522234883989e-08
-6.718293364521117812e-09
-2.039863147242870323e-09
-9.855431627943541499e-10
-3.068237758666389322e-10
-3.305710782477697943e-10
8.091367065010556172e-14
-1.052870443347989541e-10
-9.547665877402493876e-12
-8.607720383460446739e-12
-1.535799449656347314e-12
-8.410867546638100383e-13
4.371509458774341678e-13
-4.658151043037029213e-07
-4.193927002143490450e-07
2.270060038700113883e-07
4.173547298176870576e-08
5.791461805693092415e-09
9.464191781885460017e-10
3.790812923970039849e-10
1.296710086965268823e-10
1.259068169482003465e-10
1.224546885996575859e-11
5.004553148568146479e-11
1.501538996270039529e-11
2.692065627776305869e-12
5.286465080192379287e-13
1.748341529899070753e-13
-1.110130931132614840e-13
-7.606146878841002089e-08
-7.625707483713130047e-08
5.066622635415069344e-08
-1.810630452973503082e-09
-2.069307030209190220e-09
-4.621292771621229547e-10
-1.332259525452496500e-10
-5.353560358579525897e-11
-2.079299345227322259e-11
-9.347023558080638062e-12
-8.208337537962702874e-12
7.268472355120100337e-13
-3.266931659822395400e-13
-1.268880477803347522e-15
-8.625137856887443550e-15
3.362056320908606124e-14
-6.767809328852517408e-09
1.172743635203424295e-08
9.697488970139859638e-09
-2.838501416693820911e-09
3.276778527196559480e-10
1.323705851126365112e-10
3.543777598358753929e-11
2.132313804297349898e-11
8.873636002099034878e-12
-8.961755406982225234e-13
1.052827585142640963e-12
1.925488450911944433e-12
1.114235655607793838e-13
1.048329221840921504e-14
-5.796224141256900942e-15
-4.758156999038366468e-15
4.135008342033167500e-02
1.736164834558174067e-02
-1.163087173768434339e-02
-9.149520401716992098e-04
-5.248167809368448246e-05
-2.601528792333513123e-06
6.111098723167549419e-07
1.558891416703176636e-07
4.974747640641390721e-08
8.433666644380875937e-07
7.146188194207105513e-07
6.413291881488209413e-08
-2.393414330888788243e-08
-5.181621685084419675e-09
-7.538076013771617993e-10
4.140859469825006271e-11
-2.050544838882437464e-10
-2.825850663322278591e-03
-9.347344671591861168e-04
6.618145013848603228e-04
1.737277636663801990e-04
2.002418417919934747e-05
1.802365489608943586e-06
6.970125192031105050e-07
-3.564956106378638846e-07
2.181235848059478802e-07
-1.277419828065433108e-07
2.008057897839745543e-07
-1.222699307454185436e-08
-3.183391086912103135e-09
9.660543033646499040e-10
-4.510968828162376026e-10
6.618540429684930090e-11
-2.224681056260488743e-10
8.165180809139995584e-05
4.985546892003991275e-05
1.191686563786046346e-05
-2.055264502460588713e-05
-6.475722806995099847e-06
-8.478138624171901431e-07
-1.826191120727420893e-07
-9.634871212905318104e-09
5.572867691580490705e-08
2.401132768972896382e-08
-4.138344446621281374e-08
-5.691444200500166792e-09
9.895433040438735271e-10
3.207045233407246334e-10
-6.954422401998548028e-11
-1.496966331241199104e-11
6.479139135375175059e-12
-6.171617406175189955e-05
-5.420310843856762368e-05
3.422582083536671662e-05
4.079709981907039069e-06
1.911550856098757341e-06
3.586966345925075619e-07
1.899246595243724903e-08
-3.044635329494305639e-08
-1.688026585447675688e-08
-1.558930903546845653e-08
-1.061898542297525350e-08
-1.291139661808257025e-09
6.356301843873038081e-10
6.466057955200996293e-12
3.756063393224269076e-11
-2.004871545135838043e-11
-4.813283105596740412e-12
-2.125183404576415174e-06
7.729948826135156996e-06
4.850864805694555715e-06
-1.422266975605376858e-06
-4.490768286666947920e-07
-7.586052730169579637e-08
3.895052329858536011e-08
2.079697844259277442e-08
5.973521124036670642e-09
2.634109853198094146e-09
2.090444728297143501e-09
2.261506702263968276e-09
2.118049743844238373e-10
1.371583100683469240e-11
3.680022786646630213e-12
4.879998930248211774e-12
2.206816990558476696e-13
-3.252878069438852619e-06
3.294775940955432157e-06
5.202757789131934337e-06
-1.136093938314851724e-06
-4.271873040218868714e-08
2.525887315830686600e-09
-1.098944101449068228e-08
-4.911665221352030913e-09
-1.561186900880898866e-09
-1.093070139439520029e-09
-1.351821224407137289e-10
1.817687442244174427e-10
-3.251217136965764430e-11
-1.379759946166985659e-11
-3.591529543985369320e-12
-1.005101786134903240e-12
2.765968640063051438e-13
3.996900127544777545e-07
-1.133408668839510787e-06
-9.924179241481238563e-07
4.315447175440344090e-07
7.123850206275520224e-08
6.706709702915539725e-09
2.857430092192079819e-09
1.869468761599356625e-09
7.651975163248616845e-10
4.646631349117798773e-10
6.657754740471594135e-12
8.787395365420882630e-11
-2.555425807484031850e-12
2.655878344200028906e-12
9.182037058204587840e-13
2.044836313260065378e-13
3.797741234127838531e-14
-1.074939217102002944e-07
4.443298334917918675e-07
4.175392415696813442e-07
-2.258218665908702381e-07
-4.090415374275757257e-08
-5.893907065798108961e-09
-1.408611135615242824e-09
-5.835914181498304060e-10
-2.485099773391411394e-10
-1.525028316627290185e-10
-1.228613469474797681e-11
-4.411470683400501342e-11
-1.109217500618896134e-11
-1.177090068604652315e-12
-3.385582862220332613e-13
-1.137680612051318238e-13
-2.029458384383812012e-14
-1.745722339562641866e-08
7.355091759740403743e-08
7.603913647845189441e-08
-5.091703460795255382e-08
1.811312702482887925e-09
2.195127925669184781e-09
5.241549436974463398e-10
1.919695421726738926e-10
8.858180540500309323e-11
2.759535477371853070e-11
8.829015821729426297e-12
6.450583501888338799e-12
-2.003446609703079776e-12
-5.658743954931702043e-14
-6.533992374965127166e-14
-2.008619500883306467e-15
-7.606373503706844715e-15
-3.276470270272497821e-10
6.260565995963887581e-09
-1.247423615827114743e-08
-1.006523227940326965e-08
2.854209907198413735e-09
-3.047784891180774023e-10
-1.590025346233671831e-10
-5.499989527072722685e-11
-2.540433535087675421e-11
-1.082983790241467897e-11
1.436182167063411735e-12
-7.480153914858406054e-13
-6.748743668004166094e-13
-2.149118192540571070e-14
1.583566458256626846e-14
4.723702366971880293e-15
6.315739883583212493e-15
-1.583350841643188789e-01
-5.338493595260528080e-03
-1.774614141656741283e-04
-6.276293036831141010e-06
-2.553735984843267012e-08
1.935419852355533763e-06
1.412097376010878242e-06
1.978920244651901411e-07
-7.453764857561210360e-07
-9.292260936450294912e-07
-1.611159787304222634e-07
-2.398322410055273604e-08
-2.853057207034110671e-09
4.464812834073205258e-10
1.684749669551800122e-10
6.255886074783994536e-11
2.489569075941496304e-02
2.121887139955352681e-03
1.232795781575429827e-04
5.338694253285358232e-06
-1.189318939438953200e-06
-1.107931722729358573e-06
-2.661604571086175671e-06
1.247549397299231389e-06
-4.487861421584605596e-07
-5.285550598457373436e-07
-3.518393443450614848e-08
-5.874629672596755263e-09
8.802231721563424423e-10
-9.919811301744856742e-10
2.033750856222724388e-10
-9.569868987019537671e-11
-3.192598990440187381e-03
-6.646440155812207090e-04
-6.803060147077907730e-05
-2.836449119357947704e-06
2.273341846905710545e-07
1.427024446562297750e-06
1.445443797995785393e-06
9.499282482762608354e-07
1.248696989328230072e-07
-1.810946552194199283e-08
-1.573207134802096775e-09
-4.009332165028514856e-09
-1.390557412898412944e-10
1.327440243097455658e-12
-1.077089307329236127e-10
7.163780394326464775e-11
4.464439011380492934e-05
8.519380137161184654e-05
1.985115359514738723e-05
1.132262735227128891e-06
-6.025184092285441241e-07
-8.007483330059335799e-07
-5.103650880888921962e-07
-1.909726460523254191e-07
1.077774667805444699e-07
1.629442928705359413e-08
2.666053797330198351e-09
3.327016756572456773e-10
-4.551570346221504452e-10
-3.213223873851699927e-11
-1.303294229989962038e-10
1.441522131196589416e-11
-1.283837045377148782e-04
-1.785264000222516086e-05
-4.898490464404982454e-06
-1.984407249254091454e-07
3.718810470237520793e-07
3.188139693176123465e-07
1.352339718993917653e-07
4.166707281047359071e-08
1.545526231002949353e-09
6.092737645949925476e-10
-1.603252153512452779e-10
2.327909322258663707e-10
-9.869061868842334464e-12
4.318618982485133537e-11
-8.244297020293306993e-12
1.649320739364505193e-12
1.832046836480304079e-05
6.795834087053306214e-06
1.213723054420654884e-06
1.428539073448414959e-08
-1.939246059542507293e-07
-1.091531160299691460e-07
-3.740917097245374666e-08
-1.436544913119361202e-08
-7.301755771537074663e-09
-2.841354358344421061e-09
-5.157613775062027898e-10
-6.759482015971844307e-11
1.754365285320759185e-12
-2.086749247045744294e-11
1.044369194674707207e-12
-4.956020820702503682e-12
8.197994849660194801e-06
3.558358695202165886e-06
2.046930019099539648e-07
4.753486122963360374e-08
6.685261568899347661e-08
3.523911525412265157e-08
1.378337647000434581e-08
4.115802682840922594e-09
1.615570359987264300e-09
3.496613096330856388e-10
9.167422961622999832e-11
4.288689447266242454e-11
1.060302645431571294e-11
1.285800913201802807e-11
-4.180639344600075573e-12
5.735726465705889334e-12
-8.269886220732500327e-07
-1.497395420642460260e-06
-2.557239712180257196e-07
-4.136022125215983773e-08
-1.996019978079459554e-08
-1.052911731323376370e-08
-4.533695620634546479e-09
-1.585180340314255598e-09
-4.719399353590173195e-10
-3.856894736662521600e-11
-5.334917857027089561e-11
-1.350450498316605192e-11
-6.190809527273697846e-12
-1.610558199407691553e-12
-2.470708616341827923e-13
-1.780525468592064137e-13
2.838245194331938690e-07
7.717018089282828379e-07
1.464765997388400755e-07
2.315861335439164162e-08
6.738499826929904797e-09
2.938731227088365751e-09
1.290982445235086443e-09
4.652111474235789888e-10
9.969130053181278940e-11
9.135934819860246567e-11
2.675684313779990175e-11
4.895933568013464287e-12
2.143834294175056551e-12
5.400006354893257639e-13
1.265095989825773426e-13
5.276417039875377724e-14
8.846822898691120222e-08
1.918854519145565565e-07
-6.295033210865651909e-09
-7.566526823537163502e-09
-2.181937879857997988e-09
-8.280759036742700387e-10
-3.516058742357315054e-10
-1.279907572243001105e-10
-2.071240978390868477e-11
-1.733688219767383725e-11
-7.990870041732343800e-12
-1.296695186381994182e-13
-3.959492662870585948e-13
-1.428945091666816138e-13
-4.673504783250902102e-14
9.496949149322506517e-15
-1.647094828745548501e-09
-3.411929302724276342e-08
-1.061116470033384455e-08
1.034958329156316428e-09
5.451420487697844986e-10
1.777917335790592053e-10
7.046051796768242506e-11
3.083244379081354579e-11
1.454238239295017981e-11
5.888153215023244932e-12
3.832853096675350630e-12
6.780300904445241159e-13
4.902398915047392736e-14
-2.178417345081271064e-14
-3.820774145062763354e-15
-8.139755152757907071e-15
-8.690509558516504307e-02
-4.419472173827786871e-02
-3.242759524191455439e-03
-1.757681961129050783e-04
-4.788862089036945906e-06
2.382849837476986405e-06
1.651708956528856545e-06
-1.620010607246736400e-07
-2.168825664040324929e-06
2.286303434851135863e-07
1.052352343133894362e-07
-3.622780445402758202e-08
1.871358712663809308e-09
3.182644952388054721e-09
-1.137177264087951601e-09
2.593317920402048276e-10
7.608508023654281279e-11
8.800770246027580330e-04
2.920238351752911000e-03
6.202715336303238867e-04
6.455754716645057496e-05
1.863251003814457593e-06
-2.731568210003515199e-07
9.539115680317981663e-07
6.033734116976318147e-07
-2.413835464802954283e-07
-2.230464148836744185e-07
-2.767465877024052484e-08
-2.521577761086855191e-08
-3.771853172438612627e-09
8.720797921343078016e-10
4.794972740070336606e-11
1.273772859294777872e-10
-3.135980844714616848e-11
7.637537941617547946e-05
-3.414509573610973993e-05
-8.528539482494269927e-05
-1.891076301211286326e-05
-5.999561993497298550e-07
4.890471744755177528e-07
-4.488954256112123742e-08
-3.213207019742503308e-07
1.340956242802481805e-07
-1.416496369781630485e-07
-5.842872288278047958e-09
4.142138665294258002e-09
2.234543573894505704e-09
2.175226781324733340e-10
1.968397592482869838e-10
1.597473152311154202e-12
-6.176176158246482849e-12
5.124024643239141069e-05
1.381255398155961775e-04
1.852415292302669682e-05
4.656591230274739555e-06
9.021636287642235172e-08
-1.962752439289542784e-07
3.003778879380110970e-09
1.362496225140700771e-08
-1.951758245376057801e-08
6.229480314043775424e-10
-5.132994799894155162e-09
-2.310413276617130959e-09
-6.547986953633993967e-10
-1.537528906299177725e-10
1.152095697270593744e-11
1.495999578506137993e-11
4.678892385793088000e-12
-4.636518966884070175e-07
-1.818707810071521310e-05
-6.688064224522888895e-06
-1.155510981147382582e-06
3.925738304323562227e-09
4.650003037343808165e-08
2.124679143775635262e-08
1.243182540014451409e-08
6.003954541117162107e-09
7.772399650918308675e-09
4.352384046396485131e-09
1.249205538396009169e-09
2.371828812985045168e-10
4.130198185827547102e-11
-3.495383780525946310e-12
3.645673614021500004e-13
-3.229335455986375411e-13
-6.918399553678532555e-07
-8.195801423654504187e-06
-3.580909230071778116e-06
-2.188075509289446250e-07
-3.144393631519150090e-08
-2.487989525426149122e-08
-1.661152344141675831e-08
-6.194989576114021823e-09
-2.720878725816850599e-09
-2.110843998125007119e-09
-8.267455550439225807e-10
-3.016177594604887005e-10
-9.878637749260587930e-11
-2.174794617376849958e-11
-3.662719319912602127e-12
-3.847726701138208113e-13
-4.848171629807287821e-13
-1.068729154756697509e-08
8.081937409434648959e-07
1.498960587275582840e-06
2.557701455467346376e-07
3.315539701992155872e-08
1.211788512374046523e-08
6.568477426110250145e-09
3.066139989444939970e-09
1.301154636540121863e-09
6.137884808211303638e-10
1.642873034466892238e-10
1.096092668359071867e-10
3.029613421762963504e-11
7.095272758113498670e-12
5.897306534893273445e-13
-3.140899657430697411e-13
-7.134133978433190401e-15
-9.735785227009038146e-09
-2.823380130663688076e-07
-7.718864268443756635e-07
-1.455578438389010853e-07
-2.098528354891511875e-08
-5.015896890620172480e-09
-2.319953564022248627e-09
-1.000925092769428425e-09
-4.483907490985240625e-10
-1.461178977169765830e-10
-1.258481020273414341e-10
-4.171296888331047629e-11
-9.198879065416743794e-12
-2.255627009690214926e-12
-2.347497813879111215e-13
8.736756988431667197e-14
4.230696362359297666e-14
-9.486290905149023747e-09
-8.997049631864033843e-08
-1.920374889728915457e-07
5.913458357858795941e-09
6.993609830148061683e-09
1.901600668254001655e-09
7.223500755573771638e-10
3.080304659204933309e-10
1.368721215990664474e-10
3.405980564948916989e-11
2.652918651787416132e-11
1.150660790956938672e-11
9.791363525582960796e-13
4.047799352631989459e-13
2.632768390879332559e-14
-2.717085588898444084e-14
-2.434641330107220449e-14
-4.707947323909896656e-11
1.834960367448302321e-09
3.420619413006670439e-08
1.100987344046767900e-08
-9.304837435573186477e-10
-5.741125301699192301e-10
-1.928722426489029929e-10
-7.858660439458355804e-11
-4.005062626030940847e-11
-2.080585257621604730e-11
-8.841256523647269949e-12
-4.203843389275281384e-12
-6.596626851590862121e-13
-1.945393310978575365e-14
6.696855902072071741e-14
3.311526350386396632e-14
9.290027211244043627e-15
