1.310521206764519719e-01
1.029751519439995322e+00
4.209472472860008307e-02
1.221199128019451446e-03
3.013367692993683587e-05
3.067799514121158976e-06
4.184113486334414003e-06
4.604476109696527231e-06
-4.035763935225547624e-06
2.061856175665759912e-06
3.905393653487755951e-06
8.702034271399275010e-07
1.288098761994558246e-07
6.657205118297858532e-09
-3.893534435205138520e-10
-1.090681145777079766e-09
-7.852591054644909475e-10
-4.868648365506656611e-02
1.320082567051996392e-01
-1.367131267652734600e-02
-1.096667945455702614e-03
-5.492537507951035183e-05
-4.365273719578078397e-06
-2.118991378639609633e-06
-6.369520783558060316e-06
-2.703894169417443654e-06
2.278689077941624894e-06
5.529256645312144248e-06
7.813301714262373625e-07
5.941788607180652308e-08
-3.228830872151493313e-09
3.028551256810592334e-10
3.037418451718983432e-10
-9.255565627910774099e-10
1.350718747992276335e-02
-1.859487099877800420e-03
3.643734956655809293e-03
7.725039270941245735e-04
6.625483733609197632e-05
4.040929243438555565e-06
3.220391849864780177e-07
6.965023363621206722e-06
-2.007234352752457185e-06
-5.277246365813659855e-07
1.590467904651549066e-06
-3.133193304680799017e-09
-1.141188693056440989e-08
-5.526703980158569592e-09
1.017056137511514985e-09
-7.519412711564641148e-10
8.405287466007546325e-10
-1.325216637327098585e-03
-8.761182443978465274e-04
-4.630326961271139549e-04
-2.268347031622354459e-04
-4.806551271150021705e-05
-3.920180963930069964e-06
-1.112977401296519394e-06
2.836802424034741900e-06
3.558308060503989793e-07
-1.149582241237707122e-07
-6.310664285121399015e-07
-1.195175189080116933e-07
7.729837286840955862e-09
1.597413233934627773e-09
-3.424591516202711601e-10
7.663900248158171577e-10
1.834410848779563133e-10
1.540255391863013369e-04
7.242365098642188071e-05
1.604821477503508124e-04
4.281336750919624367e-05
2.878670537134354738e-05
2.178396215858044064e-06
-7.774051322071574130e-07
-1.233176820506275074e-07
-1.963365862258923316e-07
2.234367534999708271e-07
-1.178980648378707591e-07
-1.972576015265280087e-08
8.331159539085838887e-09
3.638096848332971547e-10
-1.309533007097071775e-09
1.040757211144400719e-10
4.081796137125907482e-10
2.763618682695357027e-05
-8.567769472420774031e-05
7.654792824821557773e-06
-1.405033216888557864e-05
-1.152431275562603245e-05
-1.742595026295970950e-07
-4.772979115896774958e-08
-4.725550164551112960e-08
1.344775615524652397e-07
7.173070181092886225e-09
1.261822371414910808e-07
6.770184777937107585e-08
8.597075511507586202e-09
8.451329378321223859e-10
-3.596832392232064241e-10
-3.347852095584830057e-11
7.438966248499402294e-11
1.132398465960480306e-04
-7.492219372881909101e-05
1.774871922723556873e-04
-4.134284721886160609e-05
-1.835234091646187585e-06
-1.060688397120115478e-07
-2.353686397980635726e-07
-3.173407698826603095e-07
-1.253549228140910234e-07
-5.079199358411768266e-08
-3.971975197337643231e-08
-1.144785072206834964e-08
-4.500005762595336027e-09
-1.011260347054059929e-09
1.328016236913041344e-10
6.259941792004890546e-11
-1.053149602752245900e-10
-2.809477992532601520e-05
7.919613385525658261e-05
-4.697921434161443616e-05
3.282347677495127972e-05
5.907249427541144573e-06
6.947797646543322859e-07
4.137374182984996005e-07
2.363877667132241983e-07
1.269275504863589255e-07
3.516210258633580718e-08
1.693887672517981699e-08
1.084684931117513999e-08
1.472661475480985896e-09
7.491319069246315140e-10
2.139390843207067910e-10
4.563734926617618571e-11
7.147770191719916071e-12
1.037080816803570823e-05
-5.249254623672339973e-05
9.884693107311850506e-06
-3.034396499363112922e-05
-6.132011219858819460e-06
-1.121316841138883083e-06
-3.314889381070391016e-07
-1.561576718215977775e-07
-7.040162344085696484e-08
-2.888868109909970066e-08
-9.452915992995158328e-09
-8.315598758989506202e-09
-2.761706146370000168e-09
-4.947156614296078007e-10
-1.516346672422238513e-10
-5.006595864387534117e-11
-1.396769292589684423e-12
6.678992142318597469e-06
-2.417584275742180275e-05
2.649655987964916475e-05
-1.652644129783262074e-05
9.157516677695131170e-07
8.465980344286001925e-07
2.456699865197361915e-07
8.910248213780618655e-08
3.497932366207391850e-08
1.562801195335796523e-08
1.544170488942529704e-08
3.144880576845432273e-09
2.494811298598187554e-10
1.410983866696890895e-10
1.906816979235115641e-11
8.267608645898701376e-12
5.829313886189063880e-13
4.778038273182643872e-07
-4.145757576787241344e-06
8.507173704131155382e-06
-6.249498561575203364e-06
1.643918023419331384e-06
-3.554749668943025283e-07
-1.184550057836180150e-07
-4.249431751420091450e-08
-1.482501304133467801e-08
-5.756174790377993440e-09
-4.346338618255625560e-09
-3.225797789260419515e-09
-2.679042965487140889e-09
-2.162149303112321192e-10
-2.003173078430747417e-11
2.622015435603061558e-12
-9.137634584151502131e-13
2.514220557926173660e-02
-2.452046074452224333e-02
-1.711970265129576221e-03
-8.160704061572395256e-05
-4.150254171075356054e-06
-7.552039658548099499e-07
-1.444011935871318920e-06
6.068325781881787786e-06
3.420842876964756579e-06
2.681524846184517018e-06
2.456524458111399803e-08
-7.355383850115708129e-08
-1.651651718502758743e-08
2.060964204473113145e-09
7.049943563134005045e-10
1.288686994373516541e-09
4.850381703539223478e-04
3.367382115808449997e-03
7.174760430096676451e-04
6.138757097162406650e-05
1.798253490248026976e-06
2.192449706316778954e-06
-1.349717478377627460e-06
2.782846205326973312e-07
-8.281070300888646035e-07
1.159339691308009920e-06
-1.113646808987218976e-07
-2.110230220297789621e-08
-1.149667487858885204e-10
-9.355250100555740014e-10
-5.770160956665579729e-10
6.856426303668676845e-10
-7.531869493744834144e-04
-4.464422189116594897e-04
-2.310307449236803190e-04
-4.803444752936680373e-05
-1.783510886376989217e-06
2.382840371049090102e-06
4.813087367923366225e-07
9.171115811390882651e-07
-7.459332799336440177e-07
-6.828992841074292984e-07
-1.326435449309443655e-07
1.027076955608673073e-08
6.280939803751300436e-09
-1.721510777870262310e-10
-4.907197313072845883e-10
-8.445795304430938415e-10
1.044202981238730339e-04
1.685512287575769471e-04
4.172129542231854828e-05
2.926807809197742226e-05
4.939176884060620322e-07
-1.051805860848682660e-06
-1.355615067169494374e-06
-2.556131926005908113e-07
2.392598278112194355e-07
-8.734122649599590530e-08
-7.341182830732909391e-09
1.292925520734889404e-08
-1.720197413837067064e-09
-5.870404467146839540e-11
6.345758781497855095e-11
-3.358854770681333252e-10
-7.335163417890101280e-05
9.858296857334654300e-06
-1.632959379676137362e-05
-1.040941731605115777e-05
1.749888070717350821e-07
2.040517194762278085e-06
1.099027536989603121e-06
1.714078498336410952e-07
1.588281603993569591e-08
1.047961503379676240e-07
5.903051236305450509e-08
7.697211952643827992e-09
5.370654355361458976e-11
2.448539239889074077e-10
-1.999171926422950705e-10
2.590555932358332935e-10
-9.821891551100316281e-05
1.759138403374071438e-04
-4.042247312732007099e-05
-2.867450904366140858e-06
-9.959210138247197260e-07
-1.127025819966649592e-06
-4.692619555159847368e-07
-1.534391065659204625e-07
-5.034917901145834793e-08
-3.098459031565751912e-08
-8.079313628805666307e-09
-4.549872409449205151e-09
-1.310313941901585628e-09
-1.803565967984004246e-10
1.041133024993031065e-10
-6.087690698642162874e-11
8.345065468229296516e-05
-4.711551687087354019e-05
3.288238534103241989e-05
6.505604740390175414e-06
1.274793610841023210e-06
5.969386677468263347e-07
2.982524707557870381e-07
1.330893062627273390e-07
2.472996508838916440e-08
1.112256128614273672e-08
9.310018223942317161e-09
1.517496993197531606e-09
8.200190443928321763e-10
2.146583604711591254e-10
2.867341756845724917e-11
-1.912102111891416232e-11
-5.344379309354235357e-05
9.897203040629553737e-06
-3.046512075937776859e-05
-6.427668910812879282e-06
-1.323162836735959573e-06
-4.394625476481407376e-07
-1.896808943023780853e-07
-7.161012646443241119e-08
-2.531450273117336745e-08
-6.939918760057702482e-09
-7.625961500741503790e-09
-2.780557003919089136e-09
-5.343975908143379638e-10
-1.534935024438820708e-10
-5.485768942544155122e-11
4.883547274425439225e-12
-2.497730344186904883e-05
2.641962448846305953e-05
-1.648163160372327155e-05
1.080970506596897189e-06
9.365638492814201351e-07
2.997298812770456733e-07
1.201518820002437585e-07
4.756098304268979488e-08
1.741860142520366784e-08
1.445902119503785512e-08
1.914239664515876681e-09
-4.193178105216129292e-10
3.965574848587938725e-11
4.088597472943377453e-11
1.275555234369820796e-11
1.171693879767077700e-11
-4.645685773951980545e-06
8.744019549171998644e-06
-6.632661420430384492e-06
1.540426888058762935e-06
-4.043473923315969414e-07
-1.881996219069661723e-07
-7.302308731686917848e-08
-2.496904275866096120e-08
-1.032279477224678843e-08
-5.949027598468837960e-09
-2.795244616625987627e-09
-1.272543681912708225e-09
-3.076301631268157564e-10
-6.600408185999921194e-11
-1.171989270852930365e-11
2.447566658165052495e-12
-1.022061285087243920e+00
-4.191724592663274851e-02
-1.214737569148463623e-03
-2.636867368505072011e-05
2.991176784910900828e-06
4.607053574275726005e-06
6.741639887025695084e-06
3.606869955885131324e-06
-1.584754696597914034e-06
-3.899003582196972360e-06
-8.680717321950995867e-07
-1.248725393792097463e-07
-1.358977472145102724e-08
1.491382025154087926e-09
-2.681619275552069302e-09
2.895079577330916140e-09
-1.389627588486086196e-01
1.332965738013105854e-02
1.084994844294218889e-03
5.286851672082590634e-05
2.641006171978797647e-06
-2.736081287531766367e-06
-7.445385884771919699e-06
5.218065639529042844e-06
-1.371936833683848068e-06
-5.343364710158063597e-06
-7.715221616790208585e-07
-4.530196245121223952e-08
1.492881454127165104e-09
3.194034421069046801e-09
-1.333225733349725131e-09
1.182794289437931073e-09
6.698308880472651425e-03
-3.259488050636779981e-03
-7.538035395715381040e-04
-6.687876275115420830e-05
-1.355623315945439931e-06
-1.841024184104886066e-06
-1.195185425572950209e-06
-2.333728586910140640e-06
7.634102669337132601e-07
-1.652024980526935602e-06
-1.123200339000192619e-08
-5.556319392000859399e-09
6.781165513522346103e-09
-2.921194244165285540e-09
-8.988419714568880433e-10
-1.702532273460312699e-09
-5.718411125872034650e-04
2.166011123180825641e-04
2.075226595974627181e-04
4.722431945557345852e-05
3.801811691556277791e-06
8.452975680581746971e-07
-2.099896246270992248e-06
9.413407751025147990e-07
-1.378045333350274004e-07
7.101985193843391032e-07
1.468731542633399464e-07
-7.510600393575126282e-09
-1.417492066348631579e-09
5.652979836382473207e-10
-6.622600733093347167e-10
-8.822928689081038331e-10
2.247852683742426663e-04
-3.735088788039771690e-05
-3.052182432278518310e-05
-3.022210914448892098e-05
-2.474753292718422408e-06
7.143118248421206799e-07
-9.595257997921104550e-07
2.747086423639976920e-07
2.157403069212444980e-08
5.142268642854957230e-08
1.264135794141177872e-08
-8.873905091342941231e-09
-5.298558079785038796e-10
8.337034013690768412e-10
4.664096430848710338e-10
-3.895381656798689352e-11
-5.397530434740484653e-05
-5.874027153901315447e-05
9.092978331532602750e-06
1.231113659936534315e-05
7.131224156308790277e-07
4.853895886047746109e-07
5.314407431701066570e-07
5.580806744965238067e-08
-5.839284490305044757e-08
-6.223269105741745471e-08
-6.334899258510061234e-08
-6.619137235541309209e-09
-1.054149552437059151e-09
1.753350112187713918e-10
-1.001458891446678886e-10
6.317851130147009251e-11
-1.586437698475133529e-04
-1.839013590883354146e-04
4.228063549291725633e-05
1.329340687155629196e-06
-6.423589030076129010e-07
-1.751360924831692490e-07
6.889373063628915944e-08
-7.399113336043512093e-08
1.625225599306714518e-09
1.871190720167377029e-09
8.706422676969866764e-09
2.894251128387223085e-09
1.034463102510022823e-09
-3.357432789636810921e-11
-1.217052781561208412e-10
6.206856169627028018e-12
8.901998170729275115e-05
7.319255160799802064e-05
-3.084366460999000346e-05
-5.195221099484301489e-06
-3.152973973505317127e-08
-3.667294149968269330e-08
-6.108944329056874075e-08
-9.664545326444782037e-09
-1.214930418538623435e-08
4.771857300350899599e-09
-9.160541525854879539e-09
-2.788608553252885590e-10
-7.162546279637756327e-10
-1.652339491144893765e-10
-2.568118274804741250e-11
1.695978504450210442e-12
-5.335222141924716804e-05
-3.982126738527044319e-05
2.645932868104308798e-05
5.328886047868903148e-06
6.548485272573396417e-07
7.017243041203932217e-08
3.508299913372549221e-08
2.072439516593871183e-08
1.800463300891081331e-08
-3.405051575761878869e-09
7.032656356412119301e-09
1.962321444241434462e-09
4.412567184443129466e-10
1.122090615914502295e-10
4.228227770142639676e-11
8.900338110541023597e-12
-2.886046355653463407e-05
-2.780388942832217922e-05
1.920942701318898056e-05
-2.138159091160080983e-07
-5.575137135841553619e-07
-1.032561695388992612e-07
-2.862762470163858967e-08
-1.617102123623283007e-08
-8.223851144702817500e-09
-5.650506111243375713e-09
-2.751341463499610944e-09
1.659595571999609199e-10
-8.361653577183726750e-11
-5.076770237999497255e-12
-1.177166540242125159e-11
-2.231822527142665489e-12
-5.049779110037721923e-06
7.636271037565352905e-06
5.738408582252003296e-06
-2.013532497248115336e-06
2.167540476885763183e-07
6.066970252815015344e-08
1.985998981262141681e-08
1.005139620869679072e-08
2.605238998619407933e-09
1.048399426643006766e-09
2.729661440752683140e-09
2.537402778158197087e-09
1.840254150362774852e-10
7.297585606628214901e-12
-2.038950523935512065e-12
-2.546658813027693264e-14
8.482991446752134734e-02
3.591236921292313700e-02
-2.402803490549032181e-02
-1.693624936566448655e-03
-7.878943514776316694e-05
-5.354968189266921564e-07
5.828922047967640526e-06
3.387258275212689233e-06
2.419999430115350179e-06
3.369645596838284910e-06
2.804204538454072262e-06
2.982885959581415859e-08
-6.116092500480687901e-08
-1.312223432825570743e-08
-2.024964746188174999e-09
1.252508417013289546e-10
-4.471558499378729511e-10
-1.250021995711939407e-02
-4.005370629205748552e-03
3.000459529756938862e-03
6.974764663496287693e-04
6.218334012691859774e-05
2.465456840150755851e-06
-1.168472787910707357e-06
-1.435110463270221698e-06
3.805548852427008365e-06
-1.119256620921143247e-06
1.198210404909439016e-06
-1.049257988342672652e-07
-2.134825338503476584e-08
4.408384628360554680e-09
-1.654432723192946077e-09
-2.787277291037629877e-10
-1.232359849860272471e-09
1.249924436048295475e-03
7.062663145029936251e-04
-1.989108031663003990e-04
-2.133206214155446156e-04
-5.108301079934068873e-05
-5.415153891641192903e-06
-1.337370999844260649e-06
-2.318857647715059431e-06
-5.597403385215299283e-08
-3.402712095342525390e-07
-7.163441974491792942e-07
-1.270609201119658472e-07
5.527012021631999045e-09
5.067582325223872200e-09
6.128782536841540800e-11
-3.575360048802740604e-10
2.198754195215998602e-11
-1.687840460567138919e-04
-1.923066130578452370e-04
4.038179318223664599e-05
2.935042691680631442e-05
3.099500507699526531e-05
4.663935698682370633e-06
2.391467904064831405e-06
2.230833847634323867e-07
-3.455746688640162052e-07
-8.247412540854732822e-08
-6.218132294243005558e-08
-1.169579701042318291e-08
1.602151063932674610e-08
-9.031974825453865186e-10
3.132556478578655885e-10
-2.999138741076639691e-10
-4.728597955860302064e-11
-2.740104544734102743e-05
6.870364167757618242e-05
6.148022066784684340e-05
-9.472200514572097575e-06
-1.405658970457466542e-05
-2.618177175623936412e-06
4.829889947357978966e-07
4.064204409278709299e-07
9.674959248402591840e-09
1.145983972166764036e-07
6.717890732524160908e-08
5.621874180771449395e-08
5.754488758557080932e-09
-3.109797370894668648e-10
1.918927885064300883e-10
2.178647012506386504e-10
1.740747237095083629e-12
-1.121438612135114345e-04
1.324091787756494210e-04
1.820229243445376248e-04
-4.164063292954778999e-05
4.000058458623908280e-07
9.073873115148810612e-07
-3.663368585566310574e-07
-1.401400331080194087e-07
1.601784199329864341e-08
-3.206435251159381308e-08
-4.663953412956054306e-09
-6.453198147374489277e-09
-2.963356038084541831e-09
-1.017862264195602730e-09
-1.369812853844844961e-10
-6.174749429885418473e-11
3.726578552841449204e-11
2.934113711691909229e-05
-8.348685933911635204e-05
-7.307424625561916639e-05
3.034655664016370813e-05
4.463126961744724454e-06
7.131079022549097188e-08
8.792830958455153289e-08
9.564072116048844059e-08
3.732784271293536071e-08
1.799308697060480251e-08
-5.902995035681967706e-09
8.315565678652101589e-09
1.623522308407514104e-10
5.537077457992649507e-10
1.552125850098608321e-10
2.200232315317857731e-11
-8.611776906260852218e-12
-1.093273616141197538e-05
5.197586557847624103e-05
3.983623730564202469e-05
-2.624537180537451350e-05
-5.143761728893900834e-06
-6.526094824030455854e-07
-1.206683790316083884e-07
-6.142140227836119878e-08
-3.159753513207790383e-08
-2.052488402324525379e-08
3.201526539575530304e-09
-6.789759741139282074e-09
-1.763430142114537085e-09
-3.627713669363561538e-10
-1.131503139258926355e-10
-3.309717202196783939e-11
-9.355352124344078218e-12
-6.338439032145613732e-06
2.815337625735706446e-05
2.778003993200789731e-05
-1.918887611481478360e-05
2.119486248114163766e-07
5.704236302605404864e-07
1.243375955422812111e-07
5.190758187878403628e-08
2.936656879762530248e-08
1.107296784844765145e-08
6.483625761954348209e-09
1.892145735827638923e-09
-1.033176366387033597e-09
-6.243570867819876395e-11
4.381217794417006381e-12
1.757371039814005539e-11
1.677226989725540940e-12
-2.977489064548893346e-07
4.712340192919643865e-06
-8.763359675422468874e-06
-6.320376378300169998e-06
2.084652295431405298e-06
-1.825257275812857486e-07
-8.890897768589910513e-08
-3.487495556680993910e-08
-1.419311863088305934e-08
-3.953227374633491984e-09
7.797507455644555704e-10
-2.280272061452530500e-09
-8.197456079427662207e-10
-2.301477363872108831e-10
-3.746555700846802407e-11
-8.248970582192677999e-12
8.825490283625652774e-13
-1.499713626870894101e-01
-4.285688851695237944e-03
-1.033820584854605004e-04
-2.527665653242282110e-06
-5.509045499452708497e-07
-3.283317491839563598e-07
-2.148098394400182538e-06
-2.216346149530785014e-06
-2.276943543469486481e-06
-1.186312982742630900e-06
-1.816004039162320096e-07
-8.436151567309261946e-09
-2.295575980360967896e-09
-1.881221625267778159e-09
1.634766345060247632e-10
4.170972580148038897e-10
5.086179513502971788e-02
3.933056468176660513e-03
1.824987464813524938e-04
7.706616218297543408e-06
-1.495095398543359694e-06
-4.146115441937708775e-07
-4.607516816016653037e-06
5.444135675743667000e-06
-3.186003374889988348e-06
-1.258716151795563783e-06
-1.048066308391657859e-07
-1.146675195761182739e-08
4.847549480868915633e-09
-1.233410246808969077e-09
5.495425429635750218e-10
-8.556135998522348494e-10
-1.410797100694342887e-02
-2.685051866628596507e-03
-2.368073053230424407e-04
-9.600426710174530428e-06
5.096328061267325989e-07
3.321800962898579563e-06
2.855053262473892554e-06
3.832835580929647315e-06
7.881157452202037534e-07
-1.546294354991124080e-07
5.849584582472138148e-09
-1.457591853878276978e-08
2.877153212459773510e-09
1.979674483991774028e-09
-6.104728705874720741e-10
-2.296020564945471563e-10
1.222731434077395244e-03
8.234964304189994373e-04
1.533550250792137552e-04
1.221415429451919847e-05
-1.182485012031476758e-06
-7.648419986541213589e-07
-3.063330384562936891e-06
-1.521076704546627121e-06
1.339305720467907597e-06
2.334246335918214500e-07
5.015648629363161134e-09
1.913991342746726944e-09
-4.805423272910548749e-09
1.032333560094163582e-09
-1.247880263927462396e-09
8.794660389614772255e-10
-2.086486304857716897e-04
-1.533437331042487872e-04
-8.627606700249212197e-05
-8.222968653927077121e-06
-4.318249521260224901e-07
1.243290017712043973e-06
1.374899855884665099e-06
1.803069403418034916e-07
-1.616688791908689761e-07
-8.240108291366106593e-08
-5.342623779331094388e-09
6.887356302899260752e-09
-5.171911257395051509e-10
5.628634684116604105e-10
-4.833304653152000967e-10
1.495547181104163200e-10
1.251025494350791487e-04
6.116442429304085916e-05
3.962023721410583109e-05
4.783558321985118096e-06
-2.390510074016719729e-06
-1.722661025151762689e-06
-4.655658233926728222e-07
-6.659505245180062274e-08
-1.267498601619596761e-07
-5.371000589939263378e-08
-9.348391078795032424e-09
-3.370617915839707442e-09
1.395749279111983781e-11
-7.014549160086779641e-10
3.650373874353882579e-10
-3.236069498321235312e-10
3.134015870887073372e-04
1.361260466448146968e-04
2.566642675026044597e-06
-7.272293387003696310e-07
2.153172796094790591e-06
1.223962711516361022e-06
3.682971711134525366e-07
1.014086371102924629e-07
6.866902500460080738e-08
3.011554308165956758e-08
1.152564873822778205e-08
2.063020370585593798e-09
7.207234317187459101e-10
2.717282596148339512e-10
2.100641175486357497e-11
3.589583360759988888e-11
-6.566509344161886540e-05
-1.045662215058802490e-04
-1.627832913671807926e-05
-1.713002201806920210e-06
-1.168856428544790269e-06
-6.791909460703188484e-07
-2.874456655148120084e-07
-9.905383961524541838e-08
-2.777866650164144863e-08
-7.427545212149614133e-09
-6.595971695863510514e-09
-1.384020945443867304e-09
-6.867315140535142928e-10
-1.167867794677302079e-10
-5.282156109202426433e-11
1.630102928804473363e-11
2.256659655316254452e-05
8.731747814795999161e-05
1.850239543718004400e-05
2.766884303992194545e-06
7.913996082800985624e-07
3.703107176088918498e-07
1.777971135051449860e-07
5.869216344695300450e-08
1.423677789519327071e-08
1.165400202064493451e-08
5.855994764774264260e-09
1.071592878579012716e-09
5.303929068835070892e-10
1.035950879469206128e-10
1.860639088844582646e-11
-7.160480934517816321e-12
3.020843740573031811e-05
7.028760480824002954e-05
-3.085674041117927014e-07
-2.080640082346984461e-06
-5.494108190155622723e-07
-2.126559305339644408e-07
-9.688655700616373338e-08
-3.541769916206669153e-08
-6.706392672380658624e-09
-8.971991419705127762e-09
-3.464149514891618129e-09
-4.128985058979993189e-10
-1.546053457644622188e-10
-5.564595822705049541e-11
-1.338781824662894577e-11
-5.017203160474921179e-12
-6.680576573615045948e-07
-2.377563125705043831e-05
-7.772521697083864680e-06
5.585710140822132599e-07
2.862412307258707762e-07
8.849298642151730303e-08
4.160014792872955211e-08
1.795725340479338390e-08
7.622595372585202845e-09
2.632458036768461134e-09
4.222223708205338715e-09
4.588184426899837034e-10
6.043042784768158540e-11
1.331219688875234739e-11
1.365523273637758632e-12
7.743590570944467201e-12
-1.830597264493393772e-01
-9.059215000789552774e-02
-6.046776615173696939e-03
-2.712459311059574004e-04
-1.114631943000228009e-05
3.653549672374650955e-07
2.836594276531136315e-06
6.819026917584801052e-08
-6.177857157595293573e-07
2.115908972390266065e-06
3.488507094949334028e-07
-1.331506837126993060e-07
-2.352877813898254952e-08
3.195717529791287196e-09
-6.649428424183885281e-11
5.377777018168411787e-10
1.476700345227457985e-09
4.093123399551762062e-03
1.292567308881964472e-02
2.501546512194363636e-03
2.244520073084658833e-04
9.228418144113049448e-06
1.344630578327697959e-06
5.758029186126385326e-06
8.907360668071574592e-07
-1.054536904640672703e-06
-1.549051580577881907e-06
-1.232248327229019821e-07
-4.978928807919301702e-08
-8.408855789909633740e-09
2.814507350356430902e-09
4.246485994851062750e-10
-7.390363823344260780e-10
6.670426308729835748e-12
3.279911325577871458e-04
-1.139529176733883624e-03
-8.228390719305287131e-04
-1.512127102515249807e-04
-1.160020707325042026e-05
-1.005819921196558145e-06
1.759750351364428376e-06
-2.139786551199964846e-06
1.320829470885928580e-06
-1.494685099880626812e-06
-2.123246725119828628e-07
3.448526267178445170e-09
1.157661035098325709e-08
-2.138196223092054104e-09
1.018431190238553817e-09
5.931501049320276650e-11
-3.698794338701808170e-10
4.536785434507196356e-05
2.172107136508081150e-04
1.565136545531957944e-04
8.405372760042216268e-05
7.579226615780575467e-06
-1.052946430085676094e-06
-1.107506516344358714e-07
3.729838716112772696e-07
-2.707770834711019375e-07
1.670418803388841801e-07
6.474678614928922141e-08
-1.252020961878931456e-08
-3.210775390834041961e-09
-6.921799074394721276e-10
7.878613492331925065e-11
1.852042750225955597e-10
2.060882958219844325e-10
3.669795697968349195e-06
-1.221307560624400833e-04
-5.800409670082854678e-05
-3.875926174017110126e-05
-3.137991422136150250e-06
-6.580506907803367603e-08
-6.568207830475882525e-08
1.435891888984015746e-07
1.602834238634143039e-09
1.480421577483895914e-07
7.579443109140452841e-08
1.972271029639108969e-08
2.751106418854230569e-09
7.485684383202200420e-10
1.312967988499225490e-10
-4.445315409278723124e-11
1.495089657412726193e-11
-2.890573231745794782e-05
-3.152655895065772994e-04
-1.382028080125749828e-04
-3.309716022137887794e-06
9.595990374363842713e-07
-1.091631883850028416e-07
-4.253758478082792686e-07
-1.529949350428954461e-07
-6.535297838866865398e-08
-8.803774070737473106e-08
-4.629653005007817932e-08
-1.509408945738963017e-08
-2.669288382215579089e-09
-5.193716712398234158e-10
-1.022719498271698657e-10
-8.136469495374966298e-11
-7.084595126775307972e-11
3.872612155282057771e-07
6.519071148978783934e-05
1.051777657383764743e-04
1.653629107518229705e-05
1.063353433922086011e-06
4.522855790055814565e-07
4.199741284141854663e-07
1.918730684299105091e-07
8.586654806367318591e-08
3.815555300985773714e-08
1.460499357436439270e-08
8.082673596369175566e-09
1.839473191155603370e-09
4.394051850079669808e-10
4.086784058698105363e-11
2.542603934946813519e-11
3.427731419997476845e-11
1.048077951801284411e-06
-2.235178313269103344e-05
-8.750651392590955862e-05
-1.845826114406095040e-05
-2.413097772163327639e-06
-5.237811185712304184e-07
-3.048793269118066201e-07
-1.431660651907286029e-07
-6.034472557406872880e-08
-2.115100409013910539e-08
-1.484813525884122000e-08
-6.682406850399522977e-09
-1.277795743197341256e-09
-4.098190590631171824e-10
-8.010195592796001794e-11
-4.374685711096968558e-12
6.099419858298514799e-12
-2.578639326923811724e-06
-3.029676133715531960e-05
-7.018682956190009812e-05
2.385394435152740788e-07
1.855543733814809690e-06
4.718593050899321993e-07
2.033006157207306285e-07
9.795507738272152134e-08
4.338249277287964206e-08
1.244095743894423567e-08
1.219036775154477558e-08
2.720523617880672721e-09
2.342543657972078765e-10
1.768086040538383976e-10
4.558231164612547391e-11
1.086460741012799518e-11
-2.298351333565025248e-12
-1.400084042369255198e-07
8.161734776069566474e-07
2.375131722479474533e-05
8.254623187777477211e-06
-4.614755574040513424e-07
-3.482126032697688087e-07
-1.297525088785319048e-07
-5.995716270343327209e-08
-3.161975120864139176e-08
-1.681821628577220552e-08
-6.742632577868790892e-09
-4.072970169571312387e-09
-5.617018727238217886e-10
-1.375967633314087435e-10
-1.626416813804456261e-11
-3.979286782960079251e-12
-7.173062330553389186e-12
