1.319015753835234561e-01
1.029267767708750947e+00
4.233776669360881512e-02
1.248908708948455893e-03
3.291083456363067466e-05
4.303078272516177955e-06
3.490510621772480246e-06
3.996614201744949533e-06
-4.126830300803137409e-06
1.544993450523726176e-06
3.653934659755017974e-06
8.550453426921315994e-07
1.259024002763121329e-07
5.576564666311531280e-09
-1.119430004273309064e-09
-3.375018041913093033e-10
-5.939283788062291279e-10
-4.675990315843910061e-02
1.262892324812554812e-01
-1.312968774577038394e-02
-1.068151104228604303e-03
-5.451428510691834630e-05
-3.489428658078959546e-06
-3.484369754502853623e-06
-6.108890609580955543e-06
-2.507318861942395125e-06
1.624828446527349107e-06
5.099784264151449020e-06
7.248085740580559611e-07
6.222031646525046732e-08
-3.405215639624458729e-09
1.753475857071496900e-10
1.482042216459788829e-10
-6.705522023880028103e-10
1.241384581883081886e-02
-1.688206420575367106e-03
3.354179498578987659e-03
7.164596336253805904e-04
6.199436023575329903e-05
2.942201822316400277e-06
1.996019959492575929e-07
5.897563200647996720e-06
-1.790365149166927049e-06
-3.586548242541181705e-07
1.463623050253010037e-06
-6.542168021134616588e-09
-1.429501712029571719e-08
-3.117515126146561149e-09
1.400919133826145026e-09
-1.177608937630818099e-09
5.879302727241272541e-10
-1.151961081421445064e-03
-7.654881900442326702e-04
-4.026371158744166843e-04
-1.998183341186119994e-04
-4.372045462142591497e-05
-2.731303079410386038e-06
-6.846311704830445388e-07
2.353683302438261415e-06
3.151712500349836955e-07
7.279627507898278209e-08
-5.629016619379482043e-07
-9.734582759530367374e-08
7.051226371429754827e-09
9.248066558822196834e-10
-2.235366583961125818e-10
6.005662860460441446e-10
3.658948643647497559e-11
1.950379579994830290e-04
2.991008764342984244e-06
1.809464510355077692e-04
3.901776657225627032e-05
2.408137188213605955e-05
1.815956949136191953e-06
-6.854092468658074448e-07
-1.612415156251719861e-07
-1.341622651832119715e-07
1.827095781739289024e-07
-1.195282487888782158e-07
-1.509968223470528655e-08
7.087511109007857906e-09
5.725684802451054753e-10
-1.110765101242917629e-09
1.356179899304408400e-10
3.251938638465203061e-10
2.761361476487175865e-05
-8.953649518810123545e-05
1.400914682170911032e-05
-1.460034508959284617e-05
-9.254863224293106969e-06
-1.929538114368567110e-07
3.692493658287321656e-08
4.658261127072136432e-08
1.364647554318695778e-07
-1.491051833188038846e-08
1.027413875072847574e-07
5.867559965729387124e-08
7.475692089993124334e-09
7.085033526451613853e-10
-2.410286569701457468e-10
-4.105946850967877418e-11
6.710161119904904518e-11
9.869796498133360315e-05
-6.314020032813788953e-05
1.547830589503313770e-04
-3.619682274189482576e-05
-1.697557003685786510e-06
-9.031031103813414714e-08
-2.435477869515733791e-07
-2.893752289619296466e-07
-1.205922848105676726e-07
-4.031809664087069476e-08
-2.905739114387127144e-08
-6.567885249461424655e-09
-3.531986355278520726e-09
-8.019215271534846205e-10
4.194185583958230925e-11
4.585074557304843876e-11
-7.697806104375958695e-11
-2.311285447237334867e-05
6.570903169471194953e-05
-3.875609344587655847e-05
2.754118154051239586e-05
4.930330635552492802e-06
5.778205178109719932e-07
3.490072365581838651e-07
2.002786769714094443e-07
1.046427932702314056e-07
2.700818986855319247e-08
1.339672773607038191e-08
8.623085940429087490e-09
9.318460525288026211e-10
5.101646779595705119e-10
1.871467721824577860e-10
3.353847412210153180e-11
6.651733049089583243e-12
8.518351786431580924e-06
-4.189042908630151099e-05
8.986707614102936269e-06
-2.439528809907084769e-05
-4.918654471031627079e-06
-8.893620904581733847e-07
-2.529521583775954740e-07
-1.252192147277488573e-07
-5.576971304133216407e-08
-2.165796334186103429e-08
-7.181742140945022496e-09
-7.051236718892563577e-09
-2.170689276406807837e-09
-3.229696078394885009e-10
-1.157917440134143171e-10
-3.222991688604509661e-11
-3.565829983478623846e-12
4.861388268730038170e-06
-1.732981528197415685e-05
1.954085904044322019e-05
-1.184395077801741625e-05
7.578030080969198148e-07
6.446650584703250309e-07
1.845740215351040042e-07
6.797800243194124425e-08
2.599676066642763335e-08
1.188238157701284368e-08
1.094524380331553315e-08
2.392598786439843157e-09
2.152644083008464419e-10
1.006345852164822229e-10
1.664442594473853765e-11
6.296208521211414894e-12
6.883094592917990936e-13
3.257281425868377955e-07
-2.940221295418303501e-06
5.975983745149468122e-06
-4.563491120680138223e-06
1.154932279752474889e-06
-2.582647006720287278e-07
-8.808432132043651744e-08
-3.001752968589509668e-08
-1.017004202512854055e-08
-4.332995438873420727e-09
-2.943957560097786111e-09
-1.895547757724009322e-09
-1.837493938807852831e-09
-1.460463740756430204e-10
-1.962784827576457705e-11
1.342180507238482580e-13
4.861444323450882973e-13
2.401496237386845437e-02
-2.355622607917388922e-02
-1.662860915666951496e-03
-7.897446745024702815e-05
-4.026589940923037267e-06
-2.341337428352215954e-06
-1.324344157372586663e-06
5.295814709554871029e-06
2.577401711197132145e-06
2.407073859482678697e-06
6.843615694909128691e-08
-7.594917184008869215e-08
-1.162461966823622418e-08
-1.758192704340385199e-10
1.065934516213837102e-09
5.242620710908952271e-10
4.706107201212038739e-04
3.099254926818565976e-03
6.676305821737099589e-04
5.954457752956080700e-05
1.529730164587325538e-06
2.433546988055265786e-06
-1.430672669782721738e-06
-3.869832349347441290e-07
-5.796994716475618991e-07
1.079799818117610097e-06
-9.729752045942252582e-08
-2.126347393294500609e-08
-1.994670099357340924e-10
-1.637761075754549677e-09
1.544734375658859903e-10
1.210894711840396249e-10
-6.577353383735812199e-04
-3.878938125338573573e-04
-2.031041931871989165e-04
-4.313205017313185712e-05
-1.827383122196437414e-07
2.405954665923658621e-06
5.107111044592811491e-07
7.613394515067632758e-07
-4.344862894875708585e-07
-5.949444611805846069e-07
-1.238000120175115333e-07
1.122439822924959582e-08
3.853797367064300167e-09
1.381328397447318078e-10
-4.573425455817577887e-10
-6.625501875267325232e-10
5.930457969713668151e-05
1.894803699387821987e-04
3.919110433433975650e-05
2.485316663014129588e-05
1.616745398289981521e-07
-1.259617577392248356e-06
-1.449762349875765341e-06
-1.822911207756980421e-07
1.743440432737395946e-07
-9.253148351014037748e-08
-2.270691115303175185e-09
9.886336185102657113e-09
-9.415870492967409103e-10
3.926293630047842119e-11
-1.381166398794145500e-10
-1.819055049473576361e-10
-7.653985914346185168e-05
1.613155197969406751e-05
-1.626596181030771600e-05
-8.403671138029357972e-06
2.115995968504764860e-07
1.919986805870814383e-06
9.838019430841562857e-07
1.725716540299949527e-07
-1.186503963353337769e-08
8.235262236407507786e-08
5.221368745394151630e-08
6.276652275092172874e-09
1.992735531982786079e-10
2.183144072167966307e-10
-1.367101027731593398e-10
1.782191488104789624e-10
-8.355222575177677173e-05
1.535562032143830160e-04
-3.557977916435592543e-05
-2.619716207770626036e-06
-8.501098288472473442e-07
-1.001517798058964548e-06
-4.011681131619337164e-07
-1.462932538603388188e-07
-3.942842821293698725e-08
-2.101530021441746987e-08
-3.788719653481612312e-09
-3.328679349118772985e-09
-1.030570718431730276e-09
-2.327262519793866997e-10
9.938301251926614886e-11
-5.841837876803982023e-11
6.929529452628871314e-05
-3.879526258781180244e-05
2.761928593944429664e-05
5.449180718026978845e-06
1.051151913922304256e-06
4.960955310701268009e-07
2.533423869259499915e-07
1.101763521269491951e-07
1.875619050879405704e-08
8.561065164663728291e-09
7.261434968573387891e-09
9.117795716295998592e-10
5.416198470929608919e-10
1.989153660902312880e-10
1.315821807168185640e-11
-7.640097987041384269e-12
-4.278506841821867946e-05
8.943127266329077798e-06
-2.449340062004333517e-05
-5.153838757252734709e-06
-1.051279871754325333e-06
-3.420229571465798665e-07
-1.524855139269098085e-07
-5.685063986935561191e-08
-1.865473601450216938e-08
-5.163895331775791343e-09
-6.391665397980326344e-09
-2.148081198472889200e-09
-3.404073599019719032e-10
-1.210930490210515021e-10
-3.630604295297321059e-11
1.880446143655157487e-13
-1.791315011618387366e-05
1.950831298817610424e-05
-1.180350825953296175e-05
8.761441301293326753e-07
7.145981356346219831e-07
2.229851575784604999e-07
8.921545975368129316e-08
3.442852621694079920e-08
1.262698347170418367e-08
1.013265059764793503e-08
1.627350379255828210e-09
-2.405048507423945915e-10
3.490404407612135914e-11
2.994410110714751362e-11
6.939571519392408288e-12
7.941063174169061033e-12
-3.307617411900311796e-06
6.125444490752990339e-06
-4.830146450838003864e-06
1.081448724346757570e-06
-2.917511753662132944e-07
-1.369179789189656405e-07
-5.109429256459716419e-08
-1.647950778132537653e-08
-7.151115623909289430e-09
-4.381418061029944496e-09
-1.665946486056856385e-09
-8.594366961071447948e-10
-2.065247352961510297e-10
-4.577567649043813895e-11
-6.866521013872154389e-12
2.055032173043740492e-12
-1.021403896827190794e+00
-4.214754738764626280e-02
-1.242265692110684945e-03
-2.910848831388066388e-05
2.786552033682258030e-06
5.111296283391980430e-06
6.017413842888688547e-06
3.923624308232218835e-06
-1.187529710912967104e-06
-3.640929037927785184e-06
-8.490491001699861324e-07
-1.221690218595103352e-07
-1.416493204129748304e-08
2.582095317191789901e-09
-3.053676804449951239e-09
2.526297290537471333e-09
-1.330498560268100483e-01
1.279104499640382892e-02
1.055980455476476614e-03
5.300558436182458642e-05
1.780998018372291293e-06
-1.423869735998737867e-06
-6.690751341109114733e-06
4.932002545378116969e-06
-7.581992838238822062e-07
-4.947621122262958026e-06
-7.042417019313307659e-07
-5.110960998173724884e-08
2.151423894155081824e-09
2.946167850913434156e-09
-1.174177636224327068e-09
1.205669558333399747e-09
6.174299907602986102e-03
-2.991648374050163203e-03
-6.982295395217627413e-04
-6.309480701037339251e-05
-1.664685442437444920e-06
-1.229798496540401208e-06
-1.644538341481681960e-07
-2.209341406133138572e-06
6.042630169579189512e-07
-1.511397716829364708e-06
-1.597538519918226528e-08
-1.241963904833539667e-09
5.559712457716020970e-09
-3.080968475489209391e-09
-3.553879711280804378e-10
-1.075436493206841962e-09
-5.115677162693411375e-04
1.808860805645561411e-04
1.845624288736642425e-04
4.407440467839644321e-05
2.712365925838089572e-06
1.382370417883347143e-07
-1.697495199061946380e-06
8.702455422034164204e-07
-3.087991979837238531e-07
6.443257419598598622e-07
1.219671249624099480e-07
-7.204124376034605958e-09
-8.726499390472736592e-10
3.300882224000679344e-10
-5.052035271409265005e-10
-6.628723352997051828e-10
2.764511169389711879e-04
-7.409414870468850880e-05
-2.976937009183953838e-05
-2.611651133592915691e-05
-1.932373442462443914e-06
7.174336130885999271e-07
-8.882772925904566430e-07
1.965690661973267733e-07
3.256038758846071750e-08
5.801426647417370716e-08
9.125066231640624819e-09
-7.386884602793804847e-09
-7.762918437641990544e-10
6.660456773887846546e-10
3.361822990701528631e-10
-1.034184849648081706e-10
-5.632106426745662982e-05
-5.749544233778877049e-05
1.076615541857555656e-05
1.027619361454843847e-05
6.656413762338466181e-07
3.064314461082027707e-07
4.082491262832796596e-07
3.796524080236781458e-08
-2.972859787946511251e-08
-4.714615388306385269e-08
-5.499938396283916741e-08
-5.782909217648758216e-09
-9.689827362085846812e-10
1.139387273849556575e-10
-6.647698129165788199e-11
4.158239044482689196e-11
-1.362814152261852547e-04
-1.605524554255692224e-04
3.687425647867496095e-05
1.163305141780286812e-06
-5.748676109156865801e-07
-9.624648706291073190e-08
7.403364957263049327e-08
-4.875786910269615406e-08
1.071542193872824099e-09
-2.841430380004449628e-09
4.226894783505719095e-09
2.317373499710543562e-09
8.698750378205496192e-10
1.033656122012074392e-11
-5.780680036245370962e-11
7.591780354025731319e-12
7.413929964871109318e-05
6.065566673939255224e-05
-2.587623251476905647e-05
-4.315864923339216756e-06
-1.883635552346840096e-08
-4.574401073114120366e-08
-5.743321907977524629e-08
-9.407235121176219036e-09
-1.292951630187230377e-08
3.954438693835620372e-09
-7.161079089413060893e-09
-9.775118598955081997e-11
-4.729795637167691561e-10
-1.409292405076428864e-10
-3.768898887284293904e-11
3.334285851550825061e-12
-4.314487959030343761e-05
-3.300781028123508432e-05
2.131898299240303995e-05
4.283763074887472900e-06
5.134185898097763266e-07
5.279753114008449927e-08
3.146986526605943113e-08
1.517982426187479510e-08
1.530501600386238971e-08
-2.473969763567522091e-09
5.981511883132235666e-09
1.629141471325785807e-09
2.694394246573089724e-10
9.196040477908874422e-11
2.721262921531412588e-11
7.184019890033871365e-12
-2.078378080964896288e-05
-2.013225397025312228e-05
1.388624252594078268e-05
-2.289721841803343993e-07
-4.238101519539583628e-07
-7.806203322692359583e-08
-2.143456547333852807e-08
-1.270052528075295133e-08
-6.252454102597150583e-09
-3.522930507008230775e-09
-2.163326984521079718e-09
7.857300341632481174e-11
-5.949750383950994738e-11
-9.520960938263858473e-12
-8.095164155007218268e-12
-1.785052147810695440e-12
-3.605218899900229014e-06
5.490561432940554132e-06
4.185425583930912856e-06
-1.423508279028520523e-06
1.592657544881991645e-07
4.591202010909765918e-08
1.233749550873853354e-08
7.572702961325776622e-09
2.401498174821340431e-09
3.594070762426542549e-10
1.593645769646650516e-09
1.749379390533846013e-09
1.187570355454663282e-10
1.056078701663991474e-11
5.432926531792902074e-13
-6.553181389679599452e-13
8.149465750264908714e-02
3.446723000588886726e-02
-2.307057155148939040e-02
-1.646518518186592620e-03
-7.932638128269059322e-05
-1.602940814949392823e-06
5.480247512082244400e-06
2.001015645136702527e-06
1.644695092010018799e-06
2.735234947328533072e-06
2.464282503332455788e-06
8.652672500200422506e-08
-6.562450324934221769e-08
-8.055641675230085896e-09
-4.285497708097676157e-09
8.066070106982402025e-10
-7.394265374424884398e-10
-1.148626306971208856e-02
-3.697923153080468102e-03
2.753755634711408523e-03
6.485128397314991397e-04
5.975831750808265058e-05
3.581977827528282064e-06
-2.153279035567574559e-07
-1.856118186366396818e-06
2.826246916129663038e-06
-8.450929486501462853e-07
1.098256744207254705e-06
-8.956917997256317746e-08
-2.175429494838935494e-08
4.794334100180886606e-09
-2.738707060960485400e-09
4.576619632290629345e-10
-1.376602749804990961e-09
1.089633932461320622e-03
6.302500535289705949e-04
-1.659150958247292682e-04
-1.875647761165335711e-04
-4.493604297303039881e-05
-4.599208419378213013e-06
-1.312058734093717973e-06
-1.682718012409991380e-06
-1.635006521458161769e-07
-1.066312674608497282e-07
-6.126033649202037759e-07
-1.216580586210079378e-07
7.358742021699914959e-09
2.801020342664157443e-09
4.238457177352174814e-10
-4.353613843399686020e-10
1.982037270410582833e-11
-2.163773856603793018e-04
-2.210586996365502155e-04
7.949166551387247407e-05
2.890617448060470537e-05
2.658633850337196891e-05
4.465029910635346600e-06
1.619327190216560973e-06
-2.358630342957324976e-08
-2.207207959853916292e-07
-1.128546981958238829e-07
-7.125067904172904586e-08
-5.927319268086624966e-09
1.268055355233562088e-08
-5.349743376377244362e-10
5.392878695485344679e-10
-3.468383587959963785e-10
-6.327289162042972648e-11
-2.807016861901305698e-05
7.092481631371650688e-05
6.042745046361247253e-05
-1.071711772904831783e-05
-1.212199163287005221e-05
-2.441220182956663327e-06
6.788739691955212387e-07
3.404018049181674460e-07
1.510142844757340524e-08
8.006750964576838161e-08
4.866653598748697347e-08
5.031706191999128588e-08
4.800263878424787596e-09
-1.312376893448036284e-10
1.303396259682284222e-10
1.940681099408457710e-10
6.394694561335054539e-12
-9.762508221532062587e-05
1.137944821418917070e-04
1.587159730464509234e-04
-3.645582292667502803e-05
4.115749620910983131e-07
7.935791319954643677e-07
-3.726434357855877480e-07
-1.138341248189556830e-07
-1.868702688995070845e-09
-2.682750184902334912e-08
1.206895852226083194e-09
-2.590249928631543954e-09
-2.183242795292981316e-09
-7.384697094743636184e-10
-1.930956260367757062e-10
-6.000137968023158977e-11
3.747455395279702193e-11
2.400152843475744492e-05
-6.960021685089024239e-05
-6.039743609853035264e-05
2.549667499353776301e-05
3.711791586909218244e-06
6.196484595536897030e-08
8.332585415980858212e-08
8.777903993841536536e-08
3.312540253247782210e-08
1.761002590347848987e-08
-4.734592958342332366e-09
6.425176402786029116e-09
-7.627026304947359681e-11
3.116839725441934351e-10
1.471647483944918819e-10
1.886735627256474954e-11
-4.213222269800357811e-12
-8.882310544139657721e-06
4.190925598137772487e-05
3.296459032237077736e-05
-2.113797349273675082e-05
-4.137273984374394321e-06
-5.210455559761060972e-07
-9.622460000307351986e-08
-5.373887499124264432e-08
-2.450762083735431018e-08
-1.703587977998214237e-08
2.323990496385507455e-09
-5.692691572176408019e-09
-1.439283925593708913e-09
-2.083073996161761766e-10
-9.157862911522894660e-11
-2.188189117355375229e-11
-9.734923651878713337e-12
-4.615100396410397873e-06
2.028917183527226357e-05
2.011619013194137175e-05
-1.389197391091818261e-05
2.257443651268331123e-07
4.388450979686342588e-07
9.287920322240916254e-08
3.817042594636707863e-08
2.223246751494756258e-08
8.182129265271501859e-09
3.998237828787376062e-09
1.712576261317088237e-09
-6.674073315135859115e-10
-3.512065006412003387e-11
6.315087756672460709e-12
1.126225809810560759e-11
5.585180709544208057e-13
-1.998987507464033703e-07
3.344452810204637273e-06
-6.255856464070583408e-06
-4.577272330714600609e-06
1.471251545844424815e-06
-1.371580540884000645e-07
-6.682861467956530732e-08
-2.260641609166248863e-08
-1.046199818879243796e-08
-3.601177538204669382e-09
6.696428563522327575e-10
-1.417168352855248255e-09
-5.699941924088286967e-10
-1.462149594341474035e-10
-2.733455286693574162e-11
-6.097567020709490637e-12
1.824999582040762814e-12
-1.508463886039502488e-01
-4.389618538044333558e-03
-1.093299957874188004e-04
-1.900664488220763470e-06
5.659126122610863274e-07
1.087070460064121169e-06
-2.456924689255467065e-06
-1.435166163734261109e-06
-1.882176335132049237e-06
-1.249395110814996997e-06
-1.523701992819900674e-07
-1.584290923228824992e-08
-2.135211309255632865e-11
-2.166399813956941365e-09
4.363841259399872841e-10
3.342657774688764845e-10
4.888652536325978348e-02
3.818896930309499584e-03
1.811382501894617987e-04
7.516676204789897227e-06
-1.413515176807374327e-06
-5.980539675548513961e-07
-3.747785830429164475e-06
5.074940733721385515e-06
-2.823941185097019555e-06
-1.186416493758422702e-06
-9.123263858589777595e-08
-1.308233043178341288e-08
5.115745827943216724e-09
-1.838709709194523059e-09
8.753073654493558354e-10
-6.281068736409616425e-10
-1.296991126460818843e-02
-2.493687612529181530e-03
-2.249943760204032174e-04
-1.047461481086928513e-05
-1.276176364770768829e-06
3.448191223266537874e-06
3.185743444861219363e-06
2.898836594998114471e-06
6.988750435392368312e-07
-1.017531282242062056e-07
-3.869453470116890611e-09
-9.147031890325323045e-09
8.534681755417653419e-10
2.243331405675019395e-09
-7.752522336427524503e-10
-4.764347769389833851e-11
1.051441025162662716e-03
7.276573866731521996e-04
1.385293503277832501e-04
1.015641719674182127e-05
-3.089707602196602045e-07
-1.145587065087416841e-06
-2.881261828647158444e-06
-1.431802438904269239e-06
1.186676330532356724e-06
2.165129745305534724e-07
1.483067166826936344e-09
2.074088408587691643e-09
-5.025952289095398245e-09
1.492312756542823114e-09
-1.357114780352849063e-09
6.843818268267451798e-10
-3.360136062300348911e-04
-1.445086059338519281e-04
-7.379863508725070657e-05
-6.948407545963647350e-06
1.690304745399346649e-07
1.589776649063914253e-06
1.069988064483142120e-06
3.326657425383563400e-07
-1.083294555538875890e-07
-8.327214840623917235e-08
-3.905279879202984043e-10
3.931855518564617477e-09
-1.046075874002029285e-10
2.871494172353523274e-10
-2.606371465273111854e-10
6.851492703895282547e-11
1.399156666257050810e-04
6.386986085252483825e-05
3.352903704110550423e-05
4.159947697901616903e-06
-2.603082927940989352e-06
-1.629015434360801167e-06
-3.827599665291148568e-07
-9.502361605953322210e-08
-1.150711993891510027e-07
-4.488971025361141901e-08
-1.017920771707989468e-08
-2.072821124700750694e-09
1.037075146597793118e-10
-6.748858749142894695e-10
2.943858959141729934e-10
-2.164688022295818043e-10
2.724923279724914969e-04
1.180413872296092619e-04
2.372548891648912523e-06
-6.189458160889238315e-07
2.002017874447478500e-06
1.033631568836271071e-06
3.322182080669209539e-07
8.796582071554537972e-08
5.080659191751214831e-08
2.160236480284244500e-08
9.543615494434382235e-09
1.551586033853690659e-09
6.350982381983795600e-10
2.438454961858874146e-10
8.292888860926923374e-12
2.440376609861926804e-11
-5.464592630390185794e-05
-8.766740144288032068e-05
-1.360409295051433784e-05
-1.420085790571263882e-06
-9.853409902233754513e-07
-5.647492414579690864e-07
-2.409864595898487658e-07
-8.086479306021528768e-08
-2.170633941441468918e-08
-3.440993741425676224e-09
-4.926425013753552284e-09
-9.450622609701628951e-10
-5.816409342768337282e-10
-8.877718229913175246e-11
-3.742253452386483705e-11
6.440554927061944447e-12
1.924253984723920064e-05
7.055557934475720390e-05
1.485467438189358035e-05
2.203035994333432229e-06
6.196983416756436531e-07
3.018773252721826935e-07
1.412864672882677438e-07
4.726814590081756745e-08
9.436021017831333280e-09
9.371708971220044933e-09
4.518670660894042152e-09
6.303384057289621638e-10
4.190326861779163771e-10
7.038917991930985640e-11
1.573799397088025113e-11
-4.117941032166139394e-12
2.215009223479951303e-05
5.098975024867175054e-05
-5.083348192063910760e-07
-1.591884509493331241e-06
-4.134306603288657056e-07
-1.649240260362049311e-07
-7.363016442265188217e-08
-2.765178787647587204e-08
-4.037827558476462963e-09
-6.447448729523625890e-09
-2.879493400576959510e-09
-2.055610625460729924e-10
-1.189623318251899800e-10
-3.793294579890538099e-11
-1.196908285305204984e-11
-2.009680736868347837e-12
-5.636985939456285121e-07
-1.701807168075222067e-05
-5.504291195424002992e-06
4.215839385449638840e-07
2.078937504090311399e-07
6.329940491728656098e-08
3.003416586411532453e-08
1.297342181256042846e-08
4.859072779988078911e-09
1.814306713998250634e-09
2.952196055643771617e-09
3.304844682979291048e-10
4.412146072522132989e-11
7.687801886759617914e-12
1.895536983136401435e-12
4.054933466316920680e-12
-1.753536589420110481e-01
-8.703360509312456361e-02
-5.868758070095005282e-03
-2.704253783620821981e-04
-1.158273484414965532e-05
1.661518239455143555e-07
2.672705829264777119e-06
1.989044696501353736e-07
-1.136764369193312707e-06
2.021338564903777113e-06
2.876541717629633401e-07
-1.255358737455575887e-07
-1.579173636641860001e-08
4.811310599877393417e-09
-2.719505863359851739e-09
4.947538573518336943e-10
1.276353511889598533e-09
3.746522046845583362e-03
1.188171110925226835e-02
2.321445923716925104e-03
2.113138496118722304e-04
9.246663675600469670e-06
1.919281912421077037e-06
4.535420020690809589e-06
9.660791035093330420e-07
-7.275623464874800854e-07
-1.441982233423730931e-06
-5.439903351902183084e-08
-6.715677820036547076e-08
-5.312256980972300564e-09
2.361799531846243581e-09
4.911055568139175642e-10
-7.595471490010593137e-10
4.993630203975986627e-11
2.859771654900349546e-04
-9.838686407170572565e-04
-7.284176037316233716e-04
-1.376211542539206609e-04
-8.896904336859740088e-06
-1.545177524740675667e-07
1.574148599845854616e-06
-2.010993696622968060e-06
1.304102158751518896e-06
-1.348515621241096604e-06
-1.925028818571584371e-07
1.136282072192540118e-08
8.777113806400063150e-09
-2.060437561851924069e-09
1.293035604166039896e-09
9.693608664678161278e-11
-2.557357707461634557e-10
1.015373100569531351e-04
3.524194943356919298e-04
1.469948346780953943e-04
7.239429126837851444e-05
6.047996663570421439e-06
-1.230029871669199140e-06
-6.536583344827094948e-10
3.650584570281089231e-07
-3.758544859731641843e-07
1.277464564616677881e-07
5.278458732368841620e-08
-1.269048357938125941e-08
-1.915763394769497785e-09
-7.928907129992607391e-10
1.049402528384242638e-10
2.210505003631770920e-10
1.185937548201433314e-10
3.668933682220198213e-06
-1.364656251166677416e-04
-6.155130063655859694e-05
-3.235401283857446445e-05
-2.671684612944931592e-06
1.067879559248605565e-07
5.501344815771458204e-10
1.184417568796330726e-07
1.598828542802854087e-08
1.329425074360474390e-07
6.596960373949401845e-08
1.872447647978959284e-08
1.723360375015401739e-09
7.279536894896508117e-10
-5.628622602773384515e-12
-6.791044264714925277e-12
-2.028438248177890089e-11
-2.526128039902929338e-05
-2.740564744594303011e-04
-1.194547750247964814e-04
-3.180354147262353502e-06
8.149533752762183860e-07
-1.840954771255949666e-07
-3.976399062086594021e-07
-1.446454307415261600e-07
-5.471613296045273755e-08
-6.900374917591081293e-08
-3.448835360270749225e-08
-1.289672302999864690e-08
-2.069691384214699109e-09
-4.640210920774537814e-10
-5.993604652672778650e-11
-8.710752141063301338e-11
-3.098723068895547338e-11
4.092632051208932332e-07
5.410288079739464673e-05
8.808633715921663923e-05
1.382404413419859145e-05
8.868488777413028865e-07
4.020906215125118948e-07
3.617223311189640546e-07
1.613808253106112250e-07
6.968804098294521484e-08
3.077235940487336232e-08
8.984445299022359453e-09
6.334407641167702002e-09
1.323894514761215102e-09
3.673464681428365465e-10
4.332926403931894048e-11
1.684086101059247059e-11
2.365871469249027618e-11
6.537326844876513334e-07
-1.899973654101229877e-05
-7.069919392915911696e-05
-1.480899561824043029e-05
-1.919661075221314417e-06
-4.107324885240070314e-07
-2.488895950749337893e-07
-1.128804455327126411e-07
-4.835336040985287121e-08
-1.465754535677248448e-08
-1.200288463677785752e-08
-5.251660979854722539e-09
-7.927206500462923657e-10
-3.284813163938206345e-10
-5.695323163043633578e-11
-1.539347511946305247e-12
3.134612953730754397e-12
-1.965689033930799854e-06
-2.226706783184732909e-05
-5.091596070956585840e-05
4.452613049945083947e-07
1.422114658271696329e-06
3.545709982846768135e-07
1.543775246555451104e-07
7.268137012544485781e-08
3.311590215301383384e-08
8.064466945377269122e-09
8.944724936563503980e-09
2.458541881093503168e-09
7.851567940003065514e-11
1.352172472160870215e-10
2.671194950338391673e-11
8.802290605827045139e-12
-2.721078499476695066e-12
-8.156553918364457726e-08
6.632694975022422150e-07
1.700351417579575801e-05
5.841970214061824811e-06
-3.576999523787876992e-07
-2.529953698086488933e-07
-8.899938446531181065e-08
-4.204700973004045099e-08
-2.254740803766622277e-08
-1.110515662013619940e-08
-4.289403043424655113e-09
-2.875099675166859315e-09
-3.545827569490173824e-10
-1.045005786777826936e-10
-8.086793063260236607e-12
-1.126962227325663073e-12
-4.530012189494507396e-12
