1.307711551121087945e-01
1.029907080945714037e+00
4.201432089218217619e-02
1.212310771655492839e-03
2.907423755068944615e-05
4.481567494851398168e-06
4.389967648699022264e-06
4.177882836748200558e-06
-4.353134573528317143e-06
2.427167229020917745e-06
4.125011646854727817e-06
8.889840739981963676e-07
1.337983016457609499e-07
6.821421650744788370e-09
7.121034857912731842e-10
-1.579759853648640624e-09
-1.019006483631886421e-09
-4.930978761173186731e-02
1.338694052039700322e-01
-1.384752170888135098e-02
-1.105458824552613606e-03
-5.454513146371053027e-05
-3.742728731748349274e-06
-2.498860100822850172e-06
-6.303188390765633590e-06
-3.194958926128516694e-06
2.724126683081752880e-06
5.797485157474264146e-06
8.053377212315961473e-07
6.229048442985779176e-08
-3.278470892088148166e-09
5.058185948544921717e-10
1.088336545272761904e-10
-1.123707056339668894e-09
1.386399891765104607e-02
-1.909906179634033186e-03
3.736601956143037993e-03
7.908469526480746805e-04
6.651512714349630225e-05
3.847130271672621442e-06
9.797433317796411763e-07
7.500361812822049047e-06
-2.016284480363551727e-06
-6.580368702769263144e-07
1.644263122403482375e-06
-7.607973804522791269e-09
-1.071185653781189568e-08
-7.159271877382700381e-09
1.677773941437495885e-10
-4.767650239393808139e-10
9.812224700861892114e-10
-1.392740093666838342e-03
-8.949415713294007904e-04
-4.894476328999822646e-04
-2.349654748191689659e-04
-5.164487664557681151e-05
-2.535614132251070663e-06
-1.184323307942867934e-06
2.886307463579787988e-06
3.317200170105219133e-07
-2.430994828344446877e-07
-6.567835994936624629e-07
-1.246481178710511420e-07
7.717779377594057018e-09
1.579810326884912640e-09
-1.456158216087862369e-10
9.160575717336760269e-10
3.261680410061811813e-10
1.497808710811928464e-04
8.975271083462117640e-05
1.599013418392958286e-04
4.440257287436850036e-05
3.061199102857090889e-05
2.573001164943858724e-06
-9.709224160278560456e-07
-7.614406890589126029e-08
-2.210172036817491533e-07
2.351428372004979075e-07
-1.159980047414647218e-07
-2.109894457776490346e-08
8.310247515959861742e-09
2.999544276577466083e-10
-1.304036610271119170e-09
8.970465094218781791e-11
4.488479595188202148e-10
2.832392459166576868e-05
-8.731066260681768327e-05
6.698917122274406061e-06
-1.475709994466993226e-05
-1.204835683984756779e-05
-4.683491015826855611e-07
-8.564429825979322859e-08
-8.998993494513680541e-08
1.245628587704181185e-07
2.420019533161051788e-08
1.393831303793394106e-07
7.081846713869909663e-08
9.325489884598378198e-09
1.046156358900827463e-09
-4.394169315269539475e-10
-5.535083078123300017e-11
7.087812688447254647e-11
1.184489949927513056e-04
-7.920103927199992084e-05
1.855787137908825925e-04
-4.292669156053345039e-05
-2.030790816132598598e-06
-6.792572744586038012e-08
-2.022291382954816218e-07
-3.421901376990453225e-07
-1.199727969771634258e-07
-5.536860047452235842e-08
-4.491878746218125294e-08
-1.318267203862614102e-08
-4.893542110185176094e-09
-1.103878257510354709e-09
1.314709138439946254e-10
6.988771737960120700e-11
-1.193633626333444368e-10
-2.949220320120119103e-05
8.414481134363559960e-05
-4.943553707439724069e-05
3.460339272855213975e-05
6.290765299284961778e-06
7.494378682590639828e-07
4.243155534336534917e-07
2.522090305994415987e-07
1.346780338807501763e-07
3.828827645716248884e-08
1.790043394926640330e-08
1.203862403969860821e-08
1.764944201796031003e-09
8.418890468950783943e-10
2.201336128271425213e-10
5.968835053315532847e-11
8.346070583603043219e-12
1.081070491615126499e-05
-5.615906039655752874e-05
9.925771910592032693e-06
-3.234716260516591835e-05
-6.552160483848831662e-06
-1.223846886081993289e-06
-3.476151538536603766e-07
-1.653948048710105277e-07
-7.697061603396777300e-08
-3.207493843776500488e-08
-1.054406779016844235e-08
-8.921718486996173195e-09
-3.053268378103154050e-09
-5.749665630547082193e-10
-1.557415617120181104e-10
-5.732015751472265103e-11
-1.215296082679231219e-12
7.349199763978031640e-06
-2.631093882812217071e-05
2.884172739752412164e-05
-1.794978777533672766e-05
1.000839017587699399e-06
9.270382544697364551e-07
2.697789251796673770e-07
9.343136117484744992e-08
3.840392867440357729e-08
1.742927778806794545e-08
1.756270943230128696e-08
3.392618845726424575e-09
2.512871560768675730e-10
1.675926232838128367e-10
2.261168845421118990e-11
6.466856747282241869e-12
-4.570770764778643235e-13
4.891307805259081029e-07
-4.658492623597450857e-06
9.295043369842266728e-06
-6.775597502335671978e-06
1.784136314728487308e-06
-3.972867538019643953e-07
-1.331275748300113066e-07
-4.749306307589762366e-08
-1.615946717717580654e-08
-6.365811362041078731e-09
-4.866676783143251294e-09
-3.874797284106992460e-09
-3.018280464163884128e-09
-2.385470934566738679e-10
-2.589426615395222967e-11
5.251699705917416808e-12
-1.451426059722648354e-12
2.550828855165111070e-02
-2.483046175451664173e-02
-1.725941181792440193e-03
-8.043961380209581347e-05
-4.626183421908886429e-06
-3.262570989522004818e-06
-1.522254245464383016e-06
6.726708680309734164e-06
3.663117034820096329e-06
2.821488944614302733e-06
1.725746408531543414e-08
-6.603247220520832644e-08
-2.287712615934059956e-08
3.028467534944702425e-09
3.924626189353447206e-10
1.557760161240767501e-09
4.881455364102893924e-04
3.453039575841358733e-03
7.334743391434580184e-04
6.341054022787239646e-05
1.840458030294855138e-06
1.700036966901167115e-06
-1.120124980764999778e-06
6.557638837525002527e-07
-9.725346179186943764e-07
1.200088977469830637e-06
-1.149273744453232582e-07
-1.924215896721320642e-08
-1.744004604617348642e-09
-1.840218339942564847e-10
-1.172225824694318203e-09
9.605594537228407773e-10
-7.814006488062388974e-04
-4.699417157442922093e-04
-2.415372782172649831e-04
-4.959829192203172910e-05
-1.815549943561414741e-06
2.788353990389352272e-06
4.479802514423807204e-07
9.500690397776457467e-07
-9.054389755918511173e-07
-7.007169451083257461e-07
-1.324195592488858670e-07
9.408195543414650604e-09
8.007483019424778552e-09
2.924131628942608029e-10
-6.224403398004393044e-10
-9.023516953697133316e-10
1.143076665481102601e-04
1.692656184828047247e-04
4.255637446516023206e-05
3.022299366968084927e-05
8.006411805932511761e-07
-9.358753948486990685e-07
-1.262422855047989053e-06
-2.790406786103677731e-07
2.605667377693663576e-07
-8.197628348866881842e-08
-1.028026261799226795e-08
1.324830352429073246e-08
-1.685883144576039148e-09
-6.142827664783464809e-11
1.597394914472986458e-10
-4.217528226872211922e-10
-7.423682126863748643e-05
8.357040878048086104e-06
-1.672897902279111328e-05
-1.087618660127496144e-05
-6.078872471758127973e-08
2.027318978872310604e-06
1.147678716807761871e-06
1.582903694747721430e-07
3.497144619816637474e-08
1.176821356889255205e-07
6.148300000704306113e-08
8.864838904664223554e-09
1.356926482209449070e-10
1.965603073193497940e-10
-2.411787874027462192e-10
2.874700758450382674e-10
-1.028905415232135042e-04
1.838862379792116891e-04
-4.204663177900109361e-05
-3.074770355027351449e-06
-1.004767200716424620e-06
-1.140892292830450951e-06
-5.083414288258275863e-07
-1.480473582556602229e-07
-5.574895711273775062e-08
-3.665042841557660986e-08
-9.712817751417810394e-09
-5.079610839722155013e-09
-1.466657753511955646e-09
-1.826776304220901281e-10
1.128948236908219011e-10
-5.108500739314227363e-11
8.826397080692957456e-05
-4.957111462754871498e-05
3.469094349190897782e-05
6.915718435041624659e-06
1.360643337227641926e-06
6.229829016032637726e-07
3.159773478412012966e-07
1.406585260370026511e-07
2.710867844714558730e-08
1.193102181819575971e-08
1.059131559190547194e-08
1.876242013737650945e-09
9.473504103432648659e-10
2.078394745691370159e-10
4.264328854386675395e-11
-2.480871801823180972e-11
-5.698650613096873274e-05
9.934861280003249743e-06
-3.247375971668637603e-05
-6.883636451847568087e-06
-1.437279862775480467e-06
-4.631261290213147690e-07
-2.005482140329962336e-07
-7.811567569274246323e-08
-2.830862844924927446e-08
-8.015782546688729616e-09
-8.359251238605958096e-09
-3.105632424160862600e-09
-6.236353324271957710e-10
-1.562071871143672137e-10
-6.099960012375884495e-11
6.615429225209641183e-12
-2.720647769465523174e-05
2.875247557637256566e-05
-1.790647379261410757e-05
1.185799190528144700e-06
1.027416822780280118e-06
3.303574830798100680e-07
1.292393470951072398e-07
5.279165214839272318e-08
1.979862524888936904e-08
1.670587352266149818e-08
1.988209028122050743e-09
-4.839533576097310750e-10
5.861534852103623714e-11
4.711368688319111317e-11
1.112579155823223078e-11
1.241830867185678422e-11
-5.193188136131840518e-06
9.574280764709406253e-06
-7.193313960853602582e-06
1.665863065664630083e-06
-4.549173035122873897e-07
-2.140472357482826067e-07
-8.305995769936141528e-08
-2.824186991791281017e-08
-1.182524536543244032e-08
-6.487985142918811337e-09
-3.352991112152399022e-09
-1.489658571717043775e-09
-3.482223747336374981e-10
-7.548872489068046610e-11
-1.448702010995452763e-11
3.232264584637251921e-12
-1.022273121778719984e+00
-4.184107855433760736e-02
-1.206597620317840722e-03
-2.677061345081037193e-05
3.653443532287142876e-06
5.104870818269789152e-06
7.275288467764678710e-06
3.899598361431602451e-06
-1.918853287913229438e-06
-4.121598902087426607e-06
-8.883360380676985790e-07
-1.309346787521650164e-07
-1.301153466471334515e-08
2.247079841431575554e-10
-2.500968525027634702e-09
3.282123518465866375e-09
-1.408852986845989530e-01
1.350432389552860823e-02
1.094151464892527924e-03
5.389663276124667939e-05
1.207337398727350998e-06
-2.461250983049558851e-06
-8.063496174743561791e-06
5.724302450625058407e-06
-1.734700837266125319e-06
-5.604888433311664268e-06
-7.958908325649168342e-07
-4.756430133071624035e-08
1.572427660684645643e-09
3.307009786888146777e-09
-1.348769071814691037e-09
1.327338956892375505e-09
6.860979101832518669e-03
-3.346291243348918643e-03
-7.700245218748842484e-04
-6.708289547155814347e-05
-2.618324893962232787e-06
-2.771196477518592604e-06
-1.623850063435385565e-06
-2.457870573754620051e-06
8.725263190433754783e-07
-1.703982288824716412e-06
-5.129107256031355420e-09
-5.164643200139068758e-09
7.647614080267538127e-09
-2.227913142246554240e-09
-1.184242021459411029e-09
-2.085092117002558660e-09
-6.104191539627901739e-04
2.337086558983724859e-04
2.168348860940572912e-04
4.909201567974708904e-05
3.225528810695187445e-06
9.167372116867647147e-07
-2.083040280900355584e-06
9.874860499104039006e-07
-5.699800047088075593e-10
7.315454684350315497e-07
1.532972770402633390e-07
-7.791697119798437881e-09
-1.277066562252302581e-09
4.737308354999804025e-10
-8.494294901577045014e-10
-1.032716268993972865e-09
2.204729091628102348e-04
-3.092789000373025697e-05
-3.240908256822923903e-05
-3.140678957116748479e-05
-2.678482129256728202e-06
1.025969498268033094e-06
-9.940122582412359662e-07
3.151581931373174154e-07
5.966491207297576489e-09
4.976944263490851009e-08
1.302509138963987403e-08
-8.931546865152208914e-09
-5.080071330183859032e-10
8.352350948849541387e-10
4.994057584796673334e-10
2.428417963085638443e-11
-5.663333894509415753e-05
-6.055887877100104763e-05
9.316476739906012783e-06
1.280729237769809655e-05
8.848519332025235756e-07
5.005096905041346478e-07
5.656089872385084092e-07
6.589327742132095640e-08
-7.213704278901972638e-08
-7.336216809321984641e-08
-6.593421595906953101e-08
-7.175344953345924572e-09
-1.194168805171490231e-09
2.272852828400824860e-10
-7.318672899099577727e-11
8.769200389746875601e-11
-1.647215698670406519e-04
-1.921643564076541341e-04
4.403855824307941516e-05
1.516581221600741575e-06
-6.876171182261926711e-07
-2.248038820684995822e-07
7.724282402418160846e-08
-8.934357211461115962e-08
1.365336813774061815e-09
5.478728778091573254e-09
1.004142882317119814e-08
3.139671359203837869e-09
1.070704850640717899e-09
-5.442043089195004417e-12
-1.542842162934448685e-10
7.712022796345357414e-13
9.363161786179488805e-05
7.712594970221522993e-05
-3.249421865519174212e-05
-5.554688276838209171e-06
-5.550993091205209918e-08
-2.706353472034074738e-08
-6.241750884466039355e-08
-7.935297692677188598e-09
-1.144644688726373028e-08
5.194011259300415476e-09
-1.006561067350347823e-08
-4.478595539940225662e-10
-7.995236146999047884e-10
-1.752367038278735286e-10
-2.801351802723906769e-11
-1.390297595628584794e-12
-5.661359233316521164e-05
-4.185620758535300086e-05
2.814496786230933430e-05
5.705884043348830725e-06
7.236842631225236712e-07
6.794133861555346194e-08
3.548905755797225623e-08
2.364802039667675651e-08
1.844172019078848769e-08
-3.516497828527691774e-09
7.419323221605353514e-09
2.159008225528771717e-09
5.185553344953231681e-10
1.104251125309975785e-10
4.753021280087035848e-11
1.166231744218278462e-11
-3.141112901207296473e-05
-3.027305673750990280e-05
2.088369289339358741e-05
-2.404214512027002791e-07
-6.099565574226644063e-07
-1.097310419732627418e-07
-2.775268575661295696e-08
-1.790158972057649195e-08
-8.526595287733369003e-09
-6.954332966483291783e-09
-2.852534745758339556e-09
2.008923497258139932e-10
-9.593610247321147410e-11
-5.202401556529526883e-12
-1.080264701218768127e-11
-7.044248717571252750e-13
-5.640917012130788607e-06
8.287730706968731754e-06
6.191318939832801633e-06
-2.192951709191435863e-06
2.413758312233232270e-07
6.568699261350593253e-08
2.177636069741136482e-08
1.039609773452512145e-08
2.427099583788309997e-09
1.374615546900928733e-09
3.256924545697917346e-09
2.863884449637427724e-09
2.002868958504610017e-10
1.217019552574129986e-11
-4.300549046628193056e-12
-7.213347093567135826e-13
8.590356100762523706e-02
3.637818054725088651e-02
-2.433779564225174025e-02
-1.709029305688863042e-03
-7.938010081980786752e-05
-1.800145934444834708e-06
4.927077894523243885e-06
3.483323310844695377e-06
3.143742418967976965e-06
3.521616636394515843e-06
2.975408417323980217e-06
1.064668865258962803e-08
-5.128956835844378879e-08
-1.895908549669892105e-08
-1.547199383371788480e-09
-2.199091881070485607e-10
-4.951773825547334175e-10
-1.283382482601210309e-02
-4.106320610091452293e-03
3.080417269111939121e-03
7.132907907356275798e-04
6.308468878298577386e-05
2.594239166601162643e-06
-2.036854524925408195e-06
-9.258096005975719849e-07
4.276796618110081760e-06
-1.243560123522335277e-06
1.245377941820569197e-06
-1.105267388159449159e-07
-1.901231070911296267e-08
2.327034778747775288e-09
-6.876272460466244565e-10
-9.588314291053796081e-10
-1.154388604241821214e-09
1.310501696136179457e-03
7.388700860779924768e-04
-2.153888422273195213e-04
-2.229020069502355003e-04
-5.287280182196391867e-05
-4.532135630646752066e-06
-1.128577256030392770e-06
-2.649824622781750190e-06
-9.176881959344556455e-09
-4.943430930281492488e-07
-7.398142742751751679e-07
-1.252419579718443707e-07
4.676448931194909034e-09
6.510922182788435650e-09
4.695103201258912474e-10
-3.671157106119083443e-10
6.523876486000126162e-11
-1.664673872884701780e-04
-1.922469552358151731e-04
3.617243633760055090e-05
2.960960600617116185e-05
3.189569441849938618e-05
4.345755082768548011e-06
2.675264665357256974e-06
3.431650554870077642e-07
-3.958403187228251129e-07
-5.695725611135396280e-08
-5.775241433280570976e-08
-1.305260425164857747e-08
1.628078300759216706e-08
-6.999463191088632226e-10
3.232815271078349385e-10
-3.328851191436246689e-10
-1.892865028750574290e-11
-2.692385223272475547e-05
6.982489740770123825e-05
6.204349027063219945e-05
-9.319552426258656441e-06
-1.437253463567368638e-05
-2.742055417869249698e-06
3.992724838445135621e-07
4.578276519783517669e-07
8.099362771501287249e-13
1.284907722180428795e-07
7.909169413230906710e-08
5.745830142523523986e-08
6.647312004488383839e-09
-3.005194264824907594e-10
1.768653503223210294e-10
2.120457191598874704e-10
-1.254347003511923494e-11
-1.172807810458730259e-04
1.386988498109380154e-04
1.904983704702161004e-04
-4.342116737696459993e-05
1.758787851986033888e-07
9.803250975855590047e-07
-3.485914222910074301e-07
-1.600110365255494148e-07
3.014894532741725042e-08
-3.326329728278391169e-08
-8.632100264255612973e-09
-7.489083710117502801e-09
-3.279468843754815424e-09
-1.119700495088763721e-09
-1.733684253974398699e-10
-5.289429687039968421e-11
3.866735653742714687e-11
3.074020965079969831e-05
-8.835256197412089487e-05
-7.709497710955204644e-05
3.198006504144088356e-05
4.796353385769975960e-06
8.351102254309405988e-08
9.025079781187525339e-08
9.743074700398527958e-08
3.612230246478902859e-08
1.737578395706507468e-08
-6.679391755594821950e-09
9.241671535692193742e-09
3.663202692677713422e-10
6.561005684939790330e-10
1.648989567773924940e-10
3.035674221112772374e-11
-6.974607365183680462e-12
-1.138537081101961260e-05
5.537457484258411227e-05
4.190766708187192277e-05
-2.791551955488346320e-05
-5.509513569934624547e-06
-7.164617124966663062e-07
-1.235163342179229687e-07
-6.273073883336356617e-08
-3.475655467662287679e-08
-2.107435564079996722e-08
3.347628459381626775e-09
-7.256711269625679606e-09
-1.962196932166942593e-09
-4.368826196218578806e-10
-1.168217348676357120e-10
-3.710775616082290262e-11
-9.413229833852414788e-12
-6.980710728134247825e-06
3.060524146211060335e-05
3.022513911425068692e-05
-2.086150167906702140e-05
2.323812256197453312e-07
6.249174118773196611e-07
1.348471836232275910e-07
5.440445566818931701e-08
3.251427341244241138e-08
1.167207050928238711e-08
7.965246801863955337e-09
1.766411232691910207e-09
-1.169968282179756606e-09
-6.205958405313921577e-11
7.506982925493002128e-12
1.755462370657814765e-11
6.410319198698970746e-13
-3.053872554843681200e-07
5.280835829560940543e-06
-9.512654491638788815e-06
-6.823991619200739607e-06
2.276498461008813761e-06
-2.042481806297471403e-07
-9.858413400586259385e-08
-3.851975200151308260e-08
-1.492735854453988292e-08
-3.708178466710453579e-09
8.690906284560204014e-10
-2.604913826822350681e-09
-9.737801156648080747e-10
-2.612202636550321331e-10
-4.656228225194353463e-11
-9.863431543562809987e-12
9.581531389160245911e-14
-1.496842957184330303e-01
-4.252436904963069822e-03
-1.006701757164072959e-04
-1.135351155178995551e-06
9.920351604682750183e-07
-1.102102972848362137e-07
-2.937875208735083701e-06
-2.135368530553044650e-06
-2.570271882099146527e-06
-1.192244098989575546e-06
-2.007383287841907582e-07
-1.730404076272074739e-09
-3.855357226674513575e-09
-1.938467868824416756e-09
2.434921635793312372e-10
4.316236038890690224e-10
5.149936672935940402e-02
3.969327882797586693e-03
1.820310203635819746e-04
7.966162360596795594e-06
-3.799309451950234349e-07
-1.468103687203893011e-06
-4.813948740249475733e-06
5.662138037824674861e-06
-3.354924037259153655e-06
-1.322970157590612709e-06
-1.098937380351404923e-07
-9.470922617014790258e-09
3.938421463982586400e-09
-4.419560508999334989e-10
2.702575667005400456e-10
-9.258673708840350087e-10
-1.447442511683281682e-02
-2.746122290519076390e-03
-2.415668470272881231e-04
-1.108464506557568343e-05
-3.765311964486931993e-07
3.067869900582118697e-06
3.078886667310162174e-06
4.208712513820607222e-06
8.086067554187563805e-07
-1.618150100161744977e-07
1.514349781423141599e-08
-1.963971403124637110e-08
3.458429171939886439e-09
2.211412726398491057e-09
-7.433724379076501566e-10
-2.677267544927534969e-10
1.292926053926409143e-03
8.576928670256538144e-04
1.583649950025069317e-04
1.163735461690133651e-05
-1.691045950181335160e-06
-3.397383872020781413e-08
-3.137873267880756895e-06
-1.468536995725254436e-06
1.381585578829804111e-06
2.335473387746911475e-07
8.120720619928214295e-09
-1.248495719886055086e-10
-4.478395932939588582e-09
8.250900727773317947e-10
-1.268628380468358982e-09
1.004882582015436175e-09
-1.962977999332017988e-04
-1.578865867479141839e-04
-8.921206109619219131e-05
-8.237372383187165043e-06
-5.701033967188696495e-07
9.226147899978480458e-07
1.482835911990383479e-06
4.214800981778509233e-08
-1.775103621911230540e-07
-7.629654470918532156e-08
-8.291637650615745178e-09
8.673320865314454794e-09
-3.927359575952691457e-10
6.865817854829288362e-10
-5.659622491510303867e-10
1.957862020941281081e-10
1.280184793647546845e-04
6.218770967024770356e-05
4.079452376014160387e-05
5.148588348617140381e-06
-2.230704700999156874e-06
-1.772548660698957278e-06
-4.862905082278276019e-07
-4.431230369090600864e-08
-1.306107431638699833e-07
-5.822426444132576872e-08
-1.014636218666112365e-08
-4.003158927240366708e-09
-3.411504550524070652e-11
-7.600377209389730081e-10
4.268334462135178566e-10
-3.844938132544784763e-10
3.274746330623410631e-04
1.417687015168725211e-04
3.071727695842196754e-06
-8.146644275876377186e-07
2.125158291103668363e-06
1.311467302001065181e-06
3.665528338925287973e-07
1.071360377860854749e-07
7.991440161021314517e-08
3.310038521235344181e-08
1.265106978972486435e-08
2.408323226808546044e-09
7.538598611124248689e-10
2.673946284842227964e-10
1.607510297855205465e-11
3.478142269746252551e-11
-6.968509683980979286e-05
-1.102151721181840048e-04
-1.732910552374743082e-05
-1.852395792864894992e-06
-1.210631839051275651e-06
-7.271646077816947751e-07
-2.941784707678959955e-07
-1.037396741201340971e-07
-3.172514209245045010e-08
-9.511808169929711125e-09
-7.416635009596172538e-09
-1.652951902845798627e-09
-7.463357129115701323e-10
-1.176791496019698285e-10
-5.953477010195339755e-11
2.630644958094230135e-11
2.382164827412389075e-05
9.278136888187402619e-05
1.978113168994454876e-05
3.005214100608104803e-06
8.444638929349687472e-07
3.950880379196966736e-07
1.914470806981077793e-07
6.150908684092789710e-08
1.628107114488498378e-08
1.309970016709365862e-08
6.534014382421613358e-09
1.328408325176199862e-09
5.666610391214330316e-10
1.196839286084619221e-10
2.087217667826413399e-11
-9.402737149969616814e-12
3.266383620008170708e-05
7.637711754576346438e-05
-3.167774510932886352e-07
-2.276311062221775481e-06
-5.973595103945165730e-07
-2.294712826610598701e-07
-1.085714090644363651e-07
-3.852958434312710578e-08
-8.582270459747127123e-09
-1.021160760234506998e-08
-3.661344322880612959e-09
-5.553615562541541145e-10
-1.615103657022542813e-10
-6.405985993767211496e-11
-1.165689648511926972e-11
-6.600389932127802279e-12
-6.557137302168660219e-07
-2.575807629641489486e-05
-8.470713184523022968e-06
6.196691287515080682e-07
3.175828742067960120e-07
9.625759197631178699e-08
4.707800642964054998e-08
2.032122131056723549e-08
9.372336630783143586e-09
2.962433619166392681e-09
4.733686573074655401e-09
5.246800587180196153e-10
6.919713403739835162e-11
1.279465209021579653e-11
-1.993090875000458062e-13
9.498878279289297230e-12
-1.855484979700327275e-01
-9.173847160713682891e-02
-6.104154805549696049e-03
-2.730080041852525532e-04
-1.089570488497860942e-05
1.284472778186814048e-06
4.842847905026310599e-06
4.121708294815655014e-07
-7.396035290093771530e-07
2.121208470121813220e-06
3.807302786714259157e-07
-1.419881590521278452e-07
-2.444801234747927106e-08
8.707996915359228838e-12
1.526063327607947884e-09
5.994776290677320579e-10
1.583020356756139604e-09
4.209298615395056301e-03
1.326502284302218462e-02
2.558779320327568031e-03
2.263842552904359463e-04
1.021479799174385166e-05
2.519144600497809046e-06
5.131377111729857999e-06
1.035972853084410014e-06
-1.238157725850384998e-06
-1.609269959451198748e-06
-1.463108880985314084e-07
-4.601954911741611377e-08
-9.271161538986351680e-09
2.745902352316677839e-09
7.489748449014547924e-10
-8.526892766816240183e-10
6.311155682018633098e-11
3.358003866080143504e-04
-1.207313619758693373e-03
-8.543338027562248638e-04
-1.576048169860009771e-04
-9.800370214211642152e-06
-2.323542224235810300e-06
1.460335542392158666e-06
-2.283199418516125355e-06
1.266646132438162654e-06
-1.536176087964756315e-06
-2.105235437705460272e-07
1.091599378626808801e-09
1.318094148044107313e-08
-1.613403328729093421e-09
8.819614884629217587e-10
2.955658558611150752e-11
-4.321537411671333514e-10
3.826695598410983574e-05
2.005310370563829136e-04
1.625778039390334939e-04
8.828453654059711822e-05
7.800996365111520129e-06
-1.263763887384728347e-06
6.799654100287894515e-08
3.991597664511490512e-07
-1.560841763782920476e-07
1.817263294446293235e-07
6.528415373551306912e-08
-1.180267788809719997e-08
-3.666217512946948861e-09
-8.116451994353335347e-10
1.227912955586462507e-11
1.438395098157794387e-10
2.174790158093526876e-10
3.955056214216462900e-06
-1.229623999402156085e-04
-5.991278486070038251e-05
-4.045312511814868445e-05
-3.700108778870688272e-06
3.035639399724680263e-08
-9.042056309185274496e-08
1.530856166103436540e-07
-1.414074689499821528e-08
1.534585554539693446e-07
7.967784832317353447e-08
2.032444032981699269e-08
3.304097839020237744e-09
7.326234790908215855e-10
2.132499906065671175e-10
-7.294481668067657045e-11
4.654226420360529582e-11
-3.112298838949781495e-05
-3.299072123052635905e-04
-1.436879614876727452e-04
-3.687596380826526766e-06
1.107298744645854012e-06
-5.602391542933044355e-08
-4.440450891621264293e-07
-1.463595287943256638e-07
-7.122010055072452082e-08
-9.942798789329696156e-08
-5.034078318683313519e-08
-1.585582730303841244e-08
-3.028412337226856700e-09
-5.161820457524078078e-10
-1.131256007934881319e-10
-6.956754615218115145e-11
-8.665243223760516326e-11
8.574345055074538974e-07
6.929306634359496720e-05
1.108126967295097883e-04
1.756697914642830566e-05
1.157948106923387860e-06
4.424846204349095492e-07
4.486439407828852607e-07
1.956432195489347634e-07
9.034801385269003243e-08
4.251729023957811674e-08
1.713633837656543134e-08
8.763186438500724875e-09
2.091664387506918689e-09
4.774966429140600830e-10
3.804511520051862751e-11
3.131406240681158570e-11
3.705227485750039919e-11
1.012985988698830635e-06
-2.362752734822220474e-05
-9.297720696023073310e-05
-1.971440921682671946e-05
-2.631947135158986115e-06
-5.500249370095916554e-07
-3.291307481334953538e-07
-1.564087481716091070e-07
-6.374702241304188758e-08
-2.394295429343698529e-08
-1.626618822838573369e-08
-7.326335179028059666e-09
-1.525128454506653486e-09
-4.327228727905609487e-10
-9.683347099595878038e-11
-9.736911994687060427e-12
8.219830914246619980e-12
-2.734641184291397057e-06
-3.272150236820015403e-05
-7.626667031210275797e-05
2.391147976399270510e-07
2.030704292734828396e-06
5.144426775635167418e-07
2.245750049358328892e-07
1.113301369107918389e-07
4.771813983772978472e-08
1.495195112276682265e-08
1.349082497761539278e-08
2.813472347413252916e-09
3.589591280054729188e-10
1.840304718610146815e-10
5.980525131942621410e-11
1.148626138541542364e-11
-1.348571547604917786e-12
-1.645037101706660567e-07
8.059495480602257784e-07
2.573141623643231276e-05
8.999544679278229098e-06
-5.098093193097741383e-07
-3.918488063835626853e-07
-1.451352838739151292e-07
-6.709166056375127516e-08
-3.587083693653897642e-08
-1.973860720946218466e-08
-7.852096893191642693e-09
-4.613726779585934145e-09
-6.747021479602444909e-10
-1.590934459578679712e-10
-1.845054283075215650e-11
-4.265398652375523787e-12
-8.829697865645174755e-12
