1.290924495842758202e-01
1.030865239582354098e+00
4.153046052911717884e-02
1.158666741076002900e-03
2.595194439248786278e-05
3.682837814939191693e-06
3.808673272651910949e-06
3.667190453906392387e-06
-4.935658483863828217e-06
2.974699044873553127e-06
4.368103553301596480e-06
9.019061692240116608e-07
1.382274491235099753e-07
8.130883871208327263e-09
1.042656433911880648e-09
-2.404453108726727401e-09
-1.678288027451350358e-09
-5.283150490699979607e-02
1.445421644641927128e-01
-1.484091616925848831e-02
-1.153070404638954251e-03
-5.423568104174938102e-05
-3.276804857523277741e-06
-4.017952313217526984e-06
-9.597849629078295666e-06
-4.666983617293012973e-06
3.948225879410045385e-06
6.344908762778505691e-06
8.470134089416574728e-07
6.655996921631671848e-08
-7.170294965318880763e-09
1.997089176660345745e-10
3.047425643839827393e-11
-1.910279663164726724e-09
1.602104220751224620e-02
-2.246805583334054827e-03
4.301180436894769428e-03
8.944711089333489762e-04
7.038818360090912509e-05
5.400541657618774535e-06
-1.029771961522914210e-06
6.290518606386992521e-06
-3.253084095559844562e-06
-9.749951352329461471e-07
1.905760344626234292e-06
-1.995282465207505660e-08
-1.430778801197325910e-08
-1.513472447653270013e-08
-8.916568786556035731e-10
-3.582383450755936222e-10
8.667643207111669032e-10
-1.756622014713991745e-03
-1.124092358342327529e-03
-6.127231453721223480e-04
-2.920733618409861090e-04
-6.064421937152066143e-05
-8.094508414144135351e-07
-2.258241515552177146e-06
2.942340621639143161e-06
6.677839480586189045e-07
-6.747858354642610366e-07
-7.959969543150083197e-07
-1.360464884130998968e-07
5.092687648542989381e-09
2.205724460206889167e-09
9.425720310156958278e-10
7.067743821641561531e-10
1.499791541994347173e-10
1.040804445761976801e-04
2.137747242894180635e-04
1.453371927395448861e-04
5.472956382317474376e-05
4.154181255356848468e-05
4.603954886786607653e-06
-1.910040622494314560e-06
2.665467779616924848e-07
-1.864163051431469148e-07
3.204698401499293966e-07
-1.254642286637899663e-07
-3.432315771477348016e-08
5.930289157839758462e-09
7.066837251121860937e-10
-1.562376375497036926e-09
-1.366108771538920960e-11
5.833021011875863997e-10
3.316644099118405426e-05
-7.956958626839132011e-05
-7.757732056322066164e-06
-1.288468857549546284e-05
-1.685080258904514649e-05
-1.836116478265439944e-06
-1.162201162086292855e-07
-2.727360320315655279e-07
6.113910566279847643e-08
5.582994099892866416e-08
1.921971054569099741e-07
8.459265496141393130e-08
1.361822639356057524e-08
1.645680158498100505e-09
-9.017346282763442987e-10
-7.699572638225853396e-11
2.366016224236431955e-10
1.129181015187058821e-04
-8.306051600461470915e-05
1.812792980140174725e-04
-4.165920546442956380e-05
-1.903103618808823751e-06
3.695323872810238572e-07
-1.079025458080649457e-07
-4.110009140489654340e-07
-1.359946340013995535e-07
-8.735124885364472641e-08
-7.422971496655118055e-08
-2.797612814724907736e-08
-6.727927215525796168e-09
-1.439410353871922022e-09
2.099886713128982617e-10
9.008184348967539836e-11
-1.766743108271769313e-10
-3.210253567153543411e-05
9.253376868333683446e-05
-5.404836797818895740e-05
3.746352257639801766e-05
7.341135503661617054e-06
8.690841532337891149e-07
4.953239742862241661e-07
3.259115067190893039e-07
1.684629305062957085e-07
5.721419491513690518e-08
2.937206010764214718e-08
1.762041515819950469e-08
3.111087178349709442e-09
1.208854066550388583e-09
3.148432423214788523e-10
1.297360492246352900e-10
-1.791198345473259892e-12
1.193514447789766324e-05
-6.737163909313708375e-05
7.714687174935402488e-06
-3.846327938445573636e-05
-8.023438051583351785e-06
-1.627903560643332014e-06
-4.765414510516301788e-07
-2.309472725341683487e-07
-1.146317868286159843e-07
-4.807001077289396278e-08
-1.495622116016522444e-08
-1.105344227783107997e-08
-4.125447109870711470e-09
-9.210319769738894965e-10
-2.394259796552326200e-10
-1.032805084289481036e-10
-2.668102179894869905e-12
1.058596349057834252e-05
-3.882709557851446273e-05
4.042096510931310755e-05
-2.638735193026818152e-05
1.183712910319982390e-06
1.311747297133271759e-06
4.047795118925483969e-07
1.324967087888597019e-07
6.508768566851878401e-08
2.829584397097153301e-08
2.697159760091302445e-08
4.522678403000198398e-09
4.166374238677860176e-10
2.783716671405211356e-10
5.169829888987734183e-11
8.956250981318598932e-12
-1.493495167362625338e-12
7.643269421843061508e-07
-7.152902423025693634e-06
1.417150672363903014e-05
-9.591074030228528201e-06
2.689143053288805215e-06
-6.182051661239395177e-07
-2.161730572162090321e-07
-7.707797076491074134e-08
-3.095582720558991509e-08
-1.143083132349995048e-08
-7.878333751766165421e-09
-6.954991596864184646e-09
-4.488892675229450617e-09
-3.551805697968372177e-10
-6.189676366836745359e-11
1.590474664352026103e-11
-4.705784385320023532e-12
2.762630283089813343e-02
-2.658837743734133313e-02
-1.803712438980097565e-03
-8.126705201678781549e-05
-6.768515120071965906e-06
-4.334777367757350945e-06
-2.907528756605343772e-06
8.517417076935811820e-06
4.333918507421866060e-06
3.177498390102565897e-06
-2.561566670550672052e-08
-6.390150156753315964e-08
-3.265931373993293541e-08
7.601312942358382454e-09
-2.490771056157724899e-10
2.382436342218416643e-09
5.082849994776695874e-04
3.974998103627633804e-03
8.274973153997877305e-04
6.791111761454689353e-05
1.851352512825322723e-06
2.415939905836248781e-06
-3.266581683983311161e-06
7.548483136621246832e-07
-1.435535533667735234e-06
1.351736460760608511e-06
-1.095933949382254215e-07
-1.634244618542255138e-08
-5.580310606208595912e-09
1.626037612025571144e-09
-2.665627816580202325e-09
1.178724749473901657e-09
-9.748436631230566595e-04
-5.907702784798616854e-04
-2.969486265743927428e-04
-5.921621794045991950e-05
-2.561299339993386030e-06
3.717415915940371745e-06
-3.052167546978207949e-07
1.536849887036520528e-06
-1.398345037756190378e-06
-8.444517312410817238e-07
-1.366855849842662974e-07
1.454984592096109762e-08
1.131992464641889500e-08
6.591323628521637768e-10
-1.195414897784279498e-09
-1.731222273052740371e-09
2.004198962768371107e-04
1.535798336995269908e-04
5.098790028082149524e-05
4.052299942410766406e-05
2.760483576736997235e-06
-1.469879934964663539e-06
-8.594296028294136023e-07
-2.195477032386397369e-07
4.116452363179213630e-07
-6.811285295199856874e-08
-2.851339522580895050e-08
1.393861246618013055e-08
-1.361188302664448849e-09
6.706988492340512932e-11
3.818721441628828151e-10
-7.362607070313020912e-10
-6.751610101576146540e-05
-6.221481516576726028e-06
-1.627772020814200894e-05
-1.557178117027637395e-05
-1.319201263752365828e-06
2.525851694771792843e-06
1.519268514873872385e-06
1.034292975607737667e-07
7.006010429509966146e-08
1.624327613484838228e-07
7.247029163532143941e-08
1.307036274273385978e-08
-1.909643973545682916e-11
2.589970737142044857e-10
-5.334728948376022069e-10
6.560345887770860837e-10
-1.045181732295477221e-04
1.795616245272183898e-04
-4.004589347449917302e-05
-2.992309996957343289e-06
-8.677320362186815953e-07
-1.402917933987245578e-06
-7.037148470445235452e-07
-1.758415802377037881e-07
-8.714660345683285555e-08
-6.337553082339561961e-08
-2.211442731284112958e-08
-7.071075370942793786e-09
-2.100011190301294124e-09
-2.067592566389440341e-10
1.558030962304450204e-10
-5.526429986785705613e-11
9.653355716731908272e-05
-5.443656477527826016e-05
3.746103874550542665e-05
8.125280969176213185e-06
1.735384719737630050e-06
8.397557980444207908e-07
4.129925325903037402e-07
1.844853368556633148e-07
4.114363744504451193e-08
2.115055556990584505e-08
1.573355762656508245e-08
3.377959354260593908e-09
1.534194019224498709e-09
2.078813493781102619e-10
1.539276234890815843e-10
-9.916449342865707699e-11
-6.787141135892167210e-05
7.911203179498151457e-06
-3.862317752505696413e-05
-8.535204733620255281e-06
-1.971892479774422798e-06
-6.584540210731586571e-07
-2.914742083323101563e-07
-1.205478047766852784e-07
-4.230630100087407359e-08
-1.122330445341038220e-08
-1.062126267907857305e-08
-4.391037561183525528e-09
-1.063717257616940341e-09
-2.339558843088065959e-10
-1.004309797252097275e-10
1.581311780699584925e-11
-4.010616618083559753e-05
4.024229247476590127e-05
-2.631602720147664662e-05
1.528880744575696651e-06
1.486114031789130644e-06
5.242221067004077669e-07
2.048076498280304651e-07
9.124749126169310952e-08
3.289361561170926418e-08
2.631965990373902102e-08
2.053558951514136498e-09
-6.243170135329832005e-10
1.895673039110158313e-10
1.090334836756960782e-10
1.685061574481905795e-11
2.693360866711884367e-11
-7.923838465209440262e-06
1.465810479903249858e-05
-1.029452745941919496e-05
2.460809710181848316e-06
-7.387895588073654924e-07
-3.777404094848304831e-07
-1.458363210944837818e-07
-5.597007818189251283e-08
-2.440521553612924410e-08
-1.088648175827252863e-08
-6.266965305667684881e-09
-2.396399871975631719e-09
-5.898779405427453140e-10
-1.614669994340177564e-10
-3.587918911150048290e-11
3.837285167832275359e-12
-1.023570879502397668e+00
-4.138160784208282789e-02
-1.154325050412333695e-03
-2.277999766057356581e-05
3.001626442291036473e-06
6.298616148088607964e-06
8.997357149242170870e-06
4.508140536310023124e-06
-2.557440150804568245e-06
-4.346297301433418770e-06
-9.105192022714688652e-07
-1.349870817217889011e-07
-1.313460413352537316e-08
1.052662601033990385e-10
-2.566281569489452667e-09
4.427556880060991045e-09
-1.518813785969818086e-01
1.449365816220605022e-02
1.143167789268673910e-03
5.346153254477811409e-05
1.536851208616983764e-06
-3.355747412320259291e-06
-6.228205788758774831e-06
7.441605114360862036e-06
-2.801109151473528274e-06
-6.141963606972206768e-06
-8.326292772863443414e-07
-5.141479021663618049e-08
5.037396258648078634e-09
4.755042778437556872e-09
-1.782402045131802005e-09
2.031671205534932498e-09
7.866301617165344026e-03
-3.872539702073158219e-03
-8.697291237545190772e-04
-7.365377099545269697e-05
-4.592606882129628288e-06
-1.130727025774355954e-06
-5.277096439973104429e-07
-1.935194524233201464e-06
1.277313409394649457e-06
-1.972671427759146063e-06
8.360476603608176529e-09
-3.590271637109507218e-09
1.345024252727863903e-08
-2.233638827375301024e-09
-1.527397110973195638e-09
-2.395195949981857977e-09
-7.373181569537695787e-04
3.100869734735007014e-04
2.695572258790757190e-04
5.650856141834314502e-05
2.821274645994280545e-06
2.866782082051639609e-06
-1.811368580537450753e-06
7.555783014903886374e-07
4.217718599317147133e-07
8.699556454788624211e-07
1.711132664412681836e-07
-4.395123717742395852e-09
-5.103490510969697132e-10
-3.345518583840867616e-10
-9.650366707090996106e-10
-7.928414610341398723e-10
1.656122679382692137e-04
2.398247958869465977e-05
-3.682690857220299727e-05
-4.149681416936119236e-05
-4.582672990149127602e-06
1.526521053647233275e-06
-1.314166333357361513e-06
3.991587401736634239e-07
-7.461770342103602515e-08
5.267839150637128357e-08
2.064372088354980106e-08
-7.421905458275419109e-09
-1.191208835665728342e-09
1.285230765985180911e-09
8.004734609349335373e-10
1.595996592288086656e-10
-3.716544733261514425e-05
-6.529017050260222386e-05
2.816476287697420362e-06
1.770591453913945008e-05
2.046279395488632667e-06
6.761686853549491501e-07
6.824288741379179762e-07
1.445476805821507716e-07
-9.529231279650697942e-08
-1.097945908821415429e-07
-7.519698074603053025e-08
-1.024874414799449894e-08
-1.726129238362880776e-09
4.042094629245260758e-10
1.330556686175624575e-10
-1.023963699035119808e-10
-1.652012493612856818e-04
-1.841897187113438513e-04
4.484487993907437716e-05
1.309182087027747345e-06
-1.278845539518434626e-06
-4.156423418742423487e-07
1.296486364625250688e-07
-1.290959916840856992e-07
6.070398893142353127e-09
2.041673445816341470e-08
2.217316875849978979e-08
4.117667932814597416e-09
1.247785694867130849e-09
-4.212311480449192735e-12
-3.669926202675026921e-10
1.141705588170615544e-11
1.020230305070894851e-04
8.423875940872488474e-05
-3.545595404761561986e-05
-6.490535996191690833e-06
7.929300035970897287e-08
3.857186574897077452e-08
-7.824448065136511030e-08
2.189136770041882414e-10
-3.639368589683530770e-09
3.955245842269221576e-09
-1.393544556457024481e-08
-1.174700494094289051e-09
-1.093501011823905488e-09
-1.909376661090591871e-10
-5.476896652656351256e-11
3.549660108351812848e-11
-6.605468740119073911e-05
-4.566445321259112198e-05
3.317764836242571673e-05
6.922632974071062655e-06
9.085213423954721486e-07
6.816832024388368331e-08
4.179302108835752638e-08
3.603748965597167007e-08
1.861483114721265267e-08
-5.657545286747611112e-09
8.238594229990584416e-09
2.807878049815021141e-09
7.739500631470947279e-10
1.448627424779020454e-10
7.808608836739552830e-11
2.855163477259201455e-11
-4.593808555197085523e-05
-4.399302119802117291e-05
3.039679820398023610e-05
-8.406850972817866275e-08
-8.315602450442820403e-07
-1.485700473048715080e-07
-3.431683037675725814e-08
-2.809770953518635040e-08
-1.143711648536731643e-08
-1.252972680954829235e-08
-3.106815051170109743e-09
2.890223587621412929e-10
-1.160649108828942141e-10
-1.893735840012516103e-11
-7.627811883703996545e-12
-1.151798610724257377e-11
-8.512892015798751005e-06
1.230058867937826006e-05
8.693030787444897713e-06
-3.343904122801611013e-06
3.593637439363368834e-07
9.861299354817822876e-08
3.638581170471399005e-08
1.777071548705407855e-08
3.104434862795416285e-09
3.274685088143437614e-09
5.775513368152143821e-09
4.224841476269351784e-09
2.700353594004019406e-10
4.582399688128411458e-11
-1.841764411176640168e-11
3.213486940558316665e-12
9.199402744858124759e-02
3.903526806765563600e-02
-2.608958764392743310e-02
-1.789172032165388523e-03
-7.951193798201161968e-05
6.480059321806869547e-07
6.447854276027303548e-06
1.374690865305312335e-06
5.220773037770289620e-06
3.962395773002642932e-06
3.371186280312120424e-06
-4.124188535907961946e-08
-4.332201072818086310e-08
-2.904484384316881200e-08
2.471801042640913657e-09
-6.620054200813101379e-10
-4.426389720042079554e-10
-1.483305267658509112e-02
-4.697555322813400970e-03
3.566510781692667359e-03
8.063410144028837490e-04
6.708154914367048141e-05
2.050013242906424177e-06
-1.955485740416336706e-06
-1.850297892371573946e-06
4.840658904545390205e-06
-1.687908308578209712e-06
1.376265383087448484e-06
-9.963966658238339598e-08
-1.533331046980743162e-08
-2.545263921851679004e-09
1.752789967804738521e-09
-2.565439641292718516e-09
-1.391829689499918247e-09
1.651011693022371449e-03
8.983409542066710021e-04
-2.855367747222357163e-04
-2.763243059424236227e-04
-6.259120681064872266e-05
-5.102932953616392109e-06
-2.194464920877706688e-06
-4.362381311089402225e-06
5.069762493721285758e-07
-9.132510395824734944e-07
-8.794149732023922742e-07
-1.322839069413674020e-07
8.945607407570812004e-09
9.166655877929348668e-09
1.080896886228858835e-09
-7.701960624983238982e-10
-3.084597153647331005e-10
-1.111954968344812660e-04
-1.691395149619981278e-04
-2.173653604242369546e-05
3.202415270643432050e-05
4.145744123028342269e-05
5.769902359617263612e-06
4.138227528546959189e-06
9.574483295675110297e-07
-4.539990207785051305e-07
4.028763178833988500e-08
-4.221260525125314515e-08
-2.739281841747758935e-08
1.645622952731907302e-08
3.019721612843400193e-10
2.041024266965080377e-10
-6.040873179075688682e-10
5.315547076957951203e-11
-3.236229664742088766e-05
4.861457968781548273e-05
6.519433814621343568e-05
-3.400314373227707252e-06
-1.887723809875789904e-05
-4.188599806859421171e-06
8.058639811579040205e-08
7.716634717184645762e-07
-5.036164128387025373e-08
1.720607657899901644e-07
1.145638194885051009e-07
6.483440166651825740e-08
9.822872901289371615e-09
-5.975803562268759882e-10
3.199177998035801105e-10
1.633200277065468480e-10
5.962732167522016997e-11
-1.121251701428523366e-04
1.400356967723592619e-04
1.832668126077888822e-04
-4.372551941023238682e-05
7.181367054468830510e-07
1.803600824670948563e-06
-2.840517274379133574e-07
-2.856703570938193423e-07
3.654198080761478426e-08
-4.921141873623668080e-08
-2.480089635777286806e-08
-1.832501220141434408e-08
-4.193182328953611177e-09
-1.524803611805365631e-09
-2.660240899069180362e-10
5.214896128281934267e-11
4.717921259118816444e-11
3.392391841634926519e-05
-9.607592680858287315e-05
-8.455838154006542354e-05
3.465032969359768097e-05
5.402456257093630577e-06
-1.007248447341382522e-07
5.779205633502988996e-08
1.198477019540835945e-07
5.039580038343526420e-08
1.308517526519735577e-08
-5.839248954712301693e-09
1.294978830984563685e-08
1.108428390830777743e-09
9.841297839709833537e-10
2.108554620876983479e-10
4.857256765622216319e-11
-1.097354799953969326e-11
-1.295245882473940958e-05
6.490542937253020932e-05
4.594104911899669089e-05
-3.280988002893169545e-05
-6.613371771945035775e-06
-8.794558025490685478e-07
-1.257490270398776381e-07
-8.932808187883720164e-08
-5.585577072554769031e-08
-2.281223527216359887e-08
5.259029203554471543e-09
-8.133864625527137905e-09
-2.591056748330256672e-09
-6.948278552861547858e-10
-1.689296899807803491e-10
-5.922220072494485662e-11
-2.078989959000604289e-11
-1.002725762375109527e-05
4.476278789931699328e-05
4.388099972594247856e-05
-3.034297233718170951e-05
6.536264241762406187e-08
8.247625495533102076e-07
1.921196684928225780e-07
8.584994702375360710e-08
5.042489255140367377e-08
1.609053746534567332e-08
1.469733664807047032e-08
7.369462108238106739e-10
-1.805334464012139705e-09
-7.139020653121888017e-11
3.461560085617322077e-11
2.368918739351403852e-11
8.560947389171809864e-12
-4.819655186276635515e-07
8.066086221773366958e-06
-1.427084298475443010e-05
-9.713096662377592231e-06
3.508727215595277082e-06
-2.857708652628274530e-07
-1.620511663641843498e-07
-6.573952267140809525e-08
-2.435408286921537751e-08
-6.848615297557802620e-09
-1.460931154476379696e-10
-4.340581827251003375e-09
-1.476781423997851230e-09
-3.951498701699553361e-10
-1.086644297791731374e-10
-2.288527438704642956e-11
-3.181480617548415999e-12
-1.479570117779661353e-01
-4.051187193763474380e-03
-8.854153873946007112e-05
-5.656796150008920316e-07
-4.071935659723606801e-07
1.522071409298066076e-07
-4.398774904807865028e-06
-1.786543090981044565e-06
-3.278150203341246391e-06
-1.114480432453875660e-06
-2.107373150340277959e-07
6.912900880272970195e-09
-8.608448260234459059e-09
-1.436556299810147480e-09
1.654963139516253941e-10
6.219412397852359617e-10
5.509607499191897934e-02
4.162009457977860864e-03
1.830588071964842360e-04
7.306042607987242405e-06
-1.879544575054616453e-06
1.481865610099395430e-06
-4.580282894721093547e-06
6.265690434494362122e-06
-3.855567215810658133e-06
-1.458632255493700466e-06
-1.013757756882710722e-07
-8.957089705643493537e-09
3.076314007303120689e-09
1.200823401258491241e-09
-1.928008648688899061e-10
-1.001219619968584037e-09
-1.670720838350990556e-02
-3.108063578636664943e-03
-2.635177893942808498e-04
-1.028121844608014893e-05
3.312573340386332589e-07
5.453065924306215953e-06
4.470346184045724564e-06
5.401312110731526824e-06
9.532284567670315628e-07
-2.001433737688263926e-07
8.474791510894780458e-09
-2.395240265518451511e-08
7.385727373030628011e-09
3.081869452341395582e-09
-5.268271204502596588e-10
-2.603670901513862678e-10
1.643122584040939207e-03
1.054300979271713401e-03
1.873166781208238779e-04
1.274180675361437328e-05
-1.210657521249958017e-06
7.239661994918138714e-07
-4.852705240822165422e-06
-1.569081605272660135e-06
1.671331929126313240e-06
2.899417871992994258e-07
9.561048827259632255e-09
-3.435007255687060750e-09
-3.867936297246915285e-09
2.815081606689054604e-10
-1.122030717524660573e-09
1.526728158173506866e-09
-3.360129030800643369e-05
-1.877536133098607184e-04
-1.178154769001740781e-04
-1.336274252403684474e-05
-1.680118901408965794e-06
-3.248458867165185697e-07
2.297414614873818761e-06
-2.717077927982549933e-07
-2.764593757688566614e-07
-7.713994244989959374e-08
-9.325890757834288143e-09
1.384933987438903202e-08
-6.992817013436366314e-10
9.689556571980774977e-10
-1.184935871716580149e-09
3.260121962730190212e-10
5.424067215953875116e-05
4.706936448704232025e-05
5.414100585814224771e-05
9.099408315506528515e-06
-2.133118523289094801e-06
-2.082151519960470297e-06
-5.804175653733315318e-07
7.009496997324437692e-08
-1.462979998862528761e-07
-7.691658891796473116e-08
-1.417805746944310091e-08
-5.240369247933769354e-09
-3.269522600675607311e-10
-1.021281332433353132e-09
6.629177284701309483e-10
-7.251351680174482816e-10
3.271862057931454178e-04
1.405226201766952030e-04
1.289404738530367059e-06
-2.370383131091534724e-06
2.415078376829260802e-06
1.876567177324492609e-06
4.592705734766363150e-07
1.247813012056746782e-07
1.052333788390762322e-07
5.188720588856192298e-08
1.873509481878620059e-08
3.401663178611102662e-09
1.055511195806388866e-09
2.851501156328782525e-10
6.050161558785161186e-11
1.031864030825227101e-10
-7.769906551520876638e-05
-1.180129192442826299e-04
-1.937191288138942637e-05
-1.907493430960842456e-06
-1.527684031957826964e-06
-1.033723550695360933e-06
-4.105491145207257291e-07
-1.427816855405052330e-07
-4.638286595103149284e-08
-2.040084592750459646e-08
-1.088437190363016598e-08
-2.776224440654136996e-09
-1.054494337448857576e-09
-1.336496160339028083e-10
-1.202349596570002032e-10
7.368926435035937430e-11
2.454280203597177185e-05
1.078851771428534470e-04
2.370320097202034324e-05
3.857765631387961512e-06
1.146037813634618649e-06
5.757765448224907979e-07
2.938527089788028756e-07
8.249372416501333602e-08
2.883336885730233403e-08
1.840338475517455287e-08
8.964847082278554129e-09
2.263729725859677141e-09
8.447593403626135880e-10
1.906229951351121080e-10
4.208444793493273924e-11
-3.441652322478540590e-11
4.634744889748172215e-05
1.107027670218355977e-04
6.249413214154675535e-07
-3.145664335993210632e-06
-8.893673572958417916e-07
-3.496113322559757717e-07
-1.743697974713028668e-07
-5.617113355970532923e-08
-1.500060755980867090e-08
-1.591539498619560371e-08
-4.918772195750004992e-09
-1.021315157062831667e-09
-2.706550675439412025e-10
-1.107287142982569490e-10
-1.511700987725917117e-11
-1.513792873712394542e-11
-8.483963918313757925e-07
-3.851310920726313484e-05
-1.284393285735179231e-05
8.810784032080371444e-07
5.052013503500421600e-07
1.587262087771848384e-07
8.221780975846184607e-08
3.094640929763701407e-08
1.677268064706339532e-08
4.615735643259836947e-09
7.324456643422407755e-09
7.932435306230838788e-10
1.090580249522126256e-10
2.165613801955924085e-11
3.797272896361668788e-12
1.873828879058554628e-11
-1.998564165712785612e-01
-9.824114151380236581e-02
-6.411489115255650760e-03
-2.742792495562825341e-04
-9.788261253625983501e-06
-3.708610077914138261e-07
2.066638977509608138e-06
-3.868546890006449782e-07
-1.470890662803779134e-07
2.559915531804292463e-06
3.062499409812682671e-07
-1.533499290421905661e-07
-3.154250899973718050e-08
-1.929121189110558930e-09
4.620369027260591907e-09
1.001705762348660835e-09
1.879229309979451138e-09
4.888283491008138006e-03
1.531086566312837675e-02
2.894436994944724062e-03
2.469071579715463659e-04
1.379523938678413060e-05
4.785957708973073891e-07
5.447998633560987159e-06
8.799685061491008186e-07
-2.246071414484774150e-06
-1.796757602597939444e-06
-2.019075350969307359e-07
-3.913808564550974051e-08
-6.697008041628068227e-09
2.586699163175759528e-09
7.559904839127799694e-11
-1.514089555969230554e-09
2.055607849005556421e-10
4.167170296530140817e-04
-1.529959481429775392e-03
-1.053594856809627733e-03
-1.856947984467634326e-04
-1.032375536118127385e-05
-4.654252302917911436e-06
1.811825010705499720e-06
-1.737230769764322280e-06
1.318496930469243377e-06
-1.892038572854185083e-06
-2.177569694290062553e-07
-5.618174665705487709e-09
1.972438563756047064e-08
-1.261823460711984337e-09
9.155409998196194459e-10
-3.242630513303040853e-10
-7.681900530502557301e-10
-4.487075162049140718e-05
2.520929353696176148e-05
1.952654178904550636e-04
1.174419899570090163e-04
1.218545268265784278e-05
-1.659827716201520077e-06
6.820164085672437853e-07
2.861472201107633009e-07
1.840598506205128653e-07
2.787802935322760497e-07
6.700541631666603050e-08
-1.305605645149313897e-08
-6.574317727882234535e-09
-2.003403346584067252e-09
3.348451004585682790e-10
3.981031678965338389e-10
3.044095690086197281e-10
1.513953774533810810e-05
-4.684480245242355457e-05
-4.345791170318827345e-05
-5.466292167050198960e-05
-7.272143401224665752e-06
2.732084265821500783e-07
-2.843739261600850965e-07
1.302675034208578582e-07
-1.351601587732605512e-07
1.913229218980096168e-07
9.884523258648119606e-08
2.691341604818989585e-08
5.299473584265312911e-09
1.107076116492815156e-09
3.950183179971538992e-10
-9.038341474913112836e-11
2.135776264123369341e-10
-3.199171905048928192e-05
-3.301650798071338773e-04
-1.438573937219551598e-04
-1.950951060427706709e-06
2.686896673403677857e-06
1.137806347102004795e-07
-5.671698257902810677e-07
-1.617904682339075116e-07
-7.438187183901818173e-08
-1.350940905935193354e-07
-7.570413327118710751e-08
-2.292962362370238066e-08
-4.676711857524887928e-09
-5.334794547394822105e-10
-1.820987396672186928e-10
-1.352944829669706153e-10
-2.009304479659419736e-10
1.063799173698572584e-06
7.774340810960767641e-05
1.192166755923703959e-04
1.979587250203924140e-05
1.010952186791893351e-06
4.139975739151978826e-07
5.974058380907914407e-07
2.519056899749663314e-07
1.278250349998330975e-07
6.366362995916938693e-08
3.258619655285513669e-08
1.312910672554541741e-08
3.373030052991761625e-09
6.205604320446068691e-10
5.821983660811655113e-11
6.683682508305146150e-11
4.906386842797458281e-11
1.826326306483340839e-06
-2.465282313182159469e-05
-1.083098171085677340e-04
-2.370650782950390188e-05
-3.346106927851573745e-06
-6.959997423085991985e-07
-4.593733204464161578e-07
-2.372056939941961717e-07
-8.945195613660225915e-08
-4.256699616556140264e-08
-2.342628105941893214e-08
-1.040842591496348857e-08
-2.588840625520042370e-09
-6.484218521104278667e-10
-1.751204454680586796e-10
-2.653331393748367450e-11
2.215544082365521922e-11
-3.619915816557738633e-06
-4.617948509316858899e-05
-1.104211471087495310e-04
-6.705669959988494221e-07
2.764506964126381784e-06
7.612610797813048567e-07
3.411474756900898190e-07
1.834813497743233437e-07
7.532278655903794363e-08
2.824488369696002534e-08
2.143084299314385199e-08
3.711036202445657984e-09
8.115720411412887081e-10
3.404684098845249803e-10
1.355314654949681106e-10
2.094571461805148238e-11
7.442003408616371622e-13
-2.881554285282842245e-07
1.028402769453036587e-06
3.840660142146854643e-05
1.367810288688857742e-05
-6.831514787582088777e-07
-6.353986804857253937e-07
-2.457702582426368685e-07
-1.242056467948366663e-07
-6.367692651224966452e-08
-3.786397736122064479e-08
-1.453978272753867898e-08
-7.283280345092356252e-09
-1.206835637717620876e-09
-3.110636033151249512e-10
-4.897048525529271572e-11
-1.912907687708926166e-11
-1.659434427004875433e-11
