1.367858503317411212e-01
1.026605987018862853e+00
4.373689618452533678e-02
1.419462620597335915e-03
4.522137660674866832e-05
4.452879354816519042e-06
4.255596962148267355e-06
3.012641636581779512e-06
-2.722506962080562398e-06
9.906390181258847329e-07
2.577526322645237801e-06
7.494363905599274771e-07
1.069100626446045094e-07
8.769191632176896194e-09
-1.110378807919235564e-09
2.051562012825861099e-10
-4.794160233357868050e-10
-3.314226068434791145e-02
8.753192950375404680e-02
-9.303776914631300965e-03
-8.171451263246094342e-04
-4.560527816305817413e-05
-3.241884321583367281e-06
-2.075778365351353364e-06
-4.310780198682630459e-06
-6.881210645425642994e-07
4.608811403177475103e-07
2.847369894647728528e-06
4.765233345156422705e-07
4.706651627547712913e-08
-1.675432706328768902e-09
-8.191425207887726348e-10
1.852900422978599312e-10
-2.399849357112947738e-10
6.098844931160824628e-03
-7.244247498578023584e-04
1.661385176307313616e-03
3.712983792168854272e-04
3.660643212097914418e-05
1.836400112357138408e-06
1.337399838189656334e-07
2.795852634299859521e-06
-2.198482482966043863e-07
-1.670064945473705298e-07
6.424905800472298334e-07
-1.098675922032369072e-08
-1.099120048067556866e-08
-3.680745128352164559e-09
-4.045993207659477396e-10
-9.431328747339358211e-10
2.270441130963671760e-10
-3.342566399976882067e-04
-3.194820555224553416e-04
-1.081823805853955166e-04
-6.619282106405813889e-05
-1.579410591803053954e-05
-4.540317354119141773e-07
-2.159017572208428920e-07
3.945118150439849616e-07
7.445328142455494789e-08
1.216457096205829829e-07
-1.443286187250467154e-07
-1.284574714509611200e-08
4.450245359284845721e-09
-1.420367033000635393e-10
-2.185356235414263547e-10
5.434133695577085242e-11
1.591730322783097221e-11
1.327265071013940278e-04
-8.228115245303750604e-05
1.031889658651925968e-04
1.321924927728231473e-05
5.801897268090042278e-06
5.092979845952142148e-07
-1.270591700549711224e-07
-4.331283487600669404e-08
-5.330565404936881561e-08
2.940325674168998501e-08
-4.719492301409919298e-08
-6.713571459294129870e-09
3.863603681720328394e-10
-1.882528468751799947e-11
-1.530218717352033043e-10
2.962416169923976147e-11
4.299456648937235222e-11
7.865715939862275556e-06
-3.152955276824392710e-05
9.066210198817467741e-06
-5.292159596795618358e-06
-1.359556202626369449e-06
3.028306081442024635e-08
6.825346089255659752e-08
5.389923669026366012e-08
3.928757804028229157e-08
2.531900623543392851e-10
2.143093691961888766e-08
1.354888582166028459e-08
1.976247250273830311e-09
3.258736695536561788e-10
2.045585862697997560e-11
-3.242333010830867967e-13
1.042611458504322482e-11
1.816001657769689983e-05
-1.014596731420521210e-05
2.782986482053622268e-05
-6.613317092235025830e-06
-5.403141457833460222e-07
-1.116064083346185638e-07
-7.774891327227084526e-08
-5.818289139024118856e-08
-2.724808322677322610e-08
-9.550385124746077305e-09
-5.036714823310739569e-09
-4.674101725061891051e-10
-6.467724054560274556e-10
-1.534770253798206363e-10
-2.445449212681651241e-11
7.195472134717725358e-13
-7.228468095935887075e-12
-3.045054806388648822e-06
8.375782445736131007e-06
-4.931206271856469624e-06
3.738463302704886783e-06
7.092390806590303993e-07
1.184175046452593456e-07
5.697222160209340227e-08
2.818564356090847056e-08
1.456680395744545125e-08
4.409601461954385882e-09
2.116435333073177667e-09
1.178124178299182109e-09
1.669606073574152100e-10
6.382924816949759843e-11
1.945536872577921161e-11
4.482039687289095172e-12
3.863975177675711886e-13
1.037754548807583995e-06
-4.268595084748201615e-06
1.581443760327038295e-06
-2.628836743488851213e-06
-5.098274519556582768e-07
-9.763902454363982686e-08
-2.857747097764524177e-08
-1.330192268360121626e-08
-6.009169683016118954e-09
-2.214507084055177118e-09
-9.543575469570106092e-10
-7.429754291798268105e-10
-2.199500049497812932e-10
-2.804248277052908259e-11
-8.216279966606810562e-12
-1.034116775591128990e-12
4.698671476443318546e-14
2.908332216132003985e-07
-9.652544884681802750e-07
1.218213591548895459e-06
-6.580365461774006737e-07
6.590756857161411450e-08
4.716175093443665127e-08
1.459143157092210011e-08
5.566801636086037885e-09
2.221458482417362290e-09
1.001671154576335453e-09
6.470156345844821555e-10
1.796779215446674161e-10
1.327451834780252899e-11
4.995539875229857120e-12
7.254247390329569820e-13
1.391176534610145329e-13
-6.989323869414650690e-14
1.128608911672334658e-08
-1.278889742722195540e-07
2.594170255265761742e-07
-2.319154647453428152e-07
4.898291134973305887e-08
-1.259519676099213711e-08
-5.233212288331428258e-09
-1.756167934308468477e-09
-6.340438311476406340e-10
-2.267208557095064439e-10
-1.158036938043656879e-10
-4.310254604623428580e-11
-6.212197295684907262e-11
-5.445656683158703455e-12
-1.203367786972957396e-12
-1.541207365265006845e-13
2.917375708982264583e-14
1.648546412456605714e-02
-1.672525852726592516e-02
-1.260387629875325691e-03
-6.669230571820819974e-05
-1.855342909411051490e-06
6.707072929808821248e-07
4.152415013467327218e-07
2.528873368282016656e-06
1.085580644244934735e-06
1.128412538455110828e-06
8.297118321875987507e-08
-4.897025839237032169e-08
-4.337424057017917517e-09
8.948853661033178298e-10
1.151464807557408438e-09
-1.910159434112726954e-10
3.129517505964236716e-04
1.528520683574770365e-03
3.469705137514926757e-04
3.477953746072598304e-05
-2.270452687531659458e-07
-6.410273050893337406e-07
-1.098943259549492807e-06
-6.178630708676710317e-07
-7.128910810954234266e-08
4.657466265996262582e-07
-2.228988746224389874e-08
-1.057474943512504838e-08
-3.212704751108587607e-10
-7.137457526485419839e-10
3.819277256357288244e-10
-2.640436581418177171e-10
-2.459183837443531064e-04
-9.949353988437757831e-05
-6.742696605471510665e-05
-1.600002460441498432e-05
6.552420815550545109e-07
1.618382934792614858e-06
6.853456954008191472e-07
3.821936227827187079e-07
3.007691011747791827e-10
-1.513764039181684660e-07
-3.085219626562740164e-08
4.474245421464902330e-09
9.616770230330894232e-10
6.797306562002151693e-11
-5.933912880260113399e-11
-1.419033251932729175e-10
-2.753645555671172012e-05
1.084166814989645202e-04
1.362370603723014000e-05
5.541258059855572101e-06
-4.532583098760673082e-07
-7.612980594838109997e-07
-5.568845864093315375e-07
-7.610966190664921626e-08
8.752753866712122983e-09
-3.576265510759867459e-08
-7.362584685823712564e-10
1.996400273250891788e-09
-1.806527455061819758e-11
-2.713025926498945653e-11
-9.865411196004603775e-11
-3.180606266268509075e-11
-2.735741864326647570e-05
9.862911369150590701e-06
-5.424408478412407368e-06
-1.035136626711759383e-06
3.218569462080299526e-07
5.218531849718340804e-07
2.430621520067829655e-07
5.833865946006718042e-08
-1.941536865828504816e-09
1.498163857303412580e-08
1.138645753197614766e-08
1.382258434261986665e-09
2.056085166508493042e-10
6.015769870403981610e-11
-1.545055108185499240e-11
1.727812744831962192e-11
-1.388952572469742522e-05
2.759222468624092226e-05
-6.602383400104628491e-06
-7.260680788370493458e-07
-2.670079784203379071e-07
-2.069470586087996158e-07
-8.529403855602931372e-08
-3.495644239929137840e-08
-9.313139693630583827e-09
-3.161398473870570271e-09
3.801955234843904237e-10
-4.280825960582296467e-10
-1.316422975653022084e-10
-5.975338349729873063e-11
1.334500179127431851e-11
-1.487075068889553307e-11
8.880698988755259980e-06
-4.905129462355942929e-06
3.763554178591482964e-06
7.802443460280852762e-07
1.812457624772577403e-07
8.108650860901795177e-08
3.851195934885866327e-08
1.606403261754136867e-08
3.357689801090317675e-09
1.280868870187965705e-09
8.377257252022491166e-10
8.137493046283956890e-11
5.147958472881863219e-11
2.160353842270594841e-11
5.100089007295284030e-12
-2.243930725788913943e-13
-4.433226792434325418e-06
1.561976292635234910e-06
-2.643685088715743582e-06
-5.340339733902167339e-07
-1.146355511278928503e-07
-3.856279252939400962e-08
-1.631413512740444217e-08
-6.317926205682240649e-09
-1.794419410592098934e-09
-6.654412907634154173e-10
-6.103007824147219936e-10
-1.841186728935019530e-10
-2.343901831981225910e-11
-9.648146053332414614e-12
-2.441107589064138061e-12
-1.277647853858133838e-13
-1.005315985048418096e-06
1.219668952375697413e-06
-6.533907265566696189e-07
7.302870768445634932e-08
5.233577725710464656e-08
1.688270583704290002e-08
6.626600607946482229e-09
2.525537289750375163e-09
9.096925034004257191e-10
5.495688642920452777e-10
1.292343427199066753e-10
-7.066983963281900258e-12
2.311452878451771235e-12
1.320453184700033930e-12
3.264141873348487899e-13
2.359682811398960916e-13
-1.434814948699816421e-07
2.620089121244418708e-07
-2.408439749222326324e-07
4.565261824265835200e-08
-1.406714093312641276e-08
-7.062468244565958742e-09
-2.606524033188511780e-09
-8.406251228721650575e-10
-2.983222739604602670e-10
-1.624289732271800080e-10
-3.357940413174666565e-11
-3.103623828335253141e-11
-6.097831365706530160e-12
-1.466063018879049709e-12
-2.664026001116657903e-13
2.061238346623764250e-13
-1.017684976758192361e+00
-4.346711584547464230e-02
-1.410680340861217167e-03
-4.195874347259118369e-05
2.045999402467624158e-06
4.609419279412925620e-06
4.609560829172573627e-06
3.075300252448175803e-06
-9.874371120496278844e-07
-2.553931383513900647e-06
-7.559573783516078421e-07
-1.094221413174653222e-07
-1.484276377044822330e-08
1.557064824768234007e-09
-1.814745674146283672e-09
1.010805541358320865e-09
-9.266885820855624845e-02
9.022750944145433230e-03
8.059273447773128299e-04
4.462838287050383576e-05
1.459509005765215826e-06
-1.475382027885843800e-06
-3.606684247174092218e-06
2.461650262545600888e-06
1.288302717081412225e-07
-2.713624397691170452e-06
-4.494795396119418585e-07
-4.098424050493662431e-08
1.293016351092037250e-09
2.335293475351658031e-09
-2.804565188562119119e-10
3.613505717254981931e-10
3.043715337679914201e-03
-1.456189159805376708e-03
-3.628274101053081935e-04
-3.929160878452568698e-05
-1.551101288030707564e-06
9.562925157347871992e-11
3.856977669189369012e-07
-1.323392638701584560e-06
3.114649362615996369e-07
-6.853558685573246344e-07
-1.160337516519050463e-08
1.605905673880033388e-09
4.234049750549062842e-09
-5.262532238903247093e-10
4.792038346999071269e-10
-2.910132450599038942e-10
-1.113000019372877816e-04
2.435200914266436126e-05
6.179948089891472028e-05
1.668828194328890620e-05
8.613127871279784723e-08
-8.845923087501375296e-08
-1.294489884230291677e-08
3.556810068021955914e-07
-1.659771798477556967e-07
1.917268253575302055e-07
2.641557491449403232e-08
-3.870217597358411908e-09
-8.421287449898471434e-11
-4.824007372005198913e-11
-8.899856270310727522e-12
-1.637377715965698769e-10
1.875568441967517743e-04
-7.508700980188489770e-05
-1.149858142232847097e-05
-6.559076766180020986e-06
-4.343281228455790308e-07
9.604692780293295732e-08
-2.717825743929515899e-07
2.286034591165266234e-08
-1.367654970032456850e-09
2.557897753558838844e-08
3.124931731382283257e-09
-9.185292572487701337e-10
-8.084850894796475219e-11
1.149449998967763998e-10
2.575259370269615274e-11
-2.457168010514148592e-11
-2.293296755789898445e-05
-1.767148446123085077e-05
4.809233783752785169e-06
1.693197493466060245e-06
1.455474966648835401e-07
5.587746101209794929e-08
4.558935006673524887e-08
6.098138250915519838e-09
1.553893168789509221e-09
-7.950737486686743333e-09
-1.173879250547062528e-08
-1.386314097865193257e-09
-3.400223494651619782e-10
-4.215317912125188654e-11
-1.966315892817607647e-11
6.263595657442553524e-12
-2.290772886980496471e-05
-2.924050495300643522e-05
6.490444945110178261e-06
3.782254251681434451e-07
-3.918145405026311812e-08
-5.489952757813666868e-09
1.128491047413605515e-08
-4.526671912767418840e-09
3.855297436410022374e-10
-5.483260972407159404e-10
-3.365358872746097648e-10
4.186665201691396892e-10
1.696209920863635841e-10
2.371486895117377828e-11
9.234945508925257980e-12
-4.341176696962365397e-12
9.530730888637332468e-06
7.913896666292104528e-06
-3.405034447728096104e-06
-5.917130692489466474e-07
-3.646314475207267240e-08
-1.114063075734017830e-08
-6.276876136939761893e-09
-1.453885626146300361e-09
-2.454421888514456238e-09
5.603451234889308517e-11
-8.533148936807596390e-10
-5.874746684715601784e-11
-5.732949736693338851e-11
-1.504882585994724252e-11
-7.442543814903329740e-12
1.539051411722413064e-12
-4.689258736127096835e-06
-4.043194925418307864e-06
2.297234963889233493e-06
4.344963718077933495e-07
5.863117349359290855e-08
8.000374856400503598e-09
3.786151757161825220e-09
1.471502796794752466e-09
1.545937341655063583e-09
4.340734250186284561e-11
5.855856471355797282e-10
1.751282651876085377e-10
2.387149028220779564e-11
7.719513932490344948e-12
1.544206437277448736e-12
-2.375689545225974442e-13
-1.201080913748960649e-06
-1.190538874106087128e-06
8.051570575782354154e-07
-2.478816602047088050e-08
-3.038447253616972566e-08
-6.705771684235240975e-09
-2.064422067441171482e-09
-9.612936097547600247e-10
-4.621346239724721190e-10
-1.534543505117794249e-10
-1.478533460549954823e-10
1.633163584307062571e-12
-4.590447710802288519e-12
-9.864318051498282788e-13
-3.498943695503178253e-13
1.997451039721135575e-13
-1.560631428657244480e-07
2.626454560220775632e-07
2.133943340388045700e-07
-6.384503346829076844e-08
7.044384513180803991e-09
2.882817696007757395e-09
7.613591709560478757e-10
4.893333442672323515e-10
1.947947209354355918e-10
-8.335784423324231417e-12
3.391341074794504608e-11
5.901666393316673411e-11
4.010807021327908427e-12
8.496682591394260483e-13
8.157634493333058780e-14
-3.055834721207526956e-14
5.787688963223431432e-02
2.435550960719343530e-02
-1.632147759067891293e-02
-1.246768409081726921e-03
-6.878562336453535075e-05
-4.148879827043927955e-06
9.007151658456242971e-07
-4.847494738945876802e-09
-1.455465527804468558e-07
1.218063860103206533e-06
1.142897871065738548e-06
1.175405110295974816e-07
-3.776649393266014695e-08
-3.228293026238891521e-09
-1.104406494206040113e-09
1.153267815651016139e-09
-4.059927147924810722e-10
-5.628677971270012667e-03
-1.849772633428223680e-03
1.331629739035482957e-03
3.361620641544811909e-04
3.623033530766289187e-05
2.987934574195787077e-06
6.966336047260810454e-07
-8.751766358008022613e-07
6.075843253115209409e-07
-2.005999840307353626e-07
4.475353424016809040e-07
-2.139343746550420658e-08
-9.239168415171718276e-09
2.403232303131325805e-09
-9.549297854792515967e-10
3.918967084805019782e-10
-6.417039143029559225e-10
3.092966779320800220e-04
1.909213145191222913e-04
-1.490941741565355802e-05
-6.272798472203725342e-05
-1.832488629188497835e-05
-2.328643261016079381e-06
-7.325110882065790162e-07
-3.189782358622221717e-07
-2.990108304712576414e-08
8.523800402232473119e-08
-1.546388214959991195e-07
-3.021663551463362555e-08
3.858188758633796395e-09
7.921563294486699262e-10
2.102721572107354918e-10
-9.210218019984071175e-11
2.620463230032675503e-11
-1.512558918031347991e-04
-1.357066574099513514e-04
7.902958466328846435e-05
1.140379350359606452e-05
7.154621137723325466e-06
1.420553629424119171e-06
2.381247706945439443e-07
-8.832185449418443388e-08
-2.377071716135743787e-08
-5.228266257994329944e-08
-3.168373516862859557e-08
-2.007273662733465076e-09
2.480161834093149746e-09
1.289448467281992647e-10
1.489854506146034842e-10
-1.219516001585211986e-10
-2.456979874671130504e-11
-8.604129924100655514e-06
2.732649113114605911e-05
1.883463180426719126e-05
-4.779586549929732335e-06
-2.269397983879107353e-06
-5.071383288990476490e-07
1.675286204263116977e-07
8.044881330623848002e-08
1.753441659429424429e-08
1.127407659897459399e-08
8.217940292926553949e-09
1.104348458955004102e-08
1.018881570682576067e-09
4.920526496044975887e-11
3.461789095021912347e-11
3.176821959498888521e-11
1.382938783326435853e-12
-1.793548076505126080e-05
1.891109825874283298e-05
2.887715137995893041e-05
-6.409007620950631082e-06
-1.126204729043248167e-07
7.585920005384433805e-08
-5.938488874994309542e-08
-2.241961746720720258e-08
-7.851672052584827197e-09
-5.786791037098145888e-09
3.689767700312707859e-11
5.981242196378278397e-10
-2.546193906638994688e-10
-8.046283725712187049e-11
-4.187613087788247090e-11
-1.036207541763671808e-11
3.023196739467114678e-12
3.123845138451294180e-06
-8.934907128131543600e-06
-7.860406385783386815e-06
3.358271529679313703e-06
5.258001545944403500e-07
3.883528088958741922e-08
1.741441789133147358e-08
1.307381221338177871e-08
5.510674971021915440e-09
3.424717541155338402e-09
-4.610181064352955192e-11
7.158241767618267751e-10
-2.128384591763361343e-11
1.882312395772672129e-11
1.330052865053870471e-11
3.014452796966379268e-12
9.679434581953609708e-13
-1.046478009686745953e-06
4.502972145532753217e-06
4.029513223540632675e-06
-2.282505424741063559e-06
-4.231226928836198646e-07
-6.003010145605199973e-08
-1.327986223754994121e-08
-6.339505282384783859e-09
-2.775015691322922185e-09
-1.792953927811215815e-09
-4.298627771351451397e-11
-5.217885636599794348e-10
-1.369966113415773649e-10
-1.093479695636366006e-11
-6.240196393130751657e-12
-1.361507310159763053e-12
-7.159757675158135334e-13
-2.749039311387440751e-07
1.164648317607704502e-06
1.187048844746774495e-06
-8.088244801268393303e-07
2.421974993834435021e-08
3.210502329920292655e-08
7.631168152542204425e-09
3.123058953879979837e-09
1.550991197125570953e-09
5.748221736103627892e-10
1.537415418471202744e-10
1.247478524648234272e-10
-2.431964623889598959e-11
-8.493658234730306052e-13
1.334709069454240078e-13
3.666065334121125508e-13
-5.437843409571592246e-14
-6.732481398746411846e-09
1.441295052864567608e-07
-2.865082224438931730e-07
-2.256675517828643437e-07
6.498920076497803143e-08
-6.194454407157751836e-09
-3.683440435757172000e-09
-1.310001149432963326e-09
-6.228750503820546634e-10
-2.601505625263383608e-10
2.045607466965843552e-11
-3.319743639971179127e-11
-2.317627640144314927e-11
-3.360005061893338464e-12
-8.339939195460569363e-13
-1.741436905902966714e-13
1.009497814634737520e-13
-1.559079599629764334e-01
-5.020294815057965362e-03
-1.524697729243942401e-04
-4.733295675920903267e-06
2.700965503767442096e-07
1.865813722262361472e-06
5.686944778195777837e-07
-4.124405325177053497e-07
-9.056182462738493210e-07
-1.083627923219102706e-06
-1.361769845214539805e-07
-2.497222681654166974e-08
-9.538322680424479050e-10
-5.588363080681730408e-10
4.032736439969783130e-10
7.968524248445542975e-11
3.481624339608688917e-02
2.887245035510156970e-03
1.577555239141725536e-04
6.733593940643161260e-06
-9.518274978822562235e-07
-8.110429259755247859e-07
-3.032426811720833431e-06
2.366105666563664961e-06
-9.633226815853056533e-07
-7.852605272612984256e-07
-4.817516894008104535e-08
-1.188648261708542350e-08
1.912171652327264106e-09
-1.275779564929674902e-09
6.294380931559549307e-10
-2.110400072622668542e-10
-6.367914206490384380e-03
-1.291421966083321259e-03
-1.278181495335049378e-04
-5.545719124422763914e-06
6.848724524714516745e-07
2.359558143865072765e-06
2.668060095208589596e-06
1.403176198955168371e-06
3.117651381177035764e-07
-3.843904916065765565e-08
-2.525478325229199478e-09
-4.088516466868291361e-09
1.066709200293983152e-10
8.924228347050827315e-10
-2.774829254414678015e-10
1.485136179752108388e-10
2.516262463497189101e-04
2.489811108728525726e-04
5.432296417010589612e-05
3.462730685525452371e-06
-1.394341787473752728e-06
-1.371078439468028394e-06
-1.287710886849267280e-06
-4.953077179426442096e-07
3.234934124247502128e-07
6.854333578351426879e-08
1.756669964543334101e-09
4.938748422560052779e-10
-1.453313743300074621e-09
3.135847572309065284e-10
-4.407498185434031087e-10
1.074927923792437813e-10
-3.008394473073948568e-04
-5.305758336845580689e-05
-1.883900572904451782e-05
-1.500341152425910450e-06
8.922893272494179026e-07
9.575265521121345738e-07
3.830653927010782271e-07
1.536458910720281083e-07
-8.741404960286961564e-10
-1.168859811925530609e-08
1.195690887805793687e-09
6.481043127232756877e-10
8.937477271820169861e-11
1.164731750133088096e-10
-2.567905934936152993e-11
2.811677098338429957e-12
6.304855552669948106e-05
2.435599291262500354e-05
6.064855022967569813e-06
4.898146223428844966e-07
-8.255398637480421641e-07
-4.883371504960636036e-07
-1.495529460634215706e-07
-5.354536408438440429e-08
-3.104597156654237370e-08
-1.115050788196001838e-08
-2.944143919803100220e-09
-2.061573443571266285e-10
3.062696374297824021e-13
-1.384393498952716597e-10
2.108667049355709237e-11
-2.518947370388787390e-11
4.668052038811985725e-05
2.021028319648763083e-05
9.294917587807791070e-07
1.414843369699478300e-07
3.980745920964742453e-07
2.056034305642056712e-07
8.212238296452291051e-08
2.337462639615883385e-08
9.339224346233535316e-09
2.666980735014380425e-09
1.199226937291410961e-09
2.412686618840078239e-10
9.946149654616608032e-11
5.951621141401406375e-11
-1.197711486149420495e-11
1.876885278455063172e-11
-6.803575930740194246e-06
-1.158584706299640375e-05
-1.914836504525612038e-06
-2.881839416435531664e-07
-1.542502597495723384e-07
-8.319450542667576346e-08
-3.694123961061011667e-08
-1.255327756842276968e-08
-3.977079994651051129e-09
-2.249285518789905688e-10
-5.474570873161977710e-10
-1.007804295400989945e-10
-6.381127868419061591e-11
-1.323469510173614400e-11
-3.593231147659385712e-12
-7.207334274229649473e-13
2.647129305229046107e-06
7.744434116152307964e-06
1.519198938548592069e-06
2.419176652556424168e-07
7.127599154532978019e-08
3.271193768805230616e-08
1.514713205980346981e-08
5.253662391906143763e-09
1.131958324060062646e-09
9.431519340222739963e-10
3.646628539412735535e-10
4.901731245050972448e-11
2.950350809673104753e-11
6.661152866425890248e-12
1.828975142502887065e-12
3.027849158045926629e-13
1.361646331217852055e-06
3.001088138939550872e-06
-8.437908182691531264e-08
-1.141657045214217062e-07
-3.317998258803462836e-08
-1.303545960968153681e-08
-5.682615827337853824e-09
-2.165982983833529712e-09
-3.923575168944292236e-10
-3.208409598070149751e-10
-1.805477341302933898e-10
-2.355626563045823453e-12
-7.683491740008303435e-12
-2.108149545620652797e-12
-7.789265846704871924e-13
9.176889196544712929e-14
-3.715296059977504582e-08
-7.788933794906790761e-07
-2.428198546729178071e-07
2.106089799094797036e-08
1.162307602120607235e-08
3.843635836035401340e-09
1.610004315811750709e-09
7.175697199872831612e-10
3.022511260511537866e-10
1.121711105191257116e-10
1.059052837324341789e-10
1.527764897113145909e-11
1.783891273937727139e-12
-2.446407120286941186e-14
-3.575328337373270642e-15
-4.008413574607249481e-14
-1.225260372665469555e-01
-6.183760155006696319e-02
-4.416708689299931462e-03
-2.268644574293773506e-04
-7.708086812369075932e-06
8.246792549591206490e-07
1.454305664106835629e-06
3.315011662895550548e-07
-2.512718249515508610e-06
7.909779372735620358e-07
1.210364716973844474e-07
-4.951683026438670137e-08
-3.677257624188446323e-09
3.890035597108711127e-09
-2.362958077605593786e-09
7.626857313986191930e-10
2.978816838528423194e-10
1.785024476902311551e-03
5.827984058520644522e-03
1.203276831869314620e-03
1.222939746369567152e-04
5.638164120746547675e-06
-1.484512934954460494e-07
1.968998414023224459e-06
7.986913723221579843e-07
-3.762215446896511079e-07
-5.966056984159657624e-07
-9.976137083982309337e-09
-5.078069274283292375e-08
-4.758821055576426350e-09
1.585248441120938256e-09
2.599968665937404927e-10
-2.389085281992449705e-12
-7.570831125442346673e-11
1.447837400858831205e-04
-2.282785867430727736e-04
-2.486258369863713637e-04
-5.254167323628992193e-05
-2.191073242763138780e-06
5.003693771244244712e-07
-6.778770232864648287e-08
-9.114664473330125094e-07
4.439600360356319608e-07
-4.095524778897205458e-07
-3.866975790288374560e-08
1.041760239331060200e-08
4.881353170727950951e-09
2.619771277688550853e-10
6.379566492524400756e-10
-5.000829687459823609e-12
-2.085893582435730812e-11
1.158259301722644452e-04
3.217461631332982439e-04
5.444163119209304773e-05
1.832771177084829419e-05
1.225088941451732984e-06
-3.846096680568492128e-07
9.616887214318981261e-08
7.349965164955444943e-08
-1.065029711610165675e-07
8.417363189396575382e-09
-5.360504261349946146e-09
-7.212761289045659369e-09
-1.348476443456178709e-09
-3.348830715845157093e-10
2.588576819240085372e-11
5.295162578080148394e-11
5.660409042582467850e-12
-6.927583250249987774e-07
-6.203777471722039089e-05
-2.391837653107777804e-05
-5.756013623036423691e-06
-3.990741181209459239e-07
8.705867983114483178e-08
6.654660058600501261e-08
5.985430891055195465e-08
1.968990406766432582e-08
3.527182397411099708e-08
1.764959287664880065e-08
5.734472163206292732e-09
6.986158591904268330e-10
1.748995491807152887e-10
-1.230472247060864546e-11
1.356424101460288189e-11
-4.478957451895970134e-12
-4.140949370599885433e-06
-4.685027945545723588e-05
-2.035996936306360013e-05
-1.047000947893563894e-06
-4.849897938644660572e-08
-9.399455260338890132e-08
-9.270253811032071895e-08
-3.903316086356337183e-08
-1.569350211436515258e-08
-1.297189965333549057e-08
-5.340373064240081310e-09
-2.265877341716361076e-09
-4.904708240079457656e-10
-1.220954976762176454e-10
-1.702102060903116202e-11
-1.024435010662287542e-11
-1.353255786206242491e-12
2.666097901770245546e-08
6.708652632979185275e-06
1.161698501918119632e-05
1.924115801144287366e-06
2.170994401284242886e-07
8.198373129039168523e-08
5.141789056472541791e-08
2.470847473425597056e-08
1.064518363207393254e-08
5.337876797598366281e-09
1.176558718949941573e-09
9.360897834389983021e-10
2.071846637267808281e-10
5.700809145367815605e-11
8.095400733155899091e-12
-3.282174187212719459e-13
1.167868305607681312e-12
-5.121353477614873852e-08
-2.627369320984462477e-06
-7.750607811355002120e-06
-1.509431854628604365e-06
-2.164069180667758495e-07
-5.033086125548943734e-08
-2.572772479615131600e-08
-1.178586805666711106e-08
-5.199444157223990870e-09
-1.677507355491224965e-09
-1.304451286530868758e-09
-5.071802869248943957e-10
-8.527187512789377744e-11
-2.712710294109094561e-11
-4.363863659068270422e-12
2.550580221264183713e-13
1.861109460565791443e-13
-1.374918372880039495e-07
-1.379468685812347475e-06
-3.000644620680297673e-06
7.857107357113193220e-08
1.043100424269657034e-07
2.842327085666372429e-08
1.141921972367967799e-08
5.129114248427291421e-09
2.380540602652669290e-09
6.198907517068998581e-10
4.757946116400058460e-10
2.159500266907561086e-10
8.953167014958515883e-12
7.634707316078653085e-12
5.075210445455203948e-13
-8.732163246542016868e-14
-3.073321362538821805e-13
-1.585461183072019038e-09
4.113141560793318450e-08
7.799442903380749688e-07
2.540689792701518413e-07
-1.834753144806169442e-08
-1.297693253144314115e-08
-4.598406718357384237e-09
-2.019384208843563089e-09
-1.027396003115318478e-09
-5.024174063600568028e-10
-1.930315112623360187e-10
-1.153644552755745838e-10
-1.353233329593546413e-11
-2.640780077677935462e-12
6.652272069884933472e-13
4.402141319960603782e-13
6.292451170539510521e-14
