1.391216601715120904e-01
1.025416355731205487e+00
4.440349822417298531e-02
1.506954480650417707e-03
5.074068108916081739e-05
4.202456693424956774e-06
3.916441526273133787e-06
3.683063897274025059e-06
-1.564206071339168817e-06
1.421772872962576865e-06
2.348570879825359258e-06
6.823807765820409751e-07
1.041572379064413206e-07
7.358936268143153186e-09
-2.538840340554608530e-10
-5.728475372433305943e-10
-3.408861912058117680e-10
-2.364686967142343166e-02
6.180419456453847132e-02
-6.638648819950149042e-03
-6.029529964372773313e-04
-3.479643122416788874e-05
-1.435992961912777822e-06
-1.873986549337182841e-06
-2.936063453942939126e-06
-8.144350617889173911e-07
7.029169417567144773e-07
1.906705563305545593e-06
3.407507349043167197e-07
2.871435127065967145e-08
9.097335233692187550e-11
-8.971195932112015095e-10
2.815851915191380644e-10
-1.813346179039856040e-10
3.068806343515244339e-03
-3.291607920052574379e-04
8.380007929999241760e-04
1.909057101001087893e-04
1.962250852595377103e-05
4.340559784505117102e-07
2.690787275105276280e-07
1.353030364603547646e-06
5.722986379778538425e-09
-1.755478579400594677e-07
2.892814969568045335e-07
-6.699176549183731716e-09
-5.729562013334752038e-09
-2.923015290786857638e-09
-4.186775024107675148e-10
-1.912042254838714216e-10
7.730768257493808413e-11
-1.017020187033203287e-04
-1.391514014542723145e-04
-2.889828379574811530e-05
-2.231399195255756766e-05
-5.403443005650006994e-06
-3.283271399456228182e-08
-6.258827098912238440e-08
2.462378494875261770e-08
7.218935719134229605e-09
1.266177452659163364e-08
-2.503483330411786752e-08
3.652223875303556284e-09
2.975959422574985568e-09
1.697114979207041401e-10
-4.045488610458004702e-11
-1.138119150827796631e-11
2.779737633184731745e-11
4.638060521642698900e-05
-3.342883770045706912e-05
3.483335840786813898e-05
3.853593855515423029e-06
1.340351681801603253e-06
3.712757835539393932e-08
-6.861588231134053138e-08
-1.658986802245185410e-09
-2.220345413526049054e-08
-1.412008032774443835e-10
-1.410654348190182447e-08
-3.664870558187217965e-09
-3.114078525754788980e-10
-9.147325249940476160e-11
-1.254957764435559232e-11
2.857647403718405620e-12
1.038166124380875661e-11
1.562247748477479288e-06
-7.366724141485603491e-06
2.273575724038814181e-06
-1.235210031495873960e-06
-1.934923164483188999e-07
4.237441111469891658e-08
2.427963913703747726e-08
1.035625773706046049e-08
7.295379248334462177e-09
3.567059957556116503e-09
5.056115246421935388e-09
2.935012733594424991e-09
5.182666419727760621e-10
1.142784487172046892e-10
3.479188252701618370e-12
-1.158246251181610232e-12
-5.165952821720835757e-14
2.960865889998992490e-06
-1.588897126203168155e-06
4.448188166887957861e-06
-1.073083258442788787e-06
-1.175201451643443692e-07
-3.071956784609012422e-08
-1.511976284632144550e-08
-9.664212689443648097e-09
-4.302487694210989913e-09
-1.941959901347620477e-09
-9.344039212602560762e-10
-1.453866784565493981e-10
-1.272899626871787410e-10
-3.385491425764589820e-11
-3.072754878958175751e-12
1.066404844895038646e-12
-5.115837347080839455e-13
-3.559763290270400575e-07
9.692439977758133674e-07
-5.524737549178740006e-07
4.417186940348998631e-07
8.919626786039774000e-08
1.739606207221064961e-08
7.375677333534056590e-09
3.424335917248305738e-09
1.768568294641043297e-09
6.556020483234040799e-10
2.424457739527863695e-10
1.572016424701103832e-10
3.277684006699861848e-11
1.099162155546406721e-11
1.493170984810277595e-12
1.493865341153834793e-13
-2.180251041092378270e-13
9.876621951049953050e-08
-3.780995199251293119e-07
1.659761711666474210e-07
-2.390520632328739003e-07
-4.556828533443176499e-08
-9.065539277060164331e-09
-2.735762695680078309e-09
-1.190434036489775524e-09
-5.132387217085168052e-10
-1.976506157915092081e-10
-1.051703403458521365e-10
-5.929917426931558948e-11
-1.878063132080923854e-11
-3.369670021341358071e-12
-3.249015649228016666e-13
5.910509744887953115e-14
1.068480815935406289e-13
1.745161363349867302e-08
-5.586700402571500826e-08
7.330082265655917128e-08
-3.790618024922241132e-08
4.288579985118796295e-09
3.003436980482126677e-09
9.436268485616278403e-10
3.495130226611824367e-10
1.558594260832870162e-10
6.655769829994271133e-11
4.199750373085481311e-11
1.058598224621629794e-11
-2.617995719126041643e-13
1.889880618086825437e-13
-8.239622473693691222e-14
-5.523705326435189033e-14
-2.544245824661457896e-14
3.995929416019758034e-10
-5.342150097705813573e-09
1.090840130901651320e-08
-1.001459621589262045e-08
2.007341429708782565e-09
-5.542508824237943069e-10
-2.427874552240920493e-10
-8.408138037789029340e-11
-3.275109935599534661e-11
-1.071208281813927085e-11
-4.308741709112936371e-12
-1.661722555165146339e-12
-1.908046745007811396e-12
-1.293743255636554356e-13
-1.750289483587982744e-14
4.346414904425263813e-15
4.555531560264784128e-15
1.158434989231990099e-02
-1.194256384126433923e-02
-9.259699626845802837e-04
-5.074794193951199893e-05
-1.384329393156489791e-06
1.006895178067861872e-06
1.692995688750915838e-06
2.176076984918558692e-06
1.225160611664353656e-06
7.141085054638141818e-07
1.159931699355718481e-08
-2.431387890043329505e-08
-7.668488242112454545e-09
1.786035635583908099e-09
5.511015510694178362e-10
-2.024645677635145348e-10
1.784225096829619532e-04
7.678196706038002348e-04
1.787941629055903264e-04
1.831310156149393127e-05
-6.014949491614792883e-07
-6.992138625912745310e-07
-6.546122887002016368e-07
-1.320322701295224027e-07
-1.007931736851743613e-07
2.024113027715938458e-07
-9.063757769239869334e-09
-2.875088599748270962e-09
-6.902565840054553549e-10
-3.952703230500786335e-10
-4.823817412840569462e-11
-7.720716891796805751e-11
-9.714016967581131929e-05
-2.381320242595290945e-05
-2.257732144581901606e-05
-5.587929983704700417e-06
4.402269001157551485e-07
7.737393254055878883e-07
4.331878945385241854e-07
2.406816614219151035e-07
-1.884965620510291654e-08
-3.079251270074526825e-08
-2.070863843270416301e-09
9.020160587823592005e-10
5.713023163345262120e-10
-1.246284553212292128e-10
-1.454369929915177992e-11
-4.640582455494429729e-11
-1.360439848066373430e-05
3.682611758902233016e-05
3.882155725259836760e-06
1.250427454173448191e-06
-2.273145727843975377e-07
-2.760473650245847714e-07
-1.400139248687906176e-07
-4.054322111955714750e-08
-6.667176665734539754e-09
-1.032022380579516216e-08
-1.686552673069721884e-09
4.580704174979809554e-10
-7.084690876767325699e-11
-1.770475290803061969e-11
-1.334507951885562491e-11
-1.529404173681768618e-11
-6.449058144339823275e-06
2.497963100471886321e-06
-1.266123629907122622e-06
-1.183289100634873740e-07
1.173807455285513108e-07
1.146021802655693538e-07
5.398836954618786331e-08
1.337588029213295488e-08
3.161132224688823037e-09
3.531449756991263291e-09
2.173018956797930835e-09
3.254392551236965427e-10
5.727321949753382593e-11
1.261559795256582471e-11
-1.440137768404521722e-12
1.644729386308854718e-12
-2.188680157219363979e-06
4.394833755408592166e-06
-1.073210659134177822e-06
-1.428436906988367698e-07
-5.753100209206430363e-08
-3.481353395835376592e-08
-1.597630867130034766e-08
-6.002589819554325503e-09
-1.971515006136485583e-09
-6.082736703299440667e-10
5.551762704777583200e-11
-7.356365116110610024e-11
-2.185139732169439123e-11
-7.856854666361016420e-12
1.914742468486399985e-12
-2.093245132311463373e-12
1.026586172588531906e-06
-5.481503146518962190e-07
4.455763806892814727e-07
9.623131925560103507e-08
2.461160035850597743e-08
1.070751026163316296e-08
4.904610066434804601e-09
1.992348997332028757e-09
5.282999805867662952e-10
1.232038023093976372e-10
1.007100562974013772e-10
1.491478890765375224e-11
8.780286329893846719e-12
1.846445989063713235e-12
8.951443788137314227e-13
-2.888530783846607849e-13
-3.954643735948444016e-07
1.638908236398473531e-07
-2.405085192929278709e-07
-4.748155997899149177e-08
-1.049371886997512643e-08
-3.584528904890570012e-09
-1.451666114534284468e-09
-5.524969979215124416e-10
-1.578497673388325701e-10
-7.185078647165499007e-11
-4.378024182248390671e-11
-1.373858866840978862e-11
-2.895006117411910738e-12
-5.845346866747517449e-13
-2.231218114218364102e-13
7.583604189021742233e-14
-5.843896435712917433e-08
7.337003953491240735e-08
-3.755491660373776879e-08
4.685602937650820189e-09
3.319080191367216123e-09
1.089505322740934854e-09
4.117214118267572718e-10
1.707195046784911533e-10
5.729554564901770128e-11
3.337582888605283473e-11
6.449873283847614036e-12
-1.586212794259936815e-12
8.406487991280677718e-14
1.653952253943844989e-14
-3.103173361408350693e-15
-2.588119268214849651e-15
-5.908795943541403201e-09
1.094209912840256797e-08
-1.029103117451005156e-08
1.886510655697883654e-09
-6.118870415225252730e-10
-3.014483308293881853e-10
-1.116775410501095204e-10
-3.799790747643729675e-11
-1.187289425593760133e-11
-4.046928691634720910e-12
-8.058977625470862365e-13
-8.985421626157701089e-13
-1.186120657010667066e-13
-1.457560489079842854e-14
-1.441698078664049944e-14
2.077061267847327607e-14
-1.015960873612376858e+00
-4.409071743594352583e-02
-1.498411520500550487e-03
-5.004302260711699269e-05
5.728540668997582900e-07
4.481241600537460720e-06
4.669005274979347084e-06
2.699073053361408734e-06
-1.407400290534642812e-06
-2.357227059577186955e-06
-7.015220438733331058e-07
-1.123656802034523168e-07
-1.106863441678531010e-08
-4.957856002040213525e-10
-3.845138686623005450e-10
3.007400528496847245e-10
-6.558872719050834466e-02
6.422448323165226222e-03
5.943179910548830385e-04
3.484858695187356811e-05
9.675805921397885631e-07
-5.366937616012032416e-07
-2.858423984433396896e-06
1.684600095778234136e-06
-1.551901720776939289e-07
-1.775481587919972225e-06
-3.233753212103865152e-07
-2.291755809841213109e-08
-7.547641359999895014e-10
1.658768766832427807e-09
-1.872181613825183189e-10
1.265649781714748171e-10
1.522733209714784239e-03
-7.287110362491342787e-04
-1.876460989093546095e-04
-2.165145407399016953e-05
-1.180329675694263905e-06
7.261710723661735552e-08
2.992488699020872397e-07
-4.624202884230279672e-07
2.133431830795993211e-07
-3.124094255449446899e-07
-8.496906187359191112e-09
-1.386851434132191435e-10
2.025163496278021780e-09
1.549714991555242515e-10
1.353383780678195000e-11
-1.953552276232180123e-10
-1.016606195697403158e-05
-1.503134561895405479e-06
2.092590662925864750e-05
5.936727393084193383e-06
1.632429530037606836e-07
-3.792723084929793976e-08
5.738811594355418896e-08
9.892289303034221647e-08
-2.761404260534413219e-09
4.386742016747234327e-08
4.120827962164321937e-09
-2.381202511234730661e-09
-2.422042033972069901e-10
-1.284484851868895728e-10
6.666762123328613489e-12
-5.330919704422202851e-11
6.618552151738483688e-05
-2.775398448950215809e-05
-3.580667209743786653e-06
-1.641287673299275512e-06
-6.647987107624263231e-08
5.460077159639424064e-08
-5.104139669495274174e-08
9.082885733772743121e-09
-3.270014991513250892e-09
7.870013231998637844e-09
1.977124931513598383e-09
1.457707379970080011e-11
6.943993816100208336e-11
1.183671720261803762e-11
4.882562196273696143e-12
-5.692000323448962606e-12
-5.884938317532729676e-06
-3.913668836164218021e-06
1.244210575745697966e-06
3.096837448892479907e-07
6.243715202774691900e-09
2.792333295181980468e-09
4.180882079361543438e-09
2.073118251843487214e-09
-7.835100412552297139e-10
-2.267764932356701955e-09
-2.299895957815074463e-09
-3.451506650066709607e-10
-1.039534329080675714e-10
-1.106945812158162452e-11
-2.811217716019599892e-12
3.449115825311797171e-12
-3.589979186016435432e-06
-4.722060249978603610e-06
1.015378968289033257e-06
7.505109444308460068e-08
4.506718603278503777e-09
1.481118918089880626e-09
2.205920717612917712e-09
-8.489589123133921870e-10
1.023975839875947767e-10
8.365808114530585096e-11
-5.800263104420086796e-11
8.024283161185049178e-11
3.579455301333931943e-11
4.016825205597336139e-12
1.063907584273927633e-12
-1.933380702605534906e-12
1.092221876332932068e-06
9.116031747049350801e-07
-3.925057404028148469e-07
-7.096439996344329661e-08
-7.256316622388399088e-09
-1.967896772043591561e-09
-8.064316763543370185e-10
-2.656282029362112638e-10
-3.121434376462063232e-10
4.752905618823409336e-12
-1.019693195922686717e-10
-1.659470618615933642e-11
-1.016934531195644237e-11
-1.209283317373573046e-12
-6.688585126777315374e-13
5.466441790672896508e-13
-4.269581127559121471e-07
-3.845446396524818348e-07
2.084530349788254883e-07
3.809058606862439963e-08
5.601387255152749760e-09
9.789155679930096954e-10
3.861326155468049580e-10
1.525411021959247077e-10
1.051031086141557313e-10
2.477467439695534124e-11
4.198684226075156409e-11
1.385002093263255315e-11
3.260720780400714228e-12
3.051985690280255153e-13
1.589652871534569476e-13
-1.856106804738689553e-13
-7.077269727500983374e-08
-7.102971691934430570e-08
4.716598712170077349e-08
-1.593788760106585315e-09
-1.930920808149063311e-09
-4.529720371020397536e-10
-1.391612903448785024e-10
-6.314665101174762744e-11
-2.031980618851914533e-11
-1.163238150814751034e-11
-7.214284582241854836e-12
1.041168789664030702e-12
-2.941918038436523981e-13
1.142520815610786094e-14
6.988569563346236693e-15
5.492971043214875855e-14
-6.446257283454452556e-09
1.120203171752515155e-08
9.203382272496078396e-09
-2.688908062233400077e-09
2.919605129814788813e-10
1.313299349487584310e-10
4.153181766338357399e-11
2.108602910612724371e-11
8.400794951289921747e-12
3.000737902378405678e-13
1.249156153643494823e-12
1.808595770524192926e-12
7.830946780087950815e-14
5.918474231903925394e-15
-8.680533979732875072e-15
-7.837790875063461240e-15
4.135136036262968690e-02
1.736433946274698256e-02
-1.163266104329274339e-02
-9.167119518722186998e-04
-5.420477373112862399e-05
-4.670052011631742651e-06
-6.849751987976821950e-07
3.315421218223149714e-07
2.641016665574505384e-07
1.019098074941045255e-06
7.984353114904034153e-07
3.273551769118218475e-08
-8.791102813941884827e-09
-7.294614209921814308e-09
9.946472533027746342e-10
1.100108862487025246e-10
-1.632605493619316497e-10
-2.828699874839143459e-03
-9.376999468203363894e-04
6.628417500652119317e-04
1.732465561077408582e-04
1.957952346165310283e-05
1.609525656435609462e-06
5.492426014475668347e-07
1.025973576193327696e-07
3.134838320648865379e-07
-1.602873973527383695e-07
1.840972608369905784e-07
-1.305068235737586962e-08
-1.720075599892257619e-09
3.426312473538997509e-10
1.637341851689175498e-11
-1.659625766667166747e-10
-1.780450066831058294e-10
8.962139627842671396e-05
5.438591215635543464e-05
6.825683840259012053e-06
-2.129348573709743649e-05
-6.755556042643815085e-06
-8.926570269012835140e-07
-2.581620756024781108e-07
-9.196880835325837244e-08
1.149462812844598846e-07
1.210627774270447276e-09
-3.246833662858454432e-08
-1.247729807241370000e-09
7.974411591971157359e-10
5.752469178926741382e-10
-1.021704637242163721e-10
-1.685834837402913010e-11
5.717458822306820976e-12
-5.359812261843595077e-05
-4.738633168738554151e-05
2.925469421590719718e-05
3.579745407662604518e-06
1.840877677831944162e-06
3.336643765799812764e-07
6.797689000216009135e-08
-1.265379883517310839e-08
-2.046006529196492159e-08
-1.367014625109718108e-08
-1.065784594737078317e-08
-1.990057613194873813e-09
4.643295432131900754e-10
3.012746384842510461e-11
3.206599134224098763e-11
-1.249320017817977135e-11
-6.027161175864206042e-12
-1.724874331806520791e-06
6.863944721646330567e-06
4.170772386888070361e-06
-1.257638231666480588e-06
-3.921021661852586451e-07
-6.944708518907974067e-08
2.387221215974042320e-08
2.168834013117458070e-08
4.728385977521509969e-09
3.672124889070028961e-09
2.693415480550004091e-09
2.024773714231686868e-09
2.451988460053419937e-10
1.005022926390534074e-11
1.839447599735950893e-12
4.203015513890383408e-12
3.881586208372026095e-15
-2.920709385287102134e-06
2.943054231043167686e-06
4.669981066800078418e-06
-9.996190443559469349e-07
-4.649732170573393100e-08
1.728756101401161376e-09
-8.594959804116670081e-09
-5.244653816485179851e-09
-1.499459457295416131e-09
-1.131539808064468488e-09
-2.511987322680382493e-10
1.132453061261272473e-10
-4.269398489581272753e-11
-1.237477899145529469e-11
-2.954930716314543616e-12
-6.705683694963472414e-13
1.631842463580072909e-13
3.651176589689695912e-07
-1.024920917853721000e-06
-9.073999109444642654e-07
3.875235777887298403e-07
6.521881890227104759e-08
6.814607722113553669e-09
2.886200110484746962e-09
1.762597416992432068e-09
7.773031883087606204e-10
4.659314411636832349e-10
4.510707078984035651e-12
8.263951790117899859e-11
1.530274805212353468e-12
3.387605794922293589e-12
4.518033615908966755e-13
2.254407294543572095e-13
1.490213978639192657e-14
-9.852162532102991072e-08
4.083601892755728876e-07
3.832639637251732104e-07
-2.074295837427500836e-07
-3.727906653803477259e-08
-5.582609663980248923e-09
-1.419604701811574539e-09
-5.945920522784828972e-10
-2.788332537609482016e-10
-1.369657957977963935e-10
-2.344222683546960295e-11
-3.517750909881639007e-11
-8.926550154483527989e-12
-1.456902232754181554e-12
-1.612218949336360346e-13
-1.066569458505245949e-13
3.398246022755333642e-15
-1.642737138068098973e-08
6.824050978917181004e-08
7.073201587938344086e-08
-4.739746406462045442e-08
1.534045152542393169e-09
2.039420778833747854e-09
5.296701993844150354e-10
2.024724238233759786e-10
1.011459706775743692e-10
2.790443424382371147e-11
1.085043758083071998e-11
4.999214731074281640e-12
-2.496944677848154034e-12
-1.700005784706552592e-13
-5.806597772774319095e-14
-8.207322401095729155e-15
-1.152431926566408402e-14
-2.549086854944980685e-10
5.981642484458089828e-09
-1.191196770738292679e-08
-9.551103489557880925e-09
2.715521611435159276e-09
-2.698121958982831747e-10
-1.566125273812272340e-10
-6.180281511269770929e-11
-2.623929348417360238e-11
-1.057201010748341653e-11
1.593614571700597294e-13
-6.999466291586187548e-13
-6.300298850151955124e-13
3.221537873428497047e-14
1.771085278273692346e-14
4.533961951232081283e-15
4.185770484273803134e-15
-1.583326454918474180e-01
-5.337817779843106666e-03
-1.765259578471694950e-04
-4.793424708866163163e-06
6.292679915471662250e-07
1.527826057636303836e-06
1.839775361565574309e-06
3.302879780850226780e-07
-9.715966403030989140e-07
-8.628512483643654113e-07
-1.985109096943907916e-07
-1.295732196426298336e-08
-5.666627715712469438e-09
8.832225827894346864e-10
2.519021943719350841e-10
7.846536614522967880e-11
2.489954195628376818e-02
2.124261693973699804e-03
1.235025531962497653e-04
5.395018058707376783e-06
-3.920927303240347990e-07
-1.559620283953300066e-06
-2.602757894478760629e-06
9.672683155519255905e-07
-3.864547101908553782e-07
-5.421902419370881540e-07
-3.558460094083521769e-08
-4.974757853087099703e-09
1.080489481033188082e-11
-4.428687281476461887e-10
3.975421157379642373e-11
-8.921349272506729296e-11
-3.195953198880286880e-03
-6.639445903326452597e-04
-6.728625661703460756e-05
-2.446770185969444211e-06
5.560457650700196042e-07
1.379277288685314726e-06
1.443843729022408010e-06
1.129686882116812638e-06
1.296022028864964137e-07
-1.996358111310870482e-08
4.452994720716789100e-09
-5.386670046223346840e-09
5.333690811732097284e-10
4.577689034676531571e-11
-7.881817877960932684e-11
6.065111022236885699e-11
5.874747418570242771e-05
8.671041774088951621e-05
1.982488911018420448e-05
1.018337992060356200e-06
-7.675710792223523758e-07
-6.766568970877049072e-07
-5.701033417119856132e-07
-1.521653950193354228e-07
9.551909031994624010e-08
1.165252501710540617e-08
3.158106879310809372e-09
-1.279316788442218164e-10
-2.746613468725255677e-10
-1.458018712061772791e-10
-9.615514552035299840e-11
7.856427535520175990e-12
-1.107197428855408384e-04
-1.610815206085804813e-05
-4.708676846296267126e-06
-1.805258566216398541e-07
3.569861225014192423e-07
2.828683527537657212e-07
1.618363112422933880e-07
2.952651723480222990e-08
3.386380040889318231e-09
2.818371653478839760e-09
-2.088485034376848140e-10
4.290373456104909427e-10
-1.908279614111498206e-11
4.351770090207119196e-11
-1.075061053406751295e-11
3.204880923009272019e-12
1.635271912705470030e-05
5.997386423352948405e-06
1.057721995095071939e-06
-8.135101942599727872e-09
-1.769540468387473692e-07
-1.114615343862014160e-07
-4.074657835156148003e-08
-1.440110483981287591e-08
-7.543642076234012086e-09
-2.991300727342171855e-09
-4.842017657789952191e-10
-1.057568613988392420e-10
-5.165935402868707064e-12
-2.052773236258684262e-11
-1.136085807339109354e-12
-5.623281557307308616e-12
7.259443750448691984e-06
3.157839269264359096e-06
2.107407642705438438e-07
5.665293918142722597e-08
6.369509699945992062e-08
3.692347129786989627e-08
1.383326628191191189e-08
4.443904895870038823e-09
1.911006698708851903e-09
4.247888314532671017e-10
1.054263028729860645e-10
4.986153625060202215e-11
1.266945976651128100e-11
1.307931452052565660e-11
-3.216158493207650266e-12
4.808469072956007503e-12
-7.517431383452192175e-07
-1.348975755597294554e-06
-2.354911801148572626e-07
-4.198033732435066135e-08
-2.012808911659268748e-08
-1.070887220175148291e-08
-4.524272819573457990e-09
-1.629093664701952656e-09
-4.791778524931143331e-10
-8.021218617272445799e-11
-5.721341194917675069e-11
-1.689224675066083227e-11
-6.815489538738020995e-12
-1.941283242269541017e-12
-3.789195801270846738e-13
-3.490646198330804961e-14
2.616548249039338607e-07
7.098960459328049037e-07
1.344967919762921068e-07
2.227926615302583841e-08
6.816924841195743468e-09
2.994740024378757941e-09
1.325769431562315676e-09
4.731471555306157948e-10
1.232305165981698289e-10
8.597430824714347920e-11
2.431743195698449542e-11
6.575322851380311124e-12
2.159173662275624907e-12
7.008357129335967472e-13
1.343823192216642060e-13
4.224656862201297024e-14
8.160128566784867810e-08
1.777773004343439310e-07
-5.684022239493503697e-09
-7.147934468701212292e-09
-2.196572179720999204e-09
-8.378273900987169194e-10
-3.711678731409624100e-10
-1.251368939979311153e-10
-3.503753974242882153e-11
-1.663410177668274244e-11
-5.575918451051874298e-12
-6.591991478913960274e-13
-3.869738443690737172e-13
-1.723954416896463201e-13
-4.854444776142765660e-14
1.911600181494814924e-14
-1.527603722099786823e-09
-3.231214501411031323e-08
-1.005455733394433668e-08
9.403181858696521970e-10
5.410116480031448334e-10
1.878568474936192877e-10
7.804436937585309042e-11
3.158254215085022986e-11
1.633431729757498541e-11
6.122628143405031831e-12
3.552581202609223790e-12
6.420268938214295156e-13
5.885854237251343399e-14
-2.406580848217901284e-14
-2.043883161763058188e-15
-1.170530590373466714e-14
-8.690263887266858056e-02
-4.419937424622822492e-02
-3.243117927808283549e-03
-1.743578123981970925e-04
-4.634434021082994514e-06
1.620953419892469628e-06
1.679716397934966894e-06
-2.650591003788061407e-07
-2.164306897093220743e-06
1.153041135619229387e-07
1.241986640966983778e-07
-3.281900388653844006e-08
3.016339386963768132e-09
2.194783469356737303e-09
5.551862167547031095e-10
8.510439492736601306e-12
1.227239547961358378e-10
8.862402700754913208e-04
2.927528741502322639e-03
6.199330282510337031e-04
6.526370285495131150e-05
2.379701834871215251e-06
-2.690170139766342030e-07
5.675026351708827518e-07
6.755716738269427958e-07
-2.271264835898401776e-07
-2.102685162108338654e-07
-4.954493358213231970e-08
-2.129392388157386615e-08
-5.500543330200563441e-09
9.406792173403750086e-10
1.159741723893848358e-10
9.693382760039006189e-11
-3.881002387957482706e-11
7.006803735633295956e-05
-4.798608644928521445e-05
-8.622931656873174960e-05
-1.890366015283702635e-05
-7.303403975656830373e-07
2.680069094306951703e-07
-7.487675323024361262e-08
-3.120192577190795833e-07
8.609328509405370822e-08
-1.258200447563171200e-07
8.141782267577285347e-10
4.240155155384780426e-09
2.810655330752105670e-09
4.686716143898189029e-10
1.384684923043461620e-10
2.014963974499365092e-11
-1.090193467062681288e-11
4.424989498487060679e-05
1.189766818082427788e-04
1.678954078738922580e-05
4.523991101206096692e-06
1.400371199125954746e-07
-1.907311120428422631e-07
2.201092803428261091e-08
1.476593062460399669e-08
-3.798036392128660482e-09
-1.576988428064783852e-09
-6.796846529601141579e-09
-2.843403144737946466e-09
-8.369853501595016063e-10
-1.717068563804562574e-10
1.304048705811832799e-11
1.379234107660722808e-11
5.406410359100829701e-12
-5.455131254779951704e-07
-1.618610097759997670e-05
-5.888041742591296979e-06
-1.038298496715945834e-06
4.318598488091230332e-09
5.131748366810264424e-08
2.069740420551231484e-08
1.214451367478431163e-08
5.499613359179887099e-09
8.170056661726685165e-09
4.575683952844362362e-09
1.298466968266729788e-09
3.157494995187204354e-10
4.155477881452701103e-11
1.233183904148425107e-12
-1.770254842656998177e-12
1.483396462808280377e-12
-6.237383496605178195e-07
-7.274365216268127643e-06
-3.184529074144028183e-06
-2.166171736672587595e-07
-3.795066642892796155e-08
-2.520862303167354293e-08
-1.650568817843608856e-08
-5.881718934848059478e-09
-2.934078137876613979e-09
-2.426160062647641859e-09
-9.706966088608624500e-10
-3.345046667399970430e-10
-1.200488641088627897e-10
-2.304350526719756750e-11
-3.877470254926232718e-12
4.631760390424424221e-13
-5.276935845525282827e-13
-4.156773710278340581e-09
7.394282555776668027e-07
1.351071099907997883e-06
2.348375850331523980e-07
3.392459504503023121e-08
1.225882504646174364e-08
6.447199913347506095e-09
2.951033825205587338e-09
1.334050087247947714e-09
6.309649513227683887e-10
2.276552978439098863e-10
1.211688786582527977e-10
3.667051906239092828e-11
7.548237526534032639e-12
3.363850544537065342e-13
-4.038765242151567621e-13
-1.307355187766223459e-13
-9.877122963473958252e-09
-2.609952186521137110e-07
-7.099952095785635945e-07
-1.335510823583108274e-07
-2.031441077564793285e-08
-5.059705992295648110e-09
-2.299856024481854407e-09
-1.016400504980358598e-09
-4.541579344150242965e-10
-1.757368939968748946e-10
-1.256700614018715290e-10
-4.187490535131448317e-11
-1.122435678562116042e-11
-2.142439329911016454e-12
-1.704590693881818386e-13
1.319497904215417295e-13
7.070425438060864590e-14
-8.553848157326504552e-09
-8.280003813322472261e-08
-1.779207373723245231e-07
5.340023949804100831e-09
6.624558893504833678e-09
1.888873821489432961e-09
7.255241712715168691e-10
3.254757740182750048e-10
1.342164560661128490e-10
5.116968029065364334e-11
2.703970292896946210e-11
9.810247867546294596e-12
1.586592637276625808e-12
2.941673041446550053e-13
-1.755401011039431432e-15
-5.566290195636108025e-14
-2.960297392034641957e-14
-5.808775221789410537e-11
1.686875259494588147e-09
3.238139317739524185e-08
1.040291546019699217e-08
-8.237989276067059041e-10
-5.618671329861610746e-10
-2.051632798921961088e-10
-8.641629921497510331e-11
-4.197963126106663498e-11
-2.359251825892728933e-11
-9.734225500883325134e-12
-4.125414191032595048e-12
-6.690127569902627008e-13
2.527711611636801727e-14
8.513627620702723498e-14
4.182606920074446165e-14
1.168638656293033348e-14
