1.376599039244746081e-01
1.026149186260829627e+00
4.398389298753264259e-02
1.451340940322421889e-03
4.807585431271203390e-05
4.809082356554292634e-06
3.738969737749935365e-06
3.014416082526857449e-06
-2.491089304428938243e-06
1.180456592089317767e-06
2.560790300370427492e-06
7.327168353599687461e-07
1.097708763976588979e-07
8.512621217689680798e-09
-9.368491777218581458e-10
1.462506560022818582e-10
-4.569022759131322732e-10
-2.996956704358455167e-02
7.884148173994041942e-02
-8.413167026021090705e-03
-7.486542059816890266e-04
-4.216475104045585128e-05
-3.041527226741276537e-06
-2.298740545224040341e-06
-3.667239168460005813e-06
-8.077870942887338407e-07
5.828406527631423071e-07
2.551623599390737576e-06
4.376474855880918919e-07
4.129125762587885337e-08
-1.845539561434834855e-09
-6.239001609810278061e-10
2.924032617533802126e-10
-2.697599363267029666e-10
4.968820271777809119e-03
-5.712555425507117191e-04
1.355246608153631025e-03
3.047519556409181477e-04
2.969252845683630082e-05
8.446166405175279620e-07
5.406197905894505048e-08
2.203538549405847500e-06
-9.050426504728578244e-08
-1.499582325005765332e-07
5.293278883817628357e-07
-2.043968460202881027e-09
-7.525745296185127948e-09
-2.550276592680072955e-09
6.759735476073792643e-11
-5.397928460669712883e-10
1.872057666532785203e-10
-2.279580107133934175e-04
-2.565409292917157700e-04
-6.928610360003503168e-05
-4.743043375586652961e-05
-1.146069191988369193e-05
-3.094980882031632459e-07
-9.272251757711843157e-08
2.867225488279512479e-07
4.131575766121117971e-08
7.124377987853954699e-08
-9.212728509991019953e-08
-6.100426679088212761e-09
3.610530010859081023e-09
2.561508089069197282e-10
-9.430130585621592890e-11
3.074616396980111512e-11
2.945412767425335125e-11
1.075039330875503176e-04
-7.313064415600045785e-05
8.175830413478698796e-05
9.686160660859611095e-06
3.718869021529417453e-06
1.774655498364924040e-07
-1.257319556029947342e-07
-3.430183230784720722e-08
-4.181773261018390535e-08
1.429620707133653338e-08
-3.283982296676356675e-08
-5.707084423717852957e-09
2.819780888925995094e-10
-3.193104418887183100e-11
-9.707271016292951430e-11
2.521346575555628685e-11
2.873971915457301325e-11
5.286473821699649134e-06
-2.260075451943854323e-05
6.748243098447097332e-06
-3.753307154842501781e-06
-8.135066666349267513e-07
7.374307202900232582e-08
6.033990139385223619e-08
3.415604481992049370e-08
2.390264710661524199e-08
3.166219090142099425e-09
1.385351620033942444e-08
8.857652479025889981e-09
1.301951275001633092e-09
2.375243722527372696e-10
8.665412127854439891e-12
-8.126904523413828893e-13
5.268375875028079162e-12
1.154744510332973425e-05
-6.269399794374576978e-06
1.758520369175437998e-05
-4.188478734241268807e-06
-3.652951746021173796e-07
-7.991822059187391219e-08
-5.131314844404442811e-08
-3.565321484361749576e-08
-1.614831607318295666e-08
-5.943078006901571410e-09
-2.925799943994864333e-09
-1.274930391076118489e-10
-3.759723020348418742e-10
-1.029243329372891425e-10
-1.128154590019713009e-11
1.530981249337091803e-12
-3.850146288298591976e-12
-1.755775102143359569e-06
4.771122500170381345e-06
-2.803627817136066673e-06
2.144831953470739368e-06
4.105089101198727954e-07
6.838856839802006631e-08
3.217454874626888555e-08
1.574912045567027723e-08
8.162606484715280874e-09
2.462756535615771296e-09
1.075545799313381959e-09
6.636050092027781614e-10
9.692107138304056583e-11
4.044623396293807299e-11
1.050638612651480662e-11
1.865965363838064932e-12
-1.655187884489377136e-13
5.688970957210335298e-07
-2.257432440023714933e-06
9.034672730150025257e-07
-1.403198739362175350e-06
-2.686705974871494315e-07
-5.040635245884351916e-08
-1.459081180791443365e-08
-6.669840789121493037e-09
-2.885941460248636382e-09
-1.087205515370938174e-09
-5.007650466306412740e-10
-3.741193442590966772e-10
-1.131963675513112485e-10
-1.622391885281761824e-11
-3.863231388172239225e-12
-4.519486451943058499e-13
1.422767771308589925e-13
1.351604555083251810e-07
-4.462880701758295293e-07
5.698625370443598435e-07
-3.043377189738580965e-07
3.125387246172944724e-08
2.188274212417247767e-08
6.545868515469865432e-09
2.476622200682775508e-09
9.970657522813503163e-10
4.452983241101872737e-10
3.009526363575468310e-10
7.908152185161506805e-11
3.171348500002335487e-12
2.434466992222260323e-12
6.833137307793172947e-14
-9.374405185953179145e-15
-3.050437247934940852e-14
4.614724356910675573e-09
-5.320159724734636856e-08
1.088885515197040286e-07
-9.807540692404433591e-08
2.059677382680419195e-08
-5.242149868354388875e-09
-2.118708781741731310e-09
-7.062997463326829194e-10
-2.564658731123109999e-10
-8.823506206890935671e-11
-4.417770237522007409e-11
-1.648697918567297374e-11
-2.394072254910493772e-11
-2.161614795293651356e-12
-4.178622843792444550e-13
-3.782244584287459480e-14
1.614135201816210625e-14
1.482362248438710665e-02
-1.512845332468808202e-02
-1.152091549106940092e-03
-6.158503557707687554e-05
-2.023329695390231049e-06
1.138169808696003716e-06
1.005601650763268808e-06
2.496193262879914595e-06
1.069463165036302127e-06
9.731224861688686040e-07
5.511943125866327573e-08
-4.704085690265595109e-08
-5.123205200207862064e-09
4.745610188616256219e-10
5.817720847905956409e-10
-1.864201400689037744e-10
2.677050161191725920e-04
1.245646663320414214e-03
2.855991251913616593e-04
2.887012706873077120e-05
-3.131022687890170000e-07
-3.699419104176856404e-07
-9.739012598827217474e-07
-4.011590614331296709e-07
-1.030040914094357549e-07
3.800177899501816657e-07
-1.858966359611421485e-08
-7.187857264570657020e-09
-2.945843534048029642e-10
-9.576347003122720340e-10
1.808515896608963010e-10
-1.572597763262931362e-10
-1.880890149576766254e-04
-6.119207390113594954e-05
-4.806381130157831756e-05
-1.176848687143266737e-05
8.453318681305013733e-07
1.232277789104660497e-06
6.862310573062679436e-07
3.106397876625306450e-07
-1.698394295460457955e-08
-1.018809020281482277e-07
-1.927684936341115400e-08
2.756122488817742513e-09
6.899892085266892850e-10
-9.598967664686444453e-11
-1.766417541892960840e-11
-1.065858275748542642e-10
-2.770739300363692830e-05
8.608031992946871627e-05
1.002195808694146074e-05
3.713183872743387267e-06
-4.342445549091689600e-07
-5.715802242302269487e-07
-3.744946470466944210e-07
-6.735149520572102372e-08
-1.315254491531620988e-09
-2.539022389038347740e-08
-1.362118810113659910e-09
1.479135857017953183e-09
-1.365287890077172960e-10
-4.706061994799960044e-11
-5.716113351519736087e-11
-2.699152429048047567e-11
-1.958267569730763556e-05
7.399033421773093552e-06
-3.869486903404284165e-06
-6.190647099003636453e-07
2.625488581858529171e-07
3.417728168324780825e-07
1.544227284050901968e-07
3.829337780347681432e-08
1.634978045756344123e-09
9.818690699205025614e-09
7.304794140249728099e-09
8.966678836057138248e-10
1.505838930759095410e-10
3.918426776500502129e-11
-6.436055603051322490e-12
8.668751507074483849e-12
-8.677805611128893296e-06
1.740317384817368293e-05
-4.180607409106382603e-06
-4.666637899611048376e-07
-1.741900179954140172e-07
-1.243601062133339006e-07
-5.259392329307562943e-08
-2.093961579450783591e-08
-5.956486904181336183e-09
-1.856741295295737976e-09
3.923065193987167981e-10
-2.474832228256940850e-10
-8.506185810809217679e-11
-3.195914082630341970e-11
7.850177261792811481e-12
-8.656291722984596905e-12
5.069120550645759809e-06
-2.783886884119243606e-06
2.159748592851951589e-06
4.453127730929895094e-07
1.020846445852520643e-07
4.508863678559045845e-08
2.146965696900016531e-08
8.914841469108026673e-09
1.912130435501468390e-09
6.161069673213677002e-10
4.736823392282938865e-10
4.597043215003473156e-11
3.364390013067922309e-11
1.193400420468970275e-11
3.034610523364912357e-12
-4.576756974361085219e-13
-2.353580505214919908e-06
8.921797143138245495e-07
-1.410769034483411671e-06
-2.795503375516523787e-07
-5.869923993828926786e-08
-1.936285157238341232e-08
-8.104703602998301679e-09
-3.053620823188756012e-09
-8.865188195403833704e-10
-3.555395848787085491e-10
-3.068879343324999515e-10
-9.450611744640784999e-11
-1.396448919173652177e-11
-4.788904151693377143e-12
-1.342730454388083827e-12
-2.266803742833863478e-15
-4.650537428408795377e-07
5.705313063932086159e-07
-3.019936782649350917e-07
3.418959337603044645e-08
2.416001464928328918e-08
7.500140308667948924e-09
2.910923322689848682e-09
1.122071912025822460e-09
3.992315335832408626e-10
2.547308279671672323e-10
5.563212802387050025e-11
-5.464697439880122613e-12
1.358308328118396327e-12
3.975758040727539593e-13
1.051756609099655172e-13
1.353935619813994111e-13
-5.943005345444409215e-08
1.097512049874300083e-07
-1.014408330549603197e-07
1.940149653853860672e-08
-5.765090724937227141e-09
-2.764369272419177273e-09
-1.000304163104850834e-09
-3.200775288633291445e-10
-1.104911907918278307e-10
-5.629836643156310797e-11
-1.138094094839946440e-11
-1.172911553129843455e-11
-2.274274747825073656e-12
-4.427388334549843411e-13
-1.085863273339112461e-13
1.089996669141060031e-13
-1.017028219958119539e+00
-4.369940522595842231e-02
-1.442658842233328744e-03
-4.457686281544874149e-05
1.862862437300159246e-06
5.250870444056736732e-06
4.518270891215055711e-06
3.028572128718048686e-06
-1.104025711247684848e-06
-2.546467019455574550e-06
-7.394752941423457168e-07
-1.129343930335150227e-07
-1.375187335912710243e-08
1.217484530127182881e-09
-1.522892439239866526e-09
8.165419186715136360e-10
-8.354420259412127792e-02
8.151952000027405665e-03
7.382235082930690756e-04
4.203825947046593934e-05
1.544578690527110288e-06
-1.183735830754243609e-06
-3.329022390497647025e-06
2.160811655952673367e-06
-2.899731618491903471e-08
-2.421790533729303954e-06
-4.146928216331037440e-07
-3.629200134372316617e-08
1.009570427574212526e-09
1.876377368474449570e-09
-4.084626007307050957e-10
3.624872673420701631e-10
2.476751673731934951e-03
-1.185796017925668791e-03
-2.990755807833353703e-04
-3.270892412579727451e-05
-8.651253098303881099e-07
2.624044170220411760e-07
3.588116283514917775e-07
-9.497061655721231207e-07
2.475950428997440538e-07
-5.608112722706038513e-07
-1.666988446798553375e-08
-2.578206601516165591e-10
2.706613655466039627e-09
-6.593845403288447338e-10
2.162100191577334557e-10
-2.982026596432344935e-10
-5.543373494887612023e-05
7.663942402086869880e-06
4.471143694057253578e-05
1.257589919878580348e-05
5.058214860705115915e-08
-1.556485683165367559e-07
-3.989475565721540376e-08
2.246030539763764631e-07
-9.172466657632397202e-08
1.268362454071513739e-07
1.674882405913194587e-08
-3.159004987959872806e-09
-4.130788257724398388e-10
-1.723724224569057070e-10
-7.618997360186086072e-12
-1.249300870721692147e-10
1.517828350114339576e-04
-6.297243701970138487e-05
-8.850584504809082614e-06
-4.415505085643683242e-06
-1.464384671212847724e-07
1.079344570221580335e-07
-1.546134244856160182e-07
2.191443548739313392e-08
-1.893283855364237205e-09
1.854021272170194618e-08
3.107303529808819970e-09
-6.373376171511079137e-10
-1.864979964233884760e-11
8.596537210861239983e-11
1.023263807321312671e-11
-1.803156998758548563e-11
-1.670272608665764332e-05
-1.226445675794700295e-05
3.622615327858583153e-06
1.103152862816671244e-06
4.528453313381698962e-08
1.245535858167447347e-08
2.136137183691893477e-08
3.618771687190932055e-09
-2.236023166050868845e-10
-5.661052844464122378e-09
-7.602331360121297360e-09
-9.183793495188413280e-10
-2.406496198587543652e-10
-2.671794622953866763e-11
-1.213548003873129866e-11
5.497367960307750915e-12
-1.437837611390187612e-05
-1.851555286487287542e-05
4.062530458546367395e-06
2.396842611229750338e-07
-1.000701467816322552e-08
4.906030462848302809e-09
8.911121035257743165e-09
-2.363508032970000625e-09
3.253781235713273425e-10
-1.665982715720766274e-10
-3.853634200434755639e-10
2.369399814571813998e-10
1.133751623536228131e-10
1.244564682833472348e-11
4.782577905104803386e-12
-3.386750641859674248e-12
5.438541394862503707e-06
4.519103392694711101e-06
-1.947502857261989914e-06
-3.382033322181315387e-07
-2.339898208974633451e-08
-7.664416100630626251e-09
-4.159225030679185082e-09
-1.228652716856828868e-09
-1.452386739785021695e-09
3.722654035695776351e-11
-4.829673880851062400e-10
-3.497097626566786986e-11
-3.646064415311196454e-11
-8.510047534517426086e-12
-3.562110346398223226e-12
1.140763617906473227e-12
-2.512591427575991950e-06
-2.205636309321722596e-06
1.230083960006803718e-06
2.291451434267536953e-07
3.104758369219579159e-08
4.518394736192043205e-09
2.047188807082920803e-09
7.250952506939983755e-10
7.504496846870859201e-10
5.106099844938804360e-11
2.948769916155851189e-10
8.885675996581701435e-11
1.439497098922269790e-11
3.619166422594960830e-12
9.779235081604521238e-13
-3.039119640511522547e-13
-5.580561876885555125e-07
-5.551456700793648241e-07
3.730678815674935269e-07
-1.236480584960380897e-08
-1.438686784562954502e-08
-3.085379344617098330e-09
-9.386471256354103409e-10
-4.265329155536216785e-10
-1.833024487268146473e-10
-7.414844764312926761e-11
-6.381668221021485006e-11
3.967348396780142454e-12
-2.430282154560831610e-12
-2.535496887325073284e-13
-1.251825433417543912e-13
1.216014754871914075e-13
-6.482208753010128394e-08
1.104599065643987531e-07
9.035741353960053482e-08
-2.667592617911085371e-08
2.994168622324067603e-09
1.158172494135056516e-09
3.032998818373216446e-10
1.959021787897821426e-10
8.007013685875533939e-11
-5.423434031779654641e-12
1.317426617557910840e-11
2.245336751438835383e-11
1.530398634574062692e-12
2.460001781640569843e-13
-7.378128439809819963e-15
-2.392209734121670596e-14
5.236334133565104243e-02
2.201761012981794802e-02
-1.475433324568065779e-02
-1.140942210078702305e-03
-6.457620672756669183e-05
-3.699224009120379731e-06
1.222875487444960691e-06
3.689935061066797597e-07
1.506077191658447439e-07
1.105239137775917552e-06
1.006312467829431409e-06
8.851382994266860120e-08
-3.497863995240601557e-08
-4.823439304024201241e-09
-1.091303095308798082e-09
3.664495318070204432e-10
-3.409772339593438542e-10
-4.583682137982813924e-03
-1.512059721050294618e-03
1.081837268430873656e-03
2.771843206714505285e-04
3.067175646837372538e-05
2.443604091251894795e-06
7.902478351585444047e-07
-5.973991243234419541e-07
4.858912459016208144e-07
-2.094538145333806746e-07
3.620883181842715627e-07
-2.013955514556344986e-08
-6.271672897360033853e-09
1.993754173983622247e-09
-8.786408589659281601e-10
1.568806392744709536e-10
-4.280906830192156950e-10
2.071997575371948175e-04
1.286214675105346939e-04
1.525760520784009255e-06
-4.499609822468440910e-05
-1.348924012660129051e-05
-1.654368858129073101e-06
-4.581065713006830042e-07
-1.372255742716785690e-07
4.480687596852885380e-08
4.069658245762987473e-08
-1.031744767519015660e-07
-1.811483974621713245e-08
2.252317564695211389e-09
6.084583100366080204e-10
-3.570744362317125759e-11
-5.291570934779739548e-11
1.478803623045249137e-11
-1.229391154584453182e-04
-1.088487690363301941e-04
6.611622796533858399e-05
8.882735467169911955e-06
4.896684248292434408e-06
9.227580198528090232e-07
1.060005185344754960e-07
-5.687068301084899158e-08
-3.246216826067701373e-08
-3.574362866189340854e-08
-2.401935581303268630e-08
-2.405117267890933562e-09
1.775300828033105576e-09
1.040348380098687068e-11
7.905518496505729514e-11
-6.468354493792914324e-11
-1.473379044844355893e-11
-5.833911259920320389e-06
1.998904001763497588e-05
1.317095809238245803e-05
-3.615722408299893637e-06
-1.434409179934185574e-06
-2.687572261389902468e-07
1.184159253070097112e-07
5.641617737266900035e-08
1.318138430774876572e-08
7.891805571017761558e-09
6.189739234083967962e-09
7.043905552783265640e-09
6.546631346138977307e-10
3.949016039087767091e-11
1.735854384155940366e-11
1.819584217477704311e-11
1.055707202730352506e-12
-1.139687273455531615e-05
1.177883513469800043e-05
1.827134189336921161e-05
-4.013473142998463771e-06
-1.026457746782880284e-07
2.906411984388350631e-08
-3.954335378651145931e-08
-1.625653969715005352e-08
-4.804851794387627275e-09
-3.610303444699497872e-09
-2.203496903842438856e-10
5.429866061461692468e-10
-1.361894489546645656e-10
-5.595595547036805879e-11
-1.856018724198063737e-11
-4.854578225659781032e-12
1.143585586281334003e-12
1.798727994068021765e-06
-5.085598569161106786e-06
-4.487002893314754687e-06
1.922782791121950698e-06
3.065744030306503196e-07
2.416701470056904434e-08
1.111391198413395574e-08
7.909172405036304293e-09
3.247563816566430725e-09
1.995369786899048365e-09
-3.041740795844556713e-11
4.069677113457514873e-10
-1.215075999771864457e-11
1.407661951963687350e-11
6.704143050653824772e-12
1.313986061803031153e-12
3.741753925832648697e-13
-5.709585708610158460e-07
2.405507328009194536e-06
2.197431886495930342e-06
-1.222606367798552451e-06
-2.240055370530398422e-07
-3.163004822110083296e-08
-7.157236649947245063e-09
-3.228845963452688548e-09
-1.354439335493222946e-09
-8.815206368836188893e-10
-4.882318387832281299e-11
-2.628104533199319201e-10
-6.926096357214818478e-11
-7.352717024582275099e-12
-2.891847826216480968e-12
-8.017264139574805332e-13
-2.703762491965668635e-13
-1.275298372847856543e-07
5.407219204131203788e-07
5.534867201109717734e-07
-3.748580579418351005e-07
1.228348890065717866e-08
1.522060635103168665e-08
3.521154026820055041e-09
1.374000383233685431e-09
6.833400177279387842e-10
2.309651911741929160e-10
7.206493796638644482e-11
5.241611454907678838e-11
-1.363403887484154654e-11
-5.026358716634500042e-14
-1.604957838429061883e-13
1.075135309512128178e-13
-1.808188712052054227e-14
-2.851813085756609998e-09
5.992236173223864637e-08
-1.194024364954804386e-07
-9.488797108758657808e-08
2.699845934570306932e-08
-2.707153033610549652e-09
-1.447939507147267227e-09
-4.945404907733369878e-10
-2.378504334033484104e-10
-1.016490757422088929e-10
1.175839903503348828e-11
-1.147883960519661292e-11
-8.329170409426782470e-12
-1.074835186922370994e-12
-1.365548437012947209e-13
-1.794193413075737045e-14
4.565107592214174021e-14
-1.568138811629815887e-01
-5.138129016098626732e-03
-1.611835332804530184e-04
-4.338669326580618608e-06
5.464081681016390358e-07
1.710181356975819516e-06
6.223433494431453753e-07
-7.912426851933389317e-08
-9.319330516304644740e-07
-1.038973952588531073e-06
-1.503738814990974209e-07
-2.453029427996183897e-08
-1.514095479169481817e-09
7.189000063477702885e-11
2.674417626057840983e-10
7.621517381866619207e-11
3.151144009565409743e-02
2.641740715117277087e-03
1.476520807522991772e-04
6.558578992987295045e-06
-1.563721820240522748e-06
-9.406638260085456252e-07
-2.882318005691879706e-06
1.927689420929189570e-06
-8.067914515383289932e-07
-6.986631558267292967e-07
-4.731293259941656295e-08
-9.334652577175476960e-09
1.840102081667777522e-09
-1.219285250832220593e-09
3.884451000488037358e-10
-1.369655500076999882e-10
-5.185609838241313045e-03
-1.061583694087454019e-03
-1.059904243607166037e-04
-4.583177001839624284e-06
3.709845961740047607e-07
2.050698070550596509e-06
2.153249765015222435e-06
1.361964125349663071e-06
2.008120646601579500e-07
-3.426569963013014061e-08
-3.581113128332653216e-09
-4.735579034530317171e-09
1.140429222315654204e-10
3.401882857859759567e-10
-2.051737541228214411e-10
1.104809606460217780e-10
1.523197476623275196e-04
1.808471291522202617e-04
4.055811478313787625e-05
2.335878737945546903e-06
-9.792095873847450515e-07
-1.282679334031375385e-06
-9.504148347629468856e-07
-3.741195360051894816e-07
2.447386048285234491e-07
4.098053637445330031e-08
3.545003309154340711e-09
6.032635060197730165e-10
-1.086942902772210692e-09
6.414564105803844617e-11
-2.844083131261678995e-10
6.067220069614121810e-11
-2.487767376896152629e-04
-3.963838282955348108e-05
-1.276297209566114789e-05
-7.499005677416001659e-07
7.125391167243506764e-07
6.793109845437616236e-07
2.850154114557140192e-07
9.661625253122551140e-08
-5.239089833446605618e-10
-3.070389802696406263e-09
8.489058506323146843e-12
5.715424097562014972e-10
2.251849719628481059e-11
1.005364818126255945e-10
-2.266234115157035554e-11
5.211097623685697371e-12
4.669452692400298299e-05
1.771136705602830645e-05
3.869228920536756340e-06
1.872298882997806901e-07
-5.493379621038416202e-07
-3.078596052396031761e-07
-9.687394875155603640e-08
-3.628659308025211532e-08
-2.029975743716423418e-08
-8.086379475415221698e-09
-1.625774205482621917e-09
-2.203402900692801870e-10
-1.557380901478907098e-11
-7.675573548952981810e-11
7.667805513884046491e-12
-1.610012946408827853e-11
2.916680429132012382e-05
1.264425768066313957e-05
6.313519003808552446e-07
1.216983782279581161e-07
2.404422299364241857e-07
1.246935869672582347e-07
4.783470025260470151e-08
1.407181357546727922e-08
5.769030613550709082e-09
1.485112284664007298e-09
5.172189564019925524e-10
1.634922041775677875e-10
5.538287965078779278e-11
3.866337783217836337e-11
-8.030721827053297528e-12
1.321593769509528245e-11
-3.816033667926639452e-06
-6.644234361569203893e-06
-1.107117039188257343e-06
-1.681012448663299353e-07
-8.631525424957810957e-08
-4.632687330790974867e-08
-2.008312776892429307e-08
-6.911427988957549693e-09
-2.108692805401276140e-09
-1.620955690705483046e-10
-2.666261769707576639e-10
-6.494927352166996391e-11
-3.323916656908849000e-11
-7.551735890878202329e-12
-1.862781304684240009e-12
-4.199101194658071276e-13
1.461675933883963756e-06
4.157640241962122258e-06
8.017909794351924913e-07
1.255827836608525650e-07
3.624774558489759416e-08
1.638652952328136925e-08
7.343367362773690731e-09
2.605891443701711190e-09
5.359812295151454402e-10
5.079834873577724072e-10
1.716835278650505395e-10
2.989196794107623331e-11
1.482303602438218407e-11
3.518334693395994665e-12
7.989084689368329588e-13
2.463034544315379822e-13
6.387733298768934535e-07
1.398472054928741439e-06
-4.189090918726125830e-08
-5.323806972548047230e-08
-1.505982994842768359e-08
-5.858515550704552718e-09
-2.532882602791595235e-09
-9.545728194138898987e-10
-1.724026395198852885e-10
-1.477226008965441625e-10
-7.060577554411952287e-11
-2.718295384594234468e-12
-3.562740470941744978e-12
-1.101224830796143597e-12
-3.619452555043221996e-13
2.959196025955717815e-14
-1.546362362338886053e-08
-3.248218787736804790e-07
-1.010880062726235828e-07
9.049046117138125456e-09
4.754876875931641385e-09
1.552549387622689901e-09
6.536872517777142196e-10
2.894582047434143827e-10
1.311172337971941077e-10
5.122614142752189767e-11
4.098751216256146677e-11
6.805596115086699373e-12
7.019040655520044334e-13
-3.890250098196152906e-14
-8.304208827408435250e-15
-2.456091383674120719e-14
-1.105454726519294884e-01
-5.595472042582504829e-02
-4.037417145977869291e-03
-2.112101234641670369e-04
-6.480767421863295283e-06
2.068471966692513310e-06
1.735547165747501109e-06
3.078934398796500889e-07
-2.356534813787407103e-06
4.944796659657123420e-07
1.365266627323575839e-07
-4.994395329367658844e-08
-2.365512466358132289e-09
3.496117765500507954e-09
-1.750533846435159415e-09
4.351135793276006829e-10
1.979381655919503609e-10
1.447518313734910298e-03
4.747850503762915571e-03
9.898891442227167586e-04
1.008371162746033594e-04
3.796990992717997391e-06
-3.031485759255546258e-07
1.598553955772420969e-06
8.064085827599421022e-07
-3.676152894334685973e-07
-4.146648438242287298e-07
-2.617988719583059011e-08
-3.933398362233532057e-08
-3.985414438449727586e-09
1.397260745036817086e-09
1.191871537868555920e-10
8.838516410342149178e-11
-5.047987583126838598e-11
1.228274620439485064e-04
-1.346306072216769967e-04
-1.808537140692464387e-04
-3.899471756169268832e-05
-1.432125075521410429e-06
6.168309850285130594e-07
-2.556741025460884770e-08
-6.564685104300160713e-07
2.936397294020764259e-07
-3.055544539807423785e-07
-2.168079768332112461e-08
6.908768589928558936e-09
3.796722963276592324e-09
1.859723884013418688e-10
3.985485207333402887e-10
-9.996867366368050111e-12
-1.593406990529049263e-11
9.787690376845411362e-05
2.668286568118854660e-04
4.083213867115993435e-05
1.220484655829102456e-05
4.963592224715970441e-07
-3.680799793215197583e-07
4.767999264061872557e-08
5.025430164757347122e-08
-5.824207118692869596e-08
4.969795158784917061e-09
-7.710649067937868342e-09
-4.840927283586319748e-09
-1.160140451014575305e-09
-2.747476577907830558e-10
3.056389233913353699e-11
3.437634305972013057e-11
7.528895226901237509e-12
-9.931560556618971847e-07
-4.619612889851621931e-05
-1.737490249045000384e-05
-3.672650244487253519e-06
-1.175377440010032588e-07
1.039221324095488985e-07
4.728186752716428235e-08
3.258335148856897196e-08
1.428562492995696218e-08
2.234386025289364063e-08
1.230942908303034412e-08
3.528949170201052993e-09
5.583371478211804984e-10
1.171422897125066953e-10
-1.098648735922604505e-11
5.137305919036422106e-12
-8.763222991333491406e-13
-2.505372928102190529e-06
-2.921323621785252561e-05
-1.274299615088245377e-05
-6.912257525806217876e-07
-6.399291042293686531e-08
-7.532032668226340674e-08
-5.802511616134412854e-08
-2.174055792248281433e-08
-9.514071392995080165e-09
-7.713675054793262106e-09
-3.122810703586104760e-09
-1.168958039213158938e-09
-3.217480236486057113e-10
-7.299504062006042866e-11
-1.114117305667631045e-11
-3.813986488314298305e-12
-1.583095662849925581e-12
-1.166380589767714326e-08
3.750311378435071584e-06
6.659118794852407902e-06
1.110349918798078685e-06
1.297036757734829789e-07
4.959927790140986703e-08
2.908236859659348527e-08
1.365574933931340750e-08
5.792295836255045679e-09
2.786855372807608870e-09
6.875113110173693712e-10
4.836115694856534205e-10
1.246898772482893096e-10
3.133891824282824000e-11
3.504349085850350216e-12
-5.521402203573874567e-13
4.119236477107063795e-13
-3.610988165372794080e-08
-1.452205156316614043e-06
-4.160484888302735126e-06
-7.970713555835718408e-07
-1.131156902568654997e-07
-2.635392616379302601e-08
-1.301882162967958285e-08
-5.753188630041716745e-09
-2.548472301239676868e-09
-7.982063438496031440e-10
-6.873945685522446383e-10
-2.441029495873105185e-10
-4.900897982108544101e-11
-1.394345139940128555e-11
-1.979296431700312215e-12
2.559845134126894648e-13
1.426658288852193240e-13
-6.611225114551323322e-08
-6.479171387922524564e-07
-1.398768118413287730e-06
3.927829746256424394e-08
4.893827355654728168e-08
1.302863447681078862e-08
5.155801217030710263e-09
2.267259167077796003e-09
1.036514316698842926e-09
2.693235417027660850e-10
2.125108913456165605e-10
8.883826196442942935e-11
6.592959582173307008e-12
3.405974985361155624e-12
3.054399140339086111e-13
-6.874087087672370303e-14
-1.338671212733800836e-13
-5.880040036469456109e-10
1.721971281074388083e-08
3.253869824392053649e-07
1.054393182295085112e-07
-7.986561888939956586e-09
-5.200680262284117188e-09
-1.797303286641816659e-09
-7.834430117996443363e-10
-4.034781230421358771e-10
-2.031304573792009956e-10
-8.188310963052577352e-11
-4.360791635574616457e-11
-6.420523365031460362e-12
-7.639414017029521030e-13
3.684356510635643922e-13
2.014777411754613075e-13
3.629246871033259132e-14
