1.274251768726822331e-01
1.031842433727981678e+00
4.105204344847469822e-02
1.108626413620297010e-03
2.173534570854424098e-05
2.605159309342622866e-06
2.906871550285078673e-06
4.459068069453422992e-06
-5.160541781393959068e-06
1.667521059254536758e-06
4.666274739755640275e-06
1.057517679689844709e-06
1.365721880471998859e-07
1.119631463091533855e-08
-2.713121688915486927e-09
4.337866498629820556e-10
-4.617666810793853398e-10
-5.605691722846614655e-02
1.545468061994638431e-01
-1.575254426276167727e-02
-1.190750402383218510e-03
-5.516859227702016410e-05
-2.488857367057707552e-06
-5.152135943285649815e-06
-8.190747642047465201e-06
-5.682998512081395792e-06
2.301506847618927680e-06
7.496984233886068723e-06
9.373692663479311905e-07
6.929189425105899920e-08
4.965844436296333359e-09
6.607651839192750257e-10
-1.884169456886579640e-09
-7.464554654125456670e-10
1.815929150089201291e-02
-2.559050313567336806e-03
4.862385744630496470e-03
9.938235222778752601e-04
7.615254211312280999e-05
6.171394926630814576e-06
9.563635618418697742e-07
9.032723728028965593e-06
-5.207584832819850760e-06
-4.259829058620533922e-07
1.987752574450224231e-06
-9.969923692611888562e-08
-4.052507135071494477e-08
-1.099716047776135744e-08
2.730510069118273770e-10
-2.596006653243415900e-09
4.020554804254704104e-10
-2.109594403194409076e-03
-1.450357522472386093e-03
-7.178960218669695921e-04
-3.457727867099990617e-04
-6.993246929886271770e-05
-3.521094002582736325e-06
-3.783078506675920855e-06
6.203389616267510157e-06
1.190116872647368913e-06
2.846015212648375623e-07
-1.387766248682527119e-06
-2.722882115838158513e-07
1.257635651573147878e-08
-4.586003624550254044e-09
-1.676356884003582441e-09
1.996716418692343137e-09
-9.077624411979681877e-11
-5.981735211963858887e-05
4.328475685376949886e-04
5.414299295278655362e-05
5.687961369016506674e-05
5.143742447416632202e-05
4.228121794195476021e-06
-5.374299013960892031e-07
-2.490049929902234660e-07
-5.870978944483496598e-08
5.531061461570440410e-07
-9.628210004666593717e-08
4.333412439135450948e-08
1.345511495185678370e-08
2.564970122257945200e-09
-3.201170771193283242e-09
4.589880678947496091e-11
8.907376817777908123e-10
3.924361772453271611e-05
-6.626262893149123404e-05
-2.250043301308786100e-05
-9.955918849085792496e-06
-2.261128528798290500e-05
-9.257692760210170364e-07
-5.750699213352219230e-07
-2.059777771375153539e-07
3.006107747926923344e-07
-1.952602847976454611e-07
1.588943823943416175e-07
9.901936621493005657e-08
1.720381253099002504e-08
1.545354164951936193e-10
-1.078001389096463987e-09
-3.636075039539891694e-10
-1.781791612155847413e-11
1.809545948515647233e-04
-1.442768989676764620e-04
2.914578200192182843e-04
-6.953455773540828818e-05
1.004678018632222511e-07
8.557060246631302961e-07
-8.006612315334963063e-08
-5.068869395990919197e-07
-2.358299376454615236e-07
-7.345122628093564226e-08
-7.450277118949731624e-08
-3.893112544881641782e-08
-1.206553190997597850e-08
-4.365150768622252401e-10
4.287165760531215726e-11
1.465788074515061869e-10
-1.660945802156387988e-10
-5.067672054399845042e-05
1.569711967376806699e-04
-8.530726274179128380e-05
6.112016528352430501e-05
9.597591661844043291e-06
6.105668369412668495e-07
6.693419479257666768e-07
4.571736553966449165e-07
1.992011791393352777e-07
3.458307374830733921e-08
4.005529849721295178e-08
2.697019985223883809e-08
3.041636249950324390e-09
5.878571944528923927e-10
5.858841353605902203e-10
1.528029979562294700e-10
9.035538109166405959e-11
1.711689474855099363e-05
-1.081649891886670703e-04
4.722259871632129991e-06
-5.974341743215013251e-05
-1.216748180682230407e-05
-2.138167179890977201e-06
-5.917057592937950889e-07
-3.275127635746032920e-07
-1.387859695887745103e-07
-4.859222262071400951e-08
2.698418798410595101e-09
-2.049813963907939777e-08
-5.417922624831963894e-09
-5.293427747411951520e-10
-3.849444138228636075e-10
-1.115947443909281790e-10
-4.295016830521383044e-11
1.822538766812371316e-05
-6.773788158828169734e-05
6.927479495997796008e-05
-4.596902031308232496e-05
1.678922781405086603e-06
1.963162999783647180e-06
5.374666412331665173e-07
1.954278087661936445e-07
7.270274199896079950e-08
3.451054344417674577e-08
4.173598600029251040e-08
7.947554188761604510e-09
1.209436891296902272e-09
-1.815991450611243200e-10
6.185576181863120568e-11
7.752732849734906238e-12
-2.467766294470817885e-11
1.531557242779986251e-06
-1.307810993910648638e-05
2.537704817690928451e-05
-1.554240449430483958e-05
4.917332265776885872e-06
-9.605072080460657276e-07
-2.834595909659716925e-07
-1.057415513340638592e-07
-3.572662791016518787e-08
-1.701190954316215169e-08
-1.482733189692334897e-08
-1.271156250418819852e-08
-8.942186924571285900e-09
-4.609088421975591694e-10
-5.705733720749198372e-11
-7.254650043000278931e-12
2.420353558538094296e-11
2.961677714439631473e-02
-2.819527268345194820e-02
-1.869125726606622219e-03
-8.028299675540029215e-05
-6.233681655294920964e-06
-4.483435112754550953e-06
-2.674812043417170457e-06
9.586888149793860198e-06
4.309346782302029984e-06
4.140200796792702247e-06
1.003917225649820540e-07
-8.086061392550412855e-08
-1.080996349915953036e-08
-4.141341450244017596e-09
3.237297996747566117e-09
3.581778966792921270e-09
5.245186868531383521e-04
4.488449490977874066e-03
9.175372264241020773e-04
7.126642456526482668e-05
1.739432722470765804e-06
4.773001341738281088e-06
-2.096255682044391844e-06
-3.310876657740047665e-07
-1.148046002370878739e-06
1.480428401682773194e-06
-1.782922668447425219e-07
-4.821982044839485023e-08
-4.274239372652165006e-09
-4.644427964347186569e-10
6.744276075792861499e-10
2.297877912617598896e-11
-1.225040305215115274e-03
-6.833958960135869468e-04
-3.518961685175939018e-04
-6.772206476740656625e-05
-4.877395135960986745e-06
3.747165523232936888e-06
-4.431029094205572662e-06
9.500022274298326281e-07
-5.606440895034127830e-07
-1.363736919329551034e-06
-3.036893489244882924e-07
2.693441371363744158e-08
8.976090371833323367e-09
2.205856963973297732e-09
-1.611218074533282521e-09
-1.989283264582971876e-09
3.348177352283618650e-04
5.457515096317470542e-05
5.477418513369612809e-05
4.886484319314952376e-05
2.422748470239249930e-06
-5.069890448853117842e-07
-2.956809927062108179e-06
-1.523461353186841488e-07
6.642214374661396739e-07
-3.447910409790468765e-08
5.537452624920637635e-08
1.689158352479908443e-08
9.692548308653259917e-10
2.977722998136598711e-09
-8.045120371677361004e-10
-4.354914346755837781e-12
-5.523501729087046565e-05
-2.232314292243316528e-05
-1.241529823449067910e-05
-2.057866523520710146e-05
-2.573177632903974264e-06
3.775327892807913202e-06
2.319981200907777715e-06
2.965894776229813437e-07
-1.629839082995564668e-07
1.259894771585102126e-07
9.341467894550881535e-08
1.399839929100588875e-08
-1.302061398232309014e-09
1.071868403410368728e-09
-2.905069135216599365e-10
5.298308006500773827e-10
-1.805726474791634567e-04
2.906061194335294207e-04
-6.789204616663946053e-05
-2.997539101625766297e-06
-1.852703419657904772e-08
-2.270311280554889103e-06
-6.850944066550383686e-07
-2.461640346349130778e-07
-6.906965396950483989e-08
-6.049944928359960638e-08
-3.510840675906306616e-08
-1.138194616775197670e-08
-1.908798250183376145e-09
-9.534667320302010023e-10
3.674254266673023949e-10
-2.591000750678204741e-10
1.627702106885500365e-04
-8.633083234939861511e-05
6.080275173686090930e-05
1.162672154773817261e-05
1.672176024539829885e-06
1.002264766508140577e-06
4.567378462318433672e-07
2.065819605204869531e-07
1.300489729418774429e-08
3.141496919894391254e-08
2.488393164641751574e-08
4.825521123110011876e-09
7.336428110595809018e-10
4.336239529776874218e-10
3.299254714481782896e-11
2.332489524666840749e-11
-1.083240338378088858e-04
5.024058213574410132e-06
-5.969067725840297717e-05
-1.313455680909944497e-05
-2.525751904388512036e-06
-7.896426324732143193e-07
-3.944411379773196629e-07
-1.398903926983506698e-07
-4.494305139252062034e-08
5.862957552365359184e-09
-1.928948132485805567e-08
-5.786279803552846132e-09
-4.763692403476059079e-10
-3.594872393877105972e-10
-7.870789412667537409e-11
-7.840351859029663577e-12
-6.980404795789333738e-05
6.897481756682877880e-05
-4.605636112658817444e-05
2.223781976949095381e-06
2.140132459200959162e-06
6.834115314592042991e-07
2.970964254780017972e-07
1.175271602997085684e-07
4.302871950294747212e-08
4.041664638046187182e-08
3.944098293621233447e-09
-2.279845012216697675e-09
-5.051577856627090840e-10
1.935256339483825883e-10
2.638819472786062761e-12
2.551688156590698762e-11
-1.455016715709629179e-05
2.639593695895799808e-05
-1.675597473701977854e-05
4.597720965218078551e-06
-1.077380914590487059e-06
-5.198961581688949050e-07
-1.989755324531122721e-07
-6.563276111458318536e-08
-2.924734320342174575e-08
-2.358152044461545043e-08
-1.197097816391055138e-08
-4.165983588588875150e-09
-8.534811361776417595e-10
-2.794597332280761884e-10
-5.179015905653180846e-11
9.463177426093450577e-12
-1.024868874606125191e+00
-4.092460257630483461e-02
-1.104556258869134706e-03
-1.982883114549564599e-05
2.168354910869585181e-06
4.968097488208776804e-06
9.031848860783227935e-06
5.237922590197237828e-06
-1.278020145632194900e-06
-4.604015721316667554e-06
-1.055918587159942165e-06
-1.239017657398485920e-07
-2.907473980777078322e-08
6.920723616775428762e-09
-6.082385928043931666e-09
5.130396161174162036e-09
-1.621525869847186552e-01
1.540420796930796338e-02
1.181837978830272513e-03
5.360007588889751029e-05
1.065171736044106222e-06
-3.064031545310976488e-06
-7.146364254855167026e-06
8.365840026126925924e-06
-1.139322980397935203e-06
-7.335559810120607561e-06
-9.309460104744129763e-07
-5.094512908146244278e-08
-6.719558977532614027e-09
6.176981693516289968e-09
-2.651064189747116407e-09
3.022564925683666712e-09
8.815951631476593928e-03
-4.402004773053898833e-03
-9.694453063011233395e-04
-7.453125733973249914e-05
1.537776254883071671e-07
-2.069991066903933151e-07
-1.928584169760935553e-06
-2.960070321749063908e-06
8.146800033548854149e-07
-2.079588408062215256e-06
8.206428712588624342e-08
1.677612058586590485e-08
1.981476557618886208e-08
-4.090155657849090907e-09
-5.400140869695592029e-10
-1.473629084300509362e-09
-7.677932604400450854e-04
3.682064754870066387e-04
3.186927330961656724e-04
6.552003491762892434e-05
5.454792577118738271e-06
5.911498759006904920e-07
-5.186548043195942563e-06
1.683546970657318297e-06
-7.926313695259050891e-07
1.469405778678560487e-06
3.172466242757664465e-07
-1.221769488626821550e-08
4.018469439209802703e-09
3.142890712941712907e-09
-1.748127204891881599e-09
-1.218858706446601153e-09
-4.075764259176334532e-05
1.540630580251308346e-04
-3.491305490430980679e-05
-5.177819889006528341e-05
-7.208341611337501489e-06
1.249329709838281966e-06
-2.143902944975133564e-06
3.944224490658637440e-07
9.699187638204207389e-08
2.008313628954155583e-08
-5.789675173247036696e-08
-1.568645913665360518e-08
-1.903394733758657582e-09
7.214009724097327271e-10
1.616236923859332459e-09
-4.236167620692789209e-10
-2.308930313387016329e-05
-7.039630812669463199e-05
-3.439671357684982880e-06
2.165078736017430347e-05
2.941377164102481750e-06
1.403167276740772508e-06
1.536361013651223861e-06
-8.031142531926423762e-09
-7.566991452989479322e-08
-6.652909672571780865e-08
-9.348298060783961533e-08
-1.420971330143099346e-08
-1.805278062263133520e-09
1.263391509839488314e-09
-1.391554455237295550e-11
1.024077316968996019e-10
-2.824420936631552928e-04
-2.987212347574790287e-04
7.509088306444726391e-05
1.458006599120591831e-06
-2.367333492910666004e-06
-7.541968242022717164e-07
-5.718116515284304938e-08
-1.816320130731327343e-07
1.776058897209329256e-08
-1.911589102237171731e-09
3.450050885499394625e-08
1.075124862562035407e-08
1.223703838084164674e-09
2.058919260684189386e-10
-8.719766288678732605e-11
2.470501341454146511e-11
1.700726346941398902e-04
1.349338564484215178e-04
-5.942565365181391712e-05
-9.701134479301781312e-06
6.647616625024936389e-07
2.250803847224679291e-08
-1.258736778852984273e-07
3.769002980654431708e-08
1.181033998867540315e-08
7.429625830051235102e-09
-2.119358605540723892e-08
-1.850133166976016440e-09
-6.731255936072417293e-10
-4.040597512246059190e-10
-2.541397539382153090e-10
2.086478292271579925e-11
-1.038493522038251609e-04
-6.688664262394236420e-05
5.222580218622851751e-05
1.108470061121805056e-05
1.117565717423828971e-06
9.043799159908238163e-08
6.343206970739770704e-08
3.997957201814510725e-08
3.853682587819653020e-08
-2.709625534921262438e-08
1.484776064165400303e-08
4.454190005548954094e-09
2.320426319905664719e-10
2.252251971399037133e-10
5.976076844596315660e-11
3.861813921854013223e-11
-7.909621620432653964e-05
-7.483293184202738694e-05
5.224276914118360326e-05
-2.251488054543529800e-07
-1.264225002821199250e-06
-2.157617948192952823e-07
-4.940643181958426978e-08
-2.459277345347792588e-08
-2.151889092184208023e-08
-1.929533028741469130e-08
-5.736980867267984277e-09
-8.343603537954638632e-10
3.181211112843128954e-10
-6.465271412105383940e-12
-2.117317763935292891e-11
5.434434491828865219e-12
-1.584642737950795371e-05
2.036608928421425297e-05
1.419256021361044802e-05
-5.887062682159528362e-06
5.868035985387485984e-07
1.331293383536529139e-07
4.837670313984264313e-08
2.570713740413565553e-08
1.939703490809849388e-09
5.272216188250646598e-09
1.062706187275792952e-08
9.003808967501345362e-09
4.181275439074075853e-10
3.215065683920357043e-11
3.166747547287132470e-11
-1.178991939286856814e-11
9.754895900940088738e-02
4.147619283956551633e-02
-2.769411102168287467e-02
-1.851723278591094419e-03
-7.644568079985498499e-05
1.627510530739060556e-06
6.721777327407229069e-06
3.370491199805898178e-06
5.278747428609968388e-06
4.528012250019282561e-06
4.225148019619305829e-06
1.408859932381324699e-07
-8.140193889333603312e-08
3.956336243911611188e-09
-1.255339721875848515e-08
4.621932264496680079e-09
-1.083311836568021623e-09
-1.681089332159830391e-02
-5.263355097299933678e-03
4.049336294055876605e-03
8.948528177456428105e-04
7.042384422519569140e-05
3.141710289162692876e-06
-3.208925744552319369e-06
-5.369289135377620487e-06
6.320507037101994514e-06
-1.316955182493518983e-06
1.505614721736506761e-06
-1.569753058713449194e-07
-5.123119082364091313e-08
7.125923118187294464e-09
-7.850944143350160909e-09
3.118013535578594847e-09
-3.850844350215870206e-09
1.953567721711400515e-03
1.001698086626167696e-03
-3.335466918446149034e-04
-3.265549041387622899e-04
-7.141662254494146904e-05
-4.863780476442690580e-06
-1.504350243581889164e-06
-5.829910009019131155e-06
-1.388855964525839835e-06
-3.500792976862733897e-10
-1.381267711996586873e-06
-3.195642805844421972e-07
1.805200927497151621e-08
3.292738639600228248e-09
4.386671259192749414e-09
-1.937744931929305938e-09
-2.666220276301984772e-10
7.223045253395336221e-05
-5.028149092577822809e-05
-1.531160707290606451e-04
3.288151332097274981e-05
4.889457244082288934e-05
4.810919488601264152e-06
5.033583453121643650e-06
-5.059724180022182803e-07
-4.165911468543279405e-07
-9.856968442906273326e-08
6.046555978216850615e-09
5.869066725445680602e-08
2.515020577605718402e-08
1.746227336236506695e-09
4.430685895133952950e-09
-9.806609138738664343e-10
-9.084584485296158986e-11
-3.603506966874650330e-05
3.401132725693518423e-05
7.016993567092581513e-05
3.252634422451847743e-06
-2.666539774089441889e-05
-5.955490000342234478e-06
1.135643632428734478e-06
7.577272027687452498e-07
4.505498882705622933e-08
1.874270812048674690e-07
6.350825043991284336e-08
8.892443448055115466e-08
1.274120604655629333e-08
-1.413714632286396302e-09
7.764900007390052000e-10
4.210309994673372525e-10
6.922683982029109685e-11
-1.790233068882129183e-04
2.432113732913026942e-04
2.957691250904270373e-04
-7.448648819310535799e-05
4.235825090877387560e-06
2.842516703942131053e-06
-8.987575036378191748e-07
2.362186830677099682e-09
1.001058139121849810e-07
-6.429902868818038294e-08
-2.318880050073688739e-09
-3.083351455749356809e-08
-1.128196224523060406e-08
-1.842368823953583392e-09
-1.136598817107771984e-09
-2.515322162555708362e-10
1.872664458512641566e-10
5.327312468516076557e-05
-1.617521895147758942e-04
-1.343487221063860610e-04
5.848412494868788895e-05
6.975568287950002104e-06
-3.842851596375768640e-07
4.306928420443077773e-08
8.534539062360127243e-08
1.741923186044489625e-08
-6.994071224565020871e-09
-9.094369160131167145e-09
1.937496722991504236e-08
3.345340651703137739e-09
3.334290865612476887e-10
4.174648288766186586e-10
1.671148338223300739e-10
-2.666803206698488381e-11
-1.848013044997763878e-05
1.024257011168623849e-04
6.679974562567281260e-05
-5.177658665355760147e-05
-1.035027538351850528e-05
-1.186801385942731425e-06
-1.043637137578755945e-07
-1.169397255584517556e-07
-5.861747261077873562e-08
-4.154014918350525227e-08
2.496016272863244703e-08
-1.498266297765335941e-08
-4.222405133195224295e-09
1.322854533750348186e-10
-2.545551878645098178e-10
-1.991083536690839380e-11
-4.555965087456612615e-11
-1.747053045797133811e-05
7.748903304307583329e-05
7.491747460187653110e-05
-5.202152817756590858e-05
1.315354355131648883e-07
1.260746991983038857e-06
2.441343674913035298e-07
1.253848509193623538e-07
6.540758325432661397e-08
3.275033114283228903e-08
2.204813366614775046e-08
3.172907595565966999e-09
-3.127935812519389904e-09
-9.216060451569492967e-10
6.639958665234235930e-11
1.718940212018264941e-11
-1.684831976639547877e-11
-9.926599340499073616e-07
1.487839071267781515e-05
-2.405384330176447375e-05
-1.617928245776225981e-05
6.232223603279893975e-06
-4.593492755504864057e-07
-2.345492987836189394e-07
-9.144194653008658083e-08
-4.496991799598849697e-08
-1.006244964404620171e-08
2.354828255010872882e-09
-9.276063412621768814e-09
-3.697336213367549721e-09
-4.947162572057324099e-10
-2.062052926845052961e-10
-7.408873954459928987e-11
8.315082630465443273e-12
-1.462534546394917145e-01
-3.861589617358992393e-03
-7.966769356191343466e-05
-8.610034142657848075e-09
4.140386990994117167e-07
-1.015211216351091305e-07
-3.316654964963474193e-06
-2.165780258675072386e-06
-2.943739129594441196e-06
-1.484850009697800980e-06
-1.807668409900168686e-07
-2.740253720631338851e-08
4.137534296586903907e-09
-7.662894432177257949e-09
4.380533609711199037e-11
9.518712832482831097e-10
5.837760336700689029e-02
4.324382200334353152e-03
1.804137971081343900e-04
6.741094746685331742e-06
-1.673608846490947137e-06
-1.034844598649711352e-06
-5.645375579546788370e-06
9.918241181266331254e-06
-5.372424263824639977e-06
-1.583610121050043917e-06
-8.304272168088790277e-08
-1.368309061568262801e-08
7.327513267404056136e-09
-4.091721183538146261e-09
3.169099448828963278e-09
-1.683127141071978962e-09
-1.891628882057959718e-02
-3.452369610182904475e-03
-2.813414219120081538e-04
-1.076551843969754197e-05
-7.747752985323050940e-07
7.377237710034595433e-06
3.603357448105137436e-06
1.924718305045581581e-06
2.461831046691561372e-06
-5.572738840039659477e-08
2.136980703400505101e-08
9.129434768479955049e-09
-1.926357605712617686e-09
9.200018704599947084e-09
-1.057158769963106502e-09
-5.539815434962136440e-11
1.955298660400338860e-03
1.247065960566934046e-03
2.131654540778149499e-04
1.597659914828275266e-05
-1.108571683619265944e-06
5.544406049597427626e-06
-4.720111498842991667e-06
-2.749325687027094242e-06
1.959909818884780024e-06
6.113567020468390598e-07
-3.635188666793496111e-08
-3.953909917819968084e-09
-1.289911406957944387e-08
7.535139529379887791e-09
-5.560507896933461573e-09
2.301032752457963377e-09
4.259851111382952711e-04
-1.988471593539292107e-04
-1.405680251874814543e-04
-1.322785902203999586e-05
-3.363295012877550021e-06
3.735789005164672959e-07
1.465204880510732159e-06
1.053048014601015846e-06
-2.497237444312838893e-07
-4.341746552272041218e-07
3.427092912714759144e-09
4.017403510313917446e-09
-6.804196853381422904e-10
-1.237567765135201605e-09
4.195028321156729679e-10
-3.120052269089514105e-10
-7.611515183003751942e-06
3.005374878196749602e-05
7.223570597379899412e-05
1.205325372514166883e-05
-4.333773369686900707e-06
-3.339437304270933611e-06
-6.123973865648317432e-07
-9.004485026826844534e-08
-2.526261786269650647e-07
1.597366502199852798e-08
-2.871972643208714384e-08
5.022899483107953571e-10
2.706223550859772027e-09
-1.279181849125978519e-09
1.187783924513163902e-09
-4.431440995671752588e-10
5.490291496503384855e-04
2.474169620133604428e-04
-1.793832470036490315e-06
-5.069213011065905488e-06
4.648550819109692730e-06
2.051149194876021890e-06
6.293896170223059643e-07
1.031308110018970244e-07
6.766810438376103608e-08
4.282297321164542298e-08
4.353304499942679153e-08
2.764823195980969864e-09
1.102615923408875086e-09
6.274574693387400542e-10
-3.030869006046808968e-10
1.679336547363166945e-10
-1.284828690253479874e-04
-2.016928928563195382e-04
-2.866862264618305698e-05
-1.376739889167686106e-06
-2.269173857520446423e-06
-1.103608958903041306e-06
-4.726111088705979239e-07
-1.924849268249632017e-07
-3.254692158069991261e-08
-3.395066598547759214e-09
-2.506032427395863366e-08
-1.806623443849302489e-09
-1.689928626550071484e-09
-4.022938518739926191e-10
-6.970011129090959395e-11
-8.725342578611696504e-11
3.259610724112675662e-05
1.690520364590203124e-04
3.795816302525307167e-05
5.170601295203881919e-06
1.419017584322843572e-06
7.237249924990085774e-07
3.413647280945740666e-07
1.038662619246119461e-07
3.444945760485824342e-08
1.685071316817432623e-08
1.819698020350918907e-08
6.088802605500593812e-10
1.144485667592466001e-09
2.993784134134462599e-10
6.672582153753690707e-11
1.190327191206874519e-11
7.903614801464489985e-05
1.899011815510140465e-04
1.149867115073242544e-06
-4.901335461306810342e-06
-1.145435571716056288e-06
-5.029476904284718003e-07
-2.168982417969192638e-07
-7.522056085774144324e-08
8.103238017122428175e-09
-2.153955803420343297e-08
-1.320893000810345358e-08
7.326944758349637717e-11
-1.885825909109226383e-10
-6.948972121671948302e-11
-7.365716112063660549e-11
1.991105344736854908e-11
-8.184024472318723629e-07
-6.504135874494168783e-05
-2.246298134540518530e-05
1.534781494422931070e-06
7.661091265612572940e-07
2.122262803144405409e-07
1.104254389300794176e-07
4.847866317760206531e-08
7.047378389338210202e-09
1.407838442870126732e-09
1.641546274939386143e-08
8.330472059165247949e-10
1.351217873758562640e-10
-7.122904125913673322e-12
2.977720159203093521e-11
4.766527956996108550e-12
-2.131430259348961187e-01
-1.041687481363629819e-01
-6.665183408257148445e-03
-2.731814203270966409e-04
-1.009875141113419862e-05
-4.058411701258248870e-07
1.406634503769599438e-06
-5.355057190005865399e-06
1.151614485821533276e-06
4.437637105929320403e-06
1.564707612720690525e-07
-1.560522287477945737e-07
-3.558867356115636979e-08
1.278236792125355522e-08
-7.255376864797219378e-09
-4.657030646421313297e-10
3.972414956160832788e-09
5.563563923081357547e-03
1.733367137052341592e-02
3.215421495786045022e-03
2.627767251643181807e-04
1.002076036521368943e-05
2.070470802049632407e-06
8.074068793181306660e-06
1.391020599617453958e-06
6.704926186564851413e-07
-3.576800599172972124e-06
-7.656471153387430014e-08
-9.474599021922538510e-08
-2.409182503222664108e-08
2.053358367733295173e-09
2.783610560763191656e-09
-2.673200970004600997e-09
-4.367814375598606140e-11
5.889211399302958201e-04
-1.789553298512992904e-03
-1.245140459471744772e-03
-2.121485048392368774e-04
-1.488036877640791592e-05
-3.642991792976344360e-06
5.721233956861891913e-06
-3.377793980279251786e-06
2.354469123495770483e-06
-2.295006860385711222e-06
-5.275507879247538633e-07
2.431940742426740303e-08
2.025282441500365974e-08
-4.312588743959765772e-09
3.441705166305290973e-09
7.862556362637129038e-10
-4.676143701198908637e-10
-2.303585197524455155e-04
-4.579847703510637395e-04
2.018705444679873957e-04
1.445891291567477773e-04
1.577378598664742990e-05
-5.171549795099398318e-07
-1.472801988549775964e-06
5.016290771131578970e-07
-1.220799982542361086e-06
3.031504909891993695e-07
3.822381216771709454e-07
-1.193799279670596343e-08
1.363169288079005272e-09
-8.160953470897852214e-10
-5.963886883525988549e-11
6.202514849701341284e-10
3.791968198444326521e-10
1.677514271358782218e-05
1.466978993437789850e-05
-2.725468753973636293e-05
-7.069627867661536897e-05
-9.147841323301791040e-06
-1.554960467574125492e-06
-3.222729442092023930e-07
5.109093821284142134e-07
1.643734517559438451e-08
3.180090826557592282e-07
1.365122215486236265e-08
4.412332346242926433e-08
-1.740080088619794802e-09
-1.469320934035654620e-10
1.812056428916896029e-10
-2.197777707154229878e-10
-4.073895832569553336e-10
-5.493874368027834408e-05
-5.548281123287642858e-04
-2.503522907160591541e-04
-1.053945613404752741e-06
4.583321888304205539e-06
1.168619041596606869e-06
-3.651733422515305433e-07
-3.961344267597367810e-07
-4.601532600505537400e-08
-1.112993989712774711e-07
-6.421486746435631631e-08
-5.118821036206524142e-08
-2.216974923069105643e-09
-2.774639627993342915e-10
-1.359175647633516828e-10
-2.506484628081984840e-10
8.359010071443710860e-11
1.407311235767086854e-06
1.275811697565372882e-04
2.031867710769104135e-04
2.993047080204548117e-05
2.000010529249979580e-07
2.226271563243361507e-07
7.081288501692141933e-07
2.917491373241619389e-07
1.787207289413688549e-07
5.591217672102254354e-08
1.515393732814544182e-08
2.644563866672266260e-08
2.633603131659782328e-09
8.294316590865043837e-10
3.008387579364273301e-10
9.382146851268592301e-11
1.123268829619301160e-10
3.894476756963863892e-06
-3.210228268082288060e-05
-1.698503840382077103e-04
-3.805760026067001169e-05
-4.337209885153005408e-06
-8.220268512702235428e-07
-6.587658042907854459e-07
-2.825096891054427806e-07
-1.217698143435896223e-07
-5.159435978928996736e-08
-2.480722051997333223e-08
-1.837500916105668787e-08
-9.558824648503104304e-10
-8.302214558053418262e-10
-2.605350275365271470e-10
-4.323306214616694278e-11
-2.009241601850630246e-11
-6.063048263824548951e-06
-7.888645242706197706e-05
-1.892871023942978260e-04
-1.276343114598376552e-06
4.306551664329071010e-06
1.018124482099994271e-06
4.990475853461924635e-07
2.503466983691477065e-07
1.034562192542045902e-07
1.177678204238461895e-08
3.660206180741932931e-08
8.772646312080832180e-09
-1.717101328409600645e-09
4.077300544150607645e-10
1.091389476918064342e-10
6.767768542305513355e-11
-2.790984661416036831e-11
-5.422184720364017273e-07
1.148243483387847862e-06
6.482971607266917657e-05
2.413273289063988159e-05
-1.301392641377962863e-06
-1.007492356223420081e-06
-3.368279419172132017e-07
-1.682632092317691716e-07
-8.992720354377975040e-08
-3.990577363448336716e-08
-1.468683270370291937e-08
-1.670947233214497077e-08
-6.954017569251983128e-10
-6.004623515339657457e-10
-1.428056093829816130e-10
-9.015149928277910749e-12
-2.808779524103449834e-11
