1.282552494836685375e-01
1.031356172014964878e+00
4.129139436883962067e-02
1.133285945038777637e-03
2.351748897578626518e-05
2.824811887425298277e-06
3.116116574080120734e-06
4.361839437463626994e-06
-5.033210022228995864e-06
1.416666259543017180e-06
4.453782632532507724e-06
1.028276769347318104e-06
1.335585052426102632e-07
1.108282613141020667e-08
-2.326056117161972490e-09
5.169419324614514720e-10
-4.262951353752821312e-10
-5.447794904664725324e-02
1.496219717242446012e-01
-1.530554709442119923e-02
-1.172964073382406136e-03
-5.529357129035024571e-05
-2.838983764196229817e-06
-4.879964138488445790e-06
-7.847584819310934924e-06
-4.888017876776186776e-06
1.983209337459155609e-06
7.021926988102712610e-06
8.955403953920188529e-07
6.796973159026309783e-08
4.300866238384514256e-09
3.970353049342628488e-10
-1.454126766616853325e-09
-6.644458333511072368e-10
1.709612176629793368e-02
-2.402114357183484511e-03
4.585285874488933232e-03
9.451804656236169203e-04
7.451796956186359372e-05
5.863887502833842598e-06
6.978412697782169249e-07
8.205059547722127263e-06
-4.401690030499068609e-06
-3.253851864421944879e-07
1.881607350681746215e-06
-8.698803729794546677e-08
-3.649516711340684631e-08
-1.032952869015781712e-08
-5.600707331287927591e-11
-2.733087851320815797e-09
4.460622416223598911e-10
-1.924352217984705640e-03
-1.297699978728127871e-03
-6.602943720478544019e-04
-3.181014643658728442e-04
-6.529589559275028772e-05
-3.188752907759465648e-06
-3.210678876070314376e-06
5.286471304563242394e-06
1.038407925262608942e-06
2.699037463438849321e-07
-1.230977914060650397e-06
-2.366040701992846259e-07
1.197648619462240981e-08
-4.029348667398445027e-09
-1.553940813644797043e-09
1.492543950030659155e-09
-8.186876017865023486e-11
4.566014111518665417e-06
3.340081004633836019e-04
8.906596991276979794e-05
5.373443393369446898e-05
4.617007085496212932e-05
3.887289913065720623e-06
-4.137162980680005389e-07
-1.774022960079741048e-07
-9.113184249436186693e-08
4.628958845688281462e-07
-1.096456549414923180e-07
3.133692872035101879e-08
1.117162301872325267e-08
2.117503484557591851e-09
-2.562839603024921424e-09
9.076057497053845769e-11
7.403431110822346699e-10
3.705988756920470921e-05
-7.596543102296876300e-05
-1.294860445942236723e-05
-1.209293226030388366e-05
-1.956385341839263472e-05
-8.611543022293253230e-07
-4.441247473620866237e-07
-1.235344421073081572e-07
2.709116294598295851e-07
-1.602749099755716114e-07
1.499059946295512531e-07
9.186364170247571304e-08
1.540603504329208589e-08
2.913446623308533380e-10
-7.846411903300560435e-10
-2.797192326283870494e-10
-2.932708998248927467e-12
1.666697480558379627e-04
-1.276589454281609195e-04
2.667481531979173795e-04
-6.327247630195840481e-05
-4.716306227892399704e-07
6.122948929053263336e-07
-1.495826065857052011e-07
-4.744003497123458231e-07
-2.124486692977704778e-07
-6.380384990492053044e-08
-6.203239693461254389e-08
-2.995793347950000236e-08
-1.003561514080308028e-08
-5.620310544347798538e-10
-2.903689762289196478e-11
9.531276219259991616e-11
-1.444979696889522205e-10
-4.515192114028065810e-05
1.379060278633782754e-04
-7.613133718009755665e-05
5.445916354928644716e-05
8.709672979738494294e-06
6.708047270677829573e-07
6.167116166844235395e-07
4.024402491102390078e-07
1.791718494500182480e-07
3.498608580534125474e-08
3.342428597500530899e-08
2.206566176080792640e-08
2.450627618768042267e-09
5.357916733159290157e-10
4.738981558627445590e-10
1.268407868380827752e-10
7.191418411898572930e-11
1.558537617146404526e-05
-9.369074510003148459e-05
7.179542274368088619e-06
-5.224600660973745036e-05
-1.061271981140620230e-05
-1.885046243698398238e-06
-5.228422472587918987e-07
-2.842534453270193276e-07
-1.218406989617646207e-07
-4.222176677744114118e-08
-1.400213538666786393e-09
-1.746657666513830689e-08
-4.695421668326511153e-09
-4.543565085387903951e-10
-3.141596798421695966e-10
-8.611542598798571056e-11
-3.154933312160642592e-11
1.475726214700912016e-05
-5.428999267672437789e-05
5.668057606336756655e-05
-3.689701925981638030e-05
1.538615972443480930e-06
1.662447395663657978e-06
4.606147462527257834e-07
1.698253860242384542e-07
6.293810353378742535e-08
2.914013651903253622e-08
3.297760733543552553e-08
6.835552522610168519e-09
9.639584062466826514e-10
-9.530728133736906934e-11
5.985567654458548341e-11
1.160588552109220146e-11
-1.580710802319155554e-11
1.194021777516337343e-06
-1.028073414466329612e-05
2.013473031226405697e-05
-1.294327599084167436e-05
3.893230780748126292e-06
-7.835126426444417324e-07
-2.415368644154357633e-07
-8.792221339245495802e-08
-3.016814830592386571e-08
-1.395840596302939284e-08
-1.126597302852026878e-08
-9.296518197581251834e-09
-7.023059315850785753e-09
-3.865906555060152574e-10
-5.595463150594121132e-11
-9.446260749185474492e-12
1.514755097508646922e-11
2.863489297694485694e-02
-2.740886083705106058e-02
-1.838621851670891498e-03
-8.065297156101325414e-05
-5.903495182347251310e-06
-4.021407016898941016e-06
-2.450622481510200988e-06
8.413490464187437515e-06
3.876280125843389285e-06
3.790483901211087288e-06
9.875539586654013263e-08
-7.640304796367990358e-08
-9.129508664536596868e-09
-3.286352777612824071e-09
3.006430642129591672e-09
2.667576301215642479e-09
5.186909807006820491e-04
4.233950971678618856e-03
8.736487525778693615e-04
6.959301827988218826e-05
1.688256199793558309e-06
4.300237970518933272e-06
-1.943746590045229379e-06
-5.233289950014346312e-07
-9.224259061660997800e-07
1.406889950495627774e-06
-1.555754876794942853e-07
-4.449897786871269887e-08
-3.726833496282914944e-09
-5.394864111369833250e-10
8.439317298111152239e-10
-3.521170786955265862e-11
-1.105922021370730774e-03
-6.310120747785874246e-04
-3.237962525936798606e-04
-6.357955445412403399e-05
-4.267014634711303024e-06
3.460500148703080815e-06
-3.492291932337406217e-06
9.734762963181674552e-07
-4.915050707326472312e-07
-1.208172982334300362e-06
-2.664070564543812185e-07
2.417485464437513932e-08
7.469704222129437256e-09
1.954450335298772623e-09
-1.250019309169288379e-09
-1.583417399168871147e-09
2.724575897668327930e-04
9.111713150826963512e-05
5.226942174660040194e-05
4.386727192252331528e-05
1.840988001014915427e-06
-7.626398417302967830e-07
-2.725875812145428307e-06
-1.405478638925705254e-07
5.443838791532019994e-07
-5.191471650602081867e-08
4.330882539186844548e-08
1.449388912800436508e-08
8.067999899599046970e-10
2.335525009217693936e-09
-6.221832756487812523e-10
-6.603219036326766337e-11
-6.393446290408247149e-05
-1.239723594882525830e-05
-1.431357714838164950e-05
-1.765894913381285078e-05
-1.918512626287783032e-06
3.421277070402540345e-06
2.017922699403090754e-06
2.651610861939462941e-07
-1.367558216828522828e-07
1.184478384804949747e-07
8.604105938126218039e-08
1.266004467053702093e-08
-7.687089650094774907e-10
8.934154111420215049e-10
-2.723966160279648268e-10
4.270014337000664420e-10
-1.609774746681436042e-04
2.658526540523430083e-04
-6.189380333011175353e-05
-3.133502198904177046e-06
-2.626323969640566628e-07
-2.004093545494370981e-06
-6.188171458527886932e-07
-2.286853974039618943e-07
-5.952654086425617759e-08
-4.926714473030509699e-08
-2.627276155365028749e-08
-9.432262132536948084e-09
-1.671799582628823152e-09
-7.988488880222450748e-10
2.821596072743110539e-10
-2.021401107496197751e-10
1.433417777094973691e-04
-7.691182526696551953e-05
5.422809103958444371e-05
1.038268607463729384e-05
1.592294212356235540e-06
9.015199697312829126e-07
4.227512957873525770e-07
1.873795379378228775e-07
1.625917851816594094e-08
2.538796713692075321e-08
1.994008294028675988e-08
3.661481608769623424e-09
6.332853766286987387e-10
3.838569815673759923e-10
3.179535312865984892e-11
2.074731842478735803e-11
-9.414000838736662376e-05
7.380855591281972482e-06
-5.223361937474783960e-05
-1.139534657046321196e-05
-2.217513698732776544e-06
-7.037929440064190966e-07
-3.432664429098933667e-07
-1.225626627630290124e-07
-3.798922624882145661e-08
1.809971104001791490e-09
-1.635917824736254374e-08
-4.948142781997204649e-09
-4.362612224725213370e-10
-3.044147774390226433e-10
-6.806168226813996312e-11
-5.463538705326252738e-12
-5.599244097934856588e-05
5.646254458359312113e-05
-3.695179171568089475e-05
1.966383146398225327e-06
1.815913623278713253e-06
5.780638927164470550e-07
2.487696259378847877e-07
9.721484551092145360e-08
3.509681902929119846e-08
3.182793403427021619e-08
3.984719573907206871e-09
-1.564752475119272581e-09
-3.371940876361632977e-10
1.528284775549194876e-10
8.595360594436599874e-12
1.770902133161267161e-11
-1.146739301269241317e-05
2.089060182170425885e-05
-1.389299946586747850e-05
3.634418523922467000e-06
-8.789739864725403537e-07
-4.269063026767066735e-07
-1.628863017501327753e-07
-5.393798943724463053e-08
-2.404413053676337431e-08
-1.836769653030867880e-08
-8.779487749100177577e-09
-3.314469260239757518e-09
-6.746389476555581119e-10
-2.210434533556342485e-10
-3.936985851585092075e-11
4.271805494513923686e-12
-1.024223158052626426e+00
-4.115322657546634233e-02
-1.128977581030522932e-03
-2.132816804885564676e-05
2.400498370485647133e-06
5.001768593110709759e-06
8.463608936358012842e-06
5.009999446720790519e-06
-1.073063020532775728e-06
-4.390058169368737893e-06
-1.026478526612649260e-06
-1.227807567229612099e-07
-2.721950783024089286e-08
6.018291365964550174e-09
-5.689572072332465432e-09
4.519352903049503697e-09
-1.571005967227595834e-01
1.495753152602974020e-02
1.163403553823572642e-03
5.354876516209173718e-05
1.300626626647097712e-06
-2.746609596772301949e-06
-7.039361666931433387e-06
7.582821326845772688e-06
-8.875027090734676735e-07
-6.862113700911471882e-06
-8.866576641903574959e-07
-5.086105535481072187e-08
-5.777449787902518777e-09
5.746632005667376116e-09
-2.289510461962449471e-09
2.635442671878403356e-09
8.345253214623331653e-03
-4.139844101772225358e-03
-9.212924989778437318e-04
-7.324937073413905603e-05
-5.374054191204713767e-07
-3.505661083580394093e-07
-1.367997333643905163e-06
-3.005192875645709447e-06
7.204305034170508838e-07
-1.970375756966980386e-06
6.811010057084812505e-08
1.467635597258732170e-08
1.802190989817538539e-08
-3.483255905372017535e-09
-3.004734006440046797e-11
-1.273037649271915476e-09
-7.393128231405603776e-04
3.331459436251733570e-04
2.929686246010387005e-04
6.163483821695041201e-05
4.704255274895218290e-06
4.677224453323910120e-07
-4.248984041517372299e-06
1.555735158515219270e-06
-7.360387807360373132e-07
1.312146837876978177e-06
2.781943571903393221e-07
-1.184783916603873806e-08
3.522300446618302709e-09
2.654690676345490195e-09
-1.284321403578666844e-09
-1.136773927640379545e-09
3.773524334157349845e-05
9.930145926645753650e-05
-3.436514033525168668e-05
-4.664967894583124436e-05
-6.148620607135485237e-06
9.762710819266162423e-07
-1.963529755180132957e-06
3.446639285310667602e-07
9.715367156012706767e-08
3.540732461478333378e-08
-4.455121875602884877e-08
-1.297797934872472044e-08
-1.674217317105480061e-09
5.955575576565078306e-10
1.288881548643338055e-09
-3.439787502601222463e-10
-3.382482658548523923e-05
-6.919206069880646582e-05
6.500372603013836163e-07
1.885743790545263475e-05
2.508626880338573570e-06
1.219975525962811779e-06
1.267820102728433332e-06
2.529404189592460338e-09
-6.027008212800142468e-08
-6.299772081701634569e-08
-8.651644833636916043e-08
-1.269230711603440389e-08
-1.614201878096199327e-09
9.211355479114232512e-10
-4.694292021082145524e-11
1.148853552836222964e-10
-2.533891670725712413e-04
-2.742850587643852109e-04
6.764878358484765629e-05
1.594432741671549751e-06
-1.952996274893026004e-06
-6.097314993018771219e-07
-2.479179737704426845e-08
-1.497808488596478759e-07
1.095821047413840546e-08
-5.495994588291935869e-09
2.584476771172791351e-08
8.705827635894594410e-09
1.179322043000871269e-09
1.966407010044794316e-10
-4.071036694650375412e-11
9.633101749356216416e-12
1.504960929469841653e-04
1.201242231903061250e-04
-5.257406857325627378e-05
-8.591724074360539704e-06
4.569613480194007634e-07
-4.236727219886551695e-10
-1.014381974604571138e-07
2.873408146616893391e-08
2.692641542486835539e-09
7.420470203191283255e-09
-1.729364370380441188e-08
-1.322523367061315988e-09
-5.833083455073436752e-10
-3.312587828002454241e-10
-1.998610829171934370e-10
9.503707765887426205e-12
-9.116280753511892573e-05
-6.102545123821524964e-05
4.563251619529462447e-05
9.580516231450676706e-06
1.004726608721339454e-06
8.520484921245982740e-08
5.632909040774717845e-08
3.377095406627314523e-08
3.303982830407254094e-08
-1.956141082345462109e-08
1.296057522263899498e-08
3.847290669197334689e-09
2.144794629210156760e-10
1.964638034303949884e-10
4.563388680299725958e-11
3.053321698274110201e-11
-6.370184937521193417e-05
-6.057284701392085679e-05
4.220268724171550797e-05
-2.799644367153258601e-07
-1.072238169524785986e-06
-1.875384048326228832e-07
-4.620237662375708711e-08
-2.333389660861833110e-08
-1.767643431018163056e-08
-1.417292242640539584e-08
-5.124935669025327533e-09
-6.027672010694405292e-10
2.061612397074842562e-10
-1.671702756715490812e-11
-2.110436372105482799e-11
4.393276075083698513e-12
-1.250187705026304701e-05
1.658023310708554865e-05
1.182805975220822949e-05
-4.695504524320993384e-06
4.766186187976487081e-07
1.179877009040411840e-07
3.981709030091190951e-08
2.187150043399336956e-08
2.695390406195067722e-09
3.474419961067749457e-09
7.680159827810804414e-09
7.033826103900138696e-09
3.463860872876961589e-10
3.421356490923329724e-11
2.595247479437682168e-11
-7.790848187161243924e-12
9.482883150064704003e-02
4.027805471213224964e-02
-2.690797603611212382e-02
-1.821067227657822930e-03
-7.737951713065079333e-05
1.115933571623495339e-06
6.696609747889713525e-06
3.036177331315529381e-06
4.237673129979596498e-06
4.095240610879708849e-06
3.867227543592328097e-06
1.358790323939478031e-07
-7.606264698010196609e-08
2.879929184749497440e-09
-1.080488300379338633e-08
4.086200688132935676e-09
-1.127060272546842988e-09
-1.582630819904846595e-02
-4.982956128221922854e-03
3.809623826945315872e-03
8.514720382011415050e-04
6.890458056715771966e-05
3.083284708951885240e-06
-2.795001430619839467e-06
-4.715306884961931664e-06
5.483000736873183375e-06
-1.114076742741631312e-06
1.428330273874007099e-06
-1.350754099264033869e-07
-4.651067533145163972e-08
6.574954725834388026e-09
-6.595267069295020528e-09
2.823227433865794169e-09
-3.380994148655628437e-09
1.789901296856199553e-03
9.406131250341613842e-04
-3.037341578568155125e-04
-3.002271752155622440e-04
-6.716198766011373085e-05
-5.009566233834799334e-06
-1.602176431740115619e-06
-5.010785850336429283e-06
-1.159697511414406488e-06
3.421415332374209735e-08
-1.225307403544835316e-06
-2.798897402151825363e-07
1.659846741103398146e-08
2.976266965667688326e-09
3.673661499222433237e-09
-1.454645416056039654e-09
-1.512829582750842198e-10
-1.980359227047214286e-07
-9.436670840300116032e-05
-9.735705543166039749e-05
3.249018857484800669e-05
4.456108944297861333e-05
4.833756803661870166e-06
4.262881484065663314e-06
-4.782749680456917920e-07
-3.280098989516624117e-07
-1.259081993919749242e-07
-1.445012437234156051e-08
4.524888478302788840e-08
2.155466002582743507e-08
1.360453249346210085e-09
3.575510217440214258e-09
-8.518571597594044453e-10
-9.679959895140280202e-11
-3.489910331699498663e-05
4.611213115319509712e-05
6.982278629091040294e-05
-7.693175996908979695e-07
-2.352522056407742827e-05
-5.340247391775864171e-06
1.052177345749098726e-06
6.434997373042603332e-07
3.152304795285450269e-08
1.585133518853895777e-07
6.025789045573667454e-08
8.205741632429296137e-08
1.128771550622161601e-08
-9.913877284562227376e-10
6.562386205659785385e-10
3.650999878007464892e-10
3.802389608623357410e-11
-1.647826124449954432e-04
2.173462270147109735e-04
2.714611175509060973e-04
-6.706350940704365181e-05
3.280474178786726644e-06
2.386145736147757069e-06
-7.619661652027818563e-07
-5.536622425813760644e-09
7.099007005116146984e-08
-5.296924059923261128e-08
1.570797101701453755e-09
-2.256233946335846759e-08
-9.028965860703329196e-09
-1.492809520739831239e-09
-9.212611953028056239e-10
-2.188572102962436335e-10
1.548208616302214262e-10
4.730482477451683081e-05
-1.428855433699529123e-04
-1.195726074598254016e-04
5.175114736055121069e-05
6.370226235678009211e-06
-2.382986986667526500e-07
5.134735563106570494e-08
8.585531177623880707e-08
2.128122373377886722e-08
2.557375457391625477e-09
-8.847470035929990171e-09
1.557166901691652093e-08
2.280011142751264321e-09
2.570130420543061241e-10
3.503405916132974916e-10
1.272651955213914198e-10
-1.577819850371113279e-11
-1.668722636463039369e-05
8.965819115163587577e-05
6.093450711598083665e-05
-4.525092012662153100e-05
-8.997433045860488008e-06
-1.057578017600812782e-06
-1.160707109727665058e-07
-1.049041073076592958e-07
-5.094851529707866392e-08
-3.591539377134647429e-08
1.815107772720284509e-08
-1.291670071752788076e-08
-3.628716674310113204e-09
5.147077909921095856e-11
-2.178349078377000052e-10
-1.985618219010632167e-11
-3.536142325859489169e-11
-1.412612131500521314e-05
6.237352821493428339e-05
6.062401394623661579e-05
-4.205635765482409035e-05
2.067869710367426594e-07
1.077839547072503764e-06
2.119266495322115395e-07
1.063031444096938375e-07
5.594918044816059090e-08
2.626871627896529902e-08
1.631580204445265806e-08
3.398157400844554898e-09
-2.288105206875285360e-09
-6.575657429914079865e-10
5.646267274961416361e-11
1.899550666295935282e-11
-1.242944654764997316e-11
-7.665528948566938952e-07
1.170102940183150652e-05
-1.945815239378731278e-05
-1.337011714713034710e-05
4.954302256295239975e-06
-3.766626310589042072e-07
-1.970519851178839924e-07
-7.580756960302326710e-08
-3.676688121013996653e-08
-8.931801117765633931e-09
1.864294399067472702e-09
-6.800501774236167759e-09
-2.881836640534921956e-09
-4.018149243924428188e-10
-1.620504012023442405e-10
-5.651327399135689668e-11
5.747805305996178173e-12
-1.471018391686342297e-01
-3.955774105634962158e-03
-8.444400906942326542e-05
-5.471641978854281717e-07
2.645265608111641879e-07
1.269565562335598001e-07
-2.980157691503118738e-06
-2.037224689042305739e-06
-2.664160718372092110e-06
-1.441627631091496772e-06
-1.769066676883056369e-07
-2.643599242294218533e-08
3.440886155789639051e-09
-6.508601275183170498e-09
1.558821651823431885e-10
8.312218874649018289e-10
5.677199066418105872e-02
4.246432374549960129e-03
1.814324082127052634e-04
6.925914917155820869e-06
-1.554315412392399968e-06
-7.810730282018897913e-07
-5.076995587607500533e-06
8.908399060584786989e-06
-4.836108068452053223e-06
-1.517939214363749253e-06
-8.162717016794379157e-08
-1.442556209301147259e-08
6.557562924269704518e-09
-3.634370865794920320e-09
2.701757367169411161e-09
-1.420195967475814473e-09
-1.782047132723730762e-02
-3.283681446966264881e-03
-2.725772367654261965e-04
-1.056000869871489719e-05
-6.204194910542162490e-07
6.524053126001408127e-06
3.518583671904494208e-06
1.947175100101920996e-06
2.158155926789926345e-06
-8.115115400011951039e-08
1.985522970914960048e-08
7.484764792446790478e-09
-1.532995585497791563e-09
7.608480341842974574e-09
-9.668306458137496177e-10
-6.009271482491502848e-11
1.786295836987915201e-03
1.148376108727440460e-03
2.005279341008752217e-04
1.506530280582522132e-05
-1.164750698515337110e-06
4.242267313548763354e-06
-4.439865501407705489e-06
-2.413391711820456600e-06
1.782317497197734667e-06
5.447626437237554225e-07
-3.009074634328442729e-08
-3.157669506511373215e-09
-1.107428745146340021e-08
6.335876813402244214e-09
-4.543107079008208233e-09
1.898052550792212444e-09
2.420464440129561424e-04
-1.896187032290858434e-04
-1.273171971713550090e-04
-1.205149452222864805e-05
-2.428338992654598597e-06
8.793962682970503398e-07
1.392984692578451079e-06
9.064516826164657952e-07
-2.145292030441181048e-07
-3.628613191937313921e-07
4.480489097659466634e-09
3.671806207488295674e-09
-4.595328320205030626e-10
-7.804921679670500055e-10
2.747605977405127043e-10
-2.027260987563306192e-10
3.549195300879842577e-05
4.158383624976131021e-05
6.362804888133418270e-05
1.040557482379808608e-05
-4.115279760944038196e-06
-3.048428265493379586e-06
-5.922550018337606379e-07
-1.101475336621894749e-07
-2.240460085803883478e-07
1.249019753752112990e-09
-2.639862281128718639e-08
-4.912167341173816847e-11
2.072150471780857354e-09
-1.179869231561027193e-09
9.444768275904923302e-10
-3.848065952437024715e-10
4.959366568597215526e-04
2.217044060134392629e-04
-4.073952261688022335e-07
-3.978588396359896840e-06
4.093552995463968997e-06
1.812031009347675805e-06
5.827915295910526361e-07
1.098931800744805413e-07
6.821523921617801416e-08
3.655280976488377961e-08
3.622303250352718245e-08
2.476199798863992466e-09
1.057573544084020796e-09
5.487984910298518584e-10
-2.224488926461495231e-10
1.290870014153411222e-10
-1.134510978615205722e-04
-1.784267603372261793e-04
-2.567074186342674160e-05
-1.538878712709126943e-06
-1.989203830694937244e-06
-9.885637326681058045e-07
-4.278349979700596735e-07
-1.679912227760275748e-07
-3.334027978076285535e-08
-1.608537645885127989e-09
-2.003449727233549429e-08
-1.524771483427724866e-09
-1.427379232178101559e-09
-3.351491076434475220e-10
-6.145880321455067005e-11
-5.856723634596810225e-11
3.119840696990925803e-05
1.485257072481382739e-04
3.291534654029718281e-05
4.569183001854841615e-06
1.263622509595507444e-06
6.349906679657128324e-07
3.007243682191613824e-07
9.437014150766930209e-08
2.899815591757781406e-08
1.494341294417895333e-08
1.480817528103013362e-08
5.946328733725681872e-10
9.523595094424803667e-10
2.370020113298641315e-10
5.816411757642598079e-11
5.824598448463411800e-12
6.445304806871265339e-05
1.536340778163551796e-04
4.550492357373037657e-07
-4.129710683415916399e-06
-9.895760640560295490e-07
-4.268947575110196662e-07
-1.841404331826577471e-07
-6.555643348293567994e-08
2.595862214024818796e-09
-1.764971537310821716e-08
-1.075393718925588309e-08
1.567339573288091542e-11
-1.786318189395803543e-10
-6.304699629321085629e-11
-5.590789179991623041e-11
1.355925771097536276e-11
-8.759423018993161382e-07
-5.271590801642503588e-05
-1.795633214175259719e-05
1.259904336441666542e-06
6.299988861438880135e-07
1.786163159338905319e-07
9.023485533318533694e-08
3.930899599675852752e-08
7.183062293094651286e-09
2.013218970051448530e-09
1.266694983353638597e-08
7.288273025810250120e-10
1.178017977581102751e-10
1.909929009179606909e-12
2.059505681744032275e-11
4.214479713997945599e-12
-2.066083691655737076e-01
-1.012648278564128312e-01
-6.542696839367665405e-03
-2.741297178192562013e-04
-1.080121205876015144e-05
-8.639151495674308670e-07
1.463929839284867985e-06
-3.936624491504186767e-06
8.404307692746280389e-07
3.977037937471302760e-06
1.490592334485721943e-07
-1.434947985500940438e-07
-3.311651344760855725e-08
1.109069193342567628e-08
-6.928176435671522899e-09
-1.831608373913889297e-11
3.284362676724196407e-09
5.227690365880244619e-03
1.633005077932256008e-02
3.058368057140123907e-03
2.556033662735818571e-04
1.057601239803977192e-05
1.960487188837745037e-06
7.095047215416917773e-06
1.286207893380299378e-06
4.340647526230142160e-07
-3.194742663012599142e-06
-4.796796559475109440e-08
-9.009092573157623054e-08
-2.169291774128896810e-08
2.238786240257904659e-09
2.227541973003433485e-09
-2.178566208396063836e-09
-3.122889590325241359e-11
5.167110248235457729e-04
-1.642207092533456720e-03
-1.146667638321487333e-03
-1.991629928931983116e-04
-1.366378052088158427e-05
-2.905990951756219262e-06
4.783237332708784152e-06
-3.254979750673615432e-06
2.115293797354773126e-06
-2.088203684032385452e-06
-4.616048329690414350e-07
2.240246018367583097e-08
1.832262215760697379e-08
-3.565186908032976764e-09
3.113326506118000445e-09
6.360822913522976187e-10
-4.013958050192560472e-10
-1.517828075028330103e-04
-2.630822293509066335e-04
1.922516149478462250e-04
1.303595386662298699e-04
1.382302389053031768e-05
-4.710324492385517878e-07
-1.033532440711956472e-06
4.453873969064595847e-07
-1.039059507454274675e-06
2.600146652696315429e-07
3.137362278535855683e-07
-1.421030935287610504e-08
7.374160181837663286e-10
-6.035895645844113360e-10
-2.978939289401411377e-12
5.009477630239150264e-10
3.062972189861626597e-10
1.422477028371455746e-05
-2.884835042099397870e-05
-3.889546437313183894e-05
-6.198333596372448430e-05
-7.881288345484092675e-06
-1.318359449630330282e-06
-2.477836994337610564e-07
4.697383011717030023e-07
2.558837076132544804e-08
2.812970842114493555e-07
2.670531496615939369e-08
4.044584076969527133e-08
-1.088627712694566413e-09
1.011569035806178776e-11
1.118778880991067852e-10
-1.399533418658577444e-10
-3.122430626154812309e-10
-4.927661957674573713e-05
-5.009141422793125537e-04
-2.242809941920100361e-04
-2.069798594895696949e-06
3.679665234187253987e-06
8.509455933513270133e-07
-4.005905104630192973e-07
-3.505232867539471498e-07
-5.778465863697559341e-08
-1.068229085644804645e-07
-5.624613724435554559e-08
-4.295419370867042701e-08
-2.178399699112606586e-09
-4.108216068913019921e-10
-1.188732187069890807e-10
-2.086640388804190663e-10
5.402080943322368342e-11
1.378966824758254986e-06
1.126313738902590713e-04
1.796900210286413212e-04
2.669354793102286715e-05
5.164970525657597216e-07
3.150984452759188450e-07
6.401923736682050181e-07
2.663953656507554268e-07
1.546270534877279561e-07
5.349705912891189786e-08
1.220393214684677460e-08
2.156991949152623581e-08
2.259193896515028041e-09
7.383054454775854269e-10
2.533502096203449992e-10
7.216938615490362110e-11
8.670696834805629995e-11
2.968024638477999764e-06
-3.074038343204265456e-05
-1.491630381184627673e-04
-3.296990928052025849e-05
-3.882582601803812020e-06
-7.562737315954922893e-07
-5.668359925244227989e-07
-2.462706604607089024e-07
-1.073481238185531442e-07
-4.320573313329551108e-08
-2.173409904849504471e-08
-1.531051445670560133e-08
-8.937787451179854051e-10
-6.917715498714992067e-10
-2.082397153938593538e-10
-3.326353374640630361e-11
-1.271951118293759493e-11
-5.074324451210338323e-06
-6.440133426279187959e-05
-1.531645442559432504e-04
-5.674179506701455313e-07
3.648197313484506616e-06
8.715134804420788012e-07
4.189039059126076470e-07
2.066082697494591086e-07
8.740690858483371999e-08
1.279005121933085571e-08
2.896865708544437515e-08
7.627974893399873766e-09
-1.205638894707442270e-09
3.392395192127701338e-10
8.227414829732680853e-11
5.014540147230033937e-11
-2.075587618948109194e-11
-4.053783651219293795e-07
1.140478290519385724e-06
5.256530787645671241e-05
1.924690840526084909e-05
-1.074364114678900601e-06
-8.201895543094294052e-07
-2.776675687825733593e-07
-1.366798435092236247e-07
-7.192633325601742414e-08
-3.197197773817221262e-08
-1.175439644626250224e-08
-1.304398784344179394e-08
-6.084661754707619176e-10
-4.743257356986101515e-10
-1.086303380903407425e-10
-7.701166182031596021e-12
-2.039803234980152049e-11
