1.359137181709001718e-01
1.027065832374082222e+00
4.348821427923665883e-02
1.388040534222633035e-03
4.287457775300579322e-05
4.351067319645934911e-06
3.895703640577404889e-06
4.045555588287630478e-06
-2.645313091478403842e-06
1.259521565399446501e-06
2.827737105296967920e-06
7.552764529317863407e-07
1.157416553423011258e-07
7.632973052546875974e-09
-7.054788508531469218e-10
5.866031778947383281e-11
-4.137802922663767453e-10
-3.599956119409868788e-02
9.545686185765986376e-02
-1.010570382865707932e-02
-8.760116234248347582e-04
-4.828238303791139620e-05
-3.219959948614156126e-06
-2.524894890004681607e-06
-3.972873544449125102e-06
-1.192907088834316578e-06
8.840082888015716529e-07
3.258410074598870845e-06
5.292436840827407353e-07
4.556492575408461790e-08
-1.621272136941239274e-09
-4.135355133591144034e-10
4.509867474362237007e-10
-3.304554744716797627e-10
7.230636346938470495e-03
-8.896521397822324461e-04
1.967614343854698963e-03
4.366185123858971656e-04
4.088675471835692346e-05
9.844535365074598405e-07
1.102336288134038005e-07
3.123996049537313269e-06
-4.270970281904584536e-07
-2.371742294146212648e-07
7.910723855535107506e-07
1.624858463420326978e-09
-8.800285793977419888e-09
-2.881361053276243192e-09
4.458188383288444953e-10
-6.768564869115888913e-10
2.989052963193829943e-10
-4.469011976794838754e-04
-3.928830717760494178e-04
-1.474591311570936346e-04
-8.642577146123902069e-05
-1.994192218610286901e-05
-1.123386125659225495e-06
-1.020674658812079632e-07
6.536198873374123049e-07
1.047785433805684601e-07
7.662434853599854823e-08
-1.806657853919212436e-07
-1.919604112979245179e-08
5.509539282954182996e-09
4.803376640336378307e-10
-1.128134941303432533e-10
8.909816835236270456e-11
5.260836223229497073e-11
1.714181289444281103e-04
-1.000884611444144645e-04
1.343029148931318645e-04
1.810739235344151947e-05
8.097907774232272993e-06
4.351568175029921273e-07
-2.603789442256374412e-07
-6.440781949242924314e-08
-8.172976162035589056e-08
3.767770896714231300e-08
-5.940313020486277422e-08
-1.100280349018291251e-08
1.186317486088493543e-09
2.062697939873514257e-11
-2.119374808997147490e-10
5.234210579608822189e-11
7.494587826884413798e-11
1.114434523065135153e-05
-4.535181512495789458e-05
1.231028708654301552e-05
-7.631683451539268107e-06
-2.242077556010424433e-06
1.221553729455002863e-07
9.557890861014452226e-08
5.681202866832917372e-08
5.269447751853797803e-08
7.047724127676888615e-09
3.287840776569954568e-08
2.007159375294203796e-08
2.826197423771075990e-09
4.583532927612681080e-10
-2.229840452051740059e-11
-7.258697504627839984e-12
1.327639946560441242e-11
2.996438006185129032e-05
-1.684961091832325785e-05
4.598411368952217115e-05
-1.080179141114418612e-05
-8.324372001447963803e-07
-1.648876491352370003e-07
-1.140597255041797639e-07
-8.897167041436334783e-08
-3.967585281636739312e-08
-1.440314097359908015e-08
-7.502621527789358862e-09
-5.829799167217356245e-10
-9.609533150226950005e-10
-2.715641982830458483e-10
-1.629744842337273307e-11
3.405388696311729633e-12
-1.144406485139812626e-11
-5.493700803438248991e-06
1.493336330797656040e-05
-8.978714769699765050e-06
6.606666041199997764e-06
1.239347983503917297e-06
1.942507831278161241e-07
9.350019681587435697e-08
4.749000281941777832e-08
2.506031328125565025e-08
7.466684562920676467e-09
3.117440402478430877e-09
2.007526105394437263e-09
2.821163632408496666e-10
1.268079507186611259e-10
3.370653725680683241e-11
6.104840351359817341e-12
-1.294975051292044274e-13
1.947757358368392751e-06
-8.178156669711905937e-06
2.857991481487171750e-06
-4.990670828103286331e-06
-9.677014585631353078e-07
-1.797285705755001606e-07
-5.240438833646773992e-08
-2.377420036230150433e-08
-1.039469351115690425e-08
-3.995634441967866103e-09
-1.816887262062914326e-09
-1.333426638166773106e-09
-4.160504287159707178e-10
-6.284097510098679767e-11
-1.502543196400920198e-11
-2.868082491080961661e-12
2.435399082804366759e-13
6.262282540498671946e-07
-2.121718922769768908e-06
2.608633187554330230e-06
-1.451940556519472146e-06
1.306630857772405301e-07
9.561802763301716413e-08
2.842132455091695312e-08
1.049932847293700194e-08
4.106969687773910973e-09
1.765598378368255758e-09
1.352509634087614866e-09
3.479858043426302423e-10
1.354609164810074347e-11
1.276528542687385793e-11
1.234843021849962685e-12
3.197727127849309653e-13
1.840395168747822872e-14
2.899460568925197670e-08
-2.974306886211659388e-07
6.074616683855715982e-07
-5.272446522340298983e-07
1.158339025621729401e-07
-2.822749831420365422e-08
-1.086702956478359785e-08
-3.644463388205351478e-09
-1.280592038570114509e-09
-4.535916320830855293e-10
-2.453711592186233756e-10
-1.207624371553081841e-10
-1.472620844761992756e-10
-1.277405176179999587e-11
-2.348585116836642791e-12
-1.943880939682507796e-13
1.624927263011002735e-14
1.801078173119311995e-02
-1.816149327683513545e-02
-1.353017527039694200e-03
-7.016354590799377610e-05
-2.554703333346087491e-06
2.461619790982770052e-07
2.278328431109822659e-07
2.938288991240248906e-06
1.559769215643241169e-06
1.323492252328687500e-06
4.012320390610833691e-08
-5.306437550658197885e-08
-8.089243570624548718e-09
4.868355583075633589e-10
5.519463565577237179e-10
-1.415478580318505728e-10
3.515292651344536189e-04
1.814742719396555612e-03
4.084586674781394357e-04
4.023425717591186114e-05
1.065310837644176544e-07
2.129384370028924001e-07
-1.228495540102902741e-06
-3.980086959807821820e-07
-2.069994300725554238e-07
5.654390414629711375e-07
-3.507413474297776538e-08
-9.976067967361730719e-09
-7.997014616872458207e-10
-1.295533413813772115e-09
2.172510251060387285e-10
-1.124896305189839056e-10
-3.084495035507045253e-04
-1.373409580602847073e-04
-8.770867623984315614e-05
-2.035448662397904978e-05
7.291145060679093139e-07
1.769811604442473851e-06
9.513994520714637793e-07
5.268822791588117679e-07
-1.078774786813175626e-07
-1.990404377243971990e-07
-3.625140097160962970e-08
4.083254990071898163e-09
1.412013416645537669e-09
-2.055128539812681099e-10
-4.992941410830992443e-11
-1.983707135161809943e-10
-3.011775063029026859e-05
1.408881471902068377e-04
1.866480956181770513e-05
8.260294040483975048e-06
-5.344684174797982354e-07
-9.369326592684429225e-07
-6.621810458283350621e-07
-1.194902856177059185e-07
1.558458801956476829e-08
-4.555394574152834759e-08
-3.811111583597625714e-09
2.984615395334869015e-09
-4.284652952822856199e-10
-5.807619411228751424e-11
-6.962768337193388781e-11
-5.987495325847291815e-11
-3.947297021738269579e-05
1.364366939864119936e-05
-8.042588685482910651e-06
-1.840935108709136945e-06
4.581742029218954946e-07
7.189914385194000572e-07
3.385494578271739022e-07
7.895301192521368380e-08
4.809069055677626201e-09
2.440533056004366122e-08
1.683257093113861837e-08
2.136036984842961114e-09
2.879802835053600617e-10
8.365933124352037623e-11
-2.611912948643659763e-11
2.742363969588738228e-11
-2.303369124686734058e-05
4.552694711062884686e-05
-1.072983321790124037e-05
-1.092373320819232591e-06
-4.068571349988647260e-07
-3.091326028084503103e-07
-1.306651469947523294e-07
-5.104072134766481281e-08
-1.435576236938260115e-08
-4.917422396350136791e-09
5.862855907778059426e-10
-7.253970031267356559e-10
-2.676426232475039565e-10
-6.650445084420878444e-11
8.571537089140543090e-12
-9.470746997307427439e-12
1.585983990152624968e-05
-8.933653484563549595e-06
6.649202409407672259e-06
1.348411642066265892e-06
2.997659426688613539e-07
1.325502742053668376e-07
6.444037563051849843e-08
2.713121208698723102e-08
5.682006729701540019e-09
1.784995154307744710e-09
1.500594546634142001e-09
1.697611452485810597e-10
1.157886363777689487e-10
4.085061024896894026e-11
5.692100086980930837e-12
1.146085595197583538e-13
-8.475628382182941799e-06
2.826375086732802292e-06
-5.017612354889846821e-06
-1.008044876133371556e-06
-2.104764646993140281e-07
-6.998961416270331241e-08
-2.898650025812026707e-08
-1.089922748623528472e-08
-3.295958882036330727e-09
-1.321459066841123901e-09
-1.125807381123722975e-09
-3.663408197078094928e-10
-5.929735885550524586e-11
-1.820794375152335792e-11
-5.204994265573861373e-12
-1.191175230843223385e-13
-2.205337009889370807e-06
2.610022853739337149e-06
-1.442297224193848181e-06
1.447891595417625458e-07
1.059522155947817781e-07
3.306724510223916926e-08
1.269428817364647759e-08
4.816379560549324826e-09
1.631710570431949372e-09
1.173365124476013496e-09
2.486612849092277677e-10
-2.756833710177863015e-11
7.491232936018029453e-12
2.391115963364693037e-12
5.640263114262126966e-13
5.490976905937637664e-13
-3.333436026499483213e-07
6.150327852676650186e-07
-5.491184165290899795e-07
1.086503861992516704e-07
-3.143820730675147620e-08
-1.490731056936793242e-08
-5.500742145141654382e-09
-1.748721900914192487e-09
-6.389687791208201887e-10
-3.388063442394638246e-10
-9.560045846426436401e-11
-6.980483706896291478e-11
-1.436584374616680571e-11
-3.021580170915833525e-12
-4.660292135566845939e-13
3.978828655747143004e-13
-1.018339315459007688e+00
-4.323394155692288771e-02
-1.379860674951768635e-03
-4.011342093294041373e-05
1.361523407749528128e-06
4.545479650178318663e-06
4.260950299348075240e-06
2.909450633517800786e-06
-1.108744049438118988e-06
-2.819313364216196304e-06
-7.549916061592062103e-07
-1.168030913676445555e-07
-1.328157590710389316e-08
1.024424202427159013e-09
-1.851834290328467100e-09
1.046374344998976567e-09
-1.009684442029528118e-01
9.808010927303921836e-03
8.637504916950498445e-04
4.810978880503494486e-05
2.155937076557399138e-06
-1.379309989690893005e-06
-4.886150215509184798e-06
2.855721073602041087e-06
-2.245520198880510479e-07
-3.111345339746279229e-06
-5.096483975411610611e-07
-3.842414695455454266e-08
6.790431801744453235e-10
2.139206640462652893e-09
-6.087875138347409700e-10
4.194338283505248987e-10
3.616085867682170257e-03
-1.731236902284020865e-03
-4.264393459766825526e-04
-4.362244689789511763e-05
-1.053672686884888107e-06
1.645052896075474500e-08
3.314893311529813178e-07
-1.272342256776010136e-06
3.729260171116882779e-07
-8.278511433507891215e-07
-2.284317544617045021e-08
-1.478659025590879761e-09
3.395035469562221047e-09
-1.276909147041940532e-09
9.372671257383613957e-11
-4.937749833040012106e-10
-1.655720768584614420e-04
4.156140987431113798e-05
8.002243937160150727e-05
2.135597783573952872e-05
8.995361051583669172e-07
-2.466649399038224657e-07
-2.719808548865775325e-07
3.594568616115224368e-07
-1.299200977755163103e-07
2.306474684806122821e-07
3.528368772271625389e-08
-5.116281970780436971e-09
-6.483282353291165227e-10
-1.832538326225983768e-10
-4.770806635784278313e-11
-2.432957872846275823e-10
2.407877182838320817e-04
-9.526823809780298553e-05
-1.555954806485300678e-05
-9.366662039892123559e-06
-4.340438081370417620e-07
2.339496192360921912e-07
-2.891872218569168043e-07
6.281343733035444820e-08
3.733489512584263491e-10
3.313159502355617330e-08
6.666559550243379330e-09
-1.742948064562508131e-09
-9.197157054793890863e-11
1.539957117730566056e-10
4.405435436271204105e-11
-3.622039821719587890e-11
-3.301725856113638813e-05
-2.557193437128160984e-05
7.018004942237699372e-06
2.798975648651999776e-06
1.152913546233103140e-07
5.786879684150688584e-08
6.955674945686872164e-08
1.017725031602013542e-08
-4.108316267311818380e-09
-1.443385821529966483e-08
-1.763494545075757376e-08
-2.053320319224075921e-09
-4.966870700953155514e-10
-2.025962788837110214e-11
-2.114719597862426954e-11
1.548045501175452610e-11
-3.806475932658000689e-05
-4.817336590919849725e-05
1.060520213481039626e-05
5.557268240098705087e-07
-5.407912121749300017e-08
-3.946384631450239335e-10
2.288707046363966420e-08
-8.826393279279630625e-09
3.927294649279759287e-10
-6.231609897732752866e-10
-6.127132814566143710e-10
6.162841138844128315e-10
2.851573995215070598e-10
2.968199812042945581e-11
-3.921010539249044302e-12
8.359047271388095714e-13
1.706508663231031739e-05
1.420963459616091593e-05
-6.048531573355757921e-06
-1.037368699749736890e-06
-5.987932192311749923e-08
-1.965740565515709363e-08
-1.221618538913214001e-08
-3.426253801589490623e-09
-4.333585647751476164e-09
4.270575602712407528e-10
-1.502422195905780167e-09
-9.216466038059022977e-11
-1.140727307396873402e-10
-2.910409407977061612e-11
-7.106339398488823665e-12
1.626358008674497283e-14
-8.899060215481707054e-06
-7.546433073999383133e-06
4.371139014910121471e-06
8.283706759678626328e-07
1.098516808172334949e-07
1.577064396510973856e-08
6.656016470044282419e-09
2.522584940057861565e-09
2.696702162665085057e-09
1.263335659393310020e-10
1.069744406784803417e-09
3.215506669198254103e-10
5.639954777402310804e-11
1.303226805459378454e-11
3.776547300441297782e-12
-2.321624231114826728e-13
-2.620656013650164020e-06
-2.583374029663002157e-06
1.753131093009635870e-06
-4.810071488557592077e-08
-6.301540715096539129e-08
-1.335459438961504608e-08
-3.864592839155964368e-09
-1.787117952659005058e-09
-7.327809768050481251e-10
-3.474949120094063865e-10
-2.890162648289336822e-10
2.249379777291553441e-11
-1.037277735799201979e-11
-1.110513927063926624e-12
-7.389580555890863281e-13
3.215731420150449172e-13
-3.626557663382981695e-07
6.025763589919040200e-07
4.862024182600896018e-07
-1.476207546817430999e-07
1.655141550990084789e-08
6.025351006609136274e-09
1.616234555849827407e-09
9.259863038487190687e-10
3.601568620963959949e-10
-1.551918117560790827e-11
9.618596314376746271e-11
1.383273042310322915e-10
9.553003954205495332e-12
1.247155730381750222e-12
8.119076525707226284e-14
-1.295948723096189059e-13
6.284337523811502069e-02
2.646850163279789586e-02
-1.773451557283667671e-02
-1.338942384835068843e-03
-7.237165348042259503e-05
-3.257535476901516316e-06
2.193267544089657838e-06
6.871250929150263166e-07
2.330598758207024718e-07
1.574475181749652947e-06
1.386689655296497164e-06
6.584089906445512233e-08
-3.985504846327609160e-08
-7.631482288709273020e-09
-1.431577885583640360e-09
2.670388109703192682e-10
-4.234229284559608822e-10
-6.678869709703203796e-03
-2.189018026705261740e-03
1.587225253592731066e-03
3.966233199020646099e-04
4.144524877123343808e-05
2.803200110644436520e-06
8.127370983922331830e-07
-7.406850989604534146e-07
9.882545188927895638e-07
-3.629812068659484295e-07
5.533824177978045858e-07
-3.632568486371816854e-08
-8.767093784806905826e-09
2.073319144507187968e-09
-1.287080436838961095e-09
1.491773953776248010e-10
-5.899351269368386778e-10
4.180856505442736215e-04
2.583497142740101126e-04
-3.009089254055224410e-05
-8.142073769819172056e-05
-2.220858755783715308e-05
-2.727093006735955107e-06
-6.785744274162137120e-07
-3.804438883607609731e-07
1.037460397334043680e-07
1.014543479453267412e-08
-2.046527627141046885e-07
-3.417925402906223587e-08
2.787668430242349017e-09
1.257429615296313994e-09
-1.039141481508580561e-10
-7.561528085829821226e-11
2.723161905295116888e-11
-1.939018542076312366e-04
-1.748141490466754164e-04
9.998330527927083765e-05
1.571164620179418131e-05
9.996542472848063613e-06
1.831505463459526994e-06
3.438090274319990028e-07
-8.062581354775457464e-08
-7.999191281108177626e-08
-6.130786591467400281e-08
-4.186154731685310108e-08
-5.478875511259632768e-09
3.763114487133890097e-09
-1.522128066942043898e-10
1.538427411392049145e-10
-1.116708878487365666e-10
-2.563991527442262002e-11
-1.222038873318771735e-05
3.974266357886176756e-05
2.727049313186176265e-05
-7.054685896747976744e-06
-3.463798612770588463e-06
-6.564501314460040641e-07
2.321023026318868762e-07
1.244733333391680816e-07
2.232344261645312489e-08
2.101407644976621641e-08
1.552847934224030627e-08
1.609060638064486228e-08
1.584231183474041425e-09
8.041758902707456765e-11
3.831702752197784286e-11
4.698753506631608054e-11
-1.933600673271789021e-13
-2.958733785879356774e-05
3.129588213879920679e-05
4.759291109319900782e-05
-1.047569369920818592e-05
-1.919076464946673073e-07
1.075243635463991932e-07
-9.793371598297464848e-08
-4.038871568211167224e-08
-9.226055646996023858e-09
-8.637367309989775360e-09
-2.894320421029719197e-10
1.028259303905076977e-09
-4.157361396413943262e-10
-1.736262899296023962e-10
-4.632311195612772452e-11
-1.431408984091139418e-11
4.471074604741653000e-12
5.644324260392447115e-06
-1.595623173835303946e-05
-1.412760393311945349e-05
5.973354317015810339e-06
9.339070645256011690e-07
6.287335552604126274e-08
3.011604347427874816e-08
2.323862723228571043e-08
9.513205019014650270e-09
5.842687742179042381e-09
-4.770328498169849810e-10
1.289871359847496921e-09
-3.452201294617434250e-11
5.958313612957620497e-11
2.429986054386922622e-11
3.961921619947972875e-12
1.072006033229739590e-12
-1.975209839671213010e-06
8.558221696434825632e-06
7.524141713165526862e-06
-4.343037957280544206e-06
-8.075620034078558135e-07
-1.114932578127636192e-07
-2.543826438401819968e-08
-1.096619804291160957e-08
-4.685968612494297286e-09
-3.149783634995685855e-09
-1.078843498854583203e-10
-9.698677532120053789e-10
-2.589060596799387612e-10
-3.642027069367049137e-11
-1.147177485858454227e-11
-3.484972734188561554e-12
-1.097510030870286187e-12
-5.924976423115712901e-07
2.544407057402063481e-06
2.578028584441850140e-06
-1.759251709396325326e-06
4.774186736639024785e-08
6.640914942086234267e-08
1.547467015309368643e-08
5.910377829038651174e-09
2.992857381655080722e-09
9.542030326180538606e-10
3.552612709943806905e-10
2.382919052067324616e-10
-7.169421929349259863e-11
-4.571025868771879492e-13
-2.468047939138320556e-13
7.359038071146429486e-13
-4.535118880578301097e-14
-1.711114089506049469e-08
3.354874342552109785e-07
-6.633940217476865583e-07
-5.167430012087048822e-07
1.503245132753452100e-07
-1.469139003793607378e-08
-7.819161369721019500e-09
-2.736176697583210831e-09
-1.192648944117294441e-09
-4.770197082624401460e-10
6.639809963934492313e-11
-8.471851088954040049e-11
-4.676777931847459882e-11
-8.314902782419476100e-12
-1.176829275355745552e-12
-2.751343696487737989e-13
2.455888003391639740e-13
-1.550029694180469486e-01
-4.904906177674983776e-03
-1.446056575377857915e-04
-3.913470732393826293e-06
3.833482095736991372e-07
1.409886407357871391e-06
-3.245902826013779746e-07
-7.077302753120791682e-07
-1.212308480816671342e-06
-1.051436503565635649e-06
-1.617056651031051993e-07
-1.732671393605617096e-08
-1.941460667345459045e-09
-2.604542460078798240e-10
2.367389574971762225e-10
8.090710497329984828e-11
3.778438556045390917e-02
3.099368414972228369e-03
1.653446830060967970e-04
7.453658941214021004e-06
-8.307096340203341387e-07
-9.279180121182555950e-07
-3.282280995398590931e-06
2.608293566355605008e-06
-1.240447184363888606e-06
-8.539912179159118733e-07
-6.340117789599927996e-08
-9.451883443115565290e-09
2.349570879830731938e-09
-1.319290484950596731e-09
4.790633466719195908e-10
-2.600105677973109008e-10
-7.558231541630394505e-03
-1.519682399885404368e-03
-1.481289361561913872e-04
-6.498403464535620624e-06
-4.807934083199149544e-07
2.364746495254999468e-06
2.440037105074628007e-06
1.981437192431389663e-06
2.873713824962417122e-07
-6.691183237996568893e-08
-1.705256054630937929e-09
-7.309445010002561494e-09
6.812961648538581675e-10
5.165782444203353266e-10
-3.383622876813025977e-10
8.875118877262871481e-11
3.536452267787962419e-04
3.225368961141591171e-04
6.833184474335758727e-05
4.671689919995204477e-06
-1.020485471013989103e-06
-1.656322526429626866e-06
-1.526401505126701057e-06
-6.079822696489213582e-07
4.597254763907428648e-07
7.362656825906572446e-08
5.838316394833361908e-09
4.617021197575488146e-10
-1.941979728194994074e-09
1.681927700385091859e-10
-4.481639655492417887e-10
1.530600701810283875e-10
-3.796346263985965171e-04
-7.191595144222680789e-05
-2.669592092620709655e-05
-2.009541344460823654e-06
9.840920798826847664e-07
1.111203757016921833e-06
5.488428147068343039e-07
1.553920427334623854e-07
-1.292417466178141175e-08
-9.186753687518672445e-09
-3.712922945208290617e-10
1.553189002897641791e-09
-2.395661429088385017e-11
1.899174506688057851e-10
-6.063173545545655517e-11
1.449008462674961244e-11
9.003733681811677846e-05
3.547909782737727901e-05
9.567861601828268049e-06
7.148388189842640516e-07
-1.092421391392338780e-06
-6.478438540498597612e-07
-1.971698099265737681e-07
-6.694478790003141811e-08
-4.316180271551421702e-08
-1.830710957437298669e-08
-3.407659100633751374e-09
-7.178978355281726519e-10
-3.071092308892886881e-11
-1.843496584999948126e-10
3.887851881982284411e-11
-4.802717418809374807e-11
7.725936500214824348e-05
3.322427734333365494e-05
1.414299201719781194e-06
2.009430116191134955e-07
5.944162614521368575e-07
3.151651454379155044e-07
1.172122103444723633e-07
3.459576104741038700e-08
1.572975540810420016e-08
4.407476712072252653e-09
1.680571754498417094e-09
4.407312203200127524e-10
1.902946397922186790e-10
6.376043661897218357e-11
1.146562020754801853e-11
9.061857965523679522e-13
-1.226260423426089126e-05
-2.057391891014368035e-05
-3.351478076412835071e-06
-4.767701063097258700e-07
-2.538402687337739166e-07
-1.393693437257153652e-07
-6.004962071925881763e-08
-2.068518176830409460e-08
-6.086618009557546720e-09
-5.529597300636803526e-10
-8.770614283617012055e-10
-2.260014554435760313e-10
-1.156781931894358943e-10
-2.173158950859495466e-11
-8.126034587131315829e-12
1.452878649701749078e-12
4.867169385972503063e-06
1.468986420840539879e-05
2.891922039210724230e-06
4.481583922044027097e-07
1.306144099624076843e-07
5.889672616467259502e-08
2.651223360075431373e-08
9.335692356039307249e-09
1.867472849621597174e-09
1.800068868831469557e-09
6.748769397411814591e-10
1.270253096685269828e-10
6.232903821525315891e-11
1.311863406306200635e-11
3.113726518200012650e-12
-3.856563628872794752e-14
2.934226820756408141e-06
6.514254141932198744e-06
-1.554933996104487765e-07
-2.343380400096670314e-07
-6.586969474914211248e-08
-2.513156431127660395e-08
-1.088274191879765397e-08
-4.074346305941377113e-09
-8.057992123377433592e-10
-7.476698535621989391e-10
-3.281215981294457575e-10
-2.537710075329265928e-11
-1.537899241034768641e-11
-5.322220351740090453e-12
-1.290615769314131916e-12
-1.333159146183854609e-13
-7.987364936472795508e-08
-1.804574692352141393e-06
-5.660613969181619131e-07
4.741516821317898769e-08
2.480593031591194391e-08
7.894141432123016281e-09
3.378926662170121204e-09
1.429353277217651412e-09
6.402131921394481104e-10
2.633748855620515323e-10
2.426203697426499251e-10
3.744490907230974339e-11
4.083014086014795518e-12
2.487736018904112456e-13
-8.695154925752670014e-14
1.561085617540305415e-13
-1.334196388474373496e-01
-6.713638853232603565e-02
-4.746476804636757738e-03
-2.412791139915310633e-04
-9.812522677338649343e-06
1.230884255952820054e-06
2.124353088351241289e-06
2.891374876539035557e-07
-2.092545326134880858e-06
8.265268825845410853e-07
1.940915357411050409e-07
-7.753430246320373415e-08
-6.340720993857373219e-09
3.277766856469037710e-09
-2.032187397344996101e-09
4.064577516520995239e-10
4.038614928139847007e-10
2.131132777339909447e-03
6.916762878391635380e-03
1.415911555681059926e-03
1.397836037792195871e-04
5.635066187551497123e-06
3.968603069516230599e-07
2.113719929598295751e-06
1.034516288463053228e-06
-5.478558141387894116e-07
-6.288675694118971024e-07
-4.527314825289033409e-08
-4.401061450044696277e-08
-5.624788453790801133e-09
2.020011269524508468e-09
3.998692701441506229e-11
2.725728747431811825e-13
-5.651896215158464476e-11
1.692547407648326962e-04
-3.271188703914272751e-04
-3.226994395827069537e-04
-6.635124593296347654e-05
-3.730940031566794832e-06
8.512257509036966140e-07
1.932846887739518245e-07
-1.033106482972139410e-06
5.107457151102573901e-07
-5.510694849745284042e-07
-4.866488741831627339e-08
8.424150276899541896e-09
5.763338059804266853e-09
-9.774810785930080908e-11
5.757117444256353422e-10
1.254475023068749272e-11
-6.263663534109301055e-11
1.439337092623150908e-04
4.056303991971548016e-04
7.342111099587343595e-05
2.579100741762394667e-05
1.570934023415971456e-06
-6.834576025275785377e-07
6.750329599603631668e-08
9.713967207320033217e-08
-1.110211719561252953e-07
1.974618884084305610e-08
-7.616968367441876116e-09
-8.298237062333887835e-09
-1.914926520970870912e-09
-4.459516582609874348e-10
7.297246192186486244e-11
6.273242658252049545e-11
2.577198931859263872e-11
-9.370299636039659823e-07
-8.887693951789933167e-05
-3.457380894956107401e-05
-9.194032976405476111e-06
-4.347746387894538288e-07
1.622208218866472949e-07
7.468675450796988704e-08
6.506537220040874318e-08
2.397243489279955078e-08
4.843595900450995537e-08
2.711596964654520788e-08
7.197735467065624636e-09
1.155972563154667009e-09
2.284321836371502454e-10
-1.670121482413117969e-11
5.468650659004743582e-12
1.552151431238099003e-12
-6.817642910042185386e-06
-7.748986297491046091e-05
-3.354161512499780252e-05
-1.569167588256210844e-06
-7.675459457872925028e-08
-1.543286765523506822e-07
-1.386243472763424071e-07
-5.144739925517152302e-08
-2.336275699471107743e-08
-2.077925456159417497e-08
-8.609034063370672786e-09
-3.086376242165007576e-09
-8.026725864677677015e-10
-1.669717030898580004e-10
-2.230236385803117987e-11
-1.311398675021883096e-11
-4.671372712740840892e-12
4.369067936271137725e-08
1.209962707519847275e-05
2.062911446281369684e-05
3.367874706803090909e-06
3.576734814263779896e-07
1.368505063693132144e-07
8.667287065502880540e-08
4.032764422349792937e-08
1.748504468927759199e-08
8.127285401903094999e-09
2.089312628530755205e-09
1.433748565876272390e-09
3.760220030743483994e-10
9.273505691900934142e-11
1.026757219096819069e-11
3.013024324238995747e-13
2.004254074182824312e-12
-5.476737585350996377e-08
-4.827241376555355756e-06
-1.470078088416180832e-05
-2.876096362414679396e-06
-4.008149902498182821e-07
-9.332789889039621754e-08
-4.665223130125858746e-08
-2.071630720020373492e-08
-9.214842286269074290e-09
-2.816245359604660275e-09
-2.403236886725536545e-09
-9.014188599768738540e-10
-1.815743078294320022e-10
-5.354041217164730743e-11
-8.338600573623372300e-12
5.006786409183007222e-13
6.489445508780861079e-13
-2.899949439521551909e-07
-2.969384102603290781e-06
-6.514128376094062629e-06
1.444332432441005902e-07
2.135583284580907283e-07
5.653228841015640698e-08
2.241051310252703671e-08
9.952560596946785776e-09
4.525629286895590081e-09
1.264219056863126342e-09
1.031863072234635268e-09
3.728827267556009447e-10
3.200721618626391310e-11
1.445174101169671125e-11
2.016695830220729123e-12
3.409868527248227979e-14
-4.811909078976164624e-13
-5.033514740997376274e-09
9.069768219296524301e-08
1.806542060553778584e-06
5.937699087188809250e-07
-4.087992224860875697e-08
-2.796964440203410739e-08
-9.817967953126313749e-09
-4.285105229809700432e-09
-2.165031930744618923e-09
-1.095375348314918902e-09
-4.524461554850960465e-10
-2.478035968259636179e-10
-3.551632638380113741e-11
-5.581730590684975163e-12
1.056533158817561702e-12
6.569435373906435808e-13
-2.833135934736250731e-14
