1.327521626822254219e-01
1.028789780627072270e+00
4.258432273173180793e-02
1.277416710704319365e-03
3.473382103799749161e-05
4.077960288882294619e-06
3.530493469777430809e-06
4.447401614337421615e-06
-3.628794942667640645e-06
1.497586279354099748e-06
3.453179654678620693e-06
8.286012350078091423e-07
1.239269423464510304e-07
6.236824053168990991e-09
-9.357627446944289445e-10
-2.674353320479396946e-10
-5.330207666384816132e-10
-4.472151896816783934e-02
1.203119295612567752e-01
-1.255584643378363473e-02
-1.035680913491479919e-03
-5.361753159056142443e-05
-3.356982357232851959e-06
-3.197399654115809620e-06
-5.443991260522687883e-06
-2.176672996947204901e-06
1.500445672637624528e-06
4.669268160987042448e-06
6.853462850630281480e-07
5.666428762580443131e-08
-2.707850830136945631e-09
3.678822156507224436e-11
3.514838813722567845e-10
-5.737979637760689856e-10
1.131742379084637110e-02
-1.516635462993490887e-03
3.063648774378166604e-03
6.600265186368620531e-04
5.793412314465308267e-05
2.284169368261701770e-06
2.959836228761128495e-07
5.209992281626598066e-06
-1.429305728896997985e-06
-3.539370229611455454e-07
1.315765197762279284e-06
-7.506456691455865679e-10
-1.219672146552085935e-08
-3.301288698801365538e-09
1.137065486487410671e-09
-1.037771409982848100e-09
5.485249699847023247e-10
-9.828253285318598077e-04
-6.752518483905933224e-04
-3.420410047271016450e-04
-1.738740465090919836e-04
-3.836419551330583601e-05
-2.717337652174152950e-06
-4.492519784225217968e-07
1.845815545394360256e-06
2.688398095384059704e-07
5.950352684177446987e-08
-4.541583306535257976e-07
-7.414965147408582636e-08
7.154305911704973572e-09
9.505842603872731339e-10
-1.775889517575225953e-10
4.139807389668009461e-10
6.596820942196447550e-11
2.096055686882859661e-04
-4.343444367104423048e-05
1.834100175867997811e-04
3.476025121297476503e-05
2.012676744561461273e-05
1.438511865070519116e-06
-5.891639868355840492e-07
-1.274698660510842191e-07
-1.402123775454601041e-07
1.365704323589756237e-07
-1.080119160360883029e-07
-1.671586157808053878e-08
5.296806819454456532e-09
3.898440267088325273e-10
-7.926807704453314122e-10
1.192967011917703153e-10
2.480882237079379598e-10
2.397938610847509603e-05
-8.279996523442947106e-05
1.572874499567398636e-05
-1.377836135056749244e-05
-7.310935200363842536e-06
-4.689095876420348064e-08
6.331105236746558403e-08
5.196156404182946379e-08
1.183277600814916655e-07
-5.937953025280595883e-10
8.627699415168961520e-08
4.955331208737681587e-08
6.456841933148394088e-09
7.108408828462375902e-10
-1.800122695787254822e-10
-2.674524399881147306e-11
4.942993632421790599e-11
8.182727685500334710e-05
-5.075473134441328156e-05
1.276355867976120407e-04
-2.975995545467764337e-05
-1.621885177522906050e-06
-1.738620151537717114e-07
-2.223880133165923946e-07
-2.379197226455443493e-07
-1.012622439500630622e-07
-3.539128775110949468e-08
-2.304313336318464877e-08
-4.349774235138266041e-09
-2.834318941581759607e-09
-7.032937084521622070e-10
1.766879902402007798e-11
2.752611636605009538e-11
-5.522980371878689306e-11
-1.848471528000467115e-05
5.175601776138930737e-05
-3.091995154470660164e-05
2.198390730348583061e-05
3.980225031977573729e-06
5.129230670076123096e-07
2.838596131756825488e-07
1.575711189245995988e-07
8.367009510937375926e-08
2.294660290565067367e-08
1.049277619251131043e-08
6.764551440825557660e-09
8.055242591845175609e-10
4.232842777302609117e-10
1.375456084456247921e-10
2.567682530495347888e-11
2.964196017308364501e-12
6.848356399515421522e-06
-3.245238193103349182e-05
7.969483079864409639e-06
-1.909480205482390021e-05
-3.811889879772267580e-06
-6.961851076572932006e-07
-2.002412409081762289e-07
-9.541567376811265471e-08
-4.271569915077991488e-08
-1.662199974479268361e-08
-6.218696452940566018e-09
-5.369914213001771500e-09
-1.686993452134639708e-09
-2.594453057048990620e-10
-8.054728621216944201e-11
-2.205347911338195926e-11
-1.647205829496091771e-12
3.487096843323081362e-06
-1.230356172725563624e-05
1.413076775641678490e-05
-8.423183237872705834e-06
5.811895694690713910e-07
4.767236548182229910e-07
1.383502564620276143e-07
5.033641517937026265e-08
1.935323220632714675e-08
8.571520915333543037e-09
7.703576716410318473e-09
1.777113450186904914e-09
1.325644643762074786e-10
7.554688273033825820e-11
1.168486639113356896e-11
4.034484702473948051e-12
7.399820594687937397e-13
2.221867762508305277e-07
-2.030929465563313710e-06
4.136273400918127564e-06
-3.266951546874953282e-06
7.970709778793795740e-07
-1.811416762801643903e-07
-6.373138627672869534e-08
-2.159648957220850905e-08
-7.285652084457075089e-09
-2.940627405672900187e-09
-1.922497783798105212e-09
-1.215945850786823344e-09
-1.210968229250656236e-09
-9.933159613116874216e-11
-1.438284272786019840e-11
-3.048697482430647939e-13
6.110243551311559488e-14
2.284204919150467639e-02
-2.253613575893043119e-02
-1.609853907753168705e-03
-7.808783986201607379e-05
-4.252056635936785242e-06
-2.125557082257416263e-06
-1.120187805770107327e-06
4.553916565489399104e-06
2.417991360256256661e-06
2.139896586511114233e-06
4.833755396587252894e-08
-6.901941080134509767e-08
-1.140032696546915626e-08
3.313957291302277717e-10
8.031916716117632737e-10
3.105355311690081273e-10
4.518566833700710258e-04
2.831411517675859035e-03
6.149943006508672670e-04
5.630897268663766605e-05
9.343450673430082134e-07
1.695444790605543382e-06
-1.404356434900657748e-06
-3.389911209097311000e-07
-4.900444271810247889e-07
9.566925810642882832e-07
-7.983044418717346624e-08
-1.774657628435383136e-08
-6.309012060032435807e-10
-1.614069652869767563e-09
1.168157692315039918e-10
8.017313169607647664e-11
-5.744916984977855440e-04
-3.282175900149983437e-04
-1.768460445501968722e-04
-3.826348842597530626e-05
-1.025501494592669017e-07
2.378939923399757072e-06
7.875711842602099616e-07
7.742358488684374200e-07
-3.751996097642985103e-07
-4.871990076422354877e-07
-9.688802670930871409e-08
8.719011793424516957e-09
3.324411951177192474e-09
-1.308505093047108703e-10
-3.197588930420661571e-10
-5.262659440354563410e-10
2.757732457002048146e-05
1.918231248871699512e-04
3.522935388705906561e-05
2.073507570961554200e-05
-8.064826629464462670e-08
-1.279416824071376950e-06
-1.248254235854577556e-06
-1.858276118265100071e-07
1.211934419535270681e-07
-8.259592441471394461e-08
-5.129263206359677548e-09
7.941184271463675692e-09
-9.647427169111748701e-10
-2.451791470378469822e-11
-9.140827346976313591e-11
-1.600491598534414951e-10
-7.158126530967203643e-05
1.785490238971659921e-05
-1.518733112778127883e-05
-6.502702709775985512e-06
4.074039892740317016e-07
1.618878932613679703e-06
8.145826848279590104e-07
1.551576501327779397e-07
-2.688661716796829010e-10
6.819027554005339282e-08
4.334569760731549870e-08
5.366970879056294783e-09
2.988589365851293114e-10
1.868348846086648444e-10
-1.055312899721917173e-10
1.284003085891512623e-10
-6.751810208973960223e-05
1.265810120525066569e-04
-2.930380703900939564e-05
-2.372038550657650129e-06
-8.198004683996781863e-07
-8.231463589582510527e-07
-3.367234278045144914e-07
-1.251748578455169088e-07
-3.459647245055465119e-08
-1.635394493597963294e-08
-1.831187173335228180e-09
-2.597328309702528360e-09
-8.402799176214614560e-10
-1.818044879701979372e-10
6.219796340213934393e-11
-3.888458033122910873e-11
5.467120471980505821e-05
-3.092234986604505687e-05
2.207180666358392787e-05
4.378460690187126527e-06
8.850819847788031518e-07
4.059084764248112068e-07
2.045790209016940892e-07
8.866445624503595653e-08
1.637688633656162477e-08
6.467651970119754227e-09
5.537078553795671708e-09
6.984181415969399393e-10
4.407253378128952835e-10
1.514262324937739219e-10
1.382063102000657927e-11
-5.409434404382932413e-12
-3.323683604197689810e-05
7.919846209598406948e-06
-1.918371827522759790e-05
-3.988032242550839545e-06
-8.218579072730088898e-07
-2.703118118824663949e-07
-1.164814836750866761e-07
-4.377317791504431736e-08
-1.410676531566366892e-08
-4.529171705912065505e-09
-4.790379039286065810e-09
-1.629052054196071670e-09
-2.712072721253365924e-10
-8.699320515812827603e-11
-2.672583502555758426e-11
6.095171405912391536e-14
-1.273752186376265473e-05
1.411491131412073302e-05
-8.387493844005863017e-06
6.651569770227481296e-07
5.292186556997417146e-07
1.658147637849175265e-07
6.490092182979417034e-08
2.490238199224944629e-08
8.793907348721900350e-09
7.033655509813122056e-09
1.232277645645600988e-09
-1.599598745491034037e-10
3.376911883710925322e-11
1.975460871834597825e-11
4.446987811094584361e-12
4.982461171269144855e-12
-2.282706364607795244e-06
4.227270456582572043e-06
-3.445088660316652895e-06
7.455350284313884877e-07
-2.045049818929268345e-07
-9.610526684249835445e-08
-3.596512377358824996e-08
-1.149501992004233420e-08
-4.764966980366300107e-09
-2.819532147853867850e-09
-1.055423744653772280e-09
-5.684342551275653150e-10
-1.325513969699837052e-10
-2.934251585666374974e-11
-4.341220581327450123e-12
1.611638261359978502e-12
-1.020746685067144721e+00
-4.238170429578387577e-02
-1.271013381935947369e-03
-3.191981448356935846e-05
1.879843305021003083e-06
4.803124821119594226e-06
5.348984655858213652e-06
3.493731580985624794e-06
-1.186573398979195135e-06
-3.443552285243218283e-06
-8.229902085673317093e-07
-1.212792287886057165e-07
-1.377080092069674624e-08
1.971007700486533048e-09
-2.693540769618959772e-09
2.069809334060160640e-09
-1.268575748965106165e-01
1.222230973488512215e-02
1.023229928042582301e-03
5.283405882698647056e-05
2.058482335557686751e-06
-1.397307470242347711e-06
-6.617016308914171104e-06
4.453455745434475055e-06
-6.840977380383120330e-07
-4.510242762787780808e-06
-6.675360088246183696e-07
-4.617240170063125341e-08
1.502858086481041418e-09
2.742050921175686302e-09
-1.031115032249180021e-09
9.050539631152267620e-10
5.644882420378726125e-03
-2.724682848246049761e-03
-6.429642120155755524e-04
-5.950711826273131155e-05
-1.444404060295660874e-06
-9.187696205315090573e-07
-6.116923277854300582e-08
-1.973312643470700058e-06
5.757403012745405562e-07
-1.362500401043977054e-06
-2.073285301933485437e-08
-2.363564902642892479e-09
5.084992062865351480e-09
-2.629072729324646592e-09
-2.440483482682643947e-10
-9.682577971762707545e-10
-4.349170330388214584e-04
1.451511329090012892e-04
1.597159800336338069e-04
3.919041401183822904e-05
2.709629877817286131e-06
-3.742038461090629076e-08
-1.228683356252366650e-06
7.204826132598411797e-07
-2.392911929466062264e-07
5.285088791450778137e-07
9.730311108735491829e-08
-7.086158234599664392e-09
-9.742494748043840474e-10
1.314452829229791646e-10
-3.322397594758282587e-10
-5.600839950192384686e-10
2.951446062857580399e-04
-9.267994879652501441e-05
-2.684991497196214513e-05
-2.211281811559147805e-05
-1.541695385027147494e-06
5.771575824273483760e-07
-7.110292767136355837e-07
1.720653845154405812e-07
1.975743340120640853e-08
5.494744871429620691e-08
1.059978467819092967e-08
-5.814784428743157520e-09
-5.161849586103904816e-10
4.863032577917713659e-10
2.345002467208878694e-10
-7.962000297888325564e-11
-5.477145651574972385e-05
-5.153317662713017443e-05
1.083217202038290036e-05
8.244576888321741051e-06
4.767792215928566156e-07
2.511038948771315838e-07
3.003122904517277158e-07
3.164920491050904696e-08
-2.293178662549474668e-08
-3.997655218430999919e-08
-4.570588205023868337e-08
-4.912850904627541504e-09
-9.181507658310600632e-10
7.669784344156459128e-11
-5.515933940403112897e-11
3.840361553692480064e-11
-1.104099669291231202e-04
-1.326466510460402566e-04
3.005215104693898738e-05
1.123222605374838174e-06
-3.795122305181209791e-07
-6.797218892643539249e-08
6.121277853065503306e-08
-3.765543058552512375e-08
5.976261725429055410e-10
-2.122539672098824364e-09
2.054368987101066608e-09
1.840506461193758351e-09
7.520491835038142080e-10
1.924472129322856173e-11
-4.151371418695503784e-11
5.456097864224132500e-12
5.861240992087914922e-05
4.831886244169535094e-05
-2.051183068972260942e-05
-3.449825932255513029e-06
-7.238263230528827215e-08
-4.125261562625059206e-08
-4.182775831948835847e-08
-8.128361643885307566e-09
-1.169644698859954817e-08
2.828597437842129908e-09
-5.478050093073580549e-09
-1.439097145145400488e-10
-3.932074967162895363e-10
-1.062156130978880271e-10
-2.650746276618556401e-11
1.060073330907221736e-12
-3.379385853685122371e-05
-2.652413179804972361e-05
1.668843041931165612e-05
3.302399867076250301e-06
4.115945951745434611e-07
4.878049180377335177e-08
2.382956882140287202e-08
1.108608978799874882e-08
1.144171900664440991e-08
-1.100257079826951234e-09
4.494126955221740912e-09
1.269815971543031093e-09
2.254469218996684212e-10
6.385752133827221256e-11
2.033066862125402521e-11
4.087482721913096679e-12
-1.486285199467089388e-05
-1.444777771544905677e-05
9.932003613552105632e-06
-1.818487314529393869e-07
-3.147049158210689198e-07
-6.161178151084351486e-08
-1.662714991738104037e-08
-9.007077017384936574e-09
-4.213647639614338677e-09
-2.368661790445922190e-09
-1.567561523089867274e-09
8.025675875404906273e-11
-4.848385441503741224e-11
-6.612009157075100476e-12
-5.434124119693312678e-12
-7.324443575956199466e-13
-2.483541439163697265e-06
3.879777071357118454e-06
3.003291636576230003e-06
-9.898649549702870095e-07
1.105731282050870133e-07
3.447466291515254865e-08
9.381792395649470931e-09
5.220241373352747753e-09
1.758650752218645179e-09
1.732160096868212852e-10
1.007936688227532764e-09
1.147978993300983192e-09
7.990817320219061076e-11
7.620127941043782488e-12
3.804771594024226594e-13
-4.324109751704307401e-13
7.796756555255875132e-02
3.294602072475229931e-02
-2.205809427628853750e-02
-1.593778943991605059e-03
-7.867201831004733440e-05
-2.513039219446702288e-06
4.062787361588022642e-06
1.597032773167332313e-06
1.163947379465045875e-06
2.499660890642389129e-06
2.212948476959229771e-06
6.559260000679564144e-08
-5.721845269537950835e-08
-9.056686956390036344e-09
-3.060873771968217993e-09
5.009009392628656970e-10
-6.428071909148650350e-10
-1.047007347630152414e-02
-3.385562899959652754e-03
2.507709885866256979e-03
5.978525804109341120e-04
5.645018067663801502e-05
3.032023963118398415e-06
-8.577193251926392012e-09
-1.411966098458947058e-06
2.374909126101983384e-06
-7.343472147707968717e-07
9.679941852611835241e-07
-7.545341111193528757e-08
-1.730936855672578624e-08
3.645790666705448361e-09
-2.271020434395322965e-09
2.513275715011678724e-10
-1.123654868668938723e-09
9.298920998154192562e-04
5.482011220745900250e-04
-1.309681450203063074e-04
-1.634977239319364479e-04
-4.005538275783937518e-05
-4.478139112966985470e-06
-1.143100380080756770e-06
-1.313184184910934166e-06
-1.781434109582605104e-08
-9.561823158307771507e-08
-5.033160538373415261e-07
-9.400305587681404242e-08
5.362322657103024491e-09
2.631231211385351372e-09
1.017047809759271528e-10
-3.048473501633467882e-10
3.010135007167758667e-11
-2.329213894777819500e-04
-2.275925170285168818e-04
9.840013968107891155e-05
2.680689528119862338e-05
2.267486698068430989e-05
3.918920103096941702e-06
1.278586251598058328e-06
-4.200856797952292930e-08
-1.959391284897053548e-07
-1.032153946854575096e-07
-6.693107228803511746e-08
-8.272643743275154423e-09
1.019823219852355967e-08
-5.480389218436516325e-10
3.840004640038453317e-10
-2.707350788125093778e-10
-4.949908347645119664e-11
-2.498545033559920026e-05
6.800673903998400794e-05
5.415280154051850043e-05
-1.096784888562632457e-05
-9.743326622089939405e-06
-1.934479187662029792e-06
5.303360323157400828e-07
2.900750142558308761e-07
2.194421373108033358e-08
6.457288921679862509e-08
4.156958857732022190e-08
4.154667368131570217e-08
4.049385645197276114e-09
-2.186672301234722450e-11
1.020884138717770743e-10
1.533038472758307238e-10
4.294132695717458316e-13
-8.095705119479421714e-05
9.181377492633162351e-05
1.312335795408119013e-04
-2.967399690468508255e-05
7.320684007090583306e-08
5.523299574994037695e-07
-2.850484459136603988e-07
-9.883310386446430171e-08
-7.223920806982364165e-09
-2.215431440522802170e-08
4.278313668449129198e-10
-7.414790779116690586e-10
-1.625642657467391798e-09
-5.919992398615236050e-10
-1.395694697536040729e-10
-4.651064120618819441e-11
2.467008135225198367e-11
1.916994021349612850e-05
-5.496497532669000091e-05
-4.814172770585464631e-05
2.022210737766262274e-05
3.011405688920033178e-06
9.824494336066426880e-08
7.318826742173863986e-08
7.055217653751290588e-08
2.763693392383086006e-08
1.570704360353912563e-08
-3.379706775858675009e-09
4.858370001386861815e-09
-8.506759914715035174e-11
2.585080055769654303e-10
1.065340387351602308e-10
1.463384791193435215e-11
-1.342305668645225627e-12
-7.100783782495269153e-06
3.277337363825131954e-05
2.648762899914823346e-05
-1.655767538857676842e-05
-3.198293002151668626e-06
-4.169209794157828591e-07
-8.450626272947233124e-08
-4.133969158851347808e-08
-1.868693992444493365e-08
-1.291416954601227243e-08
1.075171001433380368e-09
-4.221781268167413557e-09
-1.097463247900105291e-09
-1.744545406947321551e-10
-6.313248937140095590e-11
-1.725243151024787587e-11
-6.535504080848099985e-12
-3.310419791252894818e-06
1.448531967140559742e-05
1.443411250738058308e-05
-9.941801558631475959e-06
1.800024592592476388e-07
3.272807706211927252e-07
7.280685917857046962e-08
2.857749399777861345e-08
1.585642556612653025e-08
5.545253719231660552e-09
2.639308303000849894e-09
1.247844808754670931e-09
-4.576306173030758113e-10
-1.599826647396285590e-11
3.247825797651138967e-12
7.275767697260743834e-12
3.553416446372858744e-13
-1.326587289373151877e-07
2.303234003965219905e-06
-4.391577244509191794e-06
-3.263238410200849028e-06
1.019282616653426593e-06
-9.553965885553821423e-08
-4.845042383631148172e-08
-1.684766577499160607e-08
-7.240411991397011890e-09
-2.536549565880649484e-09
4.556343363295310007e-10
-8.901444181078411321e-10
-3.735015625340253862e-10
-9.238677015092181709e-11
-1.631868147556269015e-11
-3.867054476164066401e-12
1.349121924037361808e-12
-1.517275934185803588e-01
-4.496742755544310896e-03
-1.164693110722255539e-04
-1.975185903996067079e-06
5.287402624262269320e-07
1.038094333073639081e-06
-1.893832313859466740e-06
-1.395033929041184572e-06
-1.759976552214197216e-06
-1.175523045806755963e-06
-1.604217443647058411e-07
-1.408128313381356492e-08
-1.070256144279325586e-09
-1.498302598649026380e-09
3.419087884435764404e-10
2.502841952178459360e-10
4.679289279548481256e-02
3.693472500281290080e-03
1.794890634035708750e-04
8.036219656965457015e-06
-5.933588553141208348e-07
-7.592883917360964117e-07
-3.704676064734286370e-06
4.406344416997056703e-06
-2.405518364799054253e-06
-1.118239844329459662e-06
-8.725745345724668934e-08
-1.151419445843083128e-08
4.243417705235754153e-09
-1.584382567638817010e-09
7.267992074780296159e-10
-5.502035217430898781e-10
-1.183131500806981762e-02
-2.296178593931569138e-03
-2.108128243781224069e-04
-9.320166129050139683e-06
-1.283958632385795534e-06
3.164768839030397795e-06
2.931851128753657306e-06
2.833327232537364628e-06
5.782965954670592281e-07
-1.092491176966976904e-07
-1.798806895974318092e-09
-9.823779250281096583e-09
1.304345885712307063e-09
1.596532449133231994e-09
-6.532266237639029482e-10
-1.686992180891610137e-11
8.805032905650977352e-04
6.351957949992145368e-04
1.235640223488510935e-04
9.188086791736723219e-06
-6.867985769957546266e-07
-1.451441597640239808e-06
-2.588971799622214722e-06
-1.197012143928851924e-06
1.001743938085189081e-06
1.752475722599543234e-07
4.624578476620797647e-09
1.258244144960687567e-09
-4.130522827810165384e-09
9.683316863419107726e-10
-1.032512572848963117e-09
5.235845211645980678e-10
-3.957879792797519992e-04
-1.307639614267998480e-04
-6.250563196166686081e-05
-5.835825167104112648e-06
5.757268205422757204e-07
1.557422909199689390e-06
1.004524336821179017e-06
2.692779681621250449e-07
-8.052555696016780942e-08
-5.468888206733991637e-08
-9.654901467956065201e-10
3.756590776764487078e-09
-1.425403822105075984e-10
3.062279269226021940e-10
-2.163446654635016324e-10
6.025685158044520372e-11
1.399826398240896542e-04
6.141710392314803947e-05
2.711234749242264437e-05
3.123662439777856680e-06
-2.227633036199671551e-06
-1.402000897500880710e-06
-3.648420814489582281e-07
-9.670306563771887692e-08
-9.739586309327259479e-08
-4.083189473230859853e-08
-8.237299296187976883e-09
-1.928132832235808017e-09
7.573001777839056283e-12
-5.278700417604997994e-10
2.025166425610704598e-10
-1.676061753391007782e-10
2.218549470102461894e-04
9.560832775783074673e-05
2.488686368492437943e-06
-2.202626733497962284e-07
1.615769987284592404e-06
8.530735312617365148e-07
2.870321701300660187e-07
7.965677003198184253e-08
4.369820094270734640e-08
1.656360461198440611e-08
6.988268898756664783e-09
1.315773195741067349e-09
5.315420579006017313e-10
1.925977184269914855e-10
1.508616499073038067e-11
1.336379629660377447e-11
-4.312935539275138081e-05
-6.951184051825496431e-05
-1.091489792244681430e-05
-1.264478894725334869e-06
-7.942078166469069424e-07
-4.510537505404383108e-07
-1.931219163151241159e-07
-6.557454170062040966e-08
-1.823319233666586456e-08
-2.549586757567264014e-09
-3.632574616908263468e-09
-8.007119990026107796e-10
-4.478026366193536458e-10
-7.143351142673888171e-11
-2.920667281971150760e-11
6.719135711439722812e-12
1.590057072882832662e-05
5.543868281374977598e-05
1.147128335180852771e-05
1.729533298878999761e-06
4.949392360886558068e-07
2.318564438364189104e-07
1.074418806035162738e-07
3.671272940727170078e-08
7.427394246989281816e-09
7.162052839658407009e-09
3.272849575341304433e-09
5.386150576774907325e-10
3.068486849043275302e-10
5.558141599098976734e-11
1.174179899147794038e-11
-2.487947612725626791e-12
1.598983952844724104e-05
3.653687169861319806e-05
-4.600035688210403803e-07
-1.176234819806661295e-06
-3.151264713433389820e-07
-1.219625870458757567e-07
-5.394373016511528541e-08
-2.012439817029482250e-08
-3.485812130820142296e-09
-4.556339637140856472e-09
-1.978601853133590884e-09
-1.703654723289703749e-10
-8.453935815406597309e-11
-2.838208828598881100e-11
-7.889545559824219660e-12
-1.615951308988208088e-12
-4.253531769443693814e-07
-1.194040558063430610e-05
-3.828692355060438958e-06
2.956060338752311447e-07
1.497717058650456733e-07
4.577049143423159252e-08
2.106752909650564588e-08
8.908688222572502035e-09
3.576768313202881345e-09
1.408988569027579449e-09
1.938550481653233115e-09
2.375978079035198895e-10
3.014699563874467275e-11
4.608217644639713912e-12
9.096567142856479794e-13
2.524183002771490018e-12
-1.672796975321196034e-01
-8.327131517495538204e-02
-5.672225022407040122e-03
-2.680251865517820748e-04
-1.240559676397959750e-05
2.441685359096219867e-07
2.359288152361780707e-06
8.794147036391769101e-08
-1.320046433707591680e-06
1.710352361092119969e-06
2.723621685889477401e-07
-1.170272975379081392e-07
-1.454630358427168428e-08
4.184832253090145977e-09
-2.423502613796679603e-09
5.080121848068726623e-10
1.008129554679026723e-09
3.403390219269276842e-03
1.083622285498500246e-02
2.138352312405552864e-03
1.981597238993689132e-04
8.634057564898388410e-06
1.629366881334176997e-06
3.676958980895851662e-06
1.113289695868502258e-06
-7.713932709693902224e-07
-1.210892173898482370e-06
-6.241303754391289599e-08
-5.714741897132428854e-08
-5.893135777725356712e-09
2.466257595995805371e-09
2.078331025266629639e-10
-5.007917208023599155e-10
-5.876965352299845932e-12
2.568636697551771237e-04
-8.256965483318278636e-04
-6.351359976891786645e-04
-1.221045440759322516e-04
-8.427975111587516935e-06
3.363878969757303401e-07
1.132816211928182749e-06
-1.779157082461809358e-06
1.084661859546011195e-06
-1.150257326200110706e-06
-1.476718752833175095e-07
9.645083716381226659e-09
8.539829214538643101e-09
-1.431494354581331062e-09
1.045634041321025887e-09
6.483399313440474738e-11
-2.129692037369641601e-10
1.311130985384594591e-04
4.180145464402327160e-04
1.323329694262735288e-04
6.114126891503598050e-05
5.103190555509387244e-06
-1.159212124540610511e-06
6.330579702214832606e-08
2.745531227118071310e-07
-2.816220700553156930e-07
9.350552413902838555e-08
2.802500160629022714e-08
-1.236525914644250556e-08
-2.398488365332515556e-09
-7.303644157984473255e-10
1.371850742931718923e-10
1.555395060631102352e-10
9.779032315983863472e-11
2.438839402324574391e-06
-1.368647893662953605e-04
-5.909190075046158507e-05
-2.625064518779852632e-05
-1.997580027206345501e-06
1.260770980408660668e-07
3.006201991109401355e-08
1.165170492536821882e-07
2.241416453421434004e-08
1.128747528775802478e-07
5.935821546136184640e-08
1.581267653825744594e-08
1.880318204253378241e-09
5.704702972655304105e-10
-7.433272960711867337e-12
6.273001227153716114e-13
-4.004975025297396594e-12
-2.040927584680123921e-05
-2.231283370936446736e-04
-9.678431988579030141e-05
-3.047625320952060583e-06
4.328945027072479267e-07
-2.059460605500525180e-07
-3.352805751803921732e-07
-1.231628733203596314e-07
-5.175334950479057103e-08
-5.864573965179320356e-08
-2.759342371548145813e-08
-9.955724140356080432e-09
-1.882374728240768571e-09
-3.840221622961835244e-10
-5.428553395673245156e-11
-5.930751679150055228e-11
-2.596120998750583812e-11
3.601873907275920437e-07
4.274962376152533481e-05
6.981232145094877386e-05
1.104889698437984713e-05
8.442137330339754999e-07
3.507693082477150912e-07
2.832975097258420332e-07
1.283888443346035730e-07
5.653505297266840080e-08
2.537568245287700422e-08
7.185980801500920339e-09
4.917845903810711343e-09
1.135005568534579965e-09
2.941753246903281048e-10
3.314650563125670832e-11
1.039610701617854701e-11
1.524077828500751037e-11
3.334945361928984598e-07
-1.573192496629461693e-05
-5.552617681084150430e-05
-1.142659676442797410e-05
-1.517948942762033598e-06
-3.349645159861560405e-07
-1.875575768874660003e-07
-8.498980187703298958e-08
-3.732417780910028806e-08
-1.142294514990717445e-08
-9.273125939595748064e-09
-3.921989430083446562e-09
-6.750132347215266131e-10
-2.419885499418340674e-10
-4.200694548175203690e-11
-4.210007109969363196e-13
2.770764791955548327e-12
-1.443977638380239494e-06
-1.609648882304725572e-05
-3.649985430173275324e-05
4.112474630430418090e-07
1.054672267548148397e-06
2.691930390174209825e-07
1.127109095372159792e-07
5.237326468173188015e-08
2.374221361953870458e-08
6.291852556284309828e-09
6.239740537903119615e-09
1.798854944953413035e-09
1.058003077018656338e-10
8.947499209874431257e-11
1.769596132435747293e-11
4.961460627089293945e-12
-1.940380388029534613e-12
-5.423274362878953580e-08
4.994359339277470821e-07
1.193643860610748535e-05
4.052935545757141006e-06
-2.495442015382404049e-07
-1.787418085287363275e-07
-6.325012674531188154e-08
-2.907141548239281330e-08
-1.514868010202028058e-08
-7.578480114711648012e-09
-3.033636449636702674e-09
-1.898862411399136694e-09
-2.476146468001581650e-10
-6.295190322534065202e-11
-3.083900836598087875e-12
-7.164597788580124630e-14
-2.465415292055390177e-12
