1.279763313398399327e-01
1.031517530625802870e+00
4.121325097604564003e-02
1.125274363491618641e-03
2.289400173733837309e-05
2.453846648854385124e-06
2.387618577735226042e-06
4.810365961617838763e-06
-5.010782165566746303e-06
1.567778259466120177e-06
4.531149302892529656e-06
1.036794767044611256e-06
1.334402337635251673e-07
1.076984353014873277e-08
-2.504850019993852989e-09
3.722641018455893858e-10
-3.171868735929443791e-10
-5.501075994599677332e-02
1.512778815992216752e-01
-1.545573790450512595e-02
-1.179287554924307677e-03
-5.514313998936789342e-05
-2.753958672989899690e-06
-5.211023386569080441e-06
-7.663112486366474872e-06
-5.209194853421904460e-06
2.056396082915767017e-06
7.215938233786752058e-06
9.125315981028600870e-07
6.931939008884617136e-08
4.303291373456794022e-09
3.857250662549922828e-10
-1.696557391690239499e-09
-6.014336152411970105e-10
1.745081921390198923e-02
-2.455058048776056091e-03
4.677464882336217211e-03
9.610976461788152663e-04
7.509456076165310515e-05
6.053103920497015578e-06
5.989973123198687514e-07
8.713627161220589877e-06
-4.788620634250481491e-06
-3.820346211266498694e-07
1.931793102687922935e-06
-8.625330856876558126e-08
-3.563917313658287616e-08
-9.357998158066081733e-09
3.923928618962418883e-11
-2.672607447525535055e-09
4.286790783186165407e-10
-1.988529388438929190e-03
-1.348141824106853254e-03
-6.813340333318916283e-04
-3.278044263748445641e-04
-6.697512821738197156e-05
-3.243153779876742069e-06
-3.428593398850136545e-06
5.582581730465365123e-06
1.106075364988200815e-06
3.378688923441125328e-07
-1.286643171069967569e-06
-2.504735862126197525e-07
1.165149891067126166e-08
-3.948151984561776990e-09
-1.684457811745419911e-09
1.758672886845215385e-09
-1.116024459488424700e-10
-2.373347160441577182e-05
3.706341800146724960e-04
7.277557088440721850e-05
5.416505671249875894e-05
4.793387629701236006e-05
4.011629050283926269e-06
-3.797201144085721172e-07
-2.244734557948364317e-07
-6.970948245722188048e-08
4.940431924905152252e-07
-1.083272172868695923e-07
3.542870570193227369e-08
1.216782783819671571e-08
2.230513620137576658e-09
-2.873068707834370978e-09
3.935406308890289529e-11
8.037591571055770649e-10
3.641009547286497760e-05
-7.215794745957273258e-05
-1.621284850800252777e-05
-1.198651412597289254e-05
-2.070447173800010366e-05
-9.158478534626920973e-07
-4.903267998274133408e-07
-1.340648195897370363e-07
2.913801428603161095e-07
-1.800824981451428185e-07
1.519411802473638639e-07
9.444958618112330083e-08
1.588493179198736716e-08
1.661737982497566538e-10
-9.368495168334668553e-10
-2.989992323689715354e-10
-1.590013671031066684e-11
1.795564423566563641e-04
-1.383502565484455210e-04
2.869318381121462340e-04
-6.788691562879703260e-05
-4.140318001318580163e-07
7.234227183612104918e-07
-1.318740191688631347e-07
-4.834665818227509606e-07
-2.260273610815509844e-07
-6.493830901643207334e-08
-6.468542609467413976e-08
-3.181183068743632214e-08
-1.063974344062412920e-08
-5.390415784627997464e-10
9.439408469490382980e-12
1.391990825381544474e-10
-1.544389360173436688e-10
-4.822843676907836286e-05
1.493229862650665416e-04
-8.120078393666717688e-05
5.839421659499922332e-05
9.283459906736943405e-06
6.558310115416917360e-07
6.424420967006236272e-07
4.203976754252636006e-07
1.899448390895076353e-07
3.383430772401112509e-08
3.513361261140275860e-08
2.346499782123187143e-08
2.470463163767931955e-09
5.137574603775237314e-10
5.234599721391271563e-10
1.278019208583494089e-10
7.752177378047315173e-11
1.629007445502540197e-05
-1.005478955036630425e-04
6.368930119729772892e-06
-5.573449465241601117e-05
-1.136532059108397580e-05
-2.000107595375956678e-06
-5.460080116658486706e-07
-2.999844824361824447e-07
-1.272698762473309216e-07
-4.437040593985097610e-08
5.585072446473733168e-10
-1.883731001441180378e-08
-5.025493702090246245e-09
-4.501159952051824487e-10
-3.349584885794465902e-10
-1.004374103107959078e-10
-3.660176936919484595e-11
1.608573557756608460e-05
-5.913141749173707052e-05
6.158232930621488645e-05
-4.018221634778552790e-05
1.637078236308929644e-06
1.792697467861921062e-06
4.887735456066125419e-07
1.796149554032281349e-07
6.604835824796645863e-08
2.987013819659898720e-08
3.611821697392525464e-08
7.216489204233901961e-09
1.110418271396187738e-09
-1.164096974717928293e-10
5.426384032184789390e-11
8.176699252340218814e-12
-1.804228851505472208e-11
1.315441046565686892e-06
-1.131349873049858183e-05
2.205872133899987870e-05
-1.406104649472451812e-05
4.265191847583581152e-06
-8.577490872580863180e-07
-2.564934668683214418e-07
-9.322270771414378411e-08
-3.125926155150980514e-08
-1.491239531727214006e-08
-1.229064457372268535e-08
-1.053675141414613561e-08
-7.780746439173572020e-09
-4.158822106335373586e-10
-5.425507236549025177e-11
-7.122030915859224309e-12
1.936991507626279491e-11
2.896521036220612438e-02
-2.767421146558020698e-02
-1.848797795765023868e-03
-8.055152171770343060e-05
-6.358391990271799248e-06
-4.010593503257848711e-06
-2.952861846054632367e-06
8.654362165539176670e-06
4.062127764040123058e-06
3.917383570195384537e-06
1.037048814952331184e-07
-8.124220375177164064e-08
-1.053467487881173582e-08
-4.117229559276406350e-09
3.090511589578001983e-09
2.966843494945320074e-09
5.211000823905525322e-04
4.318131672285378635e-03
8.883160643358675767e-04
7.002748962232202817e-05
1.540976572794609103e-06
4.765876800289242365e-06
-1.990632203908609360e-06
-4.903393916802908553e-07
-1.009221479551135009e-06
1.428227061229907775e-06
-1.663908871495216022e-07
-4.550917324151225395e-08
-3.845603565691050771e-09
-4.266487167637788505e-10
8.180253784210864486e-10
-1.021948796015482598e-10
-1.145862547528059229e-03
-6.503026253139239680e-04
-3.329632296153438049e-04
-6.493182163325755710e-05
-4.331474487006249665e-06
3.740648100922459343e-06
-3.789196920681545493e-06
9.574035488754751386e-07
-4.871590739890240994e-07
-1.268838722543650198e-06
-2.836179245565401206e-07
2.466640873434261028e-08
8.163564583396524380e-09
2.202834169684094448e-09
-1.381322361434583586e-09
-1.747407094839185182e-09
2.947934715613373499e-04
7.454985931936487255e-05
5.270569771901445879e-05
4.550790695620362370e-05
2.155353138618089035e-06
-6.848203514204016323e-07
-2.808934787217967830e-06
-1.533266319844176864e-07
5.766672468701314336e-07
-5.123743564049233464e-08
4.804938983126778202e-08
1.570920410609838820e-08
9.753024389975092565e-10
2.423363225623196621e-09
-7.280827250650720990e-10
7.088693306254458061e-12
-6.132130474303048402e-05
-1.630282526964462180e-05
-1.425557809019746146e-05
-1.878085020276819327e-05
-2.150962629762181521e-06
3.501361646718164133e-06
2.120898341910031139e-06
2.815216235113434209e-07
-1.521279972542495253e-07
1.201824735630326524e-07
8.908794694799494616e-08
1.318408513081625287e-08
-1.014380047216312227e-09
8.868835816573448301e-10
-2.630966607321911838e-10
4.738256123240432298e-10
-1.740984612665685328e-04
2.863092108095826259e-04
-6.649921177462126472e-05
-3.220402816434630561e-06
-1.704937474377666648e-07
-2.086619143467377263e-06
-6.417222108783517007e-07
-2.396874923026998288e-07
-6.080316319340838066e-08
-5.091690449719669442e-08
-2.808427122281721370e-08
-9.925840673406197422e-09
-1.765247776276984673e-09
-8.372146398524344295e-10
3.392314925733171083e-10
-2.325422720941119818e-10
1.548266236839582362e-04
-8.217636254624827901e-05
5.816547270373328960e-05
1.108495337705190314e-05
1.629897183400469662e-06
9.367714241799853632e-07
4.353213456363324081e-07
1.959236328522232639e-07
1.350628781772857931e-08
2.675176101094232913e-08
2.137738151556117741e-08
3.879973083964931305e-09
6.296538091355548044e-10
4.164011884240329627e-10
1.967077631819615816e-11
2.377140793451309726e-11
-1.008441901852747676e-04
6.613656834578429271e-06
-5.571885145280746119e-05
-1.221292434388113311e-05
-2.345463026555165463e-06
-7.365731627788194975e-07
-3.607647964744168963e-07
-1.272606820185656669e-07
-4.016288263295882557e-08
3.748199798098638384e-09
-1.766030397060244599e-08
-5.332268332475253650e-09
-4.148961527885594319e-10
-3.249546205236052803e-10
-7.370566188974827556e-11
-8.620932234297952123e-12
-6.097732454360657762e-05
6.133927229073232344e-05
-4.024921696279195070e-05
2.101458565061222332e-06
1.951470068580902950e-06
6.142918147021783947e-07
2.649690620906881202e-07
1.035554571516202938e-07
3.656279049114774697e-08
3.489166902323303781e-08
4.023947570109218112e-09
-1.782477758192307180e-09
-4.017479240278783640e-10
1.635192801538772742e-10
3.880912406785498720e-12
2.296330123938496732e-11
-1.261263724730219199e-05
2.291141115143778393e-05
-1.510300971405103834e-05
3.986662193548140279e-06
-9.576789216736656716e-07
-4.582786549596730157e-07
-1.734760132273042877e-07
-5.640279344400995510e-08
-2.536404828440414667e-08
-2.021264193368735768e-08
-9.913287218679418789e-09
-3.622209980002453376e-09
-7.264352201362000774e-10
-2.362307204120817584e-10
-4.164601825429806287e-11
6.322125362090595671e-12
-1.024437788091305146e+00
-4.107858913235118425e-02
-1.120833895386016315e-03
-2.079970858157561880e-05
2.388974447256175025e-06
5.059736419536778433e-06
8.328021025627859006e-06
5.038923125334220645e-06
-1.192197263160638441e-06
-4.468382615140872170e-06
-1.035137902207724563e-06
-1.224509414765713221e-07
-2.717400411003500313e-08
6.248369739187149964e-09
-5.683127709973173222e-09
4.590893165526835458e-09
-1.588004664360321561e-01
1.510759917582480891e-02
1.169652237960089542e-03
5.359120220905596617e-05
1.393997016880942525e-06
-2.156687637241795695e-06
-7.678830278323917259e-06
7.947147388932864552e-06
-9.387017451921323628e-07
-7.060192050842643977e-06
-9.022648639676724013e-07
-5.254470043362700498e-08
-5.672886654890592884e-09
5.761584983337494405e-09
-2.228822573051315253e-09
2.633462958495294437e-09
8.503127669736376681e-03
-4.226912394932826229e-03
-9.372157488167326108e-04
-7.379972177862929893e-05
-2.578202941884745414e-07
-1.611108918106437973e-07
-1.377106833686678202e-06
-2.983280837627664684e-06
7.739602022367993579e-07
-2.021579122150896927e-06
6.727148344759228577e-08
1.401994272677272862e-08
1.716236933878772846e-08
-3.452126829145547131e-09
-4.040032014727837972e-10
-1.271504904588789529e-09
-7.507743913658711937e-04
3.465536457937231176e-04
3.022728247844934922e-04
6.317228288985999934e-05
4.897043684913051905e-06
5.145768458859110014e-07
-4.633385095425151467e-06
1.628070333120540395e-06
-8.367736553614265416e-07
1.371370850072255554e-06
2.919913230818799132e-07
-1.129650436306448580e-08
3.145916084452621566e-09
3.058541625379281510e-09
-1.498555956005034077e-09
-1.126069011959548018e-09
4.353595507607721603e-06
1.220688033937972731e-04
-3.389448769803465097e-05
-4.820527870884930402e-05
-6.540165631316399019e-06
1.055961773228923002e-06
-2.070187534317331985e-06
3.213646144849469777e-07
1.100302587833571357e-07
3.229679841855748921e-08
-4.831135852809366592e-08
-1.421883613508259143e-08
-1.588346670588273123e-09
6.684192551832959280e-10
1.432633190678058961e-09
-3.729764306039496471e-10
-3.638108290248586374e-05
-6.976680738511363631e-05
-2.596881988668587519e-07
1.979284042241353242e-05
2.660525565135501628e-06
1.235522670577774871e-06
1.369384214818055617e-06
6.136278643727901986e-09
-6.059204400300138680e-08
-6.203408019464245100e-08
-8.934801403613955892e-08
-1.309970766773985616e-08
-1.574946533056144789e-09
1.085491395367920684e-09
-6.555622154506867475e-11
1.067118077572308096e-10
-2.731859422536277778e-04
-2.953270301045859926e-04
7.274494484379717544e-05
1.709262672041123872e-06
-2.095491476433154954e-06
-6.398068590972039106e-07
-3.694141117712713102e-08
-1.594632461098002148e-07
1.337389178432306435e-08
-6.811105565971255683e-09
2.770916510691469542e-08
9.285667493431965367e-09
1.178926102981150841e-09
1.764715463818059556e-10
-5.708653687665480574e-11
1.825577762208282300e-11
1.618313156722308709e-04
1.286537384092872232e-04
-5.651298151430954276e-05
-9.234122244709956796e-06
5.090707443517547742e-07
1.147031678583890941e-09
-1.096984691758118274e-07
3.055450914975614336e-08
2.958707852602547762e-09
8.257858888155476649e-09
-1.849546853576498017e-08
-1.313776348125514703e-09
-5.770027752886606274e-10
-3.599176199917309134e-10
-2.223224194442564199e-10
1.939347067399591719e-11
-9.724608029538424369e-05
-6.431389941200222444e-05
4.867158797113051220e-05
1.030801193742837995e-05
1.075566875610803858e-06
8.652945449076228622e-08
5.887120470885898751e-08
3.429129631943522983e-08
3.721045256752392534e-08
-2.290050784887698702e-08
1.408407068912202235e-08
4.141199354061518359e-09
1.991450955406973325e-10
2.060105183599697672e-10
5.695423586694351075e-11
3.280211297017865660e-11
-6.931646706462614991e-05
-6.579560053779008567e-05
4.593023573446733572e-05
-3.043045244888504985e-07
-1.164251473703717999e-06
-2.002644759224115491e-07
-4.822365388215873601e-08
-2.426516585760101558e-08
-1.873630632099769846e-08
-1.544438691501382288e-08
-5.428182592093971659e-09
-7.278852722561274463e-10
2.314310397720621639e-10
-8.084151915993970451e-12
-1.991373960183714158e-11
3.446300373405326825e-12
-1.375903456007492166e-05
1.793725251069597487e-05
1.282853874043670690e-05
-5.130266128216630142e-06
5.282520028670285810e-07
1.244111751639467616e-07
4.208863782088739662e-08
2.353450245359724274e-08
2.907842391969013552e-09
3.521016201846056129e-09
8.766694952801266557e-09
7.799790947009018200e-09
3.749478776561054615e-10
3.077226923314957207e-11
2.645934575453604230e-11
-9.439363805232912224e-12
9.574787600535658583e-02
4.068208066674566803e-02
-2.717347682638368567e-02
-1.832096397907902229e-03
-7.766925147329535768e-05
8.434511036218999838e-07
6.724453778553373816e-06
3.164826995831824844e-06
4.280246862669160331e-06
4.310861854005944052e-06
3.986790901777859598e-06
1.430760562943363472e-07
-8.184762966645805331e-08
2.622564146825009668e-09
-1.167099233638457813e-08
4.110427974964379552e-09
-1.050770420368110976e-09
-1.615390874838066454e-02
-5.076638628173890146e-03
3.889057599053802241e-03
8.660781919878225016e-04
6.947394244391037808e-05
3.130340653896143386e-06
-2.607108292491562444e-06
-5.219378129972086480e-06
5.793396049101786094e-06
-1.197062023396471486e-06
1.454433136155189487e-06
-1.461045983119856284e-07
-4.793359794140323531e-08
6.758280440972888734e-09
-6.884557161848073090e-09
2.923149599081096286e-09
-3.569203616049023126e-09
1.846473433841831118e-03
9.613316120946546403e-04
-3.149781401634565710e-04
-3.089817739317093025e-04
-6.874731856634714092e-05
-4.917701224110900901e-06
-1.332637371131611655e-06
-5.237043136265374353e-06
-1.260751100722083229e-06
6.218827528400492511e-08
-1.285364787444137984e-06
-2.980864137623744948e-07
1.740561123956558291e-08
3.007738868613456622e-09
4.044391198435054827e-09
-1.701903386156552321e-09
-1.882658252196870474e-10
3.153821590418435752e-05
-7.395240938456854843e-05
-1.202864632183347766e-04
3.221508929369504656e-05
4.617896317896771945e-05
4.832106383482822164e-06
4.444326135795354192e-06
-4.526062605335947711e-07
-3.370962913876250538e-07
-1.369340776832159698e-07
-1.226777154662819531e-08
5.046265329794547886e-08
2.296256005157435112e-08
1.724570565172257163e-09
3.684921102072513503e-09
-8.351226213271808884e-10
-1.354356825726323758e-10
-3.321171458364360451e-05
4.713049184466161501e-05
6.990548933415081142e-05
-2.438557675355836625e-08
-2.473270540481501773e-05
-5.460408283282420196e-06
1.090268538917635233e-06
6.662618231960635440e-07
2.311366816144866306e-08
1.661213713521031571e-07
5.886655081880328048e-08
8.526506519452173876e-08
1.176053116997649666e-08
-1.180130722263757838e-09
6.216329527165606646e-10
4.202525575931783184e-10
6.609756877486751493e-11
-1.777117589413730646e-04
2.349072353298910373e-04
2.925209517235321751e-04
-7.210237796617632357e-05
3.435830599546608497e-06
2.512753109105563545e-06
-8.202142963385644458e-07
-5.562321859098951634e-09
7.975797862086663187e-08
-5.703244306392256859e-08
3.570038266740499093e-09
-2.428718808236771195e-08
-9.567672563753544342e-09
-1.607512844693634347e-09
-9.596203541801360797e-10
-2.351106139558468909e-10
1.703962738696438920e-10
5.065076966103243501e-05
-1.541584836238222742e-04
-1.281632517345758244e-04
5.564232309034049256e-05
6.871971289071453108e-06
-2.681653317444055378e-07
5.395663223541532424e-08
8.783617714283863345e-08
2.043956897331198168e-08
1.169332306345668757e-09
-9.890836746884330686e-09
1.671964505454977164e-08
2.462080204692455307e-09
2.339196993250598205e-10
3.838646660698109919e-10
1.376631286192548737e-10
-2.343106398387345845e-11
-1.749273265558350132e-05
9.587390411368013055e-05
6.423178685003852397e-05
-4.827739579130569346e-05
-9.683945518571432875e-06
-1.132149577643864985e-06
-1.191230916442594138e-07
-1.089982152806413715e-07
-5.180085145269336118e-08
-3.965032718459775746e-08
2.124578211881224324e-08
-1.407882812245469752e-08
-3.935542046945911939e-09
1.090860860551278888e-10
-2.345204594589155855e-10
-2.410287732887844517e-11
-3.873966056189527045e-11
-1.540845936062292996e-05
6.786279100615838240e-05
6.587040801020327819e-05
-4.575410577506869254e-05
2.204696987775723855e-07
1.169900342078917620e-06
2.257319545773594327e-07
1.132582918704802793e-07
5.969437899494812684e-08
2.804128189975292607e-08
1.780279966730604827e-08
3.545398357692108513e-09
-2.558747632421834358e-09
-7.465822459919266521e-10
5.750546252560628528e-11
1.825637596904238300e-11
-1.324958037704407839e-11
-8.515138778672560322e-07
1.288402770581179027e-05
-2.110573631151383084e-05
-1.452483365613707486e-05
5.424350294744302678e-06
-4.190102355413505059e-07
-2.111170213602894020e-07
-8.020698458303143186e-08
-3.991609385928028738e-08
-1.006712785455799047e-08
2.451825521794800879e-09
-7.786118092140209856e-09
-3.162914322239515823e-09
-4.289068532891312972e-10
-1.726732977636316025e-10
-6.009643462540417191e-11
8.262599513942443120e-12
-1.468178899518807201e-01
-3.924325142105041485e-03
-8.271570990013362855e-05
1.960436399126744264e-08
4.380425260331197044e-07
2.202019178852884148e-07
-2.964677732940678660e-06
-2.245961472696301497e-06
-2.715324742219426255e-06
-1.472862302350981820e-06
-1.730190385651787648e-07
-2.677737077207933029e-08
4.109169868597261148e-09
-6.856595034782196717e-09
-1.816704004560504333e-11
8.781743784402685973e-10
5.731395129819594203e-02
4.273115273835301729e-03
1.812971151994218833e-04
6.999028674918546953e-06
-1.784117029781501436e-06
-4.745051398978138703e-07
-5.638744665480847509e-06
9.453459466697963960e-06
-5.046139211586371154e-06
-1.548229599109990579e-06
-8.302258385273067098e-08
-1.402990733895387971e-08
6.695936304284740564e-09
-3.713978184281889469e-09
2.949190767653368161e-09
-1.559814629577720535e-09
-1.818558846304137167e-02
-3.340325908169673470e-03
-2.754344938837670191e-04
-1.063349192675770365e-05
-9.494371246077362466e-07
6.803773685639131381e-06
3.508289856953878515e-06
1.954917066166903166e-06
2.240475991711851807e-06
-6.797075663211600078e-08
1.614600983072704091e-08
7.506783851810525056e-09
-2.442619821746720917e-09
8.299938593210865647e-09
-9.408286580624162419e-10
-3.991539985785938717e-11
1.846625910113810012e-03
1.181426078298350186e-03
2.050368840822664536e-04
1.518047702126499440e-05
-1.362404061441752125e-06
4.649920090694428923e-06
-4.449129724145727924e-06
-2.585079210759052274e-06
1.828014026441056370e-06
5.727101601770043120e-07
-3.114433755055062606e-08
-3.567557095852021278e-09
-1.154867713368903415e-08
6.781690734710493449e-09
-4.945737577820144475e-09
2.028526761677701228e-09
3.196362849517787939e-04
-1.905483013314022056e-04
-1.318168589723395592e-04
-1.261501724434728923e-05
-2.637444079875454990e-06
6.466982324306301007e-07
1.363543088003528499e-06
9.916137560736341520e-07
-2.076172430326758910e-07
-3.903860365382161273e-07
4.732852845046435857e-09
3.476211811212621892e-09
-2.063279326929038878e-10
-1.063812719240366324e-09
3.522343813061162257e-10
-2.726689905894939331e-10
3.471477522871023246e-05
4.029882241406067348e-05
6.699837468368286799e-05
1.096043375083978568e-05
-4.179863420999757507e-06
-3.108699517253198720e-06
-5.741571229608207494e-07
-1.070062128471186169e-07
-2.378839967715921165e-07
6.682343338546303170e-09
-2.800022083792254533e-08
3.356761345740134320e-10
2.200314343509999195e-09
-1.215161891544130632e-09
1.000622574017684143e-09
-3.745751763438574501e-10
5.342627110153222230e-04
2.391459120194215605e-04
-4.291458329887060596e-07
-4.337059193711535671e-06
4.272239681274395258e-06
1.883521371402287251e-06
5.976865422541486392e-07
1.052306490042987005e-07
6.637027033435928588e-08
3.741125294290807473e-08
3.863241191928434159e-08
2.583274932573513313e-09
1.009790784636306228e-09
6.032047785766809070e-10
-2.504621007897154095e-10
1.488651011193459367e-10
-1.215219972606428305e-04
-1.921857054008608689e-04
-2.761972158196785061e-05
-1.534230762858847845e-06
-2.084844851560630879e-06
-1.024766913167839217e-06
-4.444442518735287630e-07
-1.771441227768010057e-07
-3.262737620704803120e-08
-6.583641402360865757e-10
-2.152821227599807318e-08
-1.544215928543659748e-09
-1.489335731611414164e-09
-3.534474500988177550e-10
-5.548064455082590507e-11
-7.414755404146888462e-11
3.232577064075388808e-05
1.583390620077808710e-04
3.540816997213415646e-05
4.864363179937723826e-06
1.323293002064280613e-06
6.618312778175295369e-07
3.131767190667498612e-07
9.871446281938391390e-08
3.023701080639043164e-08
1.549155334475948632e-08
1.623372927799218454e-08
5.251322785724783218e-10
1.023902783063634550e-09
2.518082599011675149e-10
5.846686854775679889e-11
7.850020255576935145e-12
6.990361329296277207e-05
1.670228595431420262e-04
5.362460064129319151e-07
-4.474239204373332093e-06
-1.053842184154820788e-06
-4.538705834339491908e-07
-1.941365456620769278e-07
-6.989541481430663603e-08
5.842357364935821355e-09
-1.850019719723633354e-08
-1.192319650708800154e-08
4.755090516284445471e-11
-1.889672375820847699e-10
-6.455862320650010284e-11
-6.298135820702014040e-11
1.500293693617374770e-11
-7.984141783371725048e-07
-5.718334404091102613e-05
-1.958876913913098892e-05
1.393465336811053230e-06
6.845208391048333145e-07
1.906826182374281839e-07
9.671572742364808760e-08
4.235924880589161266e-08
6.697998161420252468e-09
1.345911154879256274e-09
1.412558970319650064e-08
7.805850185846736385e-10
1.273625777961496248e-10
-1.203111760972887989e-12
2.368342497545727550e-11
5.229947419665213824e-12
-2.088111590004512186e-01
-1.022462894514414716e-01
-6.585059653001780131e-03
-2.739339991818446523e-04
-1.065398154905480966e-05
-7.947749990604521502e-07
1.432622878812047135e-06
-4.684106307146357848e-06
6.581473833027352235e-07
4.200710477078618279e-06
1.671421492191197339e-07
-1.480591073551452515e-07
-3.322410342109764862e-08
1.088892546222153994e-08
-6.714845781496288714e-09
-4.246477895430305386e-10
3.581167307375672480e-09
5.338916303973964030e-03
1.666411174006088639e-02
3.110761984044558160e-03
2.582099360010675269e-04
1.028031744151670504e-05
1.983176679743590026e-06
7.359355918457335720e-06
1.350611099245528128e-06
5.996975798385251986e-07
-3.343425579487986030e-06
-5.321367989849994249e-08
-9.473181071053626440e-08
-2.108535558605765644e-08
1.851816690388010016e-09
2.659327690274138414e-09
-2.406021300398164144e-09
-1.307063141932938451e-10
5.394265619464453992e-04
-1.695479014653586891e-03
-1.180691877091512472e-03
-2.037981685137376482e-04
-1.391922996965283989e-05
-3.062840669659575411e-06
5.267064908240288118e-06
-3.337240605591358820e-06
2.293702706501003075e-06
-2.152687519695288148e-06
-4.959678568732616054e-07
2.233151983675561188e-08
1.814089031881972533e-08
-3.742183004811426025e-09
3.091149150639793763e-09
7.176306300712096489e-10
-4.008381608170329221e-10
-1.843669918162573135e-04
-3.459413189232165035e-04
1.929895885709582656e-04
1.349340802446533625e-04
1.461589063231188008e-05
-2.893404239408585433e-07
-1.195804047643935004e-06
5.292142189262476405e-07
-1.162435942134093596e-06
2.586042591037749204e-07
3.377739022498721844e-07
-1.325473269096062096e-08
1.029216532008558039e-09
-6.590279924760679579e-10
-5.959648314499063331e-11
5.486343742153833571e-10
3.542358985670979739e-10
1.277670120768440160e-05
-2.747966527599432352e-05
-3.739416199804018726e-05
-6.512143496241709260e-05
-8.408259155934155995e-06
-1.440255150757212663e-06
-2.890515198259343776e-07
4.532234860449273925e-07
2.305032272496851287e-08
2.966151921686762827e-07
2.235224655251881021e-08
4.217778701253357017e-08
-1.296850824986277878e-09
-6.261546992682148475e-11
1.902333005196184113e-10
-1.604245060954034482e-10
-3.626569196529154774e-10
-5.359907464523237087e-05
-5.403255313687778914e-04
-2.418547447502348495e-04
-2.234090722323187897e-06
4.053683771178348227e-06
9.455081806128648819e-07
-3.800194080099768379e-07
-3.640918975218479187e-07
-5.059544951487602286e-08
-1.079538255855927627e-07
-5.732647275308363760e-08
-4.567415894762007509e-08
-2.127531199311657066e-09
-3.186990099216096757e-10
-1.251880331199424601e-10
-2.346371238294503480e-10
7.086093512069311368e-11
1.593831769000520327e-06
1.208521452516276619e-04
1.934959366206766773e-04
2.869452694361496656e-05
4.368571385388621413e-07
2.937337549729062612e-07
6.600653938200669894e-07
2.774609705098522349e-07
1.636443688948742591e-07
5.436455220505605576e-08
1.137186492856163414e-08
2.302542165816465211e-08
2.276379062350769031e-09
7.558679764123031270e-10
2.471941517068857784e-10
7.755625383139307199e-11
9.434279410204706650e-11
3.188896942183000832e-06
-3.189580173882336663e-05
-1.590029524407612894e-04
-3.544957340974194221e-05
-4.121584734564406381e-06
-7.771217463102621803e-07
-5.977007878448886913e-07
-2.576641025376424600e-07
-1.137039390118136486e-07
-4.529140249896170566e-08
-2.266707291223467176e-08
-1.658469744657599136e-08
-8.238082030442856470e-10
-7.442525277239147195e-10
-2.202531061693048317e-10
-3.460416226734270662e-11
-1.399935637445405208e-11
-5.423005032450388638e-06
-6.982560750969947754e-05
-1.665305343446079418e-04
-6.707164664430125301e-07
3.948301459660559765e-06
9.282189698484481823e-07
4.479722319221857870e-07
2.203592074923232409e-07
9.387468400828394620e-08
1.081772725286104194e-08
3.130207119467915162e-08
8.305988356502331622e-09
-1.430384302782774653e-09
3.629814809874846460e-10
9.239107277438030603e-11
5.667211526510640001e-11
-2.251053978815732283e-11
-4.658627013445991233e-07
1.093957730036143751e-06
5.703490848459564025e-05
2.102204094861453464e-05
-1.198377885230551534e-06
-8.956785476650665076e-07
-2.987033463345038549e-07
-1.471235838326761463e-07
-7.775758410341930852e-08
-3.387128675248956940e-08
-1.235225125909129252e-08
-1.445441979183957183e-08
-5.954864588370965831e-10
-5.128758831073376176e-10
-1.166688208270192995e-10
-7.349621600277149584e-12
-2.322358063243682853e-11
