1.330396188358117793e-01
1.028632252624333221e+00
4.266374094075146839e-02
1.286746488724702705e-03
3.520861010782943651e-05
3.912720514218877037e-06
3.312576822534830413e-06
3.710652242637290732e-06
-3.911491322706775533e-06
7.470376259767574312e-07
3.331973805785701180e-06
8.737512292618144001e-07
1.163968260763485827e-07
1.056203995997723504e-08
-1.189755053106679562e-09
5.219135194854577543e-10
-3.749918120589103570e-10
-4.401786620762004887e-02
1.182609257162727384e-01
-1.235874895613364895e-02
-1.023924270385343947e-03
-5.335861960080694048e-05
-3.896184986164846614e-06
-3.396716922635091959e-06
-5.744184914572969621e-06
-1.744926406974659088e-06
7.543078924901871374e-07
4.539287865934347878e-06
6.665242113626168605e-07
5.767092058181430045e-08
1.195319622294128071e-09
-6.759154610426079319e-10
-2.180325644228033946e-10
-3.541432533269560247e-10
1.094626008506508104e-02
-1.453842033202950050e-03
2.964222534497347721e-03
6.405226580653128853e-04
5.804158450583999165e-05
3.994730583591317652e-06
2.218493406820662987e-07
4.793567416721890294e-06
-1.263540734289553991e-06
-1.095548346786322862e-07
1.199707773010586279e-06
-3.554990416863735106e-08
-1.885628320598225739e-08
-6.416268821246841110e-09
-6.960553184884474860e-10
-2.208311533244757597e-09
3.594231912205753343e-10
-9.314471292416253920e-04
-6.456229150569013382e-04
-3.241864572818478206e-04
-1.651831346015455472e-04
-3.692423964496854307e-05
-1.355669786598606740e-06
-1.031589004511813651e-06
1.672699151358877146e-06
3.936734352798268339e-07
2.078416413825904462e-07
-5.039423579728645339e-07
-7.887372971258490807e-08
8.014092414865790035e-09
-1.463445687713440534e-09
-8.551702112764899836e-10
1.650527682788542779e-10
-2.960227127245040314e-11
1.970185181788134191e-04
-4.059426166269992144e-05
1.733100153413206948e-04
3.224290649542246152e-05
1.980931978419671493e-05
1.704999774449822996e-06
-1.311758848251331872e-07
-3.764025762980015527e-08
-1.155297671768748439e-07
1.438879921703385591e-07
-1.005147966406693160e-07
-2.970087155463863728e-09
2.797641667588225949e-09
4.601303047237001752e-10
-6.657787399742391369e-10
8.296057749068234442e-11
2.033265833419414038e-10
2.085197797004659012e-05
-7.529110281928311145e-05
1.396941263569752721e-05
-1.315852232338861540e-05
-6.432789184905774891e-06
-1.792434574036414568e-07
5.335200078190637749e-08
8.899996318358277207e-08
1.246960439889090510e-07
-3.628668813471102714e-08
7.027966135924704718e-08
4.379583788533238391e-08
6.570122811696319506e-09
5.761133680511392205e-10
-4.114037806183015266e-11
-3.636302996040087570e-11
1.910982032455673261e-11
7.356674686950568753e-05
-4.598076284110360956e-05
1.144651929356861679e-04
-2.664792287977434476e-05
-1.330582722746732197e-06
-1.477395944658799871e-07
-2.320769766105480318e-07
-2.228973739727900137e-07
-9.511561663895142854e-08
-2.756289051985699657e-08
-1.866813369547125240e-08
-3.900358002157356671e-09
-2.846596296410168627e-09
-4.794444867573999847e-10
-9.207292830547300071e-11
-3.966461086157650520e-12
-4.011472006509682183e-11
-1.619659040767503243e-05
4.573754800850381614e-05
-2.711127508226332896e-05
1.947112168958827372e-05
3.399492102327304288e-06
4.590346306780621713e-07
2.676226058352809310e-07
1.438214881064266702e-07
6.873056942270676977e-08
1.800608193858179541e-08
1.010449809953664549e-08
5.930288525740350374e-09
6.772316258478112706e-10
2.416980755153353924e-10
1.169741548184751229e-10
3.144007110864335479e-11
1.179767264267663043e-11
5.922642000254904133e-06
-2.798105999585697489e-05
7.050221108210433245e-06
-1.650821008190200731e-05
-3.262156319831696910e-06
-6.045980632805946610e-07
-1.748302822846938633e-07
-8.750175417665349163e-08
-3.875353179292764260e-08
-1.301718954225488962e-08
-4.513054791259428680e-09
-4.975338643798751324e-09
-1.435731189137785281e-09
-1.576313174124117875e-10
-7.245285327403412373e-11
-1.433040575248713065e-11
-3.827143567277947714e-12
2.897609248069193370e-06
-1.010991565988632058e-05
1.177125840222511673e-05
-6.900471186503115253e-06
5.024302064769514802e-07
4.071361547304419885e-07
1.202975388551799761e-07
4.684401020720530468e-08
1.772284940079283037e-08
7.460220983775235703e-09
6.089353417407026803e-09
1.725724688789142743e-09
1.714717332147457439e-10
2.532338915551603404e-11
1.736503778203773628e-11
5.172892492332417821e-12
-1.503692981997809121e-13
1.790693985777056808e-07
-1.657706343671044549e-06
3.361234135687239706e-06
-2.687769680837915104e-06
6.442545199279795414e-07
-1.481238091465083297e-07
-5.500509202759674180e-08
-1.877035312980493582e-08
-6.809410964127242582e-09
-2.705019749897110059e-09
-1.559901792187336102e-09
-9.377155912330505781e-10
-1.027957604428936442e-09
-7.305877181283222040e-11
-1.616289303884730167e-11
-3.343957631411334416e-12
2.343120159533297557e-13
2.243970557353047041e-02
-2.218365728650955812e-02
-1.590997740603007768e-03
-7.842518276123451343e-05
-4.234332838400510381e-06
-1.232956688264025146e-06
-8.929836489538338934e-07
3.970356240496594880e-06
1.941401442315337763e-06
2.102953372561487841e-06
9.281599121319053896e-08
-5.764828391828680998e-08
-4.505173675389162006e-09
-3.013824746620241972e-10
1.993394972622649226e-09
3.375522429237208379e-10
4.462299194466149538e-04
2.736998356890817715e-03
5.961560470720997200e-04
5.426628426217334177e-05
5.378105834402232656e-07
1.308628362375233293e-06
-1.494489084504069145e-06
-9.448488028394159395e-07
-1.659511322857869351e-07
8.915468954084355009e-07
-5.922021346464525883e-08
-2.525883886060038620e-08
-1.638513750587259271e-09
-6.471694756797398950e-10
9.851374435689937367e-10
-2.808635145004237455e-10
-5.488441117183777591e-04
-3.120068737638828421e-04
-1.685434119099594855e-04
-3.677701723682649224e-05
-9.207118379808021975e-07
2.449493370003026761e-06
-1.720152056363031387e-07
7.214400609788816056e-07
-1.445762185875924535e-07
-4.991310980644387289e-07
-1.035665963705040370e-07
1.133596844295474930e-08
2.518985405514379687e-09
8.287135895924939091e-10
-2.101491410334950321e-10
-4.000580556952344298e-10
2.378813045733629239e-05
1.809766848652936641e-04
3.276828423490709725e-05
1.876288895916376857e-05
-2.747169317983259045e-07
-1.291143954009911347e-06
-1.432955982519338424e-06
-1.086241751243327965e-07
1.243853571300560160e-07
-6.850971769565610440e-08
6.990104462435728543e-09
5.508990023926582222e-09
1.702273383463482430e-10
3.622903591133752915e-10
-1.964306180996636269e-10
-8.371662538550060294e-11
-6.500670928696221981e-05
1.539814475803860517e-05
-1.387598443707974475e-05
-5.462213659650526046e-06
2.089779570692164452e-07
1.615680158609379077e-06
7.924503934076200756e-07
1.472438966501216212e-07
-3.678173740417962162e-08
5.234323264827283676e-08
3.911278080274517143e-08
5.241483831936703073e-09
4.016899978964959724e-10
2.946813134159525652e-10
-8.827651491280218937e-11
9.909474377575822699e-11
-6.075319886746708266e-05
1.137495232628511240e-04
-2.638823791131484725e-05
-2.183816767706116418e-06
-6.475283276618392467e-07
-8.068606595991249011e-07
-2.882669998589514348e-07
-1.163155494979941212e-07
-2.602675489184353761e-08
-1.262597299038221355e-08
-1.546897750452000035e-09
-2.377572980920824623e-09
-6.110616692994380456e-10
-2.527706529523517912e-10
4.070751443122809144e-11
-4.508239849170659608e-11
4.820695411148322586e-05
-2.710713027273508035e-05
1.950284634080785834e-05
3.819243245983222145e-06
7.655749649154009466e-07
3.686790466050842031e-07
1.808917029506131459e-07
7.467985270594019116e-08
1.235118457042449320e-08
6.613970836506892044e-09
4.647427615079958351e-09
5.731261412501437384e-10
2.188485371583640396e-10
1.293253582747069947e-10
1.550979472349990169e-11
8.189628698816021986e-12
-2.867591044237166592e-05
6.989629999560255587e-06
-1.655850067455216771e-05
-3.435444173191672763e-06
-7.046743903582929905e-07
-2.378962548289184559e-07
-1.063189576562798472e-07
-3.976468661383334678e-08
-1.075045085467622333e-08
-3.012344852520439031e-09
-4.378427648220824894e-09
-1.339855892940573989e-09
-1.440223583459572163e-10
-7.924072342580258087e-11
-1.859564556158622926e-11
-2.441477082068903904e-12
-1.046408681748071347e-05
1.176493550892398362e-05
-6.889342226115895193e-06
5.733953160685960518e-07
4.477212175211583115e-07
1.421920431442321126e-07
5.907831020169477161e-08
2.236319786318593809e-08
7.538549958405589533e-09
5.568091952699999567e-09
1.334074450773152171e-09
-1.020822656357986067e-10
-7.479900025803414599e-12
2.597037973422207236e-11
5.322311654686600889e-12
2.601193775972226313e-12
-1.875322948887401572e-06
3.433678252495679166e-06
-2.825197457071863182e-06
6.000487285855033932e-07
-1.654162091915250756e-07
-8.250920950143870545e-08
-3.116469474129039624e-08
-1.038364467246467423e-08
-4.274650268762960578e-09
-2.641218482215759976e-09
-8.654850002546680605e-10
-5.189887806188239777e-10
-9.903441615487667985e-11
-3.177188215446826786e-11
-4.697250832301019279e-12
-4.389322645975792004e-13
-1.020529773432579113e+00
-4.245611432820729780e-02
-1.279834172994743407e-03
-3.147607491626249902e-05
2.747916150657712099e-06
4.862817252201760450e-06
5.769916274712281834e-06
3.793269451482582621e-06
-6.377825048448452877e-07
-3.267922708474022381e-06
-8.743869597829654563e-07
-1.133892686345543385e-07
-1.954974735595369968e-08
2.744047089012970780e-09
-3.371616020622915018e-09
2.052500791339268379e-09
-1.247299364127052446e-01
1.202832212673179101e-02
1.011781727948025652e-03
5.143789582797952107e-05
1.808563467997370145e-06
-1.264395653551657868e-06
-5.745806738098808713e-06
4.193193784032676246e-06
-7.015815025074183564e-10
-4.388801401446285267e-06
-6.463930609765108163e-07
-4.750224646105049847e-08
-1.611537179363004186e-09
3.666305520426362623e-09
-7.048390466202219340e-10
9.983511142639799379e-10
5.458296656492424292e-03
-2.632947058712723984e-03
-6.235955721229348653e-04
-5.936568604171926767e-05
-2.176820708192003106e-06
-3.800976539328796093e-07
2.982625376415250890e-07
-2.464581081031083529e-06
4.325231133279439736e-07
-1.271279941768657607e-06
1.146122026246942588e-08
5.339655903659033110e-09
9.326217365531489834e-09
-1.238927297957390128e-09
9.642961309500566344e-10
-4.764530117863991153e-10
-4.119963763354795748e-04
1.354959427243780700e-04
1.525556635710876370e-04
3.663410703942607141e-05
1.213362141151121151e-06
-7.552973580958222616e-08
-8.942324433229884880e-07
8.306139494804542691e-07
-4.198219518385653638e-07
5.756186728009593467e-07
1.044895682160271497e-07
-7.884507024728303825e-09
1.036742793082147444e-09
7.517489411354790444e-10
-4.965909845072946448e-11
-5.085496742217498776e-10
2.774929805695223952e-04
-8.743439443204418572e-05
-2.532276407001700624e-05
-2.076689189172773310e-05
-1.914159695490289604e-06
1.763526549569763480e-07
-9.073811190464975549e-07
1.058152368732186340e-07
3.359079646821487935e-08
5.212478246058601878e-08
-4.518347023027638802e-09
-3.610323426791636660e-09
-5.260814116356406614e-10
2.829204282205188085e-10
2.668102303962754751e-10
-9.290195300836454738e-11
-5.140805645747413251e-05
-4.616531359976919555e-05
1.004649399638233723e-05
6.766023917116975608e-06
7.333186584464304688e-07
3.599514387313574352e-07
3.086654872425140672e-07
2.080077064391292275e-08
-5.472312237706143528e-09
-2.648776097002818776e-08
-3.990120345670413401e-08
-5.136267816746109176e-09
-8.380944857327809730e-10
3.094443119146149026e-11
-7.173411795584276574e-11
4.998034992184751688e-11
-9.839667438297539125e-05
-1.191388152010578317e-04
2.706256724053652385e-05
1.133619125614523950e-06
-4.222838510162195561e-07
-9.720857024480523622e-08
3.194345770568378849e-08
-3.620194792539804845e-08
-1.962213223910197488e-10
-5.813545292092598988e-09
1.568617084707396075e-09
2.098945365145248786e-09
5.724023739739487699e-10
1.094774392398274682e-10
2.516548052842756809e-11
-5.770985328194958416e-13
5.160854926882387612e-05
4.249600265363544368e-05
-1.816838471875132185e-05
-2.995226498332012262e-06
-4.739283729219470622e-08
-4.022928948073637346e-08
-3.058463099645411204e-08
1.178360325316953642e-09
-9.297516226000959679e-09
2.175809108477327295e-09
-4.487482587372938125e-09
-1.938032398508808698e-10
-2.153119425250421411e-10
-9.404745824818804048e-11
-4.227742459563512425e-11
-3.135455563741566508e-12
-2.927225899519635970e-05
-2.312249637654537963e-05
1.442265344113157215e-05
2.829506767518915526e-06
3.429325657939881455e-07
4.048656221883788692e-08
2.153156954865545243e-08
9.221883744872036027e-09
1.012944594341121025e-08
-1.475828797570072671e-09
3.944364977293654946e-09
1.171208695141413773e-09
1.099233370208396401e-10
5.976734590879925033e-11
1.012141516287118795e-11
4.353935672002623256e-12
-1.220101900985880880e-05
-1.189045996056910147e-05
8.184182950104672641e-06
-1.640525682824511976e-07
-2.604078582361164155e-07
-5.191256339657120352e-08
-1.646831956499425077e-08
-8.122336390311646647e-09
-4.120518542858829528e-09
-1.715898793746734671e-09
-1.412880049406230939e-09
-5.005939214906652592e-11
-5.936488069171215653e-12
-1.189774785225171754e-11
-6.268179231532641532e-12
4.606798662755474970e-13
-2.053618698002351341e-06
3.142378774455317113e-06
2.471567211165376344e-06
-8.079748196707815498e-07
8.590974260692143080e-08
2.948599906821001126e-08
8.290221461820095369e-09
5.291971196179482135e-09
1.690411891029337868e-09
5.482678312816294131e-11
7.221132918069525517e-10
1.000808840391311006e-09
5.933367414125196395e-11
1.119211475350398228e-11
3.895700800138426442e-12
-1.752794297597759514e-13
7.674597293236828932e-02
3.241870586415136757e-02
-2.170861057269518266e-02
-1.574281055346887954e-03
-7.823944887778569782e-05
-2.182410637425443897e-06
4.291185604878869072e-06
1.181238853023023232e-06
6.428515168218815838e-07
2.148041822147092673e-06
2.138184446313504080e-06
1.252249541908881158e-07
-5.234841767709027583e-08
-1.286742579302204456e-09
-4.021106552038317910e-09
2.279307930476004540e-09
-6.849660020425105889e-10
-1.012346596078133112e-02
-3.276565499345736147e-03
2.421592600867971887e-03
5.789481644743266556e-04
5.493738436450819080e-05
3.226771282121184130e-06
-3.750180903165335512e-07
-2.308160024417054060e-06
1.995952328954311261e-06
-3.793065995972938301e-07
8.861724482818991158e-07
-4.790070379070132008e-08
-2.408860165088370128e-08
3.902408929790339452e-09
-2.270945585876224543e-09
1.394764960432547238e-09
-1.474506798525861911e-09
8.810196248045293246e-04
5.195701321428404127e-04
-1.225898992198533246e-04
-1.558436610220388012e-04
-4.020151674551433583e-05
-4.509142743704813038e-06
-1.428813558985491954e-06
-1.642740575468635668e-06
-3.701358170884566278e-07
1.354818910517557216e-07
-5.093114925164130238e-07
-1.076918967937624652e-07
8.938662445616347018e-09
1.479630136464039652e-09
1.224487734535322936e-09
-2.366561911838502665e-10
6.487899725177668797e-11
-2.209668819976401638e-04
-2.154215995509712169e-04
9.316508636769028223e-05
2.433824233228371200e-05
2.129095656772475405e-05
3.348216722662391485e-06
1.235572606827426486e-06
-2.675650260966958675e-07
-5.176063582671718183e-08
-1.285695465407620463e-07
-5.182022942938722624e-08
5.363656528144484285e-09
7.806795815539842921e-09
4.010077565360452100e-10
8.522386091832019074e-10
-3.338382669381703386e-10
-6.319162767095843478e-11
-2.188968146066928638e-05
6.206116852617492253e-05
4.867240160386623524e-05
-9.818111996925002293e-06
-9.003321302041235503e-06
-2.070885845819634131e-06
5.346232364995036320e-07
2.329950477660527210e-07
2.101695794483634275e-08
4.620824491362957363e-08
2.599438146641748477e-08
3.777211967175637040e-08
4.211584434357852303e-09
3.970889700906294061e-11
2.115970709074158136e-10
1.363908947105137077e-10
-3.773553728355421542e-13
-7.253309251891122483e-05
8.260227789312241955e-05
1.175741527676678425e-04
-2.683848540953608937e-05
3.502055882371036798e-07
5.979937174357606593e-07
-2.598669459199930757e-07
-4.016260687197663208e-08
-6.430414718467186206e-09
-1.855125512367267373e-08
3.745597611363828794e-09
-4.088729962924653735e-10
-1.810503748948419824e-09
-3.934361077960033954e-10
-2.355032592790270605e-10
-6.804190446362653159e-11
3.065038843429213272e-11
1.665336860955155443e-05
-4.855426115022542361e-05
-4.215928885847439238e-05
1.793046686811504252e-05
2.497407433857041250e-06
7.766529885974002633e-08
5.627064598172222782e-08
5.160177620616358006e-08
1.817023836303919438e-08
1.298649319736941974e-08
-2.304372692372356235e-09
3.803079080414594606e-09
4.914021769079723187e-11
6.694915594251751597e-11
9.089119637969811993e-11
2.312316486392817678e-11
3.978661648716495262e-12
-6.085290333609016241e-06
2.835140418470963412e-05
2.303249181613686028e-05
-1.432666253576547016e-05
-2.720599874252264215e-06
-3.510853933140456374e-07
-6.835498157755616773e-08
-3.742018091723237577e-08
-1.617284492494712918e-08
-1.147372247062441920e-08
1.425648398293964223e-09
-3.685655140530243173e-09
-1.020111575194233166e-09
-4.357443921033485416e-11
-5.459705519954068581e-11
-1.000725755535251743e-11
-6.800297217730730746e-12
-2.757658508353860004e-06
1.191271584401404018e-05
1.188629990772482875e-05
-8.192828292289022326e-06
1.527450239612475710e-07
2.700085096887434650e-07
5.774691631911523637e-08
2.694658400339181383e-08
1.415157042037621330e-08
5.444776049490608811e-09
1.923116326542445694e-09
1.267462301911588126e-09
-2.623157580205785208e-10
-5.483449800871822992e-11
1.064367598479171641e-11
6.364408346242789548e-12
-9.011437708893210925e-13
-1.092164790575191426e-07
1.889130310449712333e-06
-3.552320389471690219e-06
-2.685055444762958654e-06
8.354633843425013041e-07
-7.091229793452342905e-08
-4.069855109790340835e-08
-1.524914991068012220e-08
-7.469053474268030194e-09
-2.672874926156722764e-09
3.131751824054442530e-10
-7.138195474420256225e-10
-4.164842625538197902e-10
-6.098483462607419157e-11
-2.152402738805370132e-11
-6.392915620431939178e-12
7.965199223106805100e-13
-1.520234223726707745e-01
-4.531750740654535287e-03
-1.183366017907129108e-04
-2.998338695177946400e-06
-8.146070636462580280e-08
1.023682843030434061e-06
-1.190655390908741682e-06
-1.220462632301670549e-06
-1.463862630038279369e-06
-1.225454317724956383e-06
-1.542046654024865770e-07
-2.386872669537761623e-08
8.908540397342469131e-10
-2.358490205477240379e-09
2.978847487298521480e-10
2.696369833937942026e-10
4.606969732058097122e-02
3.649734117333797156e-03
1.793060044060668275e-04
7.584183545950664123e-06
-1.294060095272528836e-06
1.151379495413035240e-08
-3.401381591305233811e-06
4.587665505600081178e-06
-2.299320426299759383e-06
-1.131055158393617511e-06
-6.455966423242131687e-08
-1.606547062225930758e-08
3.403088345767454089e-09
-2.026598719830342048e-09
1.273706971140088650e-09
-5.168220342749918551e-10
-1.143951873225824284e-02
-2.226548269772497812e-03
-2.046525728514945574e-04
-8.442046613710065412e-06
2.975894449605355224e-07
3.793955182079440110e-06
3.283308484152400117e-06
1.726758926824272120e-06
8.972833898801712685e-07
-1.131915977571672838e-07
7.851966944617760734e-09
3.795166159626579748e-10
-5.429573031175878136e-10
2.616921639098961632e-09
-4.655101265699107032e-10
1.348754107189988078e-10
8.320772583048219448e-04
6.050505436714368520e-04
1.194918550611331160e-04
8.872895383259364960e-06
-1.639729692602396995e-06
-6.094330794877094715e-07
-2.710484572195848493e-06
-1.092624437352120014e-06
8.453353251564227455e-07
2.353788294901256305e-07
-6.300652269193320368e-09
-4.011386395266536627e-10
-4.256465463315488297e-09
1.874342508864724156e-09
-1.345014395253062597e-09
5.070201699791112132e-10
-3.777198974014271422e-04
-1.215720041538431435e-04
-5.827504337124253785e-05
-5.309247624087996442e-06
7.545687497036464436e-07
1.758317435848000468e-06
8.471478562489596760e-07
3.956948102485173454e-07
-5.236317426449123213e-08
-9.628968451212598238e-08
4.272217519233821138e-09
1.579332074039708247e-09
2.070695972151038807e-10
1.727149885032924354e-10
-4.373504665073549686e-12
-9.675855047247332653e-12
1.294968436468621898e-04
5.612397876944564390e-05
2.417840221070630415e-05
3.103392098712844014e-06
-2.371471551816143251e-06
-1.471133248933518500e-06
-3.793833256701124783e-07
-1.224124348731327957e-07
-9.500327726742436138e-08
-2.273046789141937193e-08
-1.154809385947970775e-08
-5.635492639008187408e-10
2.574091692292113064e-10
-5.227958276454717747e-10
1.905509188016533832e-10
-1.225192543566125318e-10
1.988290308920299856e-04
8.633190780133263820e-05
2.035092065817431813e-06
-3.748070389111069213e-07
1.608364751632304867e-06
7.473856720700902238e-07
2.899580142800551181e-07
7.680935126963201356e-08
3.511552355714245089e-08
1.052215780155044636e-08
8.852380579951717145e-09
9.060949610332029619e-10
5.085192804479144922e-10
1.897340981692643669e-10
-6.771566443883811166e-12
1.761037605809711599e-11
-3.825322067901327903e-05
-6.170847084258710010e-05
-9.424887307289019477e-06
-1.072075119168352170e-06
-7.333778478491444334e-07
-3.902809254803054718e-07
-1.718649624195670024e-07
-5.996422784085381183e-08
-1.782188455220570800e-08
8.655052148179998206e-10
-4.086932472437592192e-09
-4.589827164768889507e-10
-3.889866185187511912e-10
-8.992791303361907293e-11
-2.442672315590530070e-11
-3.538496862815782383e-12
1.405195383236404091e-05
4.805297922753139781e-05
9.862899693774550318e-06
1.472609844348203617e-06
4.309879755045713688e-07
2.061206186017879384e-07
9.678849955887788711e-08
3.268849090968101808e-08
7.571437290014235147e-09
5.118023994391619604e-09
3.183032632051997543e-09
2.592936305801926812e-10
2.266951499446623487e-10
5.216512198313733606e-11
1.661250646915148880e-11
-1.273993745130144639e-13
1.322224978121722103e-05
3.007692023036213103e-05
-4.482271644757593682e-07
-9.879170888919132457e-07
-2.662580905781083608e-07
-1.098964174782718175e-07
-4.732635694972629937e-08
-1.806029792524584173e-08
-2.700277714876327359e-09
-3.421297787452111290e-09
-2.107862024453594289e-09
-1.525232995124478875e-11
-6.238420865498413157e-11
-1.951174250132056159e-11
-8.552019593647934589e-12
2.503307802195993785e-13
-3.637674076789912967e-07
-9.677295919455264743e-06
-3.100914399696709654e-06
2.422708930906502287e-07
1.261528062753958378e-07
4.031886737181792279e-08
1.805624617448353820e-08
7.703922368719927680e-09
2.671554344928049103e-09
1.010464094754887965e-09
1.734369674016942762e-09
1.693349505549239621e-10
2.585244653927323672e-11
4.173443805802633434e-12
1.176932084718679414e-12
1.039087242956344024e-12
-1.644995769924553763e-01
-8.196909724008175080e-02
-5.602654955962613204e-03
-2.646244853518626289e-04
-1.123856386493245755e-05
-1.021344744363349568e-06
1.410497567915063086e-06
7.470563820830717757e-08
-1.230870637698119940e-06
1.907766223910982399e-06
1.105705182549825298e-07
-7.765512448173904616e-08
-1.782959847113303203e-08
5.010273076742659918e-09
-4.659672832600213605e-09
1.011136564729368203e-09
1.023751275661089259e-09
3.283448751379482080e-03
1.047738970385661030e-02
2.073916747840525484e-03
1.948962515508393344e-04
9.868630330725174088e-06
9.105967411638240580e-07
3.402721981280857125e-06
1.109036150480802100e-06
-3.238843663600807149e-07
-1.480314725261395624e-06
1.977942128395782622e-08
-6.943946989853514240e-08
-1.106318480195586083e-08
2.340366130704368881e-09
6.976258207158096253e-10
-4.522494585518106351e-10
-8.439311320542615566e-11
2.480359627932664105e-04
-7.777715475852550438e-04
-6.047483552415636003e-04
-1.170570493036126664e-04
-6.481550097754430695e-06
-1.771526354384493710e-07
1.150063433087071204e-06
-2.029567515693944891e-06
1.053228584520226315e-06
-1.027536525218204524e-06
-1.704645306587509967e-07
1.478135496379448572e-08
9.722408661545131570e-09
-7.201777942449017558e-10
1.532440662636923763e-09
1.295327374189220418e-10
-1.114592352576611385e-10
1.279119219923422846e-04
3.993473931692643813e-04
1.237002095095026267e-04
5.815047750433755420e-05
4.862300566955076822e-06
-4.386309132163795236e-07
5.608857155286263892e-08
1.599665838604349028e-07
-3.721804879811809510e-07
6.922848729161215804e-08
6.289280593435364010e-08
-1.457444884257299210e-08
-1.418890307286351679e-09
-3.367598250753979568e-10
8.398745175038060945e-11
1.538519100106666956e-10
6.477218857963205035e-11
2.175734211505462137e-06
-1.261458549900048264e-04
-5.492714237064805119e-05
-2.298762401234197367e-05
-2.307018911242930096e-06
-1.788420401078857862e-07
5.904600024442076508e-08
2.202177006010599699e-07
3.884576369888188509e-08
1.151469610366479884e-07
3.887993172257792904e-08
1.900172372200157819e-08
8.309255497034283211e-10
3.222453155506425164e-10
-1.040229844387428462e-11
2.657488189239113939e-11
-5.252909802017297186e-11
-1.875546496705171381e-05
-2.000098867049449991e-04
-8.703280380383720052e-05
-2.835851321022942893e-06
5.094347650707616120e-07
-1.130839174059040368e-07
-3.019817867336980084e-07
-1.465374197202785117e-07
-5.064107004342159468e-08
-4.957828926921047501e-08
-1.969442327439882469e-08
-1.208199531712475502e-08
-1.357822467167267273e-09
-3.996066955953064697e-10
-6.196079854388711817e-11
-5.994867151781206395e-11
2.777431791618214840e-12
4.853336349602351610e-07
3.777865177441400456e-05
6.197208838595635915e-05
9.627219163323300695e-06
7.408397872679042162e-07
3.207245428980452298e-07
2.545308854245014912e-07
1.114744214056096823e-07
5.220715096124514972e-08
2.422918260956896437e-08
3.318768329889330588e-09
5.340773804283535286e-09
8.153719540723162922e-10
2.752379371114893311e-10
6.906426253234508216e-11
9.537633356134924699e-12
1.385184383572417517e-11
2.353298121294738927e-07
-1.384272391130418950e-05
-4.814838491048043558e-05
-9.838971256295064001e-06
-1.308749436887737786e-06
-2.930636436555200535e-07
-1.706948976852421678e-07
-7.602704033003149463e-08
-3.328331876668069181e-08
-1.099666893228467681e-08
-7.187561254339357573e-09
-3.784187936480109779e-09
-4.157212282945675445e-10
-1.838515832812841435e-10
-4.204421546328613597e-11
-4.351134818841925307e-12
-4.573057107590972712e-14
-1.221556498009303217e-06
-1.332380461053795890e-05
-3.002573567029800689e-05
4.126160957469296614e-07
8.953243251720337333e-07
2.288172930102518061e-07
1.008070738916125799e-07
4.590479759728481085e-08
2.095374472284306898e-08
5.082199073584898080e-09
5.034167580973791523e-09
2.040785544506613077e-09
-4.588055629168869158e-11
7.533524942584347400e-11
1.035287362460486996e-11
4.905336771820876248e-12
-2.820017975429839454e-12
-3.589138434048570193e-08
4.095242213698505729e-07
9.671305781448133533e-06
3.279180378139287428e-06
-2.104661586596819822e-07
-1.524201258637252811e-07
-5.433244428984780133e-08
-2.524436323132740857e-08
-1.258218691658453101e-08
-5.809368730862189065e-09
-2.159630654484908882e-09
-1.889950443946167237e-09
-1.364089720667774363e-10
-6.409582465860737859e-11
-8.715239997357628412e-12
6.664664945338460037e-13
-1.470536983926891754e-12
