1.316173866383155977e-01
1.029434319064478354e+00
4.225574224488546499e-02
1.240024265184794857e-03
3.182619517176557956e-05
4.540364610960334537e-06
4.145465026441478157e-06
3.989525092531658495e-06
-3.957390343736800737e-06
2.141673970096989072e-06
3.895199352440655098e-06
8.612877412059419954e-07
1.312664089103125056e-07
7.242407575361679829e-09
4.948632596277985342e-10
-1.254405625140603607e-09
-8.201420504278312079e-10
-4.741500400032025442e-02
1.282264942829446364e-01
-1.331410536550644771e-02
-1.078177423770034947e-03
-5.414221889844479852e-05
-5.010777803936320812e-06
-2.274336458022790995e-06
-5.637899313020618684e-06
-2.669219347893120204e-06
2.287971472447615208e-06
5.349257261472473755e-06
7.582099700692717920e-07
5.953497813172762218e-08
-2.310287800852501865e-09
1.585859150811423008e-10
1.022427410849979386e-10
-8.944173883113047351e-10
1.277607763703094389e-02
-1.737758826939430831e-03
3.449998015566589811e-03
7.357939587359994382e-04
6.326798313681710341e-05
3.796232313460669853e-06
8.489039219120566694e-07
6.810394996526470050e-06
-1.595187298209775410e-06
-5.571240772372653844e-07
1.498594509276877732e-06
-1.964148573901068270e-09
-1.028539662636286798e-08
-6.522949113887491694e-09
1.135903576838157478e-10
-6.243366890799514855e-10
8.156266707446684762e-10
-1.214518247374129362e-03
-7.975810445825270208e-04
-4.259866006791848832e-04
-2.085897339151446587e-04
-4.603822874251114057e-05
-2.584819357882797673e-06
-9.997243273636682829e-07
2.389690602956578626e-06
2.535864049489342548e-07
-1.472001618929530348e-07
-5.519226707637550293e-07
-1.023349562573834369e-07
7.544513152201020291e-09
1.159638349145151468e-09
-2.212287532164352635e-10
7.378358572579349105e-10
2.882273389388475630e-10
1.681053959461013359e-04
3.746655309103376434e-05
1.647737966144098565e-04
3.979915637402206476e-05
2.610241521163527171e-05
2.094593011762994131e-06
-7.477979154969367797e-07
-7.778635437391180840e-08
-1.955396741101249484e-07
1.817048834560920610e-07
-1.123310763269057084e-07
-2.145113078512619077e-08
6.550044461468380285e-09
1.681984103231150983e-10
-1.006079011546540961e-09
8.823384836963823261e-11
3.543798978936776689e-10
2.563678144435266041e-05
-8.255403868006180792e-05
1.009403355534943254e-05
-1.373706626588826997e-05
-9.790553552200226709e-06
-2.461566745735408123e-07
-1.336011564692598161e-08
-3.460560025196787403e-08
1.138452113563325821e-07
2.161917221454507625e-08
1.165530916301751857e-07
6.109255563090018590e-08
8.024312531128265540e-09
1.006461099458063312e-09
-2.988354427764791629e-10
-3.903852499531951160e-11
5.195601377161929125e-11
9.986650076147905871e-05
-6.503892560284397378e-05
1.559255005211387045e-04
-3.632677328012625588e-05
-1.918139906418646059e-06
-1.646905261930901368e-07
-2.263744058428952701e-07
-2.937742463446302435e-07
-1.078435833331147305e-07
-4.651508133073382723e-08
-3.531559579216733769e-08
-9.564708452626297278e-09
-4.026672025917668730e-09
-9.774402552734349804e-10
6.271331965929401173e-11
4.338721264123706506e-11
-8.989313555949694609e-11
-2.397217132518146565e-05
6.768155599984510028e-05
-4.006016728659530141e-05
2.827220838509514249e-05
5.188928133323963713e-06
6.633285753991501584e-07
3.662616327296200884e-07
2.087718521260004431e-07
1.119920306474746757e-07
3.274125798316221388e-08
1.438374481041545594e-08
9.647097632655290609e-09
1.438453399726382694e-09
6.854697559044044948e-10
1.807592114040867714e-10
4.739286868523962985e-11
6.502453232334903184e-12
8.862847872269676754e-06
-4.418786885256472633e-05
9.119411026894445895e-06
-2.572317861817908965e-05
-5.194030032617276365e-06
-9.762537223686307756e-07
-2.836721010907048902e-07
-1.334995815611972717e-07
-6.099241890211490628e-08
-2.546030983928753926e-08
-9.085779042368995120e-09
-7.097851268825494025e-09
-2.412969638359437224e-09
-4.480346454956090015e-10
-1.194604912887350953e-10
-4.164465002105148190e-11
-2.738704341366286725e-13
5.346303695006902808e-06
-1.898639270218594578e-05
2.122982003377419801e-05
-1.295309612622595477e-05
8.056228392412541594e-07
7.063837483607881186e-07
2.078390700713523101e-07
7.481580644070321955e-08
3.040439527254416230e-08
1.338408863529209367e-08
1.258170335730207947e-08
2.608092228697875073e-09
1.810773071559735506e-10
1.338376960238437021e-10
1.935837317114450173e-11
6.222853978204573785e-12
2.370445062404827720e-13
3.397062541694919077e-07
-3.284960533785520756e-06
6.571535632389664138e-06
-4.946075058446922438e-06
1.259069516246756476e-06
-2.891589684605164528e-07
-9.980574445475936159e-08
-3.560068067793810516e-08
-1.243872177123969647e-08
-4.793040981673326457e-09
-3.341462894645837586e-09
-2.483079333444885669e-09
-2.064136149438548555e-09
-1.691060203820293863e-10
-2.065636749159484950e-11
1.674745233991286427e-12
-1.086736726811540889e-12
2.439475308897173789e-02
-2.388434075662408673e-02
-1.680248177043257296e-03
-8.009998340908648369e-05
-3.849255120268630966e-06
-1.547267229881889006e-06
-1.286475459424552932e-06
5.768999035880688262e-06
3.232724529895774105e-06
2.527697767690383530e-06
1.961920330069319933e-08
-6.364982520039731939e-08
-1.941720676343577226e-08
2.504828393508556038e-09
5.639197092241462580e-10
1.056521031033691448e-09
4.745491293497682006e-04
3.188325268201486727e-03
6.838473776768054253e-04
6.014677838623007448e-05
1.371361362267533593e-06
1.572535062388787175e-06
-1.049495379604839268e-06
4.709974103285135731e-07
-8.071905763112518803e-07
1.093488249577197083e-06
-9.896098019140430189e-08
-1.750904263460668431e-08
-1.276928279308356906e-09
-4.575695344855856306e-10
-6.773420725515604824e-10
6.564467779556670289e-10
-6.920440372460061416e-04
-4.091820204483211641e-04
-2.138433537208428643e-04
-4.498058284679747721e-05
-1.482262335450008739e-06
2.498801187339266209e-06
6.777559405060623142e-07
8.900200164877246714e-07
-7.194418697462317838e-07
-5.900451944083361637e-07
-1.119130039540690352e-07
8.355521726770349155e-09
6.601258367002538158e-09
1.636596317399943870e-10
-3.809547573107831167e-10
-6.854563470539140509e-10
7.827917843375515792e-05
1.732441185647448786e-04
3.849275150651751447e-05
2.581485066312747361e-05
3.569014791069816290e-07
-1.016839470742362943e-06
-1.175263979517373320e-06
-2.515583645624212531e-07
1.918659340478465133e-07
-8.227929877272519605e-08
-1.018471469241407542e-08
1.092173574414583048e-08
-1.502193351305996791e-09
-5.413644899666702298e-11
8.275591415506278691e-11
-3.236582936402265370e-10
-7.039037152381390596e-05
1.221175400548963548e-05
-1.536600118893988173e-05
-8.745653671468087500e-06
2.136762695759986666e-07
1.805601988851809717e-06
9.764963042331380123e-07
1.502413801054138629e-07
2.951383041070403574e-08
9.736746305393304909e-08
5.294925475986183007e-08
7.530784703951410945e-09
3.021456245383537955e-10
1.807401009556904559e-10
-1.790221239314236811e-10
1.999432607669433602e-10
-8.529433311287471387e-05
1.543850119440796703e-04
-3.566371630626269802e-05
-2.782925171198062142e-06
-9.590196571478126431e-07
-9.919466598297411292e-07
-4.324501971704064699e-07
-1.344916405169906905e-07
-4.658734985435599801e-08
-2.805602607562750039e-08
-6.561911532562443958e-09
-4.052701720008749591e-09
-1.207860840599211107e-09
-1.776900711371667644e-10
7.369920579410451752e-11
-4.015864519974857586e-11
7.124570856767043913e-05
-4.010326010287575300e-05
2.835214757104920401e-05
5.678326710403934795e-06
1.153114154112267985e-06
5.269998629293768547e-07
2.653346290082829937e-07
1.176720223217912811e-07
2.400591323071132569e-08
9.395305203350876003e-09
8.286469624099456853e-09
1.410781841149735236e-09
7.402062481975871090e-10
1.824767204962751183e-10
3.443097759793962214e-11
-1.296616941987139412e-11
-4.501930777538298953e-05
9.100586392827836991e-06
-2.582604435275426727e-05
-5.441906597237861721e-06
-1.143121823040310699e-06
-3.750573560251672173e-07
-1.612163326472500547e-07
-6.224466846616164361e-08
-2.239098060934353663e-08
-6.951188947301470012e-09
-6.526082815299443204e-09
-2.393180810611754131e-09
-4.768571693054198031e-10
-1.237229921542520804e-10
-4.707737253743606114e-11
4.528092866425077809e-12
-1.964939502553791624e-05
2.117200048782513934e-05
-1.291812186776576252e-05
9.360666919281143334e-07
7.814886331260216772e-07
2.513214103698627426e-07
9.949567715821924229e-08
4.024626596828682237e-08
1.471959384178166368e-08
1.186887414922969536e-08
1.683132455257239971e-09
-3.013111382027763887e-10
6.221977535310260645e-11
3.571539257549202466e-11
8.899339189900001397e-12
7.839267434729933397e-12
-3.661428509267217906e-06
6.752337125958109902e-06
-5.234697860250451875e-06
1.175711918341122886e-06
-3.300721728225711464e-07
-1.558114165179487540e-07
-6.061982260709201750e-08
-2.078345724567075428e-08
-8.562661065963689783e-09
-4.591089703965632092e-09
-2.176239171999374276e-09
-1.023492914764605085e-09
-2.406255732066899694e-10
-5.242046783845938477e-11
-9.972818764545511432e-12
2.059202484758351231e-12
-1.021628254246279122e+00
-4.207011294103613769e-02
-1.232894021195325446e-03
-2.819382803369948796e-05
4.730732781097659180e-06
5.158386718485467533e-06
6.679466975488077656e-06
3.572641012375416873e-06
-1.687324865752829771e-06
-3.894820761826724266e-06
-8.596498541988496646e-07
-1.291826750255048619e-07
-1.343360226268920486e-08
2.260206344052351644e-10
-2.270221677820458580e-09
2.707910628653518835e-09
-1.350545053317160349e-01
1.297485044965702994e-02
1.065958591342476818e-03
5.307526883998648932e-05
1.576661203683058652e-06
-2.371665210295035865e-06
-7.490479406836732761e-06
4.968529399767117479e-06
-1.342770373342118595e-06
-5.163105952614607267e-06
-7.476583897165554547e-07
-4.569433024061635623e-08
1.133223286296150241e-09
3.114354005104883667e-09
-1.106634518567642271e-09
1.074116003851408741e-09
6.341788623267891403e-03
-3.080800424071707729e-03
-7.166982622012807490e-04
-6.464596325228262694e-05
-2.211796567029563654e-06
-2.430600008539998852e-06
-1.367754757433501668e-06
-2.268480320055598122e-06
7.474350842260601062e-07
-1.551507999987961014e-06
-1.265089006686037357e-08
-4.435823175670158023e-09
7.002330972682715194e-09
-1.790128677009690194e-09
-8.070409852534907192e-10
-1.696998346812638722e-09
-5.360892346380609439e-04
1.955449095867376863e-04
1.922091747730077140e-04
4.459488465192210468e-05
2.687276969084574840e-06
7.550109284324566023e-07
-1.690592587939971163e-06
8.788460541408334592e-07
-5.305781779483147364e-08
6.227281224684473713e-07
1.295582052583149564e-07
-7.596290838905231480e-09
-9.604299501517125199e-10
3.259027339472689632e-10
-6.354857631318504290e-10
-8.966663415113086079e-10
2.424935897368186348e-04
-5.349030668685091409e-05
-2.982009180269199020e-05
-2.706813885092828223e-05
-2.090608730432823304e-06
7.712127104233666204e-07
-8.393382939630362788e-07
2.581208169209210407e-07
1.024554213767450928e-08
5.310081545367726291e-08
1.365089925214619728e-08
-7.230173421300881719e-09
-4.366014141295013533e-10
6.376209809397749265e-10
3.585058682765582257e-10
-9.994027517908155873e-12
-5.423911016694034918e-05
-5.504577367260476723e-05
9.615074349309076900e-06
1.056701384464925206e-05
6.675445359124582422e-07
3.980600808470164082e-07
4.388927514387247464e-07
5.542090474495592112e-08
-5.319503371451966676e-08
-6.012219968579892330e-08
-5.632645237256592256e-08
-6.151867620310988396e-09
-1.076316903582672371e-09
1.333508325020493103e-10
-5.992300123421743647e-11
7.744408420173726521e-11
-1.374372202392772741e-04
-1.619100951126760900e-04
3.693023197115554161e-05
1.365945892704000793e-06
-5.144401724014588172e-07
-1.523129467900718722e-07
6.706537951971666273e-08
-6.725651787207666704e-08
-2.946526333333418700e-10
2.991395161733114379e-09
6.560160721698050548e-09
2.588502828048238287e-09
9.480527838780620003e-10
2.824014966933022701e-11
-1.040363050128981398e-10
4.845208245923469270e-12
7.599441291167581655e-05
6.266572661004517328e-05
-2.640770751280366375e-05
-4.515238114805938686e-06
-8.005250215301737771e-08
-3.406886548822536920e-08
-5.178138860327294892e-08
-9.320485732424182386e-09
-1.141549052353572612e-08
3.945876461135841791e-09
-7.849330184084617244e-09
-3.837127303720802357e-10
-6.390619545518038550e-10
-1.480658884531676062e-10
-2.463721477533254975e-11
-5.215949864363993476e-12
-4.519321615029253545e-05
-3.431910842754512156e-05
2.238509903761305448e-05
4.492202919983841532e-06
5.749226745911056227e-07
5.987083757545451555e-08
3.073153580902948480e-08
1.781773721557118541e-08
1.470445052402174042e-08
-1.753998541736165099e-09
5.824727341016122877e-09
1.717889124785007570e-09
3.993459932959665445e-10
8.523881903996299969e-11
3.577873464241314104e-11
6.699806929882528225e-12
-2.278180948557866298e-05
-2.204476799995730806e-05
1.517618065265611021e-05
-2.168998921889161888e-07
-4.608729717300614040e-07
-8.491489563382729588e-08
-2.351162688551902966e-08
-1.398347114448552668e-08
-6.389295260390275218e-09
-4.635888107064539349e-09
-2.169987214415243248e-09
1.604510071613930370e-10
-8.063490219550726192e-11
-6.620426491090436302e-12
-8.552915134148729741e-12
-2.591348976168900085e-13
-3.973544966694252773e-06
5.984972728183445783e-06
4.521004083545693444e-06
-1.560683288084263776e-06
1.734055992927011410e-07
4.984270196044875871e-08
1.591072669286969971e-08
7.984186639402580213e-09
2.148416881888094827e-09
7.885717452932620128e-10
2.049353680485592672e-09
1.952273271568972000e-09
1.403081500297418828e-10
1.023237342919461098e-11
-1.612905773269310184e-12
-3.366680140118410772e-13
8.262522914183746681e-02
3.495564297676820309e-02
-2.339622444364413897e-02
-1.662951500557149518e-03
-7.942757574909241466e-05
-2.180024966431666225e-06
5.103081168306502877e-06
3.035331256428795460e-06
2.330831792694123498e-06
3.114464653561875912e-06
2.667475900641152389e-06
1.754663095730818261e-08
-4.917418662408844976e-08
-1.660047214828009021e-08
-1.291006570799057810e-09
-6.454327045099390612e-11
-4.854610855334934150e-10
-1.182522720837041012e-02
-3.800744491567533637e-03
2.835794042473667367e-03
6.644527715469897636e-04
6.026485811547856115e-05
2.585479475413457788e-06
-1.174276183149480167e-06
-7.879912114372947378e-07
3.615841622328753569e-06
-1.055592873103947020e-06
1.128910961416752446e-06
-9.595460485826135574e-08
-1.683179903083553984e-08
2.558897129141274192e-09
-9.015953610026442097e-10
-6.006460793233629507e-10
-1.027003829044585683e-09
1.143785835733630331e-03
6.552087537808336552e-04
-1.788655303122867624e-04
-1.970545421422112788e-04
-4.787938433942662449e-05
-4.581294295404823971e-06
-1.140066705423703803e-06
-2.095242726975042127e-06
4.597476061388722382e-08
-3.737486358545899038e-07
-6.222907009422220803e-07
-1.059727065565946250e-07
4.061842009333650767e-09
5.504759218470051871e-09
3.323997473893790398e-10
-1.999127044288213328e-10
7.119974194060548846e-11
-1.866593718809660878e-04
-2.002161797903547727e-04
5.800166117748835169e-05
2.741285709936845601e-05
2.758390711738155929e-05
3.951528742832653356e-06
2.118228275387014937e-06
2.280505884050186995e-07
-3.219094554402662692e-07
-6.756494925794179188e-08
-6.300624301581741043e-08
-1.255172323741021260e-08
1.361139568804985470e-08
-6.513286508984932465e-10
2.753810988265744285e-10
-2.553176706435449811e-10
-3.078961044168827349e-11
-2.553630068272167241e-05
6.697879185435978754e-05
5.727454780701692598e-05
-9.543290930681025175e-06
-1.205361222921953515e-05
-2.294775280260452615e-06
3.943870859807951069e-07
3.786073924111426880e-07
4.614925940815716731e-09
1.019815447416715048e-07
6.535882625235473986e-08
4.939998175198154651e-08
5.658000654997235796e-09
-1.179400327822654042e-10
1.455364332186291849e-10
1.646591187364529854e-10
-1.092426336960997246e-11
-9.865348510291114777e-05
1.151645400464768547e-04
1.602532003879227388e-04
-3.644049378430714751e-05
6.268090221354495267e-08
7.559904705865589797e-07
-3.017610591936539666e-07
-1.331103556350286965e-07
1.627063576186014815e-08
-2.658112158532827826e-08
-5.768976680827720517e-09
-4.550298131769749236e-09
-2.601046552831665848e-09
-9.123044168512968654e-10
-1.507323831320593768e-10
-5.282736883485737144e-11
2.671555257503146989e-11
2.487570477689618720e-05
-7.148527704995933328e-05
-6.253977905167254329e-05
2.599350731518601160e-05
3.916485177666870331e-06
1.010678816853614434e-07
8.241074234640244824e-08
8.414199351645690013e-08
3.249567433992229965e-08
1.666193002409718549e-08
-4.970184938306416742e-09
7.122193434768185828e-09
2.189222895954232956e-10
4.996718001038774935e-10
1.367100278321091177e-10
2.638967343197076748e-11
-2.291839669718025143e-12
-9.264475239098042000e-06
4.403494372497570805e-05
3.432660361503351562e-05
-2.220207896520473489e-05
-4.342819596983802182e-06
-5.703949715859363587e-07
-1.054409284458590864e-07
-5.219875469164431377e-08
-2.711715750171432137e-08
-1.694479193477395036e-08
1.718391231389075921e-09
-5.619858743423476225e-09
-1.529133131190335811e-09
-3.273393584255599022e-10
-8.958127247817227748e-11
-2.895587831780009782e-11
-6.962830235258506404e-12
-5.071688621428476051e-06
2.219152857602494465e-05
2.200438495550691907e-05
-1.517487157224103421e-05
2.109968554113458511e-07
4.739117135705339772e-07
1.031247478964697215e-07
4.219656663963528690e-08
2.467988928213509188e-08
8.667676197322687284e-09
5.286711228234792164e-09
1.503610378535323882e-09
-7.984451126671936348e-10
-2.986988241851017531e-11
6.635418247108812123e-12
1.256846569882349835e-11
6.211550460135439179e-13
-2.106900473044165749e-07
3.714541048257811846e-06
-6.824680993836450163e-06
-4.953941363187823974e-06
1.615899369604096696e-06
-1.473769646162329981e-07
-7.223522910700848614e-08
-2.804021339889716987e-08
-1.128990854355053925e-08
-3.182409862266037891e-09
5.458664503091184325e-10
-1.674602780424545863e-09
-6.641261683688992593e-10
-1.752949099710617845e-10
-3.123422853413478395e-11
-6.957181320037988272e-12
6.055939408087065453e-14
-1.505533407763311182e-01
-4.354405665445158606e-03
-1.072021388671347318e-04
-1.998303003035436452e-06
8.405168988759029359e-07
5.448489468076296627e-07
-2.428088425558322968e-06
-1.971803378117186253e-06
-2.283101177965890871e-06
-1.166154702594060370e-06
-1.950643252168302634e-07
-4.249042631074736302e-09
-3.675240857566381618e-09
-1.524162479265099990e-09
2.511554933354351198e-10
3.452015285556572429e-10
4.955971908935949410e-02
3.858949301954034666e-03
1.815075817026251916e-04
8.259332945788781040e-06
-1.198161392130927944e-06
-1.383101904991974964e-06
-4.447041430521380637e-06
5.018686000661078667e-06
-2.931160908326478323e-06
-1.242976169190096061e-06
-1.038607984525230122e-07
-9.633489460195109228e-09
3.698729219232205936e-09
-6.916504019557122299e-10
3.498987672351481844e-10
-7.651169664485990810e-10
-1.334666801739591013e-02
-2.556669765922241558e-03
-2.285596906686205806e-04
-1.028718872681227614e-05
-1.561230372317244740e-07
2.620764570864586412e-06
2.731284620947379366e-06
3.832357144280422443e-06
6.673001492902865134e-07
-1.494044685488179344e-07
1.283816809242497727e-08
-1.706222483898755977e-08
3.019034490938292486e-09
1.752377536455461699e-09
-6.429944670479304582e-10
-1.963672906765702443e-10
1.114169092198893408e-03
7.609432810385739591e-04
1.437325937019132735e-04
1.101666157982811233e-05
-1.426223818636529591e-06
-5.659520976473679510e-07
-2.778299721672779937e-06
-1.301256652649717706e-06
1.201962872925057268e-06
1.963430950013574766e-07
8.658549356891710950e-09
1.861918069093083845e-11
-3.980571051417088562e-09
6.153830542978548308e-10
-1.049399344101134875e-09
7.519516582489768530e-10
-2.644705885888863910e-04
-1.430870139349169892e-04
-7.689107778930636121e-05
-6.981803344885837291e-06
-9.327470890619150772e-08
1.158912056776754557e-06
1.308199716025826726e-06
8.699196447620673131e-08
-1.339739258576134989e-07
-5.733030689542245337e-08
-6.208514853772121844e-09
7.136329869725054207e-09
-2.810821672129049587e-10
6.327768892591266493e-10
-4.196442709912311113e-10
1.529624302166647892e-10
1.294165960655607153e-04
5.959784035271875271e-05
3.401195325225636981e-05
4.010607543301957213e-06
-2.151122094773312633e-06
-1.591806413297985578e-06
-4.513728777213399333e-07
-6.873766600541772454e-08
-1.158631686255917314e-07
-5.190130213994633322e-08
-8.926593266627373890e-09
-3.415778112758815285e-09
-5.632591456048858843e-11
-6.082784751999808623e-10
3.033829172091911729e-10
-2.830981887568135447e-10
2.735474135960907680e-04
1.185382079749995360e-04
2.928012602875660054e-06
-4.315406535101595248e-07
1.857645077221385557e-06
1.103609047564379328e-06
3.284390799155602312e-07
9.780212746652155595e-08
6.657745462405616304e-08
2.645013937259256489e-08
9.906487086512104692e-09
2.047684547541416465e-09
6.556454753814986042e-10
2.243735918564394205e-10
1.900071504483427950e-11
2.003937426750755079e-11
-5.628783075045561477e-05
-8.957013620678101360e-05
-1.416641501926621649e-05
-1.613387646317115114e-06
-1.019167495343870236e-06
-6.009932505327353575e-07
-2.489817917186001293e-07
-8.645389644461363678e-08
-2.619778966975632618e-08
-7.212350011007199165e-09
-5.691808466386689405e-09
-1.331113603454271163e-09
-6.056913429024498771e-10
-1.071558961870963678e-10
-4.708863332306272459e-11
1.720517559910124068e-11
2.002216365399369299e-05
7.404319659777813247e-05
1.560146665478575519e-05
2.391071876022890548e-06
6.838374361986138514e-07
3.199638619152778005e-07
1.538377924392139172e-07
5.103761716381491848e-08
1.282746294932867923e-08
1.038179153582298339e-08
4.935596755668996295e-09
1.015785713596624712e-09
4.398023445041689406e-10
9.688635722151453310e-11
1.770793169733688659e-11
-5.091578660067723104e-12
2.401933981450870718e-05
5.565708129649666052e-05
-4.241282302239042244e-07
-1.722936776220431907e-06
-4.610952342904777094e-07
-1.789361856569939763e-07
-8.340674042019254117e-08
-3.049190640042552415e-08
-7.121395517430354054e-09
-7.492657482663106325e-09
-2.711407351020827141e-09
-4.076066884225974787e-10
-1.279808067954016456e-10
-4.942668561634250112e-11
-9.252424884515192939e-12
-4.139200110885409317e-12
-5.512186663714788591e-07
-1.850496467798506411e-05
-6.022770707673732443e-06
4.540130957818282758e-07
2.333236368969792857e-07
7.283699474439464017e-08
3.470212022720276477e-08
1.490106788295828509e-08
6.879499622253428624e-09
2.300976684305236597e-09
3.233352506155190501e-09
3.875741095899946880e-10
5.302219327860225701e-11
9.666650756078665414e-12
-2.698339074275428015e-14
5.743124710628322679e-12
-1.779565461806500992e-01
-8.824129016829880545e-02
-5.929950636043219633e-03
-2.705400015811718745e-04
-1.050188414979143220e-05
1.726706643294778881e-06
4.579550440281232684e-06
5.033631922094240396e-07
-9.493461498342925865e-07
1.819721829197664041e-06
3.607184643017149921e-07
-1.337383177378450945e-07
-2.205499227696053226e-08
4.690949433822080005e-10
7.079382097746501784e-10
5.068164772088629136e-10
1.294832294622383729e-09
3.866376453760175629e-03
1.222947956356164670e-02
2.381622352708165965e-03
2.152165737032031968e-04
9.593910586302689580e-06
1.817663468248923520e-06
4.908347324941008939e-06
1.013768642820261943e-06
-1.070148312409127556e-06
-1.402196124436218809e-06
-1.237044166939607338e-07
-4.533073855924593300e-08
-9.401836324575348572e-09
2.833367481966064440e-09
6.277021017360728775e-10
-5.992178594347744645e-10
1.683534517071892249e-11
3.028343571196638996e-04
-1.040810057206496787e-03
-7.590942557318320662e-04
-1.425037183814999717e-04
-9.225443731176491316e-06
-1.666195153566004698e-06
1.082601584538336284e-06
-2.101284107319394262e-06
1.112926730751294875e-06
-1.342955943718887507e-06
-1.763157522026975277e-07
3.066587139126831385e-09
1.179252095319299701e-08
-1.188479007702278115e-09
9.254680330616764019e-10
6.594338101286426184e-11
-3.252761850423018630e-10
7.258433766427556356e-05
2.766394702766447936e-04
1.475760791704782359e-04
7.592997223926125077e-05
6.342560088508939865e-06
-1.066910408177329908e-06
6.018198920070764875e-08
3.398542152801149134e-07
-1.605267436602495691e-07
1.408384387369899547e-07
4.412600400483304640e-08
-1.226380341930422004e-08
-3.261969518681232142e-09
-6.965103082622680086e-10
-2.393904630308923741e-11
1.092101486135307283e-10
1.625028243795600017e-10
2.587359743392716420e-06
-1.261111869399905185e-04
-5.769578217026782700e-05
-3.356923067029405348e-05
-2.776962058594397384e-06
7.961182436485468600e-08
-1.338480231726820287e-08
1.488190732591750130e-07
6.299621458022911878e-09
1.335087664389659107e-07
7.175862593799567363e-08
1.795235078603336327e-08
2.973169581675333740e-09
6.252289070690146687e-10
1.409798065302158371e-10
-5.135070179644922415e-11
3.487609638039183417e-11
-2.553849042359980354e-05
-2.750948567108305108e-04
-1.200350942195259379e-04
-3.489616698372830680e-06
6.957568613012233123e-07
-1.503978858216475560e-07
-4.020244092714066165e-07
-1.369286663058100233e-07
-6.566791463384851393e-08
-8.251472410667708903e-08
-4.090801112460802765e-08
-1.285931232872770623e-08
-2.649319528792845994e-09
-4.891542201554181302e-10
-9.201395453027115828e-11
-5.328012779729306944e-11
-6.199318473821118560e-11
5.911888987014029048e-07
5.584026690434256795e-05
9.002913184052878436e-05
1.436506642930177073e-05
1.060551864444488946e-06
4.197766117091671177e-07
3.742835051916567646e-07
1.686479701119623894e-07
7.468082654059325804e-08
3.476137330492636109e-08
1.345575936022362322e-08
6.973472797191732547e-09
1.730589413224712307e-09
4.143216717175620292e-10
4.182533648370726135e-11
2.429443553589890415e-11
2.639035430264016320e-11
6.570083972042850638e-07
-1.983610819350127504e-05
-7.419349240655770698e-05
-1.555085390417108469e-05
-2.106763245198029387e-06
-4.596647371752016241e-07
-2.643543538694057039e-07
-1.254072585223947477e-07
-5.203042257946159086e-08
-1.862974299450624310e-08
-1.304105448726767034e-08
-5.678681602371024895e-09
-1.195526534981673274e-09
-3.438154963522926486e-10
-7.571323690763450914e-11
-6.987263809264934627e-12
5.207410272084586663e-12
-2.074483763901962051e-06
-2.409425634216533584e-05
-5.557857553452298237e-05
3.644653650949090380e-07
1.546937310263415590e-06
3.979615202547960399e-07
1.723072101817064374e-07
8.372143064013798698e-08
3.669303040999329422e-08
1.166653259196014632e-08
9.883020608410942706e-09
2.281588934123936827e-09
3.020263527261638723e-10
1.377117412864558761e-10
4.110556942882143042e-11
7.397902556892026121e-12
-1.144905045397648846e-12
-1.050626050080148663e-07
6.545833763009491053e-07
1.848658996786994930e-05
6.384496336439714998e-06
-3.799170543354508127e-07
-2.840814140841825092e-07
-1.062951606327821551e-07
-4.883046497752631720e-08
-2.563685049663657133e-08
-1.391772697947835702e-08
-5.546894801784470471e-09
-3.200737637455337752e-09
-4.827724620643770535e-10
-1.097431234988840661e-10
-1.218933374168415162e-11
-2.137629554710994924e-12
-5.369105494262694413e-12
