1.411892566741516641e-01
1.024413232805754470e+00
4.498905854249299341e-02
1.588874079936649850e-03
5.696823230727342128e-05
5.049970332480727926e-06
5.384805757119124294e-06
4.353900564685748422e-06
-7.542982764114343073e-07
1.388554921590862219e-06
2.038078055218297048e-06
6.502452531850780504e-07
1.002421098530143534e-07
7.011387090361339978e-09
-3.528852509910096203e-10
-1.883309407290469909e-10
-2.532763163725441012e-10
-8.587066261278600288e-03
2.224329002117912332e-02
-2.409240757861190463e-03
-2.252458215782162960e-04
-1.325093713652624259e-05
-9.858465131279655094e-07
-4.157860793636967937e-07
-8.517060820012372734e-07
-2.200676778619920275e-07
1.956915387602392492e-07
6.459524574636180338e-07
1.257330687198008828e-07
1.141533556212447120e-08
1.855386166660800431e-10
-3.893381033293601267e-10
1.251299591817512204e-10
-4.845578078707429541e-11
3.995066371733793729e-04
-3.690703954955703366e-05
1.088762229028930893e-04
2.524915091942357996e-05
2.595421835545417083e-06
3.449917181833623366e-08
5.131567862089378273e-08
1.967632896655133260e-07
1.969559674858580849e-08
-2.200110223895369769e-08
3.661787994171658160e-08
-6.814678863972070195e-10
-9.135749913240527846e-10
-3.793967959166203898e-10
-4.959636523510954286e-11
-2.513566859519890526e-11
1.202203935156566909e-11
-3.329913815190017349e-06
-8.631696780984121471e-06
-4.890559561906865001e-07
-9.337412417245759619e-07
-2.373315824224418168e-07
3.797862869309665789e-09
4.802374385963529367e-10
2.211312603492759682e-09
1.298207179590122198e-11
1.400323975478701213e-09
-8.769479277524906546e-10
2.783598641499617781e-10
1.735314298676551400e-10
1.879029033603683755e-11
-5.619072565360236544e-13
-8.916296228249635103e-13
9.803476816878677668e-13
1.194321481312233751e-06
-9.732528569153221665e-07
8.664999826084568244e-07
8.365380675394577357e-08
2.048074418443408653e-08
-9.516813730504510907e-10
-1.502278425765822031e-09
-4.219515349867479348e-10
-5.069259562532077850e-10
-4.661555190010376988e-11
-2.798623379131966448e-10
-6.728570630575518742e-11
-6.365323379292979847e-12
-2.360991088678870749e-12
-4.096561620029917292e-13
7.115960787563985635e-14
1.766247160097028052e-13
1.257614882520188282e-08
-6.560497240058330987e-08
2.131488287321882331e-08
-1.087565335764971709e-08
-1.046118996047325502e-09
5.116706833993812197e-10
2.431646005806988681e-10
1.075641122922932361e-10
5.828127780162270761e-11
2.328934294172996283e-11
3.348078612808474809e-11
2.146366766096037760e-11
3.868274124663895669e-12
9.403572029016852107e-13
7.699575882391897582e-14
-9.313346118420857127e-15
-4.843319027183892941e-15
9.147719151346374651e-09
-4.787809513013500782e-09
1.362110801337254889e-08
-3.349370797170966857e-09
-3.816261860401686274e-10
-1.043631248906858361e-10
-4.959563893641136760e-11
-2.785409467369827498e-11
-1.282964701615361340e-11
-5.512025628826703303e-12
-2.561849927445200004e-12
-2.261296901587149615e-13
-3.450719999028538432e-13
-9.492327552675635198e-14
-7.257802226909295149e-15
3.449045689691604585e-15
3.675915832982698805e-16
-3.839191592127128451e-10
1.076128170739137577e-09
-5.651807225328840164e-10
4.918909558943583889e-10
1.008063225996301618e-10
1.973280776530360361e-11
8.201845994607201598e-12
3.669707740603045311e-12
1.901118823042965401e-12
6.703752392631407206e-13
2.507337087161118211e-13
1.625764757240841761e-13
3.247772876237978147e-14
1.068528570545807152e-14
1.482189873108410703e-15
3.221728150713232347e-18
-2.027200239371532209e-16
4.278562354403942418e-11
-1.543761719653698265e-10
7.593387636748610688e-11
-9.940124221219863959e-11
-1.878635514342446824e-11
-3.679049724078325718e-12
-1.095746311225815248e-12
-4.557000553586891602e-13
-1.851403736883606156e-13
-7.100924094590047087e-14
-3.690558382321507574e-14
-2.294038714171904243e-14
-7.058335807947683883e-15
-1.180222070084601880e-15
-1.152691022779531199e-16
3.588734045368847646e-17
5.450911801803938108e-17
2.417269043357181208e-12
-7.611043032232675404e-12
1.031101165987586953e-11
-5.113562184972758780e-12
6.351195247295380438e-13
4.358170055557899769e-13
1.327795790017189059e-13
4.933994442607611120e-14
2.122041767043104841e-14
9.451720699736075100e-15
5.791072294251472792e-15
1.433484707536862991e-15
-5.328715435519997952e-17
2.506674681803546665e-18
-2.350041950828564709e-17
6.251642992983859284e-19
9.840363739519655484e-18
2.009707953700265638e-14
-2.477605477019954351e-13
5.317037892283819867e-13
-4.793416342933647755e-13
9.300770523712680694e-14
-2.859905958921105054e-14
-1.246710685872206242e-14
-4.259625203295551857e-15
-1.610887060133675605e-15
-5.076143869383110948e-16
-2.171872965565013573e-16
-3.998598267833629934e-17
-6.069125023472266858e-17
-6.277247330356676363e-18
4.048789426523102611e-18
1.288899551729552692e-18
-4.222602467744396354e-18
4.153446237724578612e-03
-4.339055494608965412e-03
-3.440193466421769724e-04
-1.921960427688569790e-05
9.983912818981273742e-08
1.183575802130689646e-06
8.261968777586336510e-07
7.943841271577323435e-07
4.242524149618424655e-07
2.299242018379699355e-07
9.802344071743559439e-09
-1.093851251047996609e-08
-3.031386863736536835e-09
3.758478619677250344e-10
1.852227578663941852e-10
-6.093869816465343809e-11
2.582620124614023544e-05
9.933637391073277863e-05
2.368922005653157335e-05
2.464812247116872923e-06
-1.284106985903811310e-07
-1.304691381302009014e-07
-1.029298857336654908e-07
-2.355196764904241785e-08
-1.258549000702023113e-08
2.470548761979995609e-08
-9.487094894310299443e-10
-3.326332078730821208e-10
-8.344915949646816127e-11
-6.652749035432565932e-11
1.441407180374187794e-12
-1.450911532220845688e-11
-5.363908437217358409e-06
-6.876311132486995518e-08
-9.203341549441698555e-07
-2.432636911008480251e-07
3.872382056039070345e-08
4.392056151405230723e-08
2.689288606161066995e-08
1.172368502014087529e-08
3.100268090422514818e-10
-1.161083805247004588e-09
-8.054955333586373994e-11
3.940871212865765860e-11
2.245453927225278268e-11
-7.753078866127730296e-12
-1.532262853669584542e-13
-1.896342575091630294e-12
-4.326586685330986050e-07
9.154747749393466586e-07
8.505139842702201166e-08
1.872479756075504342e-08
-6.599806212832101449e-09
-6.037787681479691799e-09
-3.192731667469334585e-09
-9.447168612062688978e-10
-2.248596867979847550e-10
-2.163874598989561620e-10
-2.228891394880205148e-11
1.042503796945787759e-11
-5.575346299773692949e-13
-1.867758093144458172e-13
-3.613260436783727167e-13
-2.750044262689298647e-13
-5.750886704921480092e-08
2.362220500837602810e-08
-1.095325183793575498e-08
-4.969023340663612119e-10
1.067610019570830454e-09
8.868833921085058674e-10
4.001913830958944992e-10
1.069790799561701427e-10
1.954217300088820643e-11
2.273425883431534034e-11
1.561915251511673415e-11
2.108490174859612481e-12
4.052983132631803247e-13
9.432089847146784279e-14
6.079396876624727381e-16
1.049394101108333962e-14
-6.698555652349042326e-09
1.342997703681461062e-08
-3.366020594023861310e-09
-4.506446454726274987e-10
-1.763192257372609393e-10
-1.011351613282736353e-10
-4.476627762900497912e-11
-1.752250785058266129e-11
-5.837010673405623880e-12
-1.690639410015181972e-12
3.445783814999714734e-13
-1.540731899706550938e-13
-5.018569144245348811e-14
-1.307277313073119108e-14
5.876456771213597649e-16
-1.988769841740290463e-15
1.138364524174795709e-09
-5.588621276104670627e-10
4.962021084273367087e-10
1.076063789990174653e-10
2.671814335603842029e-11
1.136844059272167002e-11
5.134399873067074740e-12
2.124856678605338184e-12
5.571445581078550185e-13
1.292092640405686985e-13
1.002732675986125926e-13
1.135801237540873142e-14
6.489760850171283606e-15
2.041569600841379550e-15
5.947482311880856343e-16
1.357726659638027905e-16
-1.628449213121275768e-10
7.484647931709558605e-11
-9.995414567012102145e-11
-1.943819608974679125e-11
-4.185134191845324306e-12
-1.393120670082506589e-12
-5.471300531031450870e-13
-2.029141713320854028e-13
-5.701485961178816680e-14
-2.448155218121163513e-14
-1.664515727333825087e-14
-4.878514104799238564e-15
-8.670306313423924683e-16
-2.127131101874785049e-16
-6.393918168276841137e-17
1.601570836429429526e-17
-7.969866245855317537e-12
1.033364252560367526e-11
-5.058800350191446684e-12
6.839240734823425966e-13
4.759286439883441340e-13
1.498497109053148006e-13
5.686928370160696758e-14
2.303067458488020826e-14
8.174523057646963205e-15
4.572731464821783885e-15
8.670042858789280191e-16
-2.674251216846985278e-16
2.567091114379037060e-18
-3.444164685339358455e-18
1.942915135061354557e-17
-1.858077027586915268e-17
-2.712000129507566386e-13
5.275272227232094851e-13
-4.862842443116397326e-13
8.909687694578852651e-14
-3.030512671681308325e-14
-1.384290845444758618e-14
-4.911049692382726808e-15
-1.566856396900779128e-15
-4.128206964274883726e-16
-1.345492540826833745e-16
1.270371499748727931e-17
-2.969602867666984525e-17
-3.161853866604781324e-18
-2.368524851000778329e-18
4.205790244181694894e-19
-1.852367686210426334e-18
-1.014473581103292554e+00
-4.464062934922400500e-02
-1.580357668530937756e-03
-5.676589479536756446e-05
2.089122838113106090e-06
4.271587091689647210e-06
3.516954283102233305e-06
2.165396391053245959e-06
-1.357784978453873371e-06
-2.053253874890595921e-06
-6.748003494164224432e-07
-1.125858756426849877e-07
-1.098650130573209453e-08
-2.055750834449930948e-10
-2.668003202029846191e-10
-1.885371229326531412e-11
-2.365685390276317523e-02
2.326845923589000113e-03
2.221079941435435078e-04
1.356629578232350494e-05
1.791966738411607770e-07
-5.416533871049045415e-07
-1.007544775939171277e-06
5.029631808904426908e-07
-6.982102934876526808e-09
-5.947156115498987473e-07
-1.176551493214408788e-07
-9.319286325437971920e-09
-5.922263178119931046e-10
5.654938203660370743e-10
-1.026812145728711621e-10
2.141361173073216481e-11
1.952846827969560695e-04
-9.418197578676508139e-05
-2.500552393763744865e-05
-2.970675992608624025e-06
-5.653727698243735839e-08
2.014480129239966659e-08
2.319238432474497756e-08
-6.722822170586167750e-08
2.629066438231622436e-08
-3.992830738599598507e-08
-1.729406147772648635e-09
1.422486097597092848e-11
2.367643159465652201e-10
7.269320471850648596e-12
1.081813511212361524e-11
-2.560428384721320613e-11
2.067601926885883712e-06
-9.166569399190848694e-07
9.059327578455368838e-07
2.799794365163609877e-07
-6.109075250161077187e-09
-6.860156253362389164e-09
2.800674871355223753e-09
4.956650841110668499e-09
-7.119129421068985465e-10
1.938651688470964911e-09
1.445395667862351148e-10
-1.321707584119560613e-10
-2.065467578761795501e-11
-9.511429028811809656e-12
-4.788969128559666995e-13
-2.071000725738812414e-12
1.722136062909045867e-06
-7.440002096360272021e-07
-8.409328460912395311e-08
-2.763514499952515750e-08
2.890714280115456193e-10
9.949212306877299682e-10
-8.438160180877104604e-10
1.454368189252568869e-10
-5.897378296862953441e-11
1.538782962913322246e-10
3.408390476649328400e-11
4.507364725249482189e-13
1.829920098191069494e-12
4.742406946384538785e-13
1.121715642590802600e-13
-1.543468356256960097e-13
-5.284194952473648524e-08
-3.299300223158487301e-08
1.153109148246655551e-08
2.062979209490751881e-09
-6.890474323416842763e-11
-2.135368638559330345e-11
4.675445231002926754e-12
4.328873639136727890e-12
-3.202119214972312030e-12
-1.380204387266396101e-11
-1.671446443701940038e-11
-2.428159598987280309e-12
-7.882568265139043016e-13
-1.225671691236124342e-13
-3.368149948222992955e-14
2.455827217937021466e-14
-1.101228391959543303e-08
-1.454196090733914466e-08
3.133602243211563124e-09
2.465069463148827840e-10
2.649425890151332694e-11
1.019641511797098781e-11
6.165486873885638706e-12
-1.556995203834080069e-12
4.033622436796073465e-13
2.600233572673339616e-13
-3.586184560503633702e-13
2.171272278952386649e-13
1.002289620773325678e-13
1.692482967358297646e-14
1.578695794201209074e-15
-2.998171047783546362e-15
1.195926318077235799e-09
9.755884840549088357e-10
-4.345504449272106713e-10
-8.011216764511099845e-11
-8.941590048022051716e-12
-2.512386398654476737e-12
-1.023120887230764115e-12
-3.664547450931661554e-13
-3.474598230454309449e-13
-1.199079898276334435e-14
-1.071115298197776829e-13
-1.656389105498744611e-14
-9.751269040278524463e-15
-1.623209763683069142e-15
-3.458740630184826715e-16
2.801457884192521144e-16
-1.793603724715412065e-10
-1.667766263678456631e-10
8.677600534417863169e-11
1.572591017694936954e-11
2.327527709264269142e-12
4.181149527888135379e-13
1.667508826829700249e-13
6.055171922810526920e-14
4.386785334507803498e-14
8.208811714698103575e-15
1.654766764722228642e-14
5.182167230243213765e-15
1.132272422927945518e-15
1.296801887710339747e-16
5.107450499575685232e-17
-8.278416379386236818e-17
-9.767694349344922272e-12
-9.945726908979380479e-12
6.464612205713762516e-12
-2.488987398227842574e-13
-2.876893690619600286e-13
-6.656591935564801536e-14
-1.992305524233238798e-14
-7.928403852438120673e-15
-2.702782757125918616e-15
-1.469906689979471138e-15
-9.841920986709793506e-16
1.153783654332763665e-16
-5.731005426781367584e-17
-1.767837726079738167e-17
-1.275582295410011657e-18
-1.788155477974663722e-17
-2.990372466441721119e-13
5.267771185185529621e-13
4.349305917564448779e-13
-1.287701404478987285e-13
1.506744347585463880e-14
6.778335319548174069e-15
2.095693923437882671e-15
1.133083743941968099e-15
4.781609810479408565e-16
-1.012473047228411885e-17
4.279928137194414662e-17
6.002772373604741897e-17
3.026383592123401362e-18
-7.125365661247929669e-18
-1.777230479327312768e-18
6.352802457303157863e-19
1.504242217965624795e-02
6.303690750491136065e-03
-4.220277773230030061e-03
-3.405093745242212221e-04
-2.065558390706172099e-05
-1.697484506324899992e-06
-1.398512135284405404e-07
1.217429848457397151e-07
5.632450883299625320e-08
3.494982511272327739e-07
2.542778157923061348e-07
2.102144614005400931e-08
-4.160462177821323018e-09
-2.678298177559225246e-09
1.377322663593638884e-10
1.354953247902855228e-11
-5.052237647472266814e-11
-3.678861113979098795e-04
-1.224470780352502741e-04
8.500968105080909003e-05
2.298933313769740679e-05
2.745635976770070344e-06
2.399041426742280758e-07
9.538695397093463119e-08
-2.236301446693317241e-09
2.966530099700631221e-08
-1.943540972889259317e-08
2.205995528169551311e-08
-1.834559860340009404e-09
-2.379619957114338688e-10
8.679542968296379694e-11
-6.288333837852536379e-12
-5.143524220826700027e-12
-2.204744597710957938e-11
2.409622081532111740e-06
1.261292876622366872e-06
1.369079741058509477e-06
-8.839538160289069015e-07
-3.182283904077310032e-07
-4.055706498948029550e-08
-8.699564244344742552e-09
8.456314516155823795e-11
5.291881937808911145e-09
9.302886384021585173e-10
-1.226146405007914838e-09
-1.012552662969359409e-11
4.248577919288735814e-11
2.572980642075273952e-11
-5.971232238940938804e-12
-1.133082041302638961e-12
2.276141967018679533e-13
-1.381482719117574866e-06
-1.209866622374502590e-06
7.820096511128985372e-07
8.421068753650729551e-08
3.222621110219756045e-08
5.430350577906709515e-09
3.764440633462577211e-10
-5.076787144521401985e-10
-4.077664245535741668e-10
-3.004231722270253321e-10
-2.255770406653686351e-10
-3.343517138238530598e-11
8.896193373751035037e-12
5.793737991140976990e-13
8.980366910115810078e-13
-1.590507175122103188e-13
-9.356039612159418596e-14
-1.479766119360771772e-08
6.133661447404669191e-08
3.578723228046581323e-08
-1.146708577829662560e-08
-2.717040759784779632e-09
-3.679992541457932372e-10
2.351272195801299625e-10
1.620484731557354033e-10
4.587420617351452709e-11
2.245244478047243380e-11
1.766073442377394399e-11
1.503916053861696627e-11
1.603537741112562447e-12
6.269791975274411679e-14
-1.049039301102592771e-14
2.275215831539558970e-14
3.175722708326108714e-16
-8.984766457368041709e-09
8.989268572141789352e-09
1.434078052470758249e-08
-3.103548173585973142e-09
-1.711423175000449520e-10
-1.297463815716550242e-11
-2.901168293236632760e-11
-1.446994419936851832e-11
-4.372431506678774847e-12
-3.322778727848998422e-12
-7.852745189034812105e-13
4.796571462687425136e-13
-1.010379187776827592e-13
-2.942295852762970473e-14
-4.922822131994904788e-15
-1.202690049802587180e-15
7.650263780697315077e-16
3.929934962890480869e-10
-1.123977839227641170e-09
-9.685307187755876803e-10
4.301867629321929698e-10
7.481984824229779286e-11
8.603330149790188083e-12
3.395920384362964939e-12
1.955109083288590064e-12
8.362286297613576046e-13
5.083972778506830775e-13
2.547320327060846109e-14
8.831282895316181281e-14
6.035742209434347420e-16
2.090950707805629620e-15
1.192982878423713507e-16
8.639636864020776584e-18
5.801692874300888279e-17
-4.213913380109139390e-11
1.705055263948616222e-10
1.659543350593411433e-10
-8.643993012268994797e-11
-1.547066242583225318e-11
-2.339196257000455197e-12
-5.783138788727208913e-13
-2.357181825010585632e-13
-1.075610413739947837e-13
-5.585591067431691898e-14
-8.105029377295390383e-15
-1.406941674795938521e-14
-3.276124273350233193e-15
-3.602845505069243628e-16
-2.244376869408977934e-17
-2.740993800730535193e-17
7.431009838522559033e-18
-2.279529434338193147e-12
9.402479316894668973e-12
9.909705964839222223e-12
-6.494274755019072523e-12
2.468283296871417077e-13
3.039281918177034292e-13
7.542919190981976317e-14
2.757621268386953746e-14
1.278450670276216624e-14
3.747934874237327752e-15
1.344646227235763700e-15
7.042528186082486378e-16
-3.043513165444249927e-16
-2.707480863706625233e-18
-5.391525952572256985e-18
-7.730069039345503752e-18
-5.855912272872315870e-18
-1.556311340785341319e-14
2.781312022426588353e-13
-5.394532144860016062e-13
-4.406964422411987804e-13
1.280335032419995211e-13
-1.481150106271972102e-14
-7.395667983971071463e-15
-2.798728773416450722e-15
-1.284668857394208858e-15
-5.585169948772677389e-16
3.018070992976232687e-17
-1.699016666053446312e-17
-3.068715352451594948e-17
5.392069383992803348e-18
-1.073184911218098744e-17
-4.631351534235461320e-18
-7.026571985465380178e-18
-1.604681043505951088e-01
-5.620926363602800693e-03
-1.979132480072112580e-04
-5.798008872260277349e-06
3.415615665832421768e-07
2.395476434675025161e-06
2.748917347116682586e-06
7.246510231466676978e-07
-5.388285703401815761e-07
-8.147702421131844207e-07
-1.903138940564089850e-07
-2.143815837229683851e-08
-6.480456284480040129e-09
9.303837993890368704e-10
2.046025198384209210e-10
1.006062513070639089e-10
9.060311545019992391e-03
7.910661631257985592e-04
4.837411865193222063e-05
2.130535964472108414e-06
-6.837376055316835878e-07
-8.246486446166036364e-07
-1.059837581924537368e-06
2.938243325430802673e-07
-9.365508055272872879e-08
-1.912159248863390599e-07
-1.238469793530386775e-08
-1.306515185760912597e-09
-3.718225180106387912e-11
-2.840504384389847236e-10
5.652063562564044790e-13
-3.562233123417479618e-11
-4.137907027340121833e-04
-8.778239170883316955e-05
-9.045547392597050668e-06
-2.650027077099415944e-07
1.537911932765703020e-07
2.110767057244152071e-07
2.087297601560124507e-07
1.563812107198786872e-07
1.872504433145979278e-08
-1.224384832888061481e-09
4.246185886640308840e-10
-8.080299514928158861e-10
-1.325817156437250298e-11
-2.065984082419864032e-11
-1.296534374578502557e-11
1.021437330736163170e-11
9.728609977510056371e-09
3.806298202853449142e-06
9.371360351139983024e-07
3.585279384258716284e-08
-4.898669289880894286e-08
-4.454602960727604295e-08
-2.815795933095689860e-08
-9.318659943738663530e-09
3.954728575334125145e-09
4.243174494609591229e-10
1.829348021628601285e-10
1.084387050743005757e-11
-9.721019568423112263e-12
-6.357096545518130737e-12
-5.667109717726544646e-12
-6.785838548768439607e-13
-2.941325884048812801e-06
-3.633553325971112176e-07
-8.017916664988778850e-08
6.246442407121756168e-10
8.846644938963294589e-09
6.524607998130291045e-09
3.061584785705035199e-09
7.254448126929978972e-10
9.101356507968126215e-11
6.212677989688889809e-11
-7.037517213918545374e-12
5.758887265863846229e-12
-5.951096900073529596e-13
7.645568053281650653e-13
-9.121962339656680157e-14
4.072673415388044769e-14
1.480493802403852834e-07
5.311778193546089657e-08
7.168327412954154004e-09
-5.355772791797160128e-10
-1.461808655993357937e-09
-8.455657476509124191e-10
-3.205006681352788002e-10
-1.244974569764427577e-10
-6.082297232140421903e-11
-2.261706010378012272e-11
-3.726215714885563642e-12
-5.351109693343167524e-13
1.078482163800426475e-13
-1.160854792937487542e-13
-4.469925862667501199e-15
-4.499522023235037148e-14
2.213159629083390040e-08
9.737395832660510360e-09
6.945622813425743646e-10
1.942914144372598831e-10
1.870145880976142346e-10
1.014510131574933719e-10
3.905997377350861333e-11
1.229008550393885759e-11
5.093941608148650844e-12
9.349001045241670636e-13
1.766701664494565187e-13
9.024609665664341529e-14
3.865129883298826759e-14
2.270158260375203024e-14
4.486163357918995677e-15
3.196759486647444884e-15
-7.792938842210261729e-10
-1.507130148727573284e-09
-2.692976492382187332e-10
-4.813809126644374597e-11
-2.178457931677957366e-11
-1.109357531314838136e-11
-4.742125114365640961e-12
-1.713254153553390568e-12
-4.974921659272234137e-13
-7.076418146953623752e-14
-5.451398364128149045e-14
-1.338490772848272586e-14
-5.735380867413689906e-15
-1.498843707907317914e-15
-4.719118819649151222e-16
2.334367405376235947e-17
1.154789862576026230e-10
2.981572579467237151e-10
5.572746894368079777e-11
9.117120800041698595e-12
2.682183447701247064e-12
1.128496597615250152e-12
4.993674613334292329e-13
1.888666954913730543e-13
4.884084047475781435e-14
3.635186701763684973e-14
8.730845631865470128e-15
1.843958667307671307e-15
6.064259509019557662e-16
1.665362742722989093e-16
6.810552222596338252e-17
7.382415468460012354e-18
1.156139171621135267e-11
2.492893322594563418e-11
-8.684315251705396998e-13
-1.028450770653635581e-12
-3.077332183319072872e-13
-1.158199703730114509e-13
-4.997362279474386237e-14
-1.683212713005331414e-14
-3.412163350550091248e-15
-1.755636638600859417e-15
-6.249374604626768981e-16
-1.944503178211222756e-18
-2.793766475520707391e-17
-2.856419644583541463e-17
-2.739923442817403959e-18
-1.474955427607793585e-18
-6.779446811281187822e-14
-1.488910965604892015e-12
-4.659648750447953367e-13
5.255140443621567679e-14
2.863409634064224427e-14
9.909756164111076255e-15
3.851505514831023786e-15
1.629448805111603406e-15
8.142557562096266085e-16
3.056899513942470152e-16
1.399823869274204707e-16
2.511327572224157880e-17
-3.376741308281390920e-20
-5.008910171994987358e-18
8.117058477767408713e-20
-3.623980591823992174e-20
-3.142334947500027148e-02
-1.608342460330013796e-02
-1.207974400642166475e-03
-6.756146656318115507e-05
-8.921021195474035769e-07
1.302291143846339612e-06
4.890806082144237085e-07
-2.782849745482609928e-07
-9.442124743183216887e-07
-1.162206124867008410e-08
4.472954303861293732e-08
-1.098074733311800857e-08
2.881424610495975659e-09
1.405308177382104199e-09
1.512545252564650637e-10
3.551756947537373436e-11
1.384490190680895336e-11
1.134824190957459225e-04
3.794674164023602151e-04
8.227476533678684367e-05
8.780441434263756731e-06
1.762651250858386371e-07
-7.697612872117814661e-08
1.197439856313346195e-07
1.005074847639161023e-07
-2.861924783095252871e-08
-2.610179905143474878e-08
-6.717568937071367278e-09
-3.526563443561189441e-09
-8.955063828878638590e-10
1.149014586218520380e-10
1.473214959008225688e-11
2.329045774412207599e-11
-2.833824586577790510e-12
4.998320138873177530e-06
7.204581977036576969e-07
-3.793054337421801235e-06
-8.841584720857618345e-07
-1.350942786519658366e-08
2.325652828739005632e-08
-5.349670223780916375e-09
-1.595407070581877505e-08
5.109246621513308887e-09
-5.727879985190988672e-09
1.259737439506425418e-10
2.756615765413828218e-10
1.525807559596412908e-10
2.670425320313615358e-11
1.005266685776309330e-11
1.061214572971463235e-12
-2.826974196787456805e-13
1.197980033454470550e-06
3.175509139234328844e-06
3.831170899158687546e-07
7.628316191805910562e-08
-1.737320240503497382e-09
-4.470360910123501766e-09
-1.750581719378151907e-10
1.855329216630516204e-10
-1.696691841271000894e-10
-4.048559829065588598e-11
-1.434897637900166147e-10
-5.623460485061204568e-11
-1.803700250407477067e-11
-4.356586780912456671e-12
-9.665973228620187862e-14
3.185572350824085319e-13
1.409179224697969889e-13
-5.444920225766980807e-09
-1.474125826733150299e-07
-5.257563726028549603e-08
-6.982397276285367287e-09
4.741475392369309132e-10
4.823854023555601704e-10
2.090622284400421657e-10
1.099192782379801500e-10
5.645933456674392255e-11
6.186658804877962599e-11
3.434437300622310463e-11
1.016856591862238641e-11
2.425189207333141551e-12
3.526782441387921683e-13
-8.917976897385238070e-15
-2.184412739072800650e-14
-1.091396784727223073e-15
-1.838391930754724567e-09
-2.210278537869345254e-08
-9.785397827285709587e-09
-7.148427926674714682e-10
-1.430775932039737032e-10
-8.555957563782285968e-11
-4.932314414928616713e-11
-1.787355592564380713e-11
-8.156374545630988829e-12
-6.262415841154465677e-12
-2.418700956011334291e-12
-8.510432362676144101e-13
-3.291716400702544199e-13
-7.385027359047707015e-14
-1.094978831281160153e-14
3.636508446893128007e-16
1.359367565930811183e-16
-2.179040926045821434e-11
7.565753224133424757e-10
1.507128355260487610e-09
2.683252176529826479e-10
4.017146739324738457e-11
1.428627306386312097e-11
7.007136661965712067e-12
3.259139527745135696e-12
1.383851154879453073e-12
6.332779847238405540e-13
2.188825118262798529e-13
1.245680115624075193e-13
3.741385874427674740e-14
7.989598409566160215e-15
1.770590617104826963e-16
-6.468484917336664227e-16
-2.368756284107025071e-16
-5.501431340557731982e-12
-1.152125599756697618e-10
-2.981051379811749103e-10
-5.533876612097306896e-11
-8.396129414426480376e-12
-2.073613838729754513e-12
-8.959071892223027815e-13
-3.913412025149267973e-13
-1.793147743354692787e-13
-6.714608540536627452e-14
-5.130100415847987334e-14
-1.572172348604616166e-14
-3.997745730896725710e-15
-7.115537286017161538e-16
8.224746424041226183e-18
6.904341912820588577e-17
3.401417228621630110e-17
-1.273889218954879966e-12
-1.177066800112285207e-11
-2.495607708740196573e-11
8.206458773334746740e-13
9.635012221135562660e-13
2.719789298415449775e-13
1.018546143792569264e-13
4.353065559628122176e-14
1.779991558232090130e-14
5.446563500209294321e-15
3.166563016912177313e-15
1.294311187908140171e-15
1.645025345952394611e-16
3.781053051524234473e-17
1.374841590990320210e-18
-1.252428883701018319e-17
-5.889738044303992561e-18
-1.838754688162484693e-15
7.395003921542024499e-14
1.493589641183494129e-12
4.760972078790887609e-13
-4.891430218209411812e-14
-2.802118075647814523e-14
-9.527013349206782567e-15
-3.714367421239820457e-15
-1.855302402287653193e-15
-1.042000280991814227e-15
-4.475089498998913227e-16
-1.837683538223669459e-16
-3.103067165317562732e-17
3.348236049549490310e-18
4.787761709956037486e-18
1.856138641168231867e-18
5.075500036106137126e-20
