1.359150184526929372e-01
1.027068954464059214e+00
4.348688049705077413e-02
1.387144671345469761e-03
4.277532580832076189e-05
4.689951940105162245e-06
4.054985078543694787e-06
3.186387437711355799e-06
-3.253572573884838145e-06
8.550603945567631022e-07
2.765549442313467438e-06
7.909938976515237859e-07
1.088547040742603869e-07
9.861017266645225893e-09
-1.101664671761880041e-09
3.472924933454378179e-10
-4.198602188039981986e-10
-3.600112770906545301e-02
9.546070081462795787e-02
-1.010666282173761261e-02
-8.756559139755330920e-04
-4.820633052172415182e-05
-3.495624146685589065e-06
-3.111384637239306757e-06
-4.424491518255473279e-06
-8.186668122348577658e-07
4.234243788062538844e-07
3.251296770607806742e-06
5.284357811181719827e-07
4.864685680350031018e-08
-3.582088299459242627e-10
-8.735998149525834899e-10
-1.188159859562718459e-11
-2.355226043017377633e-10
7.232444964065770990e-03
-8.951020289564931781e-04
1.968896957125778301e-03
4.368471106461927021e-04
4.253114969639585995e-05
2.794272841169023442e-06
-2.521375499354223535e-08
3.165083695342006731e-06
-3.160381525029971050e-07
-1.139578293322222920e-07
7.786047873647448257e-07
-1.708712104000179758e-08
-1.323261726736377310e-08
-4.415060051063806657e-09
-6.581609751221966317e-10
-1.358332770325351162e-09
2.061102433890275311e-10
-4.544575944936141295e-04
-3.896122600680811750e-04
-1.519418772110994146e-04
-8.678703659654227848e-05
-2.034108950081313678e-05
-5.881478332305882125e-07
-3.590851498749259012e-07
6.192448522658487051e-07
1.459420867018329631e-07
1.504886281580707664e-07
-2.199251584631349538e-07
-2.596883951623426251e-08
5.515154489187300704e-09
-4.542246875355145386e-10
-4.367386838127837711e-10
5.033555111140978015e-12
-3.244219417828477330e-13
1.524655880263175642e-04
-8.214656392405126381e-05
1.217753963204195217e-04
1.715244073302253758e-05
8.420074670290652458e-06
7.414779513295508454e-07
-1.148470197968581023e-07
-4.493951227539050902e-08
-6.902793320867553610e-08
5.026096958146360984e-08
-5.988184059698157686e-08
-6.308402630070595504e-09
5.941891142742722414e-10
1.334129261564726258e-11
-2.530037618304065637e-10
2.880883059448902113e-11
6.210516687172393364e-11
1.002962961873906097e-05
-4.050981118836769276e-05
1.059033170614723517e-05
-7.023730695980719570e-06
-2.100090521310509829e-06
1.312057980624220489e-08
8.812648805465576824e-08
7.265937836571082633e-08
5.658133623015376431e-08
-6.646101051790306247e-09
2.951331589843078288e-08
1.906287841022239494e-08
2.823187809550438517e-09
3.939035117743612746e-10
3.383975748938721636e-11
-5.084004488442858581e-12
1.146315227524981802e-11
2.759414933017531783e-05
-1.594188448285129779e-05
4.238040981409619607e-05
-1.002083924827668068e-05
-7.511644186645371541e-07
-1.462660914075846377e-07
-1.159248681680817754e-07
-8.868671645741945119e-08
-3.939688760269838483e-08
-1.293081497344206515e-08
-7.096846668435347553e-09
-8.446883924623032395e-10
-9.880967637483426529e-10
-2.184872830848140352e-10
-4.273757957397938382e-11
-3.107991006759065390e-12
-1.108454901258285286e-11
-5.036763062550700001e-06
1.386539719870857742e-05
-8.232356927517420534e-06
6.135833689096261377e-06
1.138913069405992514e-06
1.855293705535822327e-07
9.352570964853148054e-08
4.712142269392293859e-08
2.310218452864639777e-08
6.756288707245541794e-09
3.424763885714080526e-09
1.886444341897778404e-09
2.510110766509587997e-10
9.317092367046019116e-11
3.272141793290998059e-11
8.140039136845335845e-12
2.206575872590614036e-12
1.769641687382600853e-06
-7.494691919912720794e-06
2.574496259391705900e-06
-4.574345107542403286e-06
-8.895733247729785822e-07
-1.703653697332198225e-07
-5.008264338458400832e-08
-2.386519982905832862e-08
-1.072003665235633347e-08
-3.723464184480944386e-09
-1.583542286278337779e-09
-1.328002791491763144e-09
-3.870116993097963761e-10
-4.801196993475718643e-11
-1.634084688305240334e-11
-2.529001448305076892e-12
-4.487100728556141895e-13
5.726797985220226189e-07
-1.932087341165744682e-06
2.386697025645113910e-06
-1.316969417499499110e-06
1.222990508610373118e-07
9.031320646230866581e-08
2.783393133734950345e-08
1.077892486519072210e-08
4.251453333132340642e-09
1.845707517903353515e-09
1.246225893322961372e-09
3.709527401063168012e-10
2.973947084023673108e-11
8.000977296733169885e-12
2.687514505761234104e-12
7.642648836094566713e-13
-2.145684522939955935e-14
2.623184417029979510e-08
-2.739661822789004521e-07
5.569718242441305552e-07
-4.859412916643405868e-07
1.058114257169295073e-07
-2.609390100478345327e-08
-1.070074771146945143e-08
-3.603834010571315688e-09
-1.322312988700559475e-09
-5.104450251514200603e-10
-2.477626383899779351e-10
-1.101567329116338900e-10
-1.468848307006643434e-10
-1.188937247652889722e-11
-2.828118843939990430e-12
-5.121967166164981438e-13
-1.416799574160126364e-15
1.801159693685706886e-02
-1.816188627954193335e-02
-1.352945577848262658e-03
-7.031326936335525893e-05
-2.577101317243469325e-06
3.513358163718422074e-07
6.542874903949957808e-07
2.532057575380772036e-06
1.187443441923835104e-06
1.330518501090879324e-06
8.308135064580610965e-08
-4.837364866248600837e-08
-4.030104344921788202e-09
5.276721013867044449e-10
1.480567749780705003e-09
1.426895564800365223e-11
3.503764533137360029e-04
1.814373798448982479e-03
4.076179822997943319e-04
4.012766915775702742e-05
-1.254418616175630145e-08
2.430382784642411740e-08
-1.253887733626976377e-06
-8.613063415920954486e-07
-3.630422339868915740e-08
5.665264997124727477e-07
-2.734039186532651720e-08
-1.448295440741649979e-08
-8.957130653163970046e-10
-6.620850004313610351e-10
6.667182648028048718e-10
-2.792586754942772947e-10
-3.089826015646987339e-04
-1.427624041119243160e-04
-8.818079812554815414e-05
-2.036929043559872193e-05
3.850776593257099856e-07
1.892582192716192490e-06
4.640189556072847876e-07
4.680931030591763533e-07
-1.902969572745892510e-08
-2.233210318395653443e-07
-4.457808475032880124e-08
6.006119067091384533e-09
1.221074836328261537e-09
3.533152355281253497e-10
-4.721394471628896032e-11
-1.567731153149757597e-10
-2.180282350501277315e-05
1.275764535312679470e-04
1.763791027235276818e-05
7.920105425236984863e-06
-4.852840761890484140e-07
-9.351163468590158744e-07
-7.563526507992016824e-07
-8.138293057667152408e-08
2.656171395009250247e-08
-4.383751429137958114e-08
7.270196715145033016e-10
2.481066193581627719e-09
2.821132682331524120e-11
3.678986311883318829e-11
-1.132420513352797633e-10
-4.394182197945241091e-11
-3.527127314287308761e-05
1.160340977224372359e-05
-7.221483815312401492e-06
-1.665295386101804845e-06
3.454302257252708617e-07
7.286387581190559728e-07
3.462614509511701927e-07
7.812590835376042988e-08
-8.506775129207640674e-09
2.094858845745547466e-08
1.629109607307259029e-08
2.050424867463409726e-09
2.802050015091947144e-10
1.115397654477064887e-10
-2.334221870917724086e-11
2.936091694897568254e-11
-2.159374013118549050e-05
4.203577746774411468e-05
-9.983831891839240862e-06
-1.035916138183677395e-06
-3.571372064513936612e-07
-3.118980005123908015e-07
-1.237418710010608351e-07
-5.037749316739942912e-08
-1.270384293715586324e-08
-4.475985264124162006e-09
3.184716486660084070e-10
-6.917017165090835857e-10
-2.108267340216529249e-10
-8.763645632124911343e-11
6.650623639261394952e-12
-1.385892345892890424e-11
1.469777469632863589e-05
-8.195880065658185003e-06
6.162576326482771481e-06
1.255377444893754227e-06
2.833405017531260164e-07
1.293828550599624596e-07
6.230179638439057798e-08
2.560843125556945941e-08
5.104297716784292376e-09
2.150420080728995565e-09
1.364014526404146454e-09
1.392098658388234603e-10
7.253934528812486184e-11
3.950009960840847698e-11
6.135526278980786584e-12
2.827959304785890923e-12
-7.763593115302040297e-06
2.545393681986634634e-06
-4.594460084359760577e-06
-9.314252051975542817e-07
-1.980083742710665197e-07
-6.733095467478877204e-08
-2.901700866652002567e-08
-1.124439195604708038e-08
-3.036738735118958343e-09
-1.107201505815705597e-09
-1.114032337232998763e-09
-3.314935174598689338e-10
-3.971181368826468637e-11
-1.899172908533968432e-11
-4.490780723117950435e-12
-8.415142323067397266e-13
-2.007796839243594116e-06
2.388239183324924596e-06
-1.311113301221318594e-06
1.355060742430944850e-07
9.947477329574144051e-08
3.210320150918737203e-08
1.293042811713753434e-08
4.955318654124528699e-09
1.725131292491637758e-09
1.083972173061527672e-09
2.821287820248303792e-10
-1.266711486763444548e-11
2.745129908052292242e-12
4.011400844706019178e-12
1.104795042002656146e-12
4.919150581827593634e-13
-3.086112904256735783e-07
5.641577137474621658e-07
-5.056755993503348212e-07
9.870235710964213240e-08
-2.899494338043338446e-08
-1.479971697450631764e-08
-5.541760356325113283e-09
-1.822395538670070404e-09
-7.078542973892153447e-10
-3.845038038056273053e-10
-9.434372363754072439e-11
-7.651116204229126443e-11
-1.432546316805837426e-11
-4.223220048954053825e-12
-6.191689843548960331e-13
8.162873242142254913e-14
-1.018343314704364566e+00
-4.323182755140837080e-02
-1.378801914826535517e-03
-3.918077888057395016e-05
2.400833054437269535e-06
5.450763356990108701e-06
4.471368734737526367e-06
3.454581197212743133e-06
-8.390959088760471299e-07
-2.720927336526971090e-06
-7.961621091329897620e-07
-1.093957629158967053e-07
-1.647104612118041505e-08
1.789680260411608885e-09
-2.202429054887782033e-09
1.220345584193610064e-09
-1.009717282896760576e-01
9.809601806677536659e-03
8.643984674837250706e-04
4.682854584117685664e-05
1.100315383508398151e-06
-9.447584735809558279e-07
-4.272723685868834755e-06
2.759332543045660991e-06
1.944651477705764631e-07
-3.110196384146207948e-06
-5.043006243660629929e-07
-4.182186502381380409e-08
1.335323693688708486e-10
2.740713450233272381e-09
-2.780885656296000300e-10
4.969341760439979341e-10
3.621745943676609077e-03
-1.731065782000211061e-03
-4.261048085788440290e-04
-4.469451966681048133e-05
-1.737200442560949455e-06
7.579445143007355927e-08
4.667015219785483403e-07
-1.695721587923966600e-06
3.098006390637967447e-07
-8.299936912697672664e-07
-5.965325906146721697e-09
3.002197772667566926e-09
5.434063876095153366e-09
-4.613080518406862752e-10
7.274345141729732343e-10
-2.371754272284552187e-10
-1.727583831711199027e-04
4.514769709353339623e-05
8.070436636587278447e-05
2.104184606630902715e-05
1.528030515985505067e-07
-1.752811156000136685e-07
-1.119331307338522681e-07
4.511029617073167720e-07
-2.303386368012686953e-07
2.727632007878276500e-07
4.268091307244582690e-08
-4.969330175753773603e-09
1.337453972812900333e-10
1.795032017425607663e-10
3.175167203863406110e-11
-2.195645794144720575e-10
2.149998783000320204e-04
-8.255541878806113955e-05
-1.453390150357781531e-05
-9.278476628401085879e-06
-7.035047358745217508e-07
9.487622397476649207e-08
-4.020083024324749779e-07
3.675297411031510599e-08
3.071926629946325740e-09
3.245757973066021560e-08
1.633510662186694261e-09
-1.152031629692961748e-09
-1.274103279550743326e-10
1.666536763022009663e-10
7.400746919693848605e-11
-3.072749910874582663e-11
-2.992312260612917921e-05
-2.317822348977985501e-05
6.133950990176407677e-06
2.479776024111248689e-06
2.426837737193213709e-07
9.726066238373965222e-08
8.085892945069585856e-08
7.590835898522397921e-09
2.779334458465648384e-09
-1.021224106619980849e-08
-1.667421067766437674e-08
-2.070343906637662135e-09
-4.267997639833727472e-10
-5.725161231802349608e-11
-3.090670779153319173e-11
1.440507875958745742e-11
-3.538189462695124742e-05
-4.447866968717363215e-05
9.920902260155189462e-06
5.478720302817745629e-07
-8.487942490697703688e-08
-1.387328633445235358e-08
1.610321799958428418e-08
-8.901531597817350430e-09
1.568031846620440783e-10
-1.594460453478803018e-09
-3.321280535094817373e-10
6.630339371495784254e-10
2.323182132836735531e-10
5.184978110833363813e-11
1.002315873261868235e-11
3.769153399146126145e-13
1.580614677054820671e-05
1.311363547229705873e-05
-5.616691586559198995e-06
-9.590465058188323378e-07
-4.972643348375437354e-08
-1.798436215885669188e-08
-1.027604300601204561e-08
-1.333698169135184295e-09
-3.648199367808065015e-09
2.239417172821949991e-10
-1.351472989933525873e-09
-8.150328906625024749e-11
-7.970933665077864049e-11
-2.904984772301658018e-11
-1.060065621677162331e-11
-9.219048787426064763e-13
-8.151736144378748299e-06
-6.895107665353485079e-06
3.995184411117748358e-06
7.594162975719240783e-07
1.002727575681919965e-07
1.332978118906508654e-08
6.315895352915707272e-09
2.658495720944250483e-09
2.657448133475248283e-09
-1.901591734259443908e-11
1.038686580349922549e-09
3.120421005566151977e-10
3.790436951145347728e-11
1.535311384369389490e-11
2.448223610015623926e-12
4.578686825350297192e-13
-2.381448637326336713e-06
-2.350842389380639172e-06
1.599131474678669585e-06
-4.431556458406255373e-08
-5.780736145123641630e-08
-1.243571831307311894e-08
-3.865621911975439408e-09
-1.898157042858853280e-09
-9.096510220109528433e-10
-2.961086294888771086e-10
-2.992332209129838325e-10
-2.796131013731855605e-12
-5.554359046639350590e-12
-2.532613274951679729e-12
-1.101909285775112227e-12
2.649976614844351577e-13
-3.365246430325106129e-07
5.540344787156675968e-07
4.477480956102798740e-07
-1.363995241884011421e-07
1.456477600077197768e-08
5.820131314243653765e-09
1.559263501998972454e-09
1.016046944398436167e-09
4.049305447483111335e-10
-1.742420734854655664e-11
8.170428941528065030e-11
1.410478431263355234e-10
8.924944985307433575e-12
1.954260581380617319e-12
4.681317409911647870e-13
-3.626558091624458046e-14
6.284386918311028747e-02
2.646837542199493090e-02
-1.773590320573881218e-02
-1.338732808250967703e-03
-7.145574341497194261e-05
-3.260904883133388646e-06
2.154149143353183851e-06
7.918281614076201698e-07
-2.826625604005796552e-07
1.332170910790964729e-06
1.355031487804457602e-06
1.164681020979302904e-07
-3.993803349696111622e-08
-2.699668338631484367e-09
-1.842056256390289306e-09
1.557153959996385847e-09
-3.483258706313148752e-10
-6.679133689183196047e-03
-2.190011135027632692e-03
1.586787672356801838e-03
3.953201157886219118e-04
4.146938340831228634e-05
3.292720323489865802e-06
2.632204782216606714e-07
-1.172777569807417924e-06
7.377995526200005013e-07
-1.879519796175120501e-07
5.499672420316894034e-07
-2.365395155308956412e-08
-1.272769691268411247e-08
2.640226496456660810e-09
-1.100165535806438645e-09
6.848113038299806909e-10
-7.716106642115534132e-10
4.254822584070488815e-04
2.601863156567238281e-04
-3.496449171855669992e-05
-8.196959747172640463e-05
-2.327034052080025325e-05
-2.826973175347216584e-06
-7.728114161708526312e-07
-6.713574939802151231e-07
-1.009181044110685676e-07
1.102837440411191164e-07
-2.277814015023972031e-07
-4.536013486524412276e-08
5.056536164529132577e-09
8.713503553146502244e-10
5.166581386964547984e-10
-6.931862388096993126e-11
5.030064320774455588e-11
-1.730150422585924547e-04
-1.577794003500773983e-04
8.694163148225803842e-05
1.433058327780892056e-05
9.927134550970039464e-06
1.784853893080972523e-06
3.849838782911961454e-07
-1.380660834780968120e-07
-1.849665868843697343e-08
-6.900554191036237661e-08
-3.753324857536232536e-08
-6.011553507309140429e-10
3.324609531862775930e-09
1.797825442150719936e-10
2.839854637939414885e-10
-1.548149365549726232e-10
-3.494546609060569959e-11
-1.094915491952876685e-05
3.551258672621513345e-05
2.473850768689342294e-05
-6.084187916004030942e-06
-3.392747402422938733e-06
-7.800536974857872828e-07
2.326953791107062585e-07
1.074231103442590156e-07
2.010943423199957568e-08
1.551380438197130375e-08
1.071097414389048035e-08
1.571205715715736838e-08
1.553483358920777839e-09
7.672495679857752039e-11
6.442136149885859063e-11
5.387269322329279956e-11
-5.722872092892558255e-13
-2.721014649179886720e-05
2.932548263392925259e-05
4.387462629395765418e-05
-9.810796938526069989e-06
-9.337506216966930260e-08
1.477749032415497920e-07
-9.053930651009296772e-08
-2.702225083524838861e-08
-8.948269038937416213e-09
-8.171426094058845743e-09
7.256345795397815614e-10
7.427240822966844174e-10
-4.598399792795998743e-10
-1.156210263629253595e-10
-7.213265674249098796e-11
-2.078263968304382840e-11
6.726624748058669084e-12
5.160130323825833338e-06
-1.480456957957599296e-05
-1.300678072527960218e-05
5.542066110691438863e-06
8.381907322330291649e-07
5.404863461117779330e-08
2.551015794569058226e-08
1.956358947384010098e-08
7.871983690896689469e-09
5.193537290912983190e-09
-2.105501433961921109e-10
1.133795746333893590e-09
-2.377492281526492091e-11
1.992956983070234622e-11
2.466382273752855286e-11
5.674796038138184128e-12
2.160407643034990948e-12
-1.792186849019563934e-06
7.835065432572841315e-06
6.868392739400568007e-06
-3.970386368328375006e-06
-7.372785771765044292e-07
-1.019348525991446640e-07
-2.192798596793604594e-08
-1.057162556112267010e-08
-4.847074816190146573e-09
-3.088114167608467578e-09
1.831088461816091136e-11
-9.428911354070429938e-10
-2.515459114235042192e-10
-1.543943239260917268e-11
-1.243848377868706134e-11
-2.602553863441891601e-12
-1.550623884739382987e-12
-5.418759813763531084e-07
2.316312067638424403e-06
2.346428259611245033e-06
-1.604721492021729887e-06
4.255087496115345258e-08
6.053956791161225033e-08
1.380346222838390335e-08
5.895677451033020442e-09
3.079310964294131469e-09
1.145020516633815672e-09
3.103012838774598568e-10
2.647870680467815725e-10
-4.414081879865658420e-11
-5.265790308376279373e-12
1.338228900016296644e-12
1.077471810795358359e-12
-7.095328252322271673e-14
-1.583384624269346021e-08
3.096132666278245989e-07
-6.103661336151473882e-07
-4.768846956233566429e-07
1.393967352599645551e-07
-1.238078289047507855e-08
-7.506913815602181094e-09
-2.748750852038400821e-09
-1.335238372275056888e-09
-5.542687693300160576e-10
4.167444168289140245e-11
-8.324712546578894234e-11
-6.006002590243435635e-11
-8.117592405074521746e-12
-2.566449700933566685e-12
-6.890003102062822544e-13
1.509445503662045422e-13
-1.550009123326610561e-01
-4.903588141473473085e-03
-1.442244339358648682e-04
-4.269223555389944039e-06
1.687653172235562018e-09
1.368142006482209072e-06
1.753746977017526154e-07
-6.160299279336029350e-07
-9.969589056167304593e-07
-1.116669382774950378e-06
-1.467212425229357334e-07
-2.409004179906566913e-08
-2.394568777974337434e-10
-1.012148537906578931e-09
3.203391123857504637e-10
1.152894820369649131e-10
3.778594884331352294e-02
3.100255996256125884e-03
1.650696078445773260e-04
6.579663903667386478e-06
-1.186441139174950874e-06
-7.185800375863826931e-07
-2.596682301940678069e-06
2.679466198768882640e-06
-1.203744432466010251e-06
-8.821648359634866587e-07
-5.161302356560437553e-08
-1.325677438517065678e-08
1.987168217172458237e-09
-1.439429749473827501e-09
7.608453291061351824e-10
-2.386048640013333104e-10
-7.560449701704288761e-03
-1.518951762793941665e-03
-1.481178706016353982e-04
-6.299224482397814372e-06
8.215106781872414769e-07
3.133363314436548551e-06
2.700837683712499176e-06
1.468357240958149794e-06
4.346443528534503242e-07
-7.004950896284046699e-08
2.477321930551225299e-09
-2.581186838364705125e-09
-3.221517364983711371e-10
1.301088419949024886e-09
-2.596689854032364564e-10
1.758244588308744343e-10
3.681356396139452616e-04
3.237210498678521568e-04
6.888331352089693154e-05
4.577290224389488089e-06
-1.717347475510103578e-06
-1.212168207081492605e-06
-1.652353273508933033e-06
-6.138855254582823780e-07
4.238681728853715471e-07
1.054261814677678723e-07
2.141196571566014542e-10
3.352066224821960976e-10
-2.034197678094012781e-09
6.192387087719549097e-10
-5.878176219396233402e-10
1.641269516730110104e-10
-3.341827783730376075e-04
-6.763041741256527477e-05
-2.637612828332411798e-05
-2.147553056270054384e-06
1.025993119590622233e-06
1.159324948718733644e-06
4.874609688295700557e-07
2.088822863042459851e-07
-8.943367837692674183e-09
-2.590164481542775738e-08
2.069793444516537010e-09
7.787884084182933628e-10
1.843519022012297410e-10
1.401654604933449498e-10
-3.930110575729771645e-12
-2.194127306644593750e-12
8.030102157201533537e-05
3.166865086522681561e-05
9.058923995245073423e-06
8.871251279801171049e-07
-1.145184766536540598e-06
-6.843729243025621792e-07
-2.029273791170485180e-07
-7.255923226734255310e-08
-4.285938743312463415e-08
-1.364368181768266884e-08
-4.589372433435553757e-09
-2.909654940080732063e-10
3.837308076263941218e-11
-2.152917202042066705e-10
4.541678521863789992e-11
-4.450888412038548049e-11
7.169326660715114356e-05
3.114502478345397638e-05
1.257327178056391778e-06
1.137201620123350568e-07
6.038818515403616737e-07
3.016996322994929005e-07
1.225923223587930386e-07
3.499011390012436087e-08
1.385987562561787431e-08
3.897739229304388572e-09
2.325205373081981419e-09
3.253514465217219287e-10
1.852233960542157731e-10
6.893438736564866983e-11
6.269665847492632102e-12
4.282878869772395213e-12
-1.141408472974101967e-05
-1.909765439401020894e-05
-3.082746948276049930e-06
-4.366472931974524953e-07
-2.467167273522815460e-07
-1.332110527126399644e-07
-5.899378328055664073e-08
-2.072266624007274408e-08
-6.338697387343459207e-09
-1.206828910259444540e-10
-1.019770114755919557e-09
-1.463655991835865914e-10
-1.103303817253077904e-10
-2.513425008696929044e-11
-7.757183220077360241e-12
-5.226255161787205806e-13
4.445306676350608641e-06
1.344042601671984801e-05
2.657442859773142346e-06
4.163582561343459144e-07
1.230081404312689860e-07
5.711610069368972768e-08
2.698465673145791479e-08
9.406285620321577756e-09
2.033672423652219638e-09
1.580353589186245453e-09
7.077399698071636738e-10
7.954402184842381787e-11
5.423460664151629160e-11
1.274691529303369257e-11
4.260058962487048375e-12
2.226903563965496938e-13
2.673715914748929846e-06
5.933896968482793603e-06
-1.460400646179610625e-07
-2.173704169687395849e-07
-6.211890143376590328e-08
-2.482706470842046406e-08
-1.093574962041821959e-08
-4.184930495662695929e-09
-7.765705637186892402e-10
-6.575189619285830126e-10
-3.894021179095174678e-10
-3.336707317802069692e-12
-1.469428999991019394e-11
-4.480233940514255882e-12
-1.601656351248704842e-12
-2.403801774763247349e-14
-7.752343244789065812e-08
-1.659756027208236083e-06
-5.199333229321712508e-07
4.308623108239136826e-08
2.374364395522907408e-08
7.842779149093301914e-09
3.386552325461837240e-09
1.486845829265958398e-09
5.957431279570854032e-10
2.261529876902253666e-10
2.474122864395697389e-10
3.162513374389329582e-11
4.244958658253231061e-12
5.381639164407789492e-13
-2.568202193399503578e-14
1.046181733379713692e-13
-1.334220870112655943e-01
-6.713799320098343126e-02
-4.745590265708738917e-03
-2.386154182690312995e-04
-8.544735641388325343e-06
-2.545689490331693685e-07
8.682120578122606706e-07
8.184141492620211157e-07
-2.266201418590050204e-06
9.978825349904809081e-07
1.059790599481438405e-07
-5.272660393331251282e-08
-7.918524650329879115e-09
3.878574634373874576e-09
-3.079271713016612534e-09
8.441977185241128331e-10
4.650643933053573329e-10
2.134051665157250983e-03
6.919918889797859254e-03
1.414880645883756505e-03
1.415362020248792693e-04
7.089861191187807552e-06
1.117517394651080147e-07
2.232065214573960965e-06
9.223165941499035458e-07
-4.010023400418024745e-07
-7.846380732956928638e-07
5.071702396103786697e-09
-5.544278656198049969e-08
-6.579232793130393535e-09
1.684267672066410678e-09
4.162593000506158558e-10
-6.314549890435164781e-11
-6.989876945651118887e-11
1.663643516511903529e-04
-3.386089840767840986e-04
-3.235728892458363069e-04
-6.679370140807448016e-05
-3.009582679025312637e-06
5.173840972156119492e-07
1.595299105028093364e-07
-1.206534437109880389e-06
5.732210432178946385e-07
-5.350257829916371342e-07
-6.597282484285743352e-08
1.170474676793444111e-08
5.908452310117809497e-09
1.022217768514104012e-10
8.433497418444022157e-10
4.256563055307043078e-11
-3.279353232987098233e-11
1.260930967354697055e-04
3.568307403712684539e-04
6.914544778185330689e-05
2.595886115068474193e-05
1.874226258428672310e-06
-4.229178861665315865e-07
1.012628494117146905e-07
7.803514737406482488e-08
-1.593834117098891286e-07
1.875678588124416935e-08
5.618828678022522213e-09
-9.320746938919883389e-09
-1.503983896211460489e-09
-3.214361097657508456e-10
2.878963188915484051e-11
6.978602601847279674e-11
1.598956869482207651e-11
-7.383460634326420920e-07
-7.905661297575692790e-05
-3.108281601587633533e-05
-8.547149673693081281e-06
-7.036849809441518106e-07
7.195040147495594196e-08
8.413730445032486646e-08
9.864964566975809266e-08
2.641768461136439366e-08
4.924756755100316722e-08
2.212861688657331792e-08
8.412699118846720308e-09
7.818973289013944991e-10
2.294558465568806273e-10
-5.443899766551173314e-12
1.693535271083394079e-11
-1.014370762042817966e-11
-6.458791783398879935e-06
-7.195707922903316729e-05
-3.138030452735152468e-05
-1.492179978821240249e-06
-9.183279728780996743e-09
-1.241060555184476125e-07
-1.370492957686095647e-07
-6.112022409677383117e-08
-2.336659403271797076e-08
-1.904826958718712400e-08
-7.789358499453516109e-09
-3.809847629144771782e-09
-6.625222770999837953e-10
-1.915154255093638273e-10
-2.541172613460937635e-11
-1.790891962109738628e-11
8.106818854709992789e-14
7.245930294368222310e-08
1.124698140960204377e-05
1.916280554941959244e-05
3.117398103618704631e-06
3.307351623385380341e-07
1.308727478574084842e-07
8.502296235206118533e-08
3.923237626358286666e-08
1.756329430694797239e-08
8.419118390266291609e-09
1.608785549197788054e-09
1.580731627142826143e-09
3.108911758675427985e-10
9.523807582554574741e-11
1.747788183723632617e-11
8.415461996574631263e-13
2.551356658733559336e-12
-4.594369368571786080e-08
-4.400720779643517349e-06
-1.345683693667535356e-05
-2.645295252838566468e-06
-3.748185738593765225e-07
-8.747677580325618100e-08
-4.605179175825418386e-08
-2.105956210520382535e-08
-9.278630490912322056e-09
-2.947000980976666294e-09
-2.185249271428846904e-09
-9.350379988380137876e-10
-1.416584198865486870e-10
-4.829415123982214929e-11
-9.150220582428622405e-12
-4.040738353896754629e-13
1.640155317264314831e-13
-2.665936965968442107e-07
-2.706029175406363279e-06
-5.929352652039072906e-06
1.369648696543068365e-07
1.994205177863997789e-07
5.356546706878997774e-08
2.209047762308788276e-08
1.000564535101416546e-08
4.608887552608029995e-09
1.218151418445829056e-09
9.574464912710142087e-10
4.409934093622355643e-10
1.158690091046620961e-11
1.554182678451363120e-11
1.584701050219808610e-12
2.604496998926722497e-13
-5.467733190028536228e-13
-3.388293647438641040e-09
8.549513175005305907e-08
1.660823839836167865e-06
5.448549231234063769e-07
-3.767528236553301398e-08
-2.720643966262290610e-08
-9.697080795262000467e-09
-4.377921503852693975e-09
-2.194456034672664062e-09
-1.042286241516933156e-09
-4.016781522428789643e-10
-2.753001629484382061e-10
-2.727850216795920077e-11
-7.696971994697350617e-12
1.809865276215113416e-13
6.574111004821620358e-13
-1.162771005367309785e-15
