1.373667419305600601e-01
1.026302253658927244e+00
4.390407316360637330e-02
1.441463067817943785e-03
4.670469076214302023e-05
4.516983334137920697e-06
3.865983261078563229e-06
3.227142350381277567e-06
-2.513215696132444301e-06
7.617109288705493223e-07
2.481898366104867031e-06
7.580236217648689650e-07
1.008647150703854025e-07
1.055179002502261225e-08
-9.066720742793003549e-10
2.706270235315934826e-10
-4.622559278497027207e-10
-3.106706924218102794e-02
8.183683764186285015e-02
-8.720613760225337865e-03
-7.726151779657489506e-04
-4.376439321084819628e-05
-3.180204975897481809e-06
-2.404117652917312611e-06
-3.833035293199140406e-06
-3.992921808383646147e-07
2.631991596139661616e-07
2.588349542031933347e-06
4.524964301066024073e-07
4.061029912029420671e-08
5.700909427313275244e-10
-9.963223967721775388e-10
-3.482091258809887592e-12
-2.050770527833367140e-10
5.344465003244109474e-03
-6.191516441110757503e-04
1.456978575349188263e-03
3.275075722804490969e-04
3.239278265268437834e-05
1.769099831107899558e-06
2.607025238624132048e-07
2.384274199144048421e-06
-1.335031877357723848e-08
-6.381310614548502023e-08
5.517127071439008204e-07
-1.680797319600067976e-08
-1.061035272242968587e-08
-3.714299743347118897e-09
-6.292897503793666682e-10
-1.069554382269389205e-09
1.423924315721950025e-10
-2.616104489262041644e-04
-2.764917217773339925e-04
-8.164642499505319869e-05
-5.331444459058067074e-05
-1.298000781966424399e-05
-2.379773728151935745e-07
-2.258011326864305246e-07
3.202384259704210491e-07
1.036832978575537795e-07
9.640952522595667806e-08
-1.277097347661778403e-07
-1.242552626230866780e-08
4.461877336913355322e-09
-1.687390776556409382e-10
-3.069122529009096093e-10
-6.493988897414209303e-11
-5.654368083005048676e-14
1.179225619942144440e-04
-7.825350867992227858e-05
9.023084322410041599e-05
1.098220528806421292e-05
4.602162217957843716e-06
2.978487736828194436e-07
-6.076755897087734659e-08
-2.818604100360531789e-08
-5.058613121580727851e-08
2.443554468107070624e-08
-3.600765070098030173e-08
-3.800334130955766914e-09
1.140505795141744618e-10
-5.514439503941227430e-11
-1.446538113859100211e-10
1.484743880953360604e-11
2.979760917123878090e-11
5.748515768687953934e-06
-2.540733962628788045e-05
7.370617848954754941e-06
-4.432230713138145591e-06
-9.784677514906053416e-07
6.076835991346479887e-08
6.300869052291054142e-08
4.228768373764113300e-08
2.819835828389792238e-08
-2.204946225863038434e-09
1.471613741143073941e-08
1.007034303631295956e-08
1.572903146556873302e-09
2.417446206811153425e-10
3.030813710209090951e-11
-1.759553755808445150e-13
3.404119677408068623e-12
1.374711856305365250e-05
-7.583600934452869460e-06
2.096044819779389383e-05
-4.954038682562063799e-06
-4.008605061887157511e-07
-8.882846725822932935e-08
-6.105663361057967087e-08
-4.179231750142926378e-08
-1.853914394064842225e-08
-6.201747200866496041e-09
-3.207460602472115071e-09
-1.129577951868817657e-10
-4.631405241340503907e-10
-1.077195492663847618e-10
-2.156126133179601707e-11
-9.502921925904113623e-13
-4.542163164638280374e-12
-2.144551348088858298e-06
5.896381840183519191e-06
-3.456224324480003172e-06
2.638870293704184198e-06
4.912606585508141678e-07
8.241974882581107137e-08
3.981410374737715671e-08
1.941758673570601993e-08
9.328873809461708576e-09
2.708533428089689790e-09
1.389504762394114138e-09
7.618018551162352001e-10
1.055685236706188818e-10
3.983125635637180091e-11
1.219937926574024139e-11
2.812263826787507982e-12
4.517425009180861472e-13
7.037788844738078847e-07
-2.845928022448133731e-06
1.105302936234715676e-06
-1.762285197586976290e-06
-3.365640724725730669e-07
-6.339766130525005170e-08
-1.853800135400082437e-08
-8.612218972975306238e-09
-3.785593991188147905e-09
-1.254262461602665298e-09
-5.835203659981448242e-10
-4.878293675787076671e-10
-1.403216183794032192e-10
-1.725147039639180023e-11
-5.388250004187476428e-12
-5.865046138865637353e-13
2.783992016948450597e-14
1.780881208836602515e-07
-5.860130508653654838e-07
7.480430886670353740e-07
-3.992752706657409042e-07
4.074592848297878532e-08
2.886811728727136143e-08
8.717351984988208068e-09
3.401555496999001352e-09
1.323657450741821541e-09
5.692280407866690943e-10
3.778240595373672780e-10
1.182402877192918470e-10
8.894377591196473190e-12
1.535319274650396992e-12
5.455175099740560318e-13
1.280766794529699588e-13
-1.795891387417276325e-14
6.606284979868239968e-09
-7.276636804315217563e-08
1.481030871997880837e-07
-1.334465933516469686e-07
2.783152055950021156e-08
-7.086326089811129465e-09
-2.937710837711369296e-09
-9.815088732899688043e-10
-3.544786565412621181e-10
-1.253800918941643723e-10
-6.242184683417408409e-11
-2.316012101610357422e-11
-3.549183258658949237e-11
-2.887147076854583967e-12
-7.102561143625631733e-13
-1.301812704532674528e-13
-2.904799832809361880e-15
1.539504341206907392e-02
-1.568088849788160447e-02
-1.190421450250451823e-03
-6.375024942698670558e-05
-2.154588145064937112e-06
7.973713887824723656e-07
7.869661060047569583e-07
2.162964874552105537e-06
9.068445866237700960e-07
1.025042779176292539e-06
7.349439231990641297e-08
-3.784544577356150659e-08
-3.268743062504911353e-09
7.173497412990147624e-10
1.253432240073050733e-09
1.246891746051736203e-10
2.838267939377632325e-04
1.339557280413549703e-03
3.063506993210206807e-04
3.080325977616903062e-05
-5.439260531302656767e-07
-4.626120106410400634e-07
-1.083356348709489747e-06
-6.531932501853206691e-07
2.196615675081352796e-08
4.041373673676900629e-07
-1.235561127086160350e-08
-1.117448860745962883e-08
-9.634685332888774051e-10
-4.960614419144143453e-10
4.928428283224335861e-10
-2.031466793993713235e-10
-2.059413865597560869e-04
-7.415963225633949321e-05
-5.428015346434830729e-05
-1.304102127342408032e-05
4.384848129637163199e-07
1.361749330276591865e-06
4.671736134232919543e-07
3.282505233020852835e-07
6.171703688888680154e-09
-1.300421884447362250e-07
-2.463355187710281530e-08
3.556890851184667776e-09
6.999752201701339941e-10
2.243670390411762493e-10
6.136887883773872548e-12
-7.908303119569105303e-11
-2.861660567562750583e-05
9.492220820446766079e-05
1.147122912357726083e-05
4.266550985392578931e-06
-4.975839069088520261e-07
-6.293771470577433631e-07
-4.647143265062287176e-07
-5.949715332477765681e-08
6.957724349182054838e-09
-2.560095865498613187e-08
5.333390018411240619e-10
1.433020399727221273e-09
-4.168874769547959804e-12
-3.058325703879916408e-12
-5.788164537703478878e-11
-2.455900863338027260e-11
-2.229159120282042702e-05
8.011064187003133226e-06
-4.534799823480631980e-06
-7.369145846909429378e-07
2.608915018813756806e-07
3.964667160577310670e-07
1.790499317139883107e-07
4.294587566527542902e-08
-3.959272031818705742e-09
9.908639528370196107e-09
8.321569328620872735e-09
1.075344474615574335e-09
1.749333733569315483e-10
6.511566496320070122e-11
-7.226033893902900463e-12
1.112297665859879492e-11
-1.035771059530201421e-05
2.078254371982501131e-05
-4.944180180583384331e-06
-5.334366897847732174e-07
-1.892754169033158839e-07
-1.494132572976233912e-07
-5.883427612569273899e-08
-2.389875558453902752e-08
-6.096183865448949885e-09
-1.973818377170537657e-09
5.038979508313757160e-10
-3.033133236997388565e-10
-8.520792063820194460e-11
-4.293109047508228918e-11
7.553962714307955302e-12
-1.149165442592423049e-11
6.244282969534064468e-06
-3.436589273749615900e-06
2.651030181368861895e-06
5.374785380332037013e-07
1.224179475996675077e-07
5.476147203213109773e-08
2.600511985926506765e-08
1.032732593472203623e-08
2.030780540554255490e-09
8.390831444757220827e-10
5.228901849380800901e-10
4.654092623557895091e-11
2.996994752272772408e-11
1.408616335213700510e-11
3.792808984073603527e-12
1.074993964445201959e-13
-2.961565667304240915e-06
1.091818385875998043e-06
-1.770182366998823150e-06
-3.514437951895609752e-07
-7.339898368493588045e-08
-2.479117815607402676e-08
-1.043965282404207532e-08
-3.983344794332045841e-09
-9.901479062960660943e-10
-3.989838881236058286e-10
-4.029020907090530470e-10
-1.158903250541372393e-10
-1.334431727938327639e-11
-6.288337819381198983e-12
-1.641301387248656927e-12
-7.283748083994488177e-14
-6.106696333043971652e-07
7.490821740636141659e-07
-3.971322021875045638e-07
4.459778892078149073e-08
3.168240335103864183e-08
9.923447735570732738e-09
3.989255736858775814e-09
1.496423330436547500e-09
5.147156070800867073e-10
3.198827576872166833e-10
8.894268785015834462e-11
-3.008871841555564087e-12
6.152052582543504591e-14
9.952880201613546657e-13
2.725120202844657989e-13
1.714334635852471172e-13
-8.170364595112005919e-08
1.492633916298352437e-07
-1.380158869085275590e-07
2.606502563345852969e-08
-7.793418921010472157e-09
-3.871656539325426498e-09
-1.428104919248870225e-09
-4.512922644770227692e-10
-1.617110270007348285e-10
-8.897583763906555655e-11
-1.727127037947467835e-11
-1.887617972673577823e-11
-3.103731490698972985e-12
-9.322240992747627176e-13
-1.607442030354242587e-13
5.537186999277451314e-14
-1.017249123205504757e+00
-4.362406550941409777e-02
-1.432431690346272404e-03
-4.344523742999990427e-05
2.126119632097341368e-06
5.065290359036519708e-06
4.429763712358444016e-06
2.793624424916432797e-06
-7.941836410894590747e-07
-2.428548635341650789e-06
-7.683707701829882117e-07
-1.030666124364257068e-07
-1.600152407492300937e-08
1.462129160230132169e-09
-1.718912566993157615e-09
9.407857406986361887e-10
-8.669173818184838787e-02
8.452286334541094306e-03
7.619921759477750857e-04
4.293816851803191400e-05
1.168043431659857487e-06
-1.072699657925215825e-06
-3.443991682190893781e-06
2.119981875339802547e-06
2.180347336122739981e-07
-2.450692962600632526e-06
-4.322160563661397077e-07
-3.492433596662606493e-08
-1.105235980938864762e-09
2.312237754169249170e-09
-6.453383318421527276e-11
3.294305945778038433e-10
2.663857388426041709e-03
-1.274796492303962485e-03
-3.203493589651439512e-04
-3.486229307786835628e-05
-1.160314623062732034e-06
1.890792067740470577e-07
3.232956683965239145e-07
-1.336183906437382693e-06
2.237280977397916521e-07
-5.984478055364734461e-07
-2.963548700002075155e-09
2.583478513953572641e-09
4.251214267865356661e-09
-2.062541946284730526e-10
6.868083939745686113e-10
-1.523387210382890975e-10
-7.391869664109469750e-05
1.273198301638101537e-05
4.993041312654249506e-05
1.362632903013081656e-05
-1.161203654457205663e-07
-1.867355572547459461e-07
3.019473192032902131e-08
2.790867834753122967e-07
-1.384510569569101321e-07
1.649621268353503236e-07
2.453907725894457979e-08
-4.029015683012430902e-09
-8.787592456499321652e-11
5.048653993641139299e-11
8.502759008637985492e-11
-1.310399627631560687e-10
1.667025038003464021e-04
-6.824212101968272061e-05
-9.919218991702182482e-06
-5.139943170244694495e-06
-2.870265491785877633e-07
2.051314402027216131e-08
-2.198347131573070685e-07
1.942623129933982119e-08
2.788060427461579946e-11
1.944087003299327342e-08
8.679630467940255926e-10
-5.029065379887932310e-10
2.219920407736451364e-12
1.068142662209905397e-10
3.675958114364807666e-11
-1.733885126776971292e-11
-1.950783969655617181e-05
-1.386486937058994370e-05
4.160570906339635380e-06
1.199720237357145683e-06
8.915529290681781022e-08
4.595579376430502756e-08
3.304213188189865416e-08
5.080940177574711002e-09
1.710947056102456790e-09
-4.669620240390566235e-09
-8.716174826422212974e-09
-1.144133526214717567e-09
-2.526389896066784279e-10
-4.054450376563199469e-11
-2.176651373520119768e-11
8.389641396198860510e-12
-1.703388896407978528e-05
-2.203091917238655443e-05
4.838106978385225508e-06
2.893249853680447394e-07
-1.995614415281370344e-08
-3.778299742010150995e-10
6.632890893358033860e-09
-4.233820310646801164e-09
9.197615543576664255e-11
-7.026490517611834901e-10
-4.601438012173606702e-10
3.075168346514047416e-10
1.223748873934518156e-10
2.250350092860534154e-11
1.062700199295118788e-11
-4.030037017377759221e-12
6.691833305219967719e-06
5.552485748020334891e-06
-2.401282016694490122e-06
-4.095438160795383776e-07
-2.707222337050534090e-08
-9.329244594960017223e-09
-4.247694455446533120e-09
-4.988662421899044810e-10
-1.617595616694638599e-09
2.970392179145945100e-11
-5.463310967617269235e-10
-3.467775441509815881e-11
-3.611421526942079245e-11
-1.015431588603960692e-11
-5.276689545572842472e-12
1.049030652585110662e-12
-3.153194523316143907e-06
-2.746816310923651084e-06
1.544016470188352583e-06
2.871095530896277866e-07
3.832805928031135263e-08
5.676854897250811681e-09
2.452773870918784736e-09
9.193220093693985967e-10
9.709642999320215227e-10
1.828575788454106006e-11
3.848410636197976302e-10
1.141609661424897043e-10
1.478367639416612032e-11
5.094876325796804439e-12
1.153978795578497493e-12
-3.055958159616444735e-13
-7.308482706217689099e-07
-7.268568089963196454e-07
4.897738292597098214e-07
-1.583124164844010252e-08
-1.871452542173355856e-08
-4.087760125631523441e-09
-1.302571167962391957e-09
-5.627830221640013717e-10
-2.714094236841441591e-10
-8.484943405116429325e-11
-9.505244941661346641e-11
-2.012840105589231319e-12
-1.603688413087994046e-12
-6.846541265905780208e-13
-3.358428502034831895e-13
1.413171548646145163e-13
-8.930321427990642915e-08
1.488474802226529369e-07
1.229557840389925694e-07
-3.626161796670050909e-08
3.922340051708911654e-09
1.638035493453474126e-09
4.488096322494546860e-10
2.899311836380457318e-10
1.137835903744996358e-10
-8.679163063684074006e-12
1.729122791438177938e-11
3.406778780446950335e-11
2.131047060182651305e-12
5.004815584208605884e-13
8.805718958178047510e-14
8.218399985884741024e-15
5.427111590831711074e-02
2.282556142992736223e-02
-1.529575603695845082e-02
-1.177642450783563917e-03
-6.591074725520591185e-05
-3.997413610997884511e-06
9.361974380604197628e-07
9.930053358567948576e-08
-1.815412694914551803e-07
9.919103316789581871e-07
1.053936872613110302e-06
1.074382195433961724e-07
-2.868314580248944602e-08
-2.460639537270126044e-09
-1.116251224860870211e-09
1.269217914926689882e-09
-1.425998392971319564e-10
-4.931006754372947720e-03
-1.624028209348969166e-03
1.164505876580600348e-03
2.970862968300977272e-04
3.248241386296330066e-05
2.589723577991966886e-06
4.145722800975684527e-07
-9.888891581718905392e-07
4.508818708420327847e-07
-1.011554972848717496e-07
3.859662096001477979e-07
-1.093621352848592946e-08
-9.819576289916656937e-09
1.783866458182422300e-09
-6.266975833599804452e-10
5.225004389962319403e-10
-5.210424764119757523e-10
2.407489342468190866e-04
1.491089603910701199e-04
-4.143025877051967729e-06
-5.034695739077798610e-05
-1.535985447417083206e-05
-2.138487914019928075e-06
-5.432630212074124902e-07
-2.971098996918532779e-07
-6.296111648110603297e-08
8.964512904678821846e-08
-1.332296380746778852e-07
-2.455755200313654984e-08
3.199760339963074643e-09
5.702455199884437381e-10
2.779885476811939450e-10
-5.102304270537746945e-12
3.179278211264331446e-11
-1.347214679925955497e-04
-1.196420053009013642e-04
7.188328067558783614e-05
9.813097906311253201e-06
5.676256946636914215e-06
1.014177158340828807e-06
1.641590984417342126e-07
-9.883956951191381327e-08
-1.028822554628670928e-08
-4.440049566459309775e-08
-2.261471146264896056e-08
-6.560678074896080203e-10
1.820075044565960277e-09
1.111422719983024669e-10
1.529085728678630302e-10
-7.933257778460492233e-11
-1.336074407605483320e-11
-6.446288673616714000e-06
2.280402465370865410e-05
1.485210573468247510e-05
-4.118930263309396412e-06
-1.708636024868345629e-06
-3.622226466599694664e-07
1.275009262960344624e-07
5.535909045722779118e-08
1.390382765241862858e-08
7.251824058187756650e-09
5.064271292078589576e-09
8.123127005462826626e-09
8.178392894837978164e-10
5.354780781598322298e-11
4.019799833658074306e-11
2.433378437535540599e-11
5.884804604492318504e-13
-1.354289691888180323e-05
1.406932689695389999e-05
2.172997145647682037e-05
-4.788372847252332855e-06
-8.480659166792363341e-08
4.753634751992883854e-08
-4.444752117158866366e-08
-1.253509807554500498e-08
-4.317478366294991699e-09
-3.889837146781386265e-09
1.851310293811641066e-10
6.664908890924012765e-10
-1.959656870325809329e-10
-5.521268069948058446e-11
-2.875851229797831255e-11
-8.844426320466874555e-12
1.895736386642603155e-12
2.190804273203458153e-06
-6.275590238466768574e-06
-5.505212560009135320e-06
2.372154977369650655e-06
3.635663749264577391e-07
2.860766985919997419e-08
1.260621270728167639e-08
8.473287953418366043e-09
3.142008415519544761e-09
2.286346844137882563e-09
-9.765715796451930853e-12
4.450761224148920817e-10
-1.351103140261275138e-11
8.624848475389679492e-12
7.874493139442811885e-12
2.293258904937794118e-12
5.807243692292415787e-13
-7.061359733735900742e-07
3.021951257529043794e-06
2.735001976094853331e-06
-1.535751704450171871e-06
-2.800260535229321774e-07
-3.916248573734809920e-08
-8.945037903087930274e-09
-3.980844644980039707e-09
-1.723800547521161339e-09
-1.130959947581064336e-09
-1.261145808240155210e-11
-3.459170883913252459e-10
-9.078903920024027516e-11
-5.146075132429554340e-12
-3.902163350227969766e-12
-1.019028431821871654e-12
-3.691699113359267389e-13
-1.683291750157723599e-07
7.091011529857432349e-07
7.250321790773390755e-07
-4.919579889680947870e-07
1.537759962604101074e-08
1.970461712345159156e-08
4.494985397311272773e-09
1.896893276050418732e-09
9.102183833118133208e-10
3.415775256231181128e-10
8.272115581216155964e-11
8.314118224180132731e-11
-1.051486664914184140e-11
-1.691353111967872084e-12
2.364687855241026120e-13
3.037347825359497959e-13
-2.967391810269473578e-14
-4.101497192051868292e-09
8.212663345190299311e-08
-1.615839284957406997e-07
-1.295695878540594286e-07
3.678579484841746545e-08
-3.439811670047341335e-09
-2.035740054167483431e-09
-7.567230550317398616e-10
-3.676553490626386884e-10
-1.492305339632363674e-10
1.484802906908266288e-11
-1.728345428475091035e-11
-1.529011985768473669e-11
-1.592619691852111187e-12
-5.266060955074540429e-13
-1.397507881732239035e-13
4.377977544137426516e-14
-1.565120630489364451e-01
-5.098823297172794776e-03
-1.580779179921780529e-04
-4.552404465553205925e-06
3.444452290471976768e-07
1.873656468590837677e-06
6.969357160705859191e-07
-2.419552416484682271e-07
-8.446359679571303490e-07
-1.019524843346732254e-06
-1.534718266984574294e-07
-2.457484198965776671e-08
-1.006768962960278560e-09
-4.315819573567842815e-10
2.492695555011786429e-10
9.924203790950753790e-11
3.265479165125537153e-02
2.727280735362673427e-03
1.514158673777143982e-04
6.622045517058231952e-06
-1.330768234040070373e-06
-7.693543530911795018e-07
-2.635531731452249547e-06
2.037166960487469745e-06
-8.107882517855645913e-07
-7.337418284325541744e-07
-4.080348351147098183e-08
-1.192934957058127792e-08
1.231203269784999149e-09
-1.237499512393927907e-09
5.943061376498451094e-10
-1.671324116034038014e-10
-5.577869806838432927e-03
-1.139187224559728723e-03
-1.135535406966893415e-04
-4.568457041329888721e-06
8.848720641878310165e-07
2.537532292942665602e-06
2.312747378779323699e-06
1.095632535932806582e-06
3.406723215430834273e-07
-6.141482684937671569e-08
4.358633855450754064e-09
-2.298176019093214081e-09
-3.948856117946013277e-10
7.329066544434145614e-10
-9.298523059540201311e-11
1.560652494422338401e-10
1.857343230468681535e-04
2.023508571484241366e-04
4.507435920608354751e-05
3.070289963012418956e-06
-1.361885484360969765e-06
-1.210570922585157335e-06
-1.121871759746190870e-06
-3.828033319569323749e-07
2.497068958892130607e-07
6.659688970811635932e-08
9.407678043657986519e-10
3.111898543321847932e-10
-1.244625550737604294e-09
2.703630795082469726e-10
-3.420186619006859445e-10
7.457397742087382136e-11
-2.713981486555555904e-04
-4.456195253215263679e-05
-1.476920462132839437e-05
-9.832385773381775153e-07
7.668091290016094543e-07
8.032868455156574906e-07
3.116695248915235163e-07
1.261227929971318545e-07
-2.748288762665101990e-09
-1.159124447452907363e-08
7.909622534266513361e-10
3.802736217805011679e-10
7.722352686098818125e-11
1.122457912540982587e-10
-9.743483887443858571e-12
3.383265271549756237e-12
5.299176161486159899e-05
2.034357957312291787e-05
4.555445106426836393e-06
3.019784724445793483e-07
-6.406604371734887765e-07
-3.684965473609133458e-07
-1.180821230662533233e-07
-4.455416689716084984e-08
-2.304778800801519574e-08
-7.204869495171060623e-09
-2.381340501953014912e-09
-1.170288686911182435e-10
4.991139984349923025e-12
-9.525225056818154869e-11
1.310661114945529903e-11
-1.787980205407539062e-11
3.486904146204508170e-05
1.507857371412873215e-05
6.878245665461236132e-07
1.115563910114810009e-07
2.903214738456583366e-07
1.412900344997028595e-07
5.873212030696484394e-08
1.691960588710467155e-08
6.393913495528627820e-09
1.358408086795906423e-09
8.820574676299900802e-10
1.549769644693089818e-10
6.845206076152013376e-11
4.721730095919133420e-11
-1.020609252011617867e-11
1.584581334853760024e-11
-4.761335536737466480e-06
-8.192740568212092942e-06
-1.332411701895338952e-06
-1.988797778934469942e-07
-1.054833429159078188e-07
-5.526286682547666704e-08
-2.412100118884473667e-08
-8.476178469418939114e-09
-2.722672917981764348e-09
9.027118619832647974e-11
-3.872353344250795412e-10
-5.714484298118765751e-11
-3.799782591604975949e-11
-1.102480760244282347e-11
-2.232223940587008769e-12
-9.553624661421459984e-13
1.822850626421118724e-06
5.218334728073823428e-06
1.007175586774002216e-06
1.565825550052347368e-07
4.612613313109264718e-08
2.063624653051436304e-08
9.468993458322713154e-09
3.304544797150069684e-09
7.326800168064268639e-10
5.584348739034026366e-10
2.390368665693758382e-10
2.767126608785063335e-11
1.620595198940543918e-11
4.609280395718292373e-12
1.262111677091833866e-12
3.303387692929736730e-13
8.342761824964798890e-07
1.829867202603503644e-06
-5.414944064404064646e-08
-6.953494015748288119e-08
-1.983209618295083091e-08
-7.875709963788468716e-09
-3.321383911448852965e-09
-1.237452309567775852e-09
-2.126146602024482204e-10
-1.794659650895914334e-10
-1.166236128603950141e-10
1.320308430551624251e-12
-4.328646453699643756e-12
-1.276637104880668984e-12
-5.175256584910731370e-13
7.034308661063018425e-14
-2.115553577259106128e-08
-4.405462215534079312e-07
-1.371819870718790005e-07
1.200775157213365923e-08
6.533765573585249946e-09
2.200348103556467976e-09
8.865237520134975196e-10
3.793674942976269436e-10
1.669950485589762713e-10
6.487275906289336053e-11
6.165957055255701832e-11
8.055641350247689062e-12
1.026264969455896014e-12
4.736426920996912019e-14
-1.172142704983220591e-14
-2.630388580270113538e-14
-1.146794934057454168e-01
-5.798974143002342402e-02
-4.170486686293925493e-03
-2.170741594643476398e-04
-6.911017564487832703e-06
8.577671040751007608e-07
8.573473897017080230e-07
1.974153547576611096e-07
-2.187666147009333404e-06
6.459118220819480387e-07
6.505190964248448933e-08
-2.750839922867485328e-08
-4.316740217000882436e-09
3.442467186090415308e-09
-2.502054883083239926e-09
8.784139839214646743e-10
2.433889389984056228e-10
1.557650609702843168e-03
5.104550339342665312e-03
1.061563521518544455e-03
1.086331038201058613e-04
4.982749330759086964e-06
-1.637157243389927628e-07
1.625174305801671990e-06
8.920976947968874326e-07
-3.514894675386535083e-07
-5.386008983827535363e-07
1.550094649676058498e-09
-4.220175979105290596e-08
-6.556276710066762216e-09
1.388758613706219008e-09
3.049365074100033561e-10
9.934079538295170733e-11
-6.959580046645303095e-11
1.287289901991681216e-04
-1.654892291324681810e-04
-2.022423191965027722e-04
-4.326155527956501609e-05
-1.557420299125870318e-06
4.667431877865615472e-07
1.488502712695668059e-08
-7.859484738652354071e-07
3.306341175655817350e-07
-3.258493908719954651e-07
-3.427716483290456589e-08
8.533890207603164859e-09
4.381981606054851958e-09
2.742132647424608771e-10
5.694897024804113636e-10
1.769361754037401044e-11
-7.411414861353802928e-12
1.056411528199633493e-04
2.904292295640442407e-04
4.578232699478484958e-05
1.440589891666916226e-05
7.256180353433552616e-07
-2.421494581451348343e-07
4.790621816331654396e-08
1.353529130205081266e-08
-8.143017526290218687e-08
6.585238199574534424e-09
-4.051790126286735653e-10
-6.013122302311992066e-09
-1.153528412611744198e-09
-2.227511066629503240e-10
2.896013128016080735e-11
3.844939779268962500e-11
1.054427244663545181e-11
-7.687689937965516045e-07
-5.221488499429058399e-05
-2.000857611856054452e-05
-4.260070854413160256e-06
-2.290148645187867684e-07
5.481212155315275218e-08
5.484740068932477269e-08
5.717717976511124641e-08
1.873356387775797275e-08
2.642763813174617506e-08
1.182575289205220396e-08
4.614353417557094764e-09
4.860939477032657602e-10
1.267587040833577418e-10
-3.011149196682156440e-12
8.446149047730292907e-12
-5.722881636217478757e-12
-3.117751574700104410e-06
-3.497093503917434880e-05
-1.518210840836105360e-05
-7.952605755432124564e-07
-5.687137195888867321e-08
-7.552757342952132771e-08
-6.623486254808686909e-08
-2.824768659082538438e-08
-1.161785563052137857e-08
-8.807040035006530249e-09
-3.273397525327070031e-09
-1.675236990322226066e-09
-3.279959848457502098e-10
-9.517348384905966275e-11
-1.614811303956764829e-11
-5.247049536964304909e-12
-6.883332078474273179e-13
1.600190938842372729e-08
4.682785713198109604e-06
8.215503569819923739e-06
1.343906435989252433e-06
1.554255335768051427e-07
5.981351040562170297e-08
3.519021999992979232e-08
1.605457734975109864e-08
7.179756704784881480e-09
3.572517120714488811e-09
5.639354068051322852e-10
6.447947445402637135e-10
1.321970236146101750e-10
3.827981522149212253e-11
6.876763668466696466e-12
-4.775989571196518819e-13
7.237809616098146416e-13
-4.351514383601431798e-08
-1.809113379811795854e-06
-5.223082292110193637e-06
-1.001917837425928297e-06
-1.417542248641476767e-07
-3.345426961606606061e-08
-1.669254531183864694e-08
-7.379379317306087894e-09
-3.252555469215520590e-09
-1.063687248837516997e-09
-7.894986853178351009e-10
-3.279520177675827763e-10
-5.316870351791430891e-11
-1.555840213743543917e-11
-2.812190103898972376e-12
2.619424362021113977e-15
1.179059317345041037e-13
-8.607956431506874817e-08
-8.462652018108673163e-07
-1.829258297522293670e-06
5.096725897348753346e-08
6.418828195871901155e-08
1.720255902260982098e-08
6.961201712893264244e-09
2.979444457770623982e-09
1.351287249901372098e-09
3.435509219607382547e-10
2.666650200790739326e-10
1.396111497043797642e-10
3.632229317794098264e-12
4.478384974335110155e-12
3.311792231363733541e-13
-5.980527918684189234e-15
-2.064923469224806199e-13
-6.578390715089215407e-10
2.320366240250818245e-08
4.412445008684123410e-07
1.431825545231905091e-07
-1.072813055496489315e-08
-7.272773138214639660e-09
-2.579861757559118023e-09
-1.101949705078468352e-09
-5.329378807739961960e-10
-2.637284718696554900e-10
-1.037022498500937616e-10
-6.964893066687624361e-11
-6.522395784509303603e-12
-1.499270299430607826e-12
2.378851691621234512e-13
2.439362465424456490e-13
4.077510506181907394e-14
