1.350442977101019293e-01
1.027535341567785476e+00
4.323995409408158686e-02
1.356801534210674539e-03
4.139357128768020907e-05
4.850861879179984232e-06
3.463057192625721946e-06
2.925746779556668113e-06
-3.290733182380078488e-06
1.719178347263183201e-06
3.153300098582402581e-06
7.673560084521489749e-07
1.200465483446537269e-07
8.615557080662466406e-09
2.627761145987331428e-10
-1.054458511583619785e-09
-5.930913254920173420e-10
-3.861541836243798792e-02
1.028010255595879913e-01
-1.084072856438175574e-02
-9.267685180314618170e-04
-5.038033348965914842e-05
-2.576571130607470555e-06
-3.378021609727071088e-06
-5.575563225215020516e-06
-1.849695978797487947e-06
1.593541604488860628e-06
3.675603387551088227e-06
5.676295138671858611e-07
4.670455163364835372e-08
-1.223989878289839975e-09
-5.708272121086357506e-10
1.690436030248056062e-10
-6.170956225583624100e-10
8.354653275708131752e-03
-1.061382317753389610e-03
2.272013524894625838e-03
4.996557661798926419e-04
4.751136340939507164e-05
2.257618841014525603e-06
7.473896634606195535e-08
3.287135166315039214e-06
-5.580267811315536905e-07
-4.339334614043235309e-07
8.861224531441596086e-07
-8.218420916467312818e-09
-9.439609027769864260e-09
-7.018803123052906548e-09
-8.398713115155468352e-10
-5.179938498929274399e-10
2.460739408461430393e-10
-5.948783957950205294e-04
-4.556140128812273538e-04
-2.052263214260810400e-04
-1.093335786010464879e-04
-2.478060779070334911e-05
-5.987203046450900701e-07
-4.416137312452422731e-07
5.309638251209922404e-07
8.108956617406166496e-08
-7.168527795433335581e-08
-1.979121384462194480e-07
-1.662116702284400283e-08
7.352430770391665813e-09
2.232043045999527463e-10
-6.268264511556061360e-11
1.089947666074691777e-10
1.538375755632113668e-10
1.557876694721143870e-04
-6.321600712337453482e-05
1.289740356833285950e-04
2.057306146823597236e-05
1.080324453369610590e-05
8.703954551393330973e-07
-4.555553248045149267e-07
4.295377223011412450e-08
-1.047586538251546591e-07
3.628228827907629881e-08
-7.389048007566006927e-08
-1.907394490691595113e-08
-9.948611887971988605e-11
-1.410033630348539147e-10
-1.388003745900981873e-10
2.499713498794074528e-11
1.007033241205556723e-10
1.227640059632572815e-05
-4.664942951351051939e-05
1.081129001202962151e-05
-7.707122278484505388e-06
-2.837211033762249841e-06
2.390755906814004168e-08
1.150332804873180707e-07
3.915759808236307161e-08
5.151407989995463534e-08
2.615497043621718870e-08
4.995142393132801934e-08
2.600873086283286933e-08
4.123898197146281524e-09
7.411535161985041747e-10
-5.901768171035031348e-11
-8.260587316295898012e-12
2.179760755771305072e-11
3.495342903160218511e-05
-2.067242090381450918e-05
5.364259878454146683e-05
-1.265940765726821765e-05
-1.162817293001258539e-06
-2.476556236543961482e-07
-1.474446788261269079e-07
-1.232782082919282780e-07
-4.935480203683936604e-08
-2.256349286277081241e-08
-1.260448038678904137e-08
-2.972704630198929109e-09
-1.591866478189597604e-09
-4.293305509976262181e-10
-3.356844357771515971e-11
3.052897375394397683e-12
-1.839102001394477043e-11
-7.088701917647359819e-06
1.914754472830894309e-05
-1.161726083223006255e-05
8.467026762932467108e-06
1.680009099019240864e-06
3.041523632128259509e-07
1.399669724791011079e-07
7.075920904036631692e-08
3.631702464388909632e-08
1.317477080697155455e-08
4.880613355242659137e-09
3.192716781179498177e-09
6.319864950503311545e-10
2.355807761866833530e-10
4.543734195461805793e-11
1.307144205384989917e-11
-1.427407717985118618e-12
2.622074243571812579e-06
-1.134287410350278948e-05
3.670365885619920397e-06
-6.901547973070717267e-06
-1.364362992331563235e-06
-2.796196325560319198e-07
-8.641646080960037633e-08
-3.899988984677744060e-08
-1.751391305066709811e-08
-6.934745250189040135e-09
-3.368253294264045541e-09
-1.897333396325446119e-09
-6.367002760684584112e-10
-1.270091571636322555e-10
-2.248466971250034088e-11
-5.053321220108845515e-12
9.598262172755776181e-13
9.934242187224888877e-07
-3.391374363331445380e-06
4.059383410383754423e-06
-2.310221225447226349e-06
1.973753502108146202e-07
1.552483173674757945e-07
5.025083994664127172e-08
1.837021111043777973e-08
8.158164628200564560e-09
3.396574008927000193e-09
2.416644245743149640e-09
5.696082430177329025e-10
1.029194008548309771e-11
2.699438624167402557e-11
4.192274839473118822e-12
3.836104754798364366e-13
-2.220023948157136788e-13
4.805896670570634984e-08
-5.014871063522012856e-07
1.031768380584790786e-06
-8.778861330665620556e-07
1.951812461044338931e-07
-4.941768034706705516e-08
-2.056622729372203498e-08
-7.261954020560633087e-09
-2.867364241347759058e-09
-1.031227045084861011e-09
-4.794794580878744648e-10
-2.832132763786095631e-10
-2.618423141872056829e-10
-2.224642592931496972e-11
-4.683329848630152466e-12
-1.825295424234548035e-13
-1.409543958377846629e-13
1.942984738343006904e-02
-1.947565251887080004e-02
-1.435105638232592965e-03
-7.358244952477718500e-05
-3.494089594629052279e-06
-7.989537635224549867e-07
5.127225469427314962e-07
3.804724338481551523e-06
2.064915508621461987e-06
1.528007429615141981e-06
-2.573457449059245563e-10
-3.778473895814140196e-08
-1.390180659735697984e-08
3.579973396060648950e-09
5.815815935906291411e-10
-7.260642977815210088e-11
3.828123934790114247e-04
2.094800679600254938e-03
4.666836786739721817e-04
4.489643174042359574e-05
3.411228591968515899e-07
2.646519594208668386e-07
-1.276112969572358671e-06
-5.516176268655220385e-08
-3.846880062152903695e-07
6.488615879838886307e-07
-4.087425674738434659e-08
-9.485890682923785614e-09
-2.003034214361020470e-09
-4.703112301237834443e-10
-2.415463000822296293e-10
7.003065501311714373e-12
-3.760632363319461402e-04
-1.947186249471422417e-04
-1.114891298120280322e-04
-2.554029522393045913e-05
-2.168792276375261196e-07
2.180220504917641348e-06
9.259174639120925196e-07
7.921036482700023436e-07
-2.841603557217387108e-07
-2.150405428585536600e-07
-2.779450216709428726e-08
4.845415367852602171e-09
3.351442057151541351e-09
-1.103108390646199742e-10
-1.192045871992707864e-10
-2.751962919997374691e-10
-7.428189604789025026e-06
1.364912057564955596e-04
2.029873970957044968e-05
1.059832965176065582e-05
-2.104373032725172147e-07
-1.113640283850378442e-06
-5.979097068624704179e-07
-1.435320602028157100e-07
2.717770552746092131e-08
-5.365139297192376749e-08
-1.204542786072408518e-08
3.005242823753352300e-09
-6.584137264761895739e-10
-7.144059275000265179e-11
7.379688423059426135e-12
-1.393630615961250020e-10
-4.018395558657951515e-05
1.192663053423565927e-05
-8.329871583855104756e-06
-2.339808333237531835e-06
4.750576435830135121e-07
8.818117863966068190e-07
4.502145732140062338e-07
8.440922848028498394e-08
2.534887727820362523e-08
3.865524663271360380e-08
2.109221011082712289e-08
3.459815004385409490e-09
4.500612693702470990e-10
1.056478325938923707e-10
-5.101654029725393324e-11
4.929672199256929594e-11
-2.760956024753870555e-05
5.307797523732818348e-05
-1.250364604754771933e-05
-1.459848208622902045e-06
-5.709950644740565002e-07
-4.119611036680969412e-07
-1.938526918192173907e-07
-6.719892843644379314e-08
-2.257740296622140175e-08
-9.178837889150873072e-09
-1.131161591908717506e-09
-1.330124107200369850e-09
-4.391004525565553342e-10
-9.381780920810536916e-11
8.894663151051049077e-13
-4.017927602602980932e-12
2.027744813297218348e-05
-1.157275070400593885e-05
8.517479174782060678e-06
1.820496590742927404e-06
4.537512150745325567e-07
2.028675034447506210e-07
9.659736170004889547e-08
4.022065275841517732e-08
1.051286167890906837e-08
2.902774010221504671e-09
2.418353359116168790e-09
4.563245725484089687e-10
2.363827146806331255e-10
5.329756289407761118e-11
1.693951706736830083e-11
-3.893547142790762781e-12
-1.170594143275662866e-05
3.636582993348972996e-06
-6.941054019765959705e-06
-1.428113834958990936e-06
-3.253008780810484434e-07
-1.135348682280058258e-07
-4.734394911305666111e-08
-1.843208932377220752e-08
-5.844453710204511928e-09
-2.526648886031932271e-09
-1.576312462378349512e-09
-5.561338343516111102e-10
-1.282013940729892774e-10
-2.888112019980445432e-11
-9.324342030843334495e-12
9.786761750461339381e-13
-3.518459257341789838e-06
4.058041944082718324e-06
-2.296235383244374359e-06
2.223777978931016789e-07
1.723342256615038355e-07
5.928463677766139316e-08
2.282552976494261099e-08
9.599940834388354053e-09
3.248409490123049689e-09
2.126917024643471730e-09
3.902579717607290612e-10
-5.551866756846163806e-11
2.079701830224110653e-11
7.452504236692974669e-12
1.213434440824076129e-12
3.310781368977260540e-13
-5.661388134872000581e-07
1.046773048058796939e-06
-9.178280645537044570e-07
1.806351186780170058e-07
-5.639000488395812964e-08
-2.916622080292888325e-08
-1.131730365194955688e-08
-4.138114772496009478e-09
-1.596143527228978283e-09
-6.381817332223908670e-10
-2.432774191820809628e-10
-1.379417190559985065e-10
-2.946851727203416388e-11
-6.694291620509698384e-12
-1.697176333381639538e-12
1.102348442388477023e-12
-1.019001842657647705e+00
-4.299934191763466612e-02
-1.348957875344552722e-03
-3.640358139383767879e-05
1.927604284246456364e-06
6.301097956820762544e-06
5.906648774783389030e-06
3.541993490898325903e-06
-1.557568352910650939e-06
-3.145627641242355400e-06
-7.736296816527767211e-07
-1.217172137274384421e-07
-1.268855865298121296e-08
-7.838051144373964763e-10
-1.079931218100930903e-09
1.389136314421086529e-09
-1.086399314400821187e-01
1.053031388719015762e-02
9.150098290403294900e-04
4.871299469604764684e-05
1.277155961587937899e-06
-1.239408905383228149e-06
-4.502700682617054858e-06
3.455228710400054650e-06
-7.221146972939545165e-07
-3.506215815130459034e-06
-5.515622607564959673e-07
-3.707336010297666021e-08
5.919655656322484357e-10
2.837578361507817672e-09
-4.953456774242149303e-10
6.341663632233306422e-10
4.182146074080041014e-03
-2.003175976936393595e-03
-4.873544867723195650e-04
-5.024081834675153549e-05
-3.222047408507115499e-06
-5.700990946335917076e-07
4.641092658859664184e-07
-1.235003927536655921e-06
5.467585493451811571e-07
-9.275865728751399512e-07
-1.307948052758500452e-08
-1.482276677874244746e-09
5.924301508554867297e-09
4.146007618258463329e-11
-1.741101709310385812e-10
-6.555783101411900562e-10
-2.484730142281725454e-04
7.476450756190284425e-05
1.007929394781067664e-04
2.517014514312638384e-05
1.200755135848965024e-06
3.027782830597471968e-07
-1.621738383711066821e-07
3.870155632224192904e-07
4.041619081948303231e-08
2.493266056253481093e-07
3.959508549205175779e-08
-6.566027832417168131e-09
-2.510468137255483077e-10
-2.833646539578737619e-10
-6.854572599768083103e-11
-3.568375169417260179e-10
2.206808129735120315e-04
-7.903193625356104391e-05
-1.668032130932092585e-05
-1.196303127041831293e-05
-9.653737216132825253e-07
4.033857002400649994e-07
-3.532978256246976697e-07
9.770147408516297692e-08
-1.128299886558784276e-08
4.266010259983043041e-08
1.150123810212244918e-08
-9.343685379819529577e-10
1.099689213635323407e-11
1.065924724310171625e-10
7.002986305296018173e-11
-1.118774023966613266e-11
-3.282977760318071922e-05
-2.738949290390466112e-05
6.595721840493430402e-06
3.576050023490852232e-06
2.832721052863081285e-07
9.634431870136590648e-08
8.843011178209041243e-08
2.785181537334587583e-08
-1.305891298063935476e-08
-2.555975918027028448e-08
-2.175695177944805783e-08
-3.011066780124655035e-09
-7.154600610138133282e-10
-2.153889191368389782e-11
1.391601513350127314e-12
2.071549748307284666e-11
-4.497323597991455518e-05
-5.632869563959444422e-05
1.239579622446445933e-05
7.337399339799240254e-07
-7.392514708296974825e-08
-2.246076957215185735e-08
3.323642445955058212e-08
-1.664588628614122489e-08
-2.114999017598124071e-11
1.139013211841456874e-09
7.967834925323731708e-10
1.031050130548727042e-09
3.980413556802627793e-10
6.029318996873841389e-11
-2.594281937578495195e-11
1.125162077688122128e-12
2.180836894359080205e-05
1.837869560707100397e-05
-7.646389295373424630e-06
-1.360730008603008855e-06
-9.469924034308200350e-08
-2.514962515881943179e-08
-1.589365077563677920e-08
-4.235955052170227032e-09
-5.288215061046508050e-09
6.233314818754582623e-10
-2.177253899211938109e-09
-2.967445878218990055e-10
-2.051965862756308295e-10
-3.864898745000155645e-11
-9.913225931330939736e-12
8.307525801883152438e-13
-1.216666421262218308e-05
-1.013535527033580296e-05
5.981255876834123577e-06
1.138606396461294254e-06
1.635646642425138125e-07
2.470016370986903934e-08
1.066990401474691451e-08
5.119881189040457287e-09
3.220021900371998835e-09
5.714083417697855351e-10
1.367367036824588719e-09
4.611402104821869745e-10
1.110627020802392058e-10
1.641503715815725723e-11
6.196483524481665003e-12
-7.353887559480207625e-13
-4.155682487834524363e-06
-4.095007234281797225e-06
2.783758547610764552e-06
-5.707761966947238615e-08
-9.679061489929923338e-08
-2.178350204004005321e-08
-6.687245325050664606e-09
-3.631473819396133886e-09
-1.211226242144017783e-09
-8.165811454081615404e-10
-3.925578074869452195e-10
5.391589722048703720e-11
-1.653162939158016446e-11
-2.834389856070026946e-12
-6.587104058711199366e-13
9.218842647016027366e-13
-6.152785813839637164e-07
1.027059642793589203e-06
8.079430631009886289e-07
-2.529204015313203583e-07
2.661591976996471377e-08
1.053559255205379764e-08
3.414230763530390497e-09
1.680463142342296253e-09
5.814216567595043331e-10
1.009084857463454614e-10
2.082795027439938892e-10
2.442840725399692159e-10
1.551068631647881944e-11
2.904154536386738987e-12
-2.186254176418606860e-13
-2.222129520055617021e-13
6.738475855712046381e-02
2.840621190421691727e-02
-1.903010311989198483e-02
-1.419873016854489474e-03
-7.474489214536409593e-05
-3.160163327400712541e-06
2.336800324552703104e-06
9.113630615595006410e-07
1.130356503138204528e-06
1.818448823917563475e-06
1.671213045762103047e-06
8.019628317046360035e-09
-2.061537384417705599e-08
-1.397324853024903573e-08
1.690026672454005469e-09
3.558245087459267354e-11
-3.898615869127829067e-10
-7.721499037667440939e-03
-2.524585415800526152e-03
1.839427724676758955e-03
4.523811886177872598e-04
4.508936431492137847e-05
2.460571309195872769e-06
5.877494506197430069e-07
1.561749003137425804e-07
1.468060383464282837e-06
-5.426260072948931476e-07
6.334256763606155022e-07
-4.216353528895775292e-08
-6.475857443660517175e-09
1.438586775523474114e-10
1.057752667059565341e-10
-6.802920052850437230e-10
-5.178577134138892032e-10
5.589525890876502262e-04
3.376783561429851674e-04
-6.345397103474733789e-05
-1.034488762276595516e-04
-2.792345667248530576e-05
-3.144821594722307906e-06
-9.829382480434485384e-07
-9.318221650422472049e-07
3.629681619634610403e-07
-1.450105269491461854e-07
-2.264031761122320200e-07
-2.663271157606564978e-08
2.843882617245716856e-09
2.914474414128225345e-09
-9.935364101361527302e-12
-3.057424992647111574e-11
1.487864308374923218e-11
-1.779571835519842577e-04
-1.663850022293319943e-04
8.372354047476295122e-05
1.594124926573514353e-05
1.261928144843492693e-05
2.156670028417343030e-06
7.793671190705009360e-07
6.580386962435175679e-08
-1.196469239774189767e-07
-4.933883629127001693e-08
-5.075529817377335124e-08
-1.178695951846131495e-08
3.850363878686507751e-09
-1.519783788026202846e-11
9.235814144276726492e-11
-9.996552450235673098e-11
-3.130352536277358045e-11
-1.267189307339039275e-05
3.971620087156053214e-05
2.868381571720192151e-05
-6.760458939476826322e-06
-4.205956232491257610e-06
-8.963022955674139902e-07
1.404162260338811896e-07
1.915852952926762102e-07
1.408587756032325148e-08
3.633233698627902140e-08
2.803320729066953027e-08
1.890586791469803327e-08
2.580689004123873582e-09
1.072901463061719652e-10
5.808319283016331816e-11
4.384115976687197672e-11
9.444431294848468102e-13
-3.456804383939883854e-05
3.724949449226492697e-05
5.576051732812479779e-05
-1.216736911647056064e-05
-3.081926053322590320e-07
1.739564180597316851e-07
-9.148415235181618943e-08
-6.442212397133074640e-08
-1.076131261704592588e-08
-1.197062782853990059e-08
-2.783989137271433405e-09
-3.718722358932084909e-11
-7.766560992729459628e-10
-2.544090755184119447e-10
-6.764307215830706763e-11
-1.339336992465031370e-11
3.138283346566948172e-12
7.306358593593670230e-06
-2.040822995523303236e-05
-1.831413667892542159e-05
7.531870692929360136e-06
1.215568381388964334e-06
8.773669552785862971e-08
4.137347372656813775e-08
3.158518269435757433e-08
1.405755607098168355e-08
7.904389165104427148e-09
-6.720547816630407942e-10
1.870106043589763274e-09
8.793842743161541074e-11
1.245866659341237310e-10
3.157693854766836619e-11
9.838143184996450376e-12
1.758083641863963580e-12
-2.680845352355898258e-06
1.173919728115820539e-05
1.011763919339355405e-05
-5.943273738316400417e-06
-1.106400875573532367e-06
-1.611627890503323662e-07
-3.780456741934980373e-08
-1.722228180120411106e-08
-8.636447953085261323e-09
-4.117583211196771726e-09
-5.179304387641497562e-10
-1.219657456934158211e-09
-3.506135338450546241e-10
-7.684136702153724713e-11
-1.629504371932854168e-11
-6.129426648245008043e-12
-1.373004406336885292e-12
-9.382300376636871400e-07
4.035737184695250951e-06
4.084983124572327501e-06
-2.789291457774669178e-06
5.439363906372677984e-08
1.004921750007999005e-07
2.579516412731867344e-08
1.046778382231891820e-08
5.819401064756988473e-09
1.655094476433378372e-09
8.649119433182490092e-10
2.791026316006494708e-10
-1.409836359247405158e-10
-3.657542237022267919e-12
1.627541306812958301e-12
1.179727258878568036e-12
-1.307182611263082947e-13
-2.781027176754286494e-08
5.684546300671990395e-07
-1.140483418170701402e-06
-8.653537668550109446e-07
2.592421317194276306e-07
-2.235326870066167468e-08
-1.380042368574598784e-08
-5.607683268665900882e-09
-2.249739980339869532e-09
-8.554754190484701479e-10
-2.935030228869370519e-11
-1.613031771677311545e-10
-8.777506578325173276e-11
-1.410218383784926832e-11
-3.427846777394164762e-12
-7.181421749302489954e-13
7.034502991744705357e-14
-1.541008535953594938e-01
-4.789918965888223350e-03
-1.360788868504819748e-04
-3.864118503050268736e-06
1.501603862959385812e-07
1.270960163951130970e-06
-5.577732857748992535e-07
-5.504306892878055934e-07
-1.756467087105493691e-06
-9.919526959154592538e-07
-2.036508027605154119e-07
-4.503477648228627376e-09
-5.670515080373613888e-09
1.574882081629221041e-10
2.382668224622579258e-10
1.797909430639814787e-10
4.049509871299251940e-02
3.288331243970413990e-03
1.712472290237840365e-04
7.222436423919336706e-06
-7.691229936534178903e-07
-7.131914364848841863e-07
-3.275408724936134781e-06
2.559440794857516220e-06
-1.399859624700499002e-06
-9.503033734961916748e-07
-7.127970552173602094e-08
-8.363057977773308337e-09
1.051692167488196446e-09
-1.306970962582237658e-10
1.354846270516248807e-10
-2.338188521089357153e-10
-8.735028730452917486e-03
-1.738234818691980271e-03
-1.660907604041135402e-04
-7.075553578270771467e-06
-3.330073188282404633e-07
2.225799202580811554e-06
2.662206231491473027e-06
2.694092266615638654e-06
2.895265844580483348e-07
-9.608738433948067600e-08
1.266743729128554535e-08
-1.192378852177811888e-08
2.988526912035535466e-09
7.043751561716137887e-10
-2.937886475065126503e-10
4.676585374496317087e-11
5.126172335370864129e-04
4.050031609523261451e-04
8.343660503775189293e-05
5.727667439594092356e-06
-1.568430240603972284e-06
-1.241400299305848786e-06
-2.030603032579227889e-06
-5.375752238880614856e-07
5.447056491509617104e-07
7.326302663334416419e-08
8.486927770520146852e-09
-1.619043312465060559e-09
-1.562738397678004996e-09
-3.378672335157988020e-10
-3.079541996418917490e-10
1.847873671465567860e-10
-3.315030929941881156e-04
-7.903182859026516285e-05
-3.426060502226430397e-05
-3.056383380856448070e-06
9.480825423507186105e-07
9.967718843589630369e-07
8.432460373349671805e-07
6.046577918606723713e-08
-1.944940377089199136e-08
2.401852813432987146e-09
-1.280893273563058152e-09
3.696247026332646090e-09
3.501847647523787181e-11
3.086680203334526346e-10
-1.378436724444943289e-10
5.199703366112848721e-11
8.777750048002241196e-05
3.586862903834027899e-05
1.171969016892497153e-05
1.088550790202888369e-06
-1.177612110459614317e-06
-8.464460658003375881e-07
-2.732839309074227284e-07
-7.297720460088103467e-08
-5.711023731841066914e-08
-2.605050413110174475e-08
-4.492120352985756502e-09
-1.486105664439136155e-09
-1.701738689437015152e-10
-2.237827708643942127e-10
4.152526584557022492e-11
-8.405912205846103071e-11
9.060453258480297546e-05
3.887808496933921858e-05
1.910364360280115333e-06
2.941904680671743379e-07
7.419493996932896780e-07
4.724232593745311365e-07
1.610053488716864995e-07
5.156144508193832823e-08
2.694290247056645093e-08
8.190684351363732796e-09
2.836508668766946087e-09
8.292595201278558809e-10
3.010985761121690819e-10
9.505973811396092812e-11
2.057616298095543620e-11
-1.763693399610641960e-12
-1.593940784690935943e-05
-2.598512811064288545e-05
-4.375482175160125759e-06
-6.989596566101486191e-07
-3.725501363362326412e-07
-2.148016558039928599e-07
-9.110620026091257078e-08
-3.175142954573985905e-08
-9.555698914500105207e-09
-2.301738423250631570e-09
-1.525117835494894070e-09
-4.695331208699963835e-10
-1.972478623090621910e-10
-4.333706128742031062e-11
-1.590536455671287540e-11
6.335384194461872735e-12
6.476063135349957935e-06
2.008120301194960369e-05
4.000290901962969286e-06
6.692311703985605274e-07
2.085977152081990553e-07
9.675291496315502194e-08
4.504505327425518412e-08
1.532097655195289433e-08
4.021389880352887439e-09
2.791062895710249791e-09
1.056607587034706760e-09
2.958087170687804686e-10
1.060281163392033683e-10
2.928081063372614787e-11
5.790044205292955706e-12
-8.807556543309580354e-13
4.567082023574265869e-06
1.028425923928676723e-05
-1.832948497999959464e-07
-3.670870189286325768e-07
-1.128091225747679776e-07
-4.399445582228721672e-08
-2.039329684852396455e-08
-7.165459824678664044e-09
-2.327347526833164451e-09
-1.372183127984975203e-09
-4.409958872567426834e-10
-9.076044917127782638e-11
-2.993246086414363571e-11
-1.188280987221522645e-11
-1.996892664969831566e-12
-3.393737167348468890e-13
-1.341181716697252032e-07
-3.081451402927904005e-06
-9.682334117662209952e-07
7.569480303635616676e-08
4.495455673364158491e-08
1.537607911901026673e-08
6.955543344623773921e-09
2.716607452720782120e-09
1.446683752136980548e-09
5.059601325552515280e-10
4.213321765738727283e-10
6.809406956823177096e-11
9.901159373544708829e-12
9.807247005133628814e-13
1.515641282126395158e-14
2.775537324307256509e-13
-1.434740531120352602e-01
-7.198468679957449601e-02
-5.038103184185286319e-03
-2.488963013642292227e-04
-9.236039251741635301e-06
1.181027801471536623e-06
2.596969958055880405e-06
1.299576120868944421e-06
-1.992226696861318183e-06
7.105672889748707051e-07
2.349591737175855328e-07
-8.281825995383416096e-08
-1.129838531461871008e-08
2.091570819577070957e-10
1.025235827933422935e-09
9.479861741166775243e-11
5.438146254747886773e-10
2.486159217842345229e-03
8.000327454002004179e-03
1.618626717713570612e-03
1.591687198174609043e-04
7.814413433831381484e-06
1.099283419981522637e-07
2.006885364682892002e-06
1.121751537605125909e-06
-7.773454233974166118e-07
-6.648953005656014616e-07
-9.429332363914753343e-08
-3.666514971483056835e-08
-8.774606079164482719e-09
2.257010536178038627e-09
1.974279976767346934e-10
-8.716196450069831420e-11
-4.864049825496434504e-11
1.849008375858961976e-04
-4.765880025094427520e-04
-4.037759084869782349e-04
-8.072159956553272167e-05
-4.420585803313333511e-06
8.158104198121599676e-09
1.886394094384289393e-07
-1.151719801964959056e-06
4.055396654817360321e-07
-6.296411495366004057e-07
-3.752550130719033977e-08
6.694225986082506198e-09
8.949516485464341025e-09
7.113143620458921563e-10
4.656909936330437731e-10
4.881379597937744179e-11
-1.062784157635016283e-10
1.215014192849356837e-04
3.521457253137615226e-04
8.163313310733833904e-05
3.324731639896424761e-05
2.560302490437787076e-06
-9.051415733022910828e-07
1.775451662698296900e-07
1.138527656916180070e-07
5.125317979422909521e-09
2.551047886471639285e-08
-1.649767095611415519e-08
-1.180469360819163290e-08
-3.199482091197486835e-09
-6.208876460579327436e-10
7.914839263481925230e-11
5.429874629308087260e-11
2.620376341492881207e-11
-5.617293104489792103e-07
-8.583616335492448622e-05
-3.475181677915579125e-05
-1.150832731620367753e-05
-8.310112448313434494e-07
2.789119409746573043e-07
1.021347712439678533e-07
8.353101551954009584e-08
1.808816957535857149e-08
6.519853769340527302e-08
3.688081217408511386e-08
9.614945271461765449e-09
2.124189295096308375e-09
2.805016962964497029e-10
3.645469170200735228e-11
-1.031142470628628305e-11
3.307387897200213211e-11
-8.191819850557961646e-06
-9.103163429476692761e-05
-3.940850268712019379e-05
-2.047884940305549260e-06
-1.246606012711650668e-07
-2.094958378820518334e-07
-2.029466892971624588e-07
-6.924151606247678968e-08
-3.456736222282269470e-08
-3.351744332630080214e-08
-1.460252478085923173e-08
-4.679541590076832675e-09
-1.392356739842110549e-09
-2.454850339614691124e-10
-4.164335491289188678e-11
-1.067859734441801099e-11
-1.472438010347268876e-11
1.681725436300468923e-07
1.579547319150053004e-05
2.609407962292813524e-05
4.401380348830139068e-06
5.386247297820669399e-07
2.051325611069174322e-07
1.320363666415622983e-07
5.996623005016385502e-08
2.664236481732762240e-08
1.247698613196632234e-08
4.831518920004676080e-09
2.352003908991018314e-09
7.021814880906704512e-10
1.578951740914625089e-10
1.768481063718539269e-11
3.702927743174331938e-12
1.670775485478129957e-12
-3.755825641899288765e-08
-6.430318376342925348e-06
-2.009879144561150098e-05
-3.978908583135911982e-06
-6.051514890588608925e-07
-1.504256167675708375e-07
-7.577893571800289202e-08
-3.531526234895985247e-08
-1.493736479508201471e-08
-5.628025276625324907e-09
-3.795752212786125424e-09
-1.444832198580114226e-09
-3.799769376065360764e-10
-8.710681615454292359e-11
-1.751333776208570539e-11
-1.538636211911137705e-13
1.688070407221444595e-12
-4.376996296227397207e-07
-4.607721094981806498e-06
-1.028164993123435530e-05
1.691578219810090461e-07
3.352016274421058918e-07
9.682362071655029307e-08
3.966863237436089966e-08
1.895903095684996570e-08
8.004588952516865800e-09
3.261265518723952876e-09
1.867062643213715521e-09
5.329171039734014277e-10
1.055364322129113912e-10
2.455702457866562758e-11
5.547804064531862315e-12
-5.471565885173074625e-13
-4.721412378890897790e-13
-8.723679312849697839e-09
1.512842670282362493e-07
3.082458147849105673e-06
1.014602681486869116e-06
-6.249199709366548933e-08
-5.125517930250316496e-08
-1.999798923044570064e-08
-9.060357280886901202e-09
-4.383825112015531525e-09
-2.473547474897084282e-09
-9.701605328039708137e-10
-4.547775606171911907e-10
-7.776654063393100678e-11
-1.145254608901631725e-11
1.108726314083371068e-12
9.756818753327079666e-13
-1.286323340447062238e-13
