1.310559586272779520e-01
1.029744510553298964e+00
4.209277793070498319e-02
1.220141025726793633e-03
3.058015775605010068e-05
3.127116743876151349e-06
3.397860327090442666e-06
5.066343825527373024e-06
-3.860551253965493075e-06
1.811773796250851119e-06
3.760851994682985949e-06
8.591708600809996757e-07
1.271933662778302713e-07
5.495637478929333605e-09
-1.004409231825681839e-09
-7.248219428457203481e-10
-6.212800073452793110e-10
-4.868818614604455974e-02
1.320107951410882385e-01
-1.367264355202669514e-02
-1.097216943439248632e-03
-5.447846293262581594e-05
-3.283732882992748934e-06
-2.619723263891773955e-06
-6.343170808809570885e-06
-2.655008016639325492e-06
1.973295236666627104e-06
5.418539745564614747e-06
7.673044485504706026e-07
5.993598189573097447e-08
-3.201495190901664540e-09
2.812237087756950631e-10
3.127151627452586279e-10
-7.393219108917327698e-10
1.350669499409206699e-02
-1.860816463320538999e-03
3.643288732705558721e-03
7.722396328986771280e-04
6.580020643926974523e-05
3.706900741215760965e-06
8.207105696704644240e-07
6.745081287384241675e-06
-2.201114718059757125e-06
-4.856379615608907270e-07
1.589181609258398472e-06
-1.699574322213421134e-09
-1.338627499171968371e-08
-3.679070823990097721e-09
1.643297926288101224e-09
-9.893134916902912676e-10
7.788015987280599151e-10
-1.325306308056821425e-03
-8.667821329802929790e-04
-4.638789037704656713e-04
-2.269454180232899365e-04
-4.847222356568837488e-05
-3.779878135607841855e-06
-9.249430680773617239e-07
2.840425827872120933e-06
3.844361023149189237e-07
-5.362530144086780831e-09
-6.435548269201217249e-07
-1.190291253212152126e-07
7.922277301719288734e-09
1.590579786684499422e-09
-2.246743065654166992e-10
7.871385844437409285e-10
6.002351936940503105e-11
1.790110287724462016e-04
4.855440569518165521e-05
1.772573857356164902e-04
4.366082097430168911e-05
2.885080311469567413e-05
1.939275117860930700e-06
-8.062881035547067924e-07
-1.860127395370093783e-07
-1.773710743192948508e-07
2.291345449720969188e-07
-1.229484747899529015e-07
-1.725760417082333237e-08
8.829271624471949563e-09
5.412292175926377975e-10
-1.366352300992362636e-09
1.288106357502038864e-10
4.145097712703513191e-10
3.032222119179064457e-05
-9.361326311886233691e-05
1.112086810290215131e-05
-1.544560711547982940e-05
-1.177475201233007550e-05
-1.250416795278328320e-07
-3.099558213463990460e-08
-1.302174071503630634e-08
1.540644999795915712e-07
-1.129311488005160399e-08
1.228746848756220417e-07
6.854457678518457992e-08
8.628824016962338543e-09
7.471546058428100759e-10
-3.585000371651642821e-10
-5.011504461592958525e-11
7.590851509085586584e-11
1.177606181056300310e-04
-7.734612730396417857e-05
1.852106888850589929e-04
-4.312239010244682400e-05
-1.753103634682663076e-06
-6.422974776115535600e-08
-2.424166943933844358e-07
-3.232275124837571831e-07
-1.355559500175843546e-07
-4.802695647953115589e-08
-3.749314389229803017e-08
-9.835964661072387236e-09
-4.374984740131729075e-09
-9.666447237797559200e-10
1.206887990242282852e-10
6.712385829068576953e-11
-1.034090198320175550e-10
-2.873957069866398605e-05
8.224474085455596006e-05
-4.831692914141718276e-05
3.403941423617910778e-05
6.046005020366957761e-06
6.747181075567630262e-07
4.159284628990676889e-07
2.399427844959918987e-07
1.279940949055523870e-07
3.288027049266086564e-08
1.677533219762169991e-08
1.073163347937042527e-08
1.261501577369293555e-09
6.840033135046268153e-10
2.270333297666931265e-10
4.137532651368993320e-11
8.306576769713091765e-12
1.055187248702695468e-05
-5.387388702640448057e-05
9.999328908619424568e-06
-3.107206100840551808e-05
-6.296431211300447887e-06
-1.129601528502464591e-06
-3.249970660046927838e-07
-1.579420131969736141e-07
-7.068440207736694578e-08
-2.801562832506583225e-08
-8.797019552826222775e-09
-8.731330966008839335e-09
-2.800310207910582848e-09
-4.514120756235159090e-10
-1.529954176757480106e-10
-4.722784462120086958e-11
-3.319052659999231869e-12
6.761645999851419181e-06
-2.441801566665096230e-05
2.694977365930547241e-05
-1.669580366439519682e-05
9.600392049971990082e-07
8.628697538241338357e-07
2.436685664615957897e-07
8.894647414013517566e-08
3.366278821117226901e-08
1.524374183784096643e-08
1.525129858650285881e-08
3.221558754067694787e-09
3.249716637098416826e-10
1.357039368043601773e-10
1.868450991571315145e-11
7.517176565141473775e-12
7.106093691127559353e-13
4.952339462714406436e-07
-4.231629176997968524e-06
8.608416143015598361e-06
-6.335263071142985635e-06
1.661437343482321236e-06
-3.644668239577879019e-07
-1.186728601275765969e-07
-4.162091115188165712e-08
-1.368960389286054454e-08
-5.700691914108331599e-09
-4.415387513690556738e-09
-3.057958000017683714e-09
-2.678920518629937783e-09
-2.128017783624599559e-10
-2.123194083017509291e-11
2.151453270037304427e-12
2.765854828816482939e-13
2.514324167325371340e-02
-2.451992348364690280e-02
-1.710794574729301550e-03
-8.025226411375556825e-05
-4.452990411139216239e-06
-2.560828318945557836e-06
-2.033194257445264144e-06
5.842390165756579956e-06
3.183678515329186859e-06
2.640956263573547663e-06
4.444468948169563511e-08
-7.845695649178661274e-08
-1.458310219225194324e-08
6.919113727039551374e-10
9.677102952652014787e-10
9.887926843764254723e-10
4.838396119158948675e-04
3.368891142931977611e-03
7.178463419779223913e-04
6.250001627261082360e-05
1.572130722122390763e-06
2.640651519767115365e-06
-1.301499949203938086e-06
-7.081918292618074364e-08
-7.577009981014924232e-07
1.152606756988472978e-06
-1.112500973477887385e-07
-2.208688672214580524e-08
-8.198921865198093511e-11
-1.428932178773698888e-09
-2.661371799699864481e-10
4.306926844922087178e-10
-7.480091494141810063e-04
-4.457113904488043668e-04
-2.308137776817979065e-04
-4.794314760099240751e-05
-9.509695673901688021e-07
2.352493363977262239e-06
4.435538676653876017e-07
8.702986760340194033e-07
-6.180567911718023391e-07
-6.922510361707110939e-07
-1.396841608456958197e-07
1.112905803395008825e-08
5.366572904773220601e-09
-1.191017863430750118e-10
-5.632925245894575484e-10
-8.372368821690088630e-10
9.539272848419326771e-05
1.849539494971554770e-04
4.331512838482825525e-05
2.967126359763656810e-05
3.899009263720631807e-07
-1.120367597122347753e-06
-1.532219506011519595e-06
-2.384868307099629014e-07
2.329278265487536140e-07
-9.329781041073115156e-08
-4.248642963357181043e-09
1.234154169835255244e-08
-1.503983232708347448e-09
3.955323913842144154e-12
-3.600678582398730021e-11
-2.469135248578390495e-10
-8.120648230132876573e-05
1.353228432327367550e-05
-1.765671025342410654e-05
-1.072554142515907181e-05
1.395685745158852714e-07
2.121028691230395183e-06
1.127020957847642672e-06
1.904018613401478764e-07
-4.253994917284074992e-09
1.007580291124002868e-07
6.044486288053020052e-08
7.414934022223727709e-09
1.410390694740781638e-11
2.481569749622908693e-10
-1.893618922553483668e-10
2.479646015603199485e-10
-1.014755335303345226e-04
1.837208678406593439e-04
-4.225874664871665740e-05
-2.838921706390058468e-06
-9.467088138924830085e-07
-1.159114833668812520e-06
-4.644457550523000095e-07
-1.635575043905067413e-07
-4.759472228324528415e-08
-2.847905481147070286e-08
-6.576809459538628672e-09
-4.307508797223915873e-09
-1.262821111461446546e-09
-2.186047465189262122e-10
1.285697018714974378e-10
-7.394463701620691110e-11
8.658587752431734248e-05
-4.844906701228229596e-05
3.412391361715804035e-05
6.675227386209988870e-06
1.259857335470375105e-06
5.987705042651172190e-07
3.028383654415395635e-07
1.341217741268647987e-07
2.250212145741571234e-08
1.094165748167968120e-08
9.203063569523319638e-09
1.321875901397722986e-09
7.459866869194788603e-10
2.329961010678534848e-10
1.579654318540596954e-11
-1.513321491045182922e-11
-5.483636738951115560e-05
9.987222091644985572e-06
-3.119626355231056096e-05
-6.595767240444112272e-06
-1.336198769388284028e-06
-4.374752229728044254e-07
-1.929439120741984274e-07
-7.203322245463503988e-08
-2.451525026534476551e-08
-6.318480349362363678e-09
-7.997536160493204712e-09
-2.825725260072805853e-09
-4.901628242180825678e-10
-1.549714060255070767e-10
-5.040091256855552898e-11
2.964971364958268917e-12
-2.523022016103658170e-05
2.688969543286932407e-05
-1.664621624500672324e-05
1.126428335727492780e-06
9.562044612735709246e-07
2.984516572148795577e-07
1.199487584754497377e-07
4.626838859280786566e-08
1.693715665295145242e-08
1.421755759895065514e-08
2.032776018215770321e-09
-3.613607846955389735e-10
3.483114238961226377e-11
3.975960121868422262e-11
1.034040541095780186e-11
1.199963935267719830e-11
-4.748565885345650818e-06
8.840350816132312034e-06
-6.728806617466015957e-06
1.556448681592556216e-06
-4.145611932007975387e-07
-1.889275187564602250e-07
-7.214914239354517099e-08
-2.330784952657812636e-08
-9.898910397742350535e-09
-6.281898294660179671e-09
-2.684451067423631190e-09
-1.239951418239488922e-09
-3.004307795949261655e-10
-6.564737079022310811e-11
-1.022186069252003617e-11
2.694648420641863166e-12
-1.022054110234098978e+00
-4.191583943295797143e-02
-1.214449486792874280e-03
-2.737745745208009402e-05
2.058726061810391008e-06
4.876918579504882887e-06
6.169458120617805172e-06
3.503706746854536521e-06
-1.371896051164264376e-06
-3.760707883869269846e-06
-8.530974620111751580e-07
-1.226800423890246609e-07
-1.356021682448485545e-08
2.375287564136536954e-09
-2.964456575556102422e-09
2.725433088507307172e-09
-1.389655888246500992e-01
1.333072930393984848e-02
1.085629393147584431e-03
5.323291302766601247e-05
1.883301593858308429e-06
-2.127056320630514261e-06
-7.655578750021780834e-06
5.316749342693174397e-06
-1.109152442972020461e-06
-5.243309746069866497e-06
-7.541729318297578963e-07
-4.675545202693825758e-08
1.561447065788113984e-09
3.015971734206240641e-09
-1.195724352000628153e-09
1.094234784949381478e-09
6.699956076201976987e-03
-3.258573113917645567e-03
-7.522866260634569497e-04
-6.626655848277039770e-05
-1.371705420390789557e-06
-1.980490603583107895e-06
-6.878064402202784018e-07
-2.332133259664059142e-06
7.486375144399008905e-07
-1.644437316010823100e-06
-1.613034507831264320e-08
-4.073543813039647826e-09
5.966192607563014552e-09
-3.565572891473614790e-09
-7.614485989823025907e-10
-1.441781062510973881e-09
-5.797256495408961230e-04
2.167699021726380930e-04
2.076814784028265827e-04
4.814646851913946947e-05
3.934343805159986891e-06
4.051490037280164882e-07
-2.173597915306069838e-06
9.824637800328297511e-07
-2.724914390048786506e-07
7.288706153245625332e-07
1.450976362009904858e-07
-7.644041330023359511e-09
-1.517102290619608664e-09
5.724280576851103428e-10
-6.985767984942742329e-10
-7.672211047871258183e-10
2.587266372891781105e-04
-5.247900671768148192e-05
-3.169905474909068033e-05
-3.075118724135712795e-05
-2.326133628310673967e-06
8.116237243513166230e-07
-9.822989621189299321e-07
2.506921371791701263e-07
3.681108525061763533e-08
5.260575854065320615e-08
1.115110181880714014e-08
-9.322929308389235132e-09
-6.423268354746737254e-10
7.895859835713317606e-10
4.708385651989700422e-10
-9.337718750623784660e-11
-5.997880498502095021e-05
-6.378035765607111668e-05
1.058426756662584036e-05
1.270251897913106592e-05
6.769235196029023910e-07
4.295028497886524582e-07
5.417043939170685835e-07
4.903931667699380425e-08
-4.938585881418803775e-08
-5.696602705629555076e-08
-6.475430988494090882e-08
-6.566055415490189625e-09
-1.094451335015214882e-09
2.086824692426456719e-10
-1.005929059691667222e-10
5.492779173947777586e-11
-1.644531432337433669e-04
-1.915615005335109648e-04
4.411199439784498267e-05
1.253540520750014396e-06
-6.801281872676057964e-07
-1.481371417616858085e-07
7.177995412309350474e-08
-7.032564077297220621e-08
1.688878440957551042e-09
-1.648607239273141368e-09
7.411468665761913991e-09
2.783455541519166626e-09
1.061357025034282941e-09
-4.729531437408558540e-11
-9.575879998762789135e-11
8.928719932720585872e-12
9.223677735858936669e-05
7.538138610031590563e-05
-3.207576077945427958e-05
-5.347334387454711789e-06
-9.651784069446241120e-09
-4.772561105841256838e-08
-6.700827246509875789e-08
-8.912126238520311729e-09
-1.370499723869291674e-08
5.455254701513380702e-09
-9.179614902073303200e-09
-1.151820487758490565e-10
-6.653044513098915163e-10
-1.633848420830577214e-10
-3.790251022880538337e-11
5.296137131767908615e-12
-5.473296873885029741e-05
-4.080183370118874408e-05
2.713551254550479070e-05
5.497901579348400137e-06
6.565305889603534408e-07
7.011857383858781068e-08
3.796623166012745267e-08
1.974736482843150979e-08
1.936042207293255911e-08
-4.151041146967559310e-09
7.523272371955529648e-09
2.021374236075724777e-09
4.003998214001730248e-10
1.144552254961156227e-10
4.082583857000924014e-11
8.938809720356483295e-12
-2.917743053696875938e-05
-2.810056472807706125e-05
1.943238847524057545e-05
-2.559398959322654693e-07
-5.704689632785347634e-07
-1.046704514972273901e-07
-2.803499796609750489e-08
-1.576230480076102305e-08
-8.235961258168325983e-09
-5.110406499557544871e-09
-2.936742591257033799e-09
9.809733267245348079e-11
-8.322071624369273116e-11
-6.281387346384537573e-12
-1.153491643530386400e-11
-2.688061275825279963e-12
-5.165919994867234110e-06
7.717628285893564306e-06
5.805288826087447729e-06
-2.034048580472411414e-06
2.256853774053054671e-07
6.213984202500851062e-08
1.858410788742838911e-08
9.712454293401019863e-09
2.758306528691544005e-09
8.380796224113833020e-10
2.611300779040975514e-09
2.542045599501582496e-09
1.805396452443839458e-10
8.095976586552980840e-12
-5.946576002216992883e-13
-5.430021835467439692e-13
8.483144769400521867e-02
3.591378488903808341e-02
-2.402805863651565413e-02
-1.693529315376593805e-03
-7.883758828607286830e-05
-1.504971480435047217e-06
5.202359265686192706e-06
2.549269511318154822e-06
2.022635931104838454e-06
3.253398982794126808e-06
2.728289803523871833e-06
5.451300128527217021e-08
-6.707821174661373501e-08
-1.038904083291261431e-08
-3.637876654738129448e-09
5.282146015474643613e-10
-5.785436649080320326e-10
-1.250252151787896275e-02
-4.006439455909499049e-03
3.002047099273764431e-03
6.980250931426190643e-04
6.225597160276121074e-05
2.632023539583123216e-06
-7.689047623278621800e-07
-1.737433044265471023e-06
3.559096314650528414e-06
-1.058849016251518664e-06
1.189213247558953302e-06
-1.044716854503552084e-07
-2.268313487885905391e-08
4.788022560472962026e-09
-2.496038615769544041e-09
1.723326448627189175e-10
-1.429874051780106321e-09
1.251231773122404205e-03
7.120921734298846012e-04
-1.991395402641518350e-04
-2.133347306108742910e-04
-4.956188232963796355e-05
-5.026671400551297424e-06
-1.398545710897208468e-06
-2.086325749294488322e-06
-1.672078211176916380e-07
-2.154656076490105233e-07
-7.233493738837719201e-07
-1.345591266995954687e-07
6.309467601259254879e-09
4.091965173837149906e-09
1.749208289411996422e-10
-5.004260487814093915e-10
1.906607514378477440e-11
-1.942230240226840024e-04
-2.132545468073703400e-04
5.713398704672677914e-05
3.120348310565829403e-05
3.091138209963067252e-05
4.842751489886546325e-06
2.209366959594709108e-06
8.174597344643564090e-08
-3.072621554331410925e-07
-1.084641999636887384e-07
-6.512559065463341549e-08
-9.226958249149399849e-09
1.563542720381307555e-08
-9.283006804048078395e-10
4.953784818044734658e-10
-3.432490139737394357e-10
-5.549864143581842614e-11
-3.094415189355160395e-05
7.486688681138753225e-05
6.638259570416109128e-05
-1.069321890700123713e-05
-1.448006353354983898e-05
-2.749472318384056868e-06
6.405459009256655619e-07
3.907060728085289218e-07
1.146131467013479313e-08
1.061391548939503647e-07
6.023146761794209208e-08
5.836866186850455671e-08
5.564981944172438706e-09
-2.665115396295322504e-10
1.564026465689994616e-10
2.445606828416904973e-10
5.608867544002739731e-12
-1.165426630752902008e-04
1.376664855673543296e-04
1.896731491880789488e-04
-4.365236294124129850e-05
5.632808840613779952e-07
9.619681658659034563e-07
-4.214222116921569410e-07
-1.307883916952193464e-07
1.229589528917103228e-08
-3.215458148893159185e-08
-6.812226752759206471e-10
-5.352789291570515738e-09
-2.795205363966783419e-09
-9.825574663466350911e-10
-1.668804465544406132e-10
-7.393848554820198579e-11
4.532901336138419036e-11
2.997277283212253698e-05
-8.673492713213213463e-05
-7.519183021723592031e-05
3.163976079501689667e-05
4.584425896889573079e-06
5.362070381919274326e-08
9.652876632019677298e-08
1.021206523349941323e-07
3.713662419508266894e-08
1.922476846699304420e-08
-6.523621505354236212e-09
8.353816639817881640e-09
-1.119011085670481742e-11
4.891214700033916428e-10
1.678401597366658379e-10
2.225134780601521222e-11
-1.003111570107846027e-11
-1.107867137951866533e-05
5.335803745320380709e-05
4.077094585884571889e-05
-2.692187078101544511e-05
-5.300388331136168406e-06
-6.596315844496061604e-07
-1.231964470385305167e-07
-6.581017262389958098e-08
-3.097410110772801172e-08
-2.166363891778367544e-08
3.844049528238975440e-09
-7.247406026586050451e-09
-1.812444128476476406e-09
-3.309317913916143611e-10
-1.160399468147558705e-10
-3.123859554834411250e-11
-1.081156515465516708e-11
-6.439325895925305497e-06
2.847440019882515466e-05
2.809895439302740477e-05
-1.941904888944993090e-05
2.506169190417256345e-07
5.868501899818350526e-07
1.258169652453971971e-07
5.138637894206171497e-08
2.904057672465890341e-08
1.110186330090475710e-08
5.908907017182764261e-09
2.162924052406914700e-09
-9.867989866320270088e-10
-5.615431470652602927e-11
4.794150779923533867e-12
1.751930709190125106e-11
1.172497780365235453e-12
-3.019930778314539048e-07
4.807318998237902969e-06
-8.864202055912334232e-06
-6.387940594848404236e-06
2.107694718599072798e-06
-1.936944823828987444e-07
-9.138499744941778470e-08
-3.338589512435122773e-08
-1.414972534681700763e-08
-4.267294472185564531e-09
9.297918492633466769e-10
-2.275259387203196709e-09
-7.946566508293952762e-10
-2.255184943459374886e-10
-3.666550021767064073e-11
-9.155334800358551161e-12
2.345535952448086466e-12
-1.499727506234941332e-01
-4.285128152558353998e-03
-1.029517333299566931e-04
-1.511444818928963686e-06
7.653795133324855736e-08
6.103557479229934838e-07
-2.389070553247859561e-06
-2.099727184605154985e-06
-2.091398225873946804e-06
-1.209258886125511382e-06
-1.636404188532369432e-07
-1.150226082457476981e-08
-9.362094461777731796e-10
-2.335783339779129089e-09
3.092847766112342647e-10
4.023451188524170122e-10
5.086209795028982794e-02
3.932621197455558708e-03
1.820713981397891889e-04
7.723321625600901492e-06
-1.039188460274961296e-06
-7.146071141396438413e-07
-4.334813752353220681e-06
5.565180873442411302e-06
-3.153340393024523127e-06
-1.233763924199599236e-06
-1.010717356275863495e-07
-1.170739075552326348e-08
5.160002362290974453e-09
-1.607616886853403790e-09
8.308925854564684013e-10
-8.577668569276526798e-10
-1.410972025279285183e-02
-2.685795170315715460e-03
-2.382411647992325944e-04
-1.019001638503608476e-05
-1.021591063616674048e-06
3.327991937621369840e-06
2.953527714572327163e-06
3.406995591190566686e-06
8.250420425897690074e-07
-1.325743651359552801e-07
-8.676481767260634219e-11
-1.251576171298729431e-08
1.941197632817221104e-09
2.324470082777658727e-09
-7.059897272051940034e-10
-1.872861600908404709e-10
1.221134248401175518e-03
8.236927596169777181e-04
1.526549512138882338e-04
1.152664466652405243e-05
-2.361982494975938311e-07
-7.904560422253387039e-07
-3.093266189127026729e-06
-1.608259882731730453e-06
1.343353114916769476e-06
2.447563902057845469e-07
2.241452934674263610e-09
2.254548910705108337e-09
-5.359252501470568773e-09
1.469460842371769210e-09
-1.478551677012307653e-09
8.761451765085112209e-10
-2.664179464068041833e-04
-1.592719768736027073e-04
-8.657747837450073243e-05
-8.154752180516267436e-06
-4.432054139854083720e-07
1.439038059124527820e-06
1.275003272600679853e-06
3.071392806159714300e-07
-1.486524927952629929e-07
-9.573895578689999061e-08
-2.743379469812347883e-09
5.785892798816001203e-09
-4.174435686313697974e-10
3.581921608585700867e-10
-3.975240246291876279e-10
1.028355227055951345e-10
1.391602928220133436e-04
6.697218556009584844e-05
4.073435940082023463e-05
5.030792120545747112e-06
-2.624423041913493122e-06
-1.779502737650083118e-06
-4.381483093309221103e-07
-8.127184321248775818e-08
-1.316447470970811400e-07
-5.245586967036807088e-08
-1.064621891731944659e-08
-2.895179358725762147e-09
1.193477861861284155e-10
-7.478787102592951160e-10
3.837902823339760543e-10
-2.892098434668338241e-10
3.282867818918890242e-04
1.420595023803105186e-04
2.372182171634031416e-06
-9.039126123844921282e-07
2.276539878912685369e-06
1.210495672768805289e-06
3.747208486213674506e-07
9.808561261143846649e-08
6.432617196765192258e-08
2.829471751462427913e-08
1.186342409299843189e-08
1.918781540727103029e-09
7.245362948041787418e-10
2.906590912600319091e-10
8.082402926177009799e-12
3.758040270780999785e-11
-6.831142122689012333e-05
-1.088200974293382839e-04
-1.675138259465140095e-05
-1.662713170209961153e-06
-1.192808282919459148e-06
-6.799912848619488685e-07
-2.880314365957490696e-07
-9.884101838106306707e-08
-2.697171580767904550e-08
-5.529304000879861633e-09
-6.499047828234006471e-09
-1.250580883281923689e-09
-7.121869890369832309e-10
-1.094467796785838348e-10
-4.779450637816686583e-11
1.037553854363224288e-11
2.320300741791280901e-05
8.953149727055008898e-05
1.903477177509650930e-05
2.795335942623193783e-06
7.944874191154537376e-07
3.768759664943127067e-07
1.762156131960057204e-07
5.924313534558875081e-08
1.294608955955236130e-08
1.173315185325370784e-08
5.992155744791615092e-09
9.211322997259262273e-10
5.471249709478619016e-10
9.303049952911079441e-11
1.763806068984571666e-11
-6.754376068880356572e-12
3.064048864463886937e-05
7.117041318101534645e-05
-4.250044742660798203e-07
-2.132711990123351300e-06
-5.521134388992219453e-07
-2.170878262101566254e-07
-9.642189833761104262e-08
-3.531967009266934378e-08
-5.048573437850905453e-09
-8.849737712678717314e-09
-3.848509266578218333e-09
-3.474417203211589235e-10
-1.550668526440853013e-10
-5.129639922992089562e-11
-1.523649197312075769e-11
-3.619560857784894481e-12
-7.026129629801684883e-07
-2.410640795188006031e-05
-7.873301668354010837e-06
5.874732154126672734e-07
2.889301238861754547e-07
8.788041137503614462e-08
4.164071162447552275e-08
1.767592981469301372e-08
6.580635332870619695e-09
2.482077140346059956e-09
4.319134485828710666e-09
4.577561047703365583e-10
5.945403400934729718e-11
1.138890657479066861e-11
2.670318553722391361e-12
6.956872511452771430e-12
-1.830602703561395039e-01
-9.059450393659779222e-02
-6.047928865540459775e-03
-2.722637690769935150e-04
-1.138478829003651423e-05
8.785697102430971508e-07
1.992820687700720689e-06
-5.923162858980766578e-07
-7.340245331792607955e-07
2.276109734693182176e-06
3.296409703324616533e-07
-1.378789823936580602e-07
-1.958550132954406815e-08
4.920810393057718597e-09
-1.672335990833752315e-09
4.810770112794837733e-10
1.505860501678004490e-09
4.095040076173811494e-03
1.292600653634540936e-02
2.501048980257008884e-03
2.238828022937504325e-04
9.523716126584535981e-06
2.150205161810550978e-06
5.080277405532073457e-06
1.097569126908608543e-06
-8.554618460740910155e-07
-1.594205050270500842e-06
-9.706698887601685405e-08
-5.737241639587866810e-08
-7.196522254584256229e-09
2.645469437597760746e-09
4.641589627556324734e-10
-9.208231866323441097e-10
1.051876881963259520e-11
3.211434980163869980e-04
-1.142429606841102252e-03
-8.228746248136442057e-04
-1.519001519379082244e-04
-1.154751309767223791e-05
-7.106087417601913915e-07
2.024201469727407505e-06
-2.162014327789806337e-06
1.456027389335165485e-06
-1.517371759526877802e-06
-2.255102345645411207e-07
8.125231139350238239e-09
1.033707663712822988e-08
-2.518850848279492972e-09
1.186648823868600215e-09
1.229921955843504351e-10
-3.576350893763110023e-10
6.419183262736814419e-05
2.772633739083279971e-04
1.613620809633890330e-04
8.524043634363718375e-05
7.476405160713661875e-06
-1.251838518264825687e-06
-1.354170114414331671e-07
4.124319633914315223e-07
-3.954001371824722059e-07
1.624609328411953612e-07
7.151589097194704132e-08
-1.314495611060995007e-08
-2.715371394128155783e-09
-8.287104209945530974e-10
1.182160233489556975e-10
2.358476052066606318e-10
1.986549051400246313e-10
6.004618706559113699e-06
-1.351451006478357497e-04
-6.392714451630017154e-05
-3.987293528121148067e-05
-3.118664077468599294e-06
-7.104891414995733045e-09
-7.060184799802833596e-08
1.258618744626053089e-07
7.880059110400708360e-09
1.523887255491712014e-07
7.522272009497641611e-08
2.059029007144295510e-08
2.261405144001038101e-09
8.154971899953048402e-10
5.516398615311348409e-11
-2.881129620746151532e-11
-1.862889252298594531e-11
-3.080298530841582474e-05
-3.304804617777290314e-04
-1.438794796061414725e-04
-3.189957238245827223e-06
1.046475563077169396e-06
-1.290799964160596196e-07
-4.205339958260107084e-07
-1.547318279899774001e-07
-6.073495579549893644e-08
-8.484399155211745833e-08
-4.393826525809354750e-08
-1.558537233404464783e-08
-2.499565057683693900e-09
-5.111108506191697811e-10
-8.136659822593184728e-11
-1.017631850473298685e-10
-5.342421497087146629e-11
5.271699605687365555e-07
6.778121389801222457e-05
1.093167926363904237e-04
1.702775828683871713e-05
1.017734560063413988e-06
4.555088482215653801e-07
4.251155220983492532e-07
1.901400395952936070e-07
8.549630349666854252e-08
3.768183178347398570e-08
1.241356394848362275e-08
8.063353181673187417e-09
1.708673692408576393e-09
4.375504431896146452e-10
4.188192141753043158e-11
2.452488333946113367e-11
3.382460226702833198e-11
1.036916756786127872e-06
-2.292027763819513961e-05
-8.969825278921152731e-05
-1.899441167465569370e-05
-2.429710883619221732e-06
-5.199984032465532135e-07
-3.113038545186768592e-07
-1.406615976026332500e-07
-6.114857364079495654e-08
-1.973501482417528559e-08
-1.497719146046431917e-08
-6.828222749682194592e-09
-1.115986017394986197e-09
-4.234120139934687637e-10
-7.474794893823363426e-11
-2.377753445481598215e-12
5.495047787507891367e-12
-2.624669261787714200e-06
-3.076743457763161038e-05
-7.106556709560675933e-05
3.517841323925805517e-07
1.897510802785372813e-06
4.724307197329265615e-07
2.063835228340302935e-07
9.714941402556958032e-08
4.337129270726529678e-08
1.078850809004895459e-08
1.231704898575715533e-08
3.054960542193208071e-09
1.367955319885778648e-10
1.831107485936996244e-10
4.080502728319137442e-11
1.268001764110671848e-11
-3.523139174894084732e-12
-1.378539993414705143e-07
8.542837851994211649e-07
2.407694224170342788e-05
8.370179368938167382e-06
-4.946493880622664531e-07
-3.535638875016436849e-07
-1.274696217078188646e-07
-5.943422472329725593e-08
-3.145002307734705621e-08
-1.585709301601729461e-08
-6.389272124896659972e-09
-4.140102569689769505e-09
-5.216255433194494027e-10
-1.451207270786583348e-10
-1.390306617691717551e-11
-3.681342907293359100e-12
-7.273823311254839625e-12
