1.313349144088463982e-01
1.029586509767091762e+00
4.217489262957457158e-02
1.230045841148932981e-03
3.102924695393488520e-05
4.054608958612612126e-06
3.726821044622047594e-06
5.046081235630522503e-06
-3.751955931941837267e-06
1.690928664735119128e-06
3.689392500971751872e-06
8.544247242654020320e-07
1.260090722804104657e-07
5.233939856295610199e-09
-9.506385285705297487e-10
-4.995149455830395672e-10
-5.544464988859011464e-10
-4.805596388469717678e-02
1.301283300947686239e-01
-1.349407544955144242e-02
-1.087920683666694470e-03
-5.421921798661446043e-05
-4.348966332650642899e-06
-2.593697285346779990e-06
-6.082118464125896019e-06
-2.569169442429392140e-06
1.832957029867630187e-06
5.275929596762123783e-06
7.509881286442962620e-07
5.929150541669845746e-08
-3.078424789744712460e-09
2.115225486430209023e-10
3.490909331739461264e-10
-6.551013838728417273e-10
1.314304500813939097e-02
-1.804309659590196298e-03
3.546953468378248337e-03
7.544319370462682301e-04
6.447039820967574849e-05
3.201003490442418534e-06
2.709346209737127945e-07
6.213624246132526953e-06
-2.114118480857186251e-06
-4.500109719338321913e-07
1.545919891310433489e-06
-3.000727092112864440e-09
-1.378062262065859915e-08
-3.507534867114517503e-09
1.587842331337554780e-09
-1.091132921115138640e-09
6.963778103120178966e-10
-1.268856529485436679e-03
-8.301744191312952466e-04
-4.447728567309556179e-04
-2.180468178275714037e-04
-4.669125145314745198e-05
-3.722504500982130632e-06
-7.955930522755798922e-07
2.669721724800337358e-06
3.816699515799663012e-07
2.752027118683751632e-08
-6.112853839085442653e-07
-1.108365637123470636e-07
7.566460073886102427e-09
1.508950588320567331e-09
-2.853549109432930467e-10
6.721888190662353543e-10
2.861576840889641194e-11
1.882408068645616825e-04
2.982961437839356972e-05
1.810816494492805242e-04
4.233327380169448167e-05
2.727008888509702448e-05
1.933549875008328421e-06
-7.761841845452502386e-07
-1.674875794294724441e-07
-1.621964521674612762e-07
2.113248449715454782e-07
-1.224716561250330572e-07
-1.733709913224429949e-08
8.168026596878711012e-09
5.711110384317317188e-10
-1.255198856964137195e-09
1.270939923691229649e-10
3.821691004192702528e-10
2.915685325582225283e-05
-9.260003929100760949e-05
1.214178866137713697e-05
-1.538474068878994849e-05
-1.096737887124332835e-05
-1.375395726640162939e-07
4.857820343904469867e-09
7.677138835790663590e-09
1.492689743579680049e-07
-1.255249956991503508e-08
1.153698372137574176e-07
6.503362834774995792e-08
8.281567808905645361e-09
7.100149924252073329e-10
-3.239437054076263158e-10
-3.547630445827037224e-11
7.641814016400281739e-11
1.114687902783669004e-04
-7.244216069487820274e-05
1.751744184299099702e-04
-4.078307359357920058e-05
-1.729116498770965382e-06
-7.708528006264142327e-08
-2.490226796878977633e-07
-3.103249829885906902e-07
-1.328451713426397372e-07
-4.539925534366577140e-08
-3.424373737528447637e-08
-8.468542343621072757e-09
-4.048618823765483458e-09
-9.173089658565311007e-10
9.209483382527448489e-11
5.560771983047730604e-11
-9.213856065553995078e-11
-2.681599913601318219e-05
7.658815811316448076e-05
-4.507212466974719361e-05
3.183019297594032030e-05
5.665953707439236072e-06
6.438820870058227355e-07
3.938971913544931630e-07
2.244850027839848923e-07
1.196350566832816959e-07
3.085100522814819303e-08
1.554303067711215446e-08
9.933827599191220302e-09
1.127566111319631740e-09
6.222494320110371016e-10
2.133410358939804293e-10
3.842198740760584017e-11
6.100926972818634056e-12
9.863082256040851199e-06
-4.973323920636744824e-05
9.720289842483532277e-06
-2.877749061242968924e-05
-5.823635045716248936e-06
-1.045820850654158506e-06
-3.015842087088552939e-07
-1.457428859377025997e-07
-6.509293846268875572e-08
-2.553304759483866398e-08
-8.248130143303360599e-09
-8.124397495618038639e-09
-2.572567025669947870e-09
-4.043538274175464241e-10
-1.384460286793095463e-10
-4.177788383451856672e-11
-3.018826481171581178e-12
6.075016396069618526e-06
-2.186116641918001426e-05
2.430741631283080663e-05
-1.494837397565460065e-05
8.937874975957292678e-07
7.864433196952871163e-07
2.231526632936421906e-07
8.149855081966603029e-08
3.068783134059088166e-08
1.375466512902337767e-08
1.356160441875864533e-08
2.917363015068656647e-09
2.812582790567330757e-10
1.215862520641764443e-10
1.813551756344583424e-11
7.267273226268682444e-12
6.804287424313089517e-13
4.402172048325276960e-07
-3.760231219678051433e-06
7.654635880673577622e-06
-5.710197485533768043e-06
1.474822148498705183e-06
-3.269378495724981545e-07
-1.078691790721738763e-07
-3.745858994824176038e-08
-1.254934719822994622e-08
-5.147536162447468662e-09
-3.845985733611950398e-09
-2.595385797311437162e-09
-2.352926713839739819e-09
-1.874583472517331103e-10
-2.096855755797025907e-11
1.272105537109283750e-12
3.464622563166523698e-13
2.477171582487142087e-02
-2.420469189257287712e-02
-1.696091259519716746e-03
-8.055571456130905268e-05
-4.331034698450382658e-06
-2.354657203201467165e-06
-1.981016502900443143e-06
5.541301289121897900e-06
2.981688203890408928e-06
2.549777032133532030e-06
4.851640209711008895e-08
-7.697927980035600248e-08
-1.308338112488017452e-08
3.747895372680771809e-10
1.063907296876873374e-09
8.156324930390138346e-10
4.794063370969934234e-04
3.279508392601823436e-03
7.012127124566461906e-04
6.171493213288763993e-05
1.733826007321780011e-06
2.389349079030869254e-06
-1.506516385414141231e-06
-1.945884259701472554e-07
-6.997751878855813582e-07
1.120652814318628446e-06
-1.042226645246028861e-07
-2.161900662367762021e-08
-2.138515695609659850e-10
-1.474842758996587666e-09
-1.150256066490332564e-10
2.874055090295451384e-10
-7.156598902039444134e-04
-4.282171741252434631e-04
-2.218588493181910149e-04
-4.622233282085357167e-05
-7.570791779879209757e-07
2.398557436996562607e-06
5.077400595069619985e-07
8.666071677322692433e-07
-5.493839828381188838e-07
-6.557332104677464234e-07
-1.327849476269345599e-07
1.096168239706119652e-08
4.694486608650267043e-09
-1.456679819635024239e-10
-5.256304719648301281e-10
-7.951194881671209391e-10
8.260619061422701367e-05
1.884011670406673098e-04
4.239649634596473444e-05
2.809300400407159029e-05
2.677680586392169784e-07
-1.208657075764232302e-06
-1.487024607836129641e-06
-2.169555842868497197e-07
2.111739615447925331e-07
-9.314455935083419734e-08
-4.527362268083412540e-09
1.136201627122463278e-08
-1.276202772653074211e-09
2.729547580455700699e-11
-7.903438617121331605e-11
-2.162961413461451082e-10
-8.053474258728838457e-05
1.469605542496126622e-05
-1.743904269676655646e-05
-9.946560595679419610e-06
2.011341617098935830e-07
2.064218024198332576e-06
1.072197849688114755e-06
1.843321693651955454e-07
-7.056414988679619290e-09
9.382619167947555039e-08
5.755689513326491131e-08
7.048740769500661379e-09
6.220860725469139347e-11
2.423412102502160097e-10
-1.661369282690389867e-10
2.281944623888739878e-10
-9.531878939574451584e-05
1.737347178497053923e-04
-4.003458297247415126e-05
-2.774934223724797675e-06
-9.269165204823158798e-07
-1.109689884289113397e-06
-4.403526426276442646e-07
-1.596329563635852232e-07
-4.462322650877786499e-08
-2.556539558985318189e-08
-5.383664901079005316e-09
-3.916535067448034447e-09
-1.177557531070454404e-09
-2.217935936961367119e-10
1.152618621987476940e-10
-6.860306295679876546e-11
8.069573223251717267e-05
-4.515591346570317453e-05
3.193276237542690615e-05
6.265122688005672246e-06
1.193201145975320840e-06
5.656356715838240708e-07
2.841278229386211154e-07
1.254882602968765598e-07
2.112574908549557769e-08
1.005432018213463227e-08
8.453359621430378726e-09
1.149238520071351853e-09
6.733401346129353647e-10
2.194852354672070988e-10
1.575349055137964444e-11
-1.454516480914011932e-11
-5.069019242774707395e-05
9.686654334116515826e-06
-2.890187463585331263e-05
-6.102482129516627724e-06
-1.238810766584623609e-06
-4.065452942921395190e-07
-1.778984757335513360e-07
-6.631116946676824729e-08
-2.213324610142078967e-08
-5.905663339192753245e-09
-7.406757168618693348e-09
-2.581423233901108756e-09
-4.361376020505947649e-10
-1.408477139054812983e-10
-4.515867571212139194e-11
2.349848557017374711e-12
-2.259443606688424586e-05
2.426358260650647645e-05
-1.489821212654441018e-05
1.043743929895908296e-06
8.722363686994522669e-07
2.722376304757099425e-07
1.087358008358872022e-07
4.164071004896431015e-08
1.501547853250185636e-08
1.259438368171570861e-08
1.886892435206863474e-09
-3.127451288522504515e-10
3.444894173391298441e-11
3.539304027644646562e-11
8.871549303487253005e-12
1.016357739857046460e-11
-4.220879233385269605e-06
7.852411575394064864e-06
-6.058115181142732227e-06
1.381291137876520862e-06
-3.711953656096628265e-07
-1.700236586472640825e-07
-6.440748675534994722e-08
-2.096446140745060420e-08
-8.880134996799981452e-09
-5.579828905254655137e-09
-2.278105091945584585e-09
-1.082044805499028881e-09
-2.607707044402283273e-10
-5.795205632383271371e-11
-8.583422583813326764e-12
2.609361420190150842e-12
-1.021840853359791579e+00
-4.199448120178075200e-02
-1.224554341784922940e-03
-2.859202411084053495e-05
2.428807763703612733e-06
4.242323316806604387e-06
5.785935356426372546e-06
3.451155205767490748e-06
-1.289603918831974109e-06
-3.685227302386135248e-06
-8.476588901972658257e-07
-1.220005208811670392e-07
-1.348391331594513119e-08
2.393123468838616555e-09
-3.013947473032457380e-09
2.544160745285060026e-09
-1.370199079614702886e-01
1.315341227848512359e-02
1.075686785135944500e-03
5.352504405387904107e-05
1.597646890055624240e-06
-1.771625055331510112e-06
-7.422092385589243830e-06
5.151720359487618235e-06
-9.825294890370064956e-07
-5.105751260555527519e-06
-7.361602889306302103e-07
-4.692087839281878985e-08
1.875464508842523775e-09
2.812648512610585303e-09
-1.213776236905782358e-09
1.032198989790443988e-09
6.527377733780036738e-03
-3.169585301275080775e-03
-7.346302502008874658e-04
-6.503530307230682398e-05
-6.528855564000690577e-07
-1.507996329048187626e-06
-3.254348033996359436e-07
-2.227809454376607650e-06
7.140807695963287537e-07
-1.600226017545866976e-06
-1.637875729682352158e-08
-3.019032391230039660e-09
5.636090214106448431e-09
-3.333894998534096052e-09
-5.919977550920557421e-10
-1.282533019544731089e-09
-5.600956695973730286e-04
2.061017054618480748e-04
1.997864313772665368e-04
4.668093098265161365e-05
3.722652480121816409e-06
3.881382237395222245e-07
-2.005563090679309895e-06
9.176426048313964805e-07
-2.882734066786481379e-07
6.950700154310274236e-07
1.359930264249186380e-07
-7.266044151232343132e-09
-1.369656779591709162e-09
4.941934051746562874e-10
-5.728396217115116730e-10
-6.961739958792028260e-10
2.691835039072489771e-04
-6.199245106587783071e-05
-3.111521152245534281e-05
-2.931015179812104527e-05
-2.248724802451548325e-06
7.267214488451588308e-07
-9.502613550718401785e-07
2.301561808794266942e-07
3.388176025886310370e-08
5.543335450305583644e-08
1.137031345700961957e-08
-8.695506267269505772e-09
-6.747679347562923678e-10
7.499431055696829840e-10
4.177041443637537379e-10
-1.009204012793460832e-10
-5.987739785533717913e-05
-6.194824388183798019e-05
1.083623553784873057e-05
1.195632144558991859e-05
6.744448567501940351e-07
3.960423011957818987e-07
4.917662115360249306e-07
4.655573093674565777e-08
-4.122373396144236573e-08
-5.327269862360734742e-08
-6.127383721316187722e-08
-6.327032126074918800e-09
-1.057901064778893304e-09
1.795920777982738560e-10
-8.898278286212546759e-11
3.847785658704078373e-11
-1.549359210311157206e-04
-1.812472185113647044e-04
4.167225491824701693e-05
1.205529494584119625e-06
-6.418831061327577687e-07
-1.307415974185354841e-07
7.330099019418716616e-08
-6.142953920869848592e-08
1.663722574544991017e-09
-2.234373572601084314e-09
6.113530577858755903e-09
2.600883336371337952e-09
1.012389731390473128e-09
-3.224300486393064988e-11
-8.225679567772834677e-11
1.030959536295550486e-11
8.608646661660558609e-05
7.035248701129462074e-05
-2.996689496211815465e-05
-4.989898092984298588e-06
-1.447320871416838991e-08
-4.549439393076150540e-08
-6.318646948368598984e-08
-8.656067984609150016e-09
-1.387859229102382193e-08
4.941110987405893125e-09
-8.455144222672863342e-09
-1.017830305560679153e-10
-5.999590970596116537e-10
-1.530275326693124534e-10
-3.801043867767675827e-11
6.149597255870170821e-12
-5.077193804419661199e-05
-3.817970944781410940e-05
2.514006128703242520e-05
5.077687664773026658e-06
6.059435710556808441e-07
6.523200498568590056e-08
3.590516160456141284e-08
1.753822504674859890e-08
1.792876243768952340e-08
-3.488580555234069835e-09
6.988529697903234011e-09
1.881397076783030033e-09
3.550686865304756046e-10
1.048540831270679734e-10
3.625865808382805380e-11
8.037703599581426849e-12
-2.616505547473386390e-05
-2.523761365004116046e-05
1.744149941304638362e-05
-2.490467097296876462e-07
-5.192070857729936012e-07
-9.642930616643283647e-08
-2.624086108290045645e-08
-1.430494801329863698e-08
-7.336796833052276483e-09
-4.450505909193308598e-09
-2.662733866716041310e-09
9.439657278190926670e-11
-7.571066468849624606e-11
-7.548291489775726124e-12
-1.030225322483874208e-11
-2.594299729846005918e-12
-4.592304311491948400e-06
6.908375074254904192e-06
5.232573485530973560e-06
-1.811113894392959456e-06
2.026742759269720494e-07
5.718673168883387236e-08
1.677595261084544848e-08
9.101117733074754952e-09
2.637375052675392772e-09
6.444088063445524131e-10
2.208570506753014539e-09
2.234490186417970482e-09
1.577142676694983051e-10
9.409785229566740675e-12
-2.437207321479176448e-13
-3.045317584999745032e-13
8.373779674621421865e-02
3.543894540929237724e-02
-2.371440010944960916e-02
-1.678564493907934527e-03
-7.868438076175194250e-05
-1.355825531625234802e-06
5.183167804258541010e-06
2.123649079621273397e-06
1.837552099992631747e-06
3.070227775424476492e-06
2.628053826972547017e-06
6.201053469257392396e-08
-6.616314994611991305e-08
-9.155384420014078324e-09
-3.688387349245604976e-09
6.709081625588965478e-10
-6.103276611517203963e-10
-1.216427605404848435e-02
-3.904364290363401737e-03
2.919213350250783167e-03
6.818162787222577497e-04
6.147368584496502094e-05
2.988140205944611855e-06
-5.624236602350518199e-07
-1.921331255009900663e-06
3.251952965008753141e-06
-9.846285317319422542e-07
1.150470478344337837e-06
-9.725144984659500737e-08
-2.201207871241365739e-08
4.616245271794078523e-09
-2.604564444500190383e-09
3.003788247049408897e-10
-1.416677826548663510e-09
1.200308363711727810e-03
6.873356669605567345e-04
-1.898756004001976247e-04
-2.049704557406174560e-04
-4.789705072556382402e-05
-5.074803991069319342e-06
-1.440245680067711703e-06
-1.882612605327164856e-06
-1.284952254283881662e-07
-1.741345057508628066e-07
-6.818193494964097677e-07
-1.288710318397239228e-07
6.438220506306875264e-09
3.572661849124185424e-09
1.917081041661231676e-10
-5.073535925493563556e-10
-2.085918785711924472e-12
-2.047503601930238614e-04
-2.188692735150372601e-04
6.656346508283994914e-05
3.083036356124594268e-05
2.952047288006705238e-05
4.768138786707873920e-06
2.013868225815650099e-06
4.017472835677655741e-08
-2.721706154781787808e-07
-1.097261441175194345e-07
-6.720640588564985410e-08
-9.022049497200478902e-09
1.445645821121938584e-08
-8.078678133469462468e-10
4.888155107468983182e-10
-3.391657039969235910e-10
-5.740488716629321133e-11
-3.018675833294456754e-05
7.465352926692122909e-05
6.471780245415715638e-05
-1.095879473100797276e-05
-1.370916609054537359e-05
-2.643890082269923168e-06
6.512448545921804061e-07
3.755704387512155427e-07
1.091780342419629429e-08
9.593869835133964412e-08
5.559575906307450324e-08
5.562056327794984673e-08
5.337918430765573384e-09
-1.945592437209925234e-10
1.538907242986180454e-10
2.272173201206965297e-10
1.181901708795554972e-11
-1.102288327668720784e-04
1.295236570117478899e-04
1.794135792137595406e-04
-4.123079911937250466e-05
5.083081003130412684e-07
8.997992320543785794e-07
-4.046158948700473759e-07
-1.261648710250031954e-07
5.696216168193808224e-09
-3.019721640935418040e-08
2.032681232514274361e-10
-4.246396539735536742e-09
-2.532790551013706602e-09
-9.124264570320740703e-10
-1.716159170632706439e-10
-6.647747613099068330e-11
4.062264648606747744e-11
2.791929482525863627e-05
-8.090357811795598089e-05
-7.014979258210465179e-05
2.955915047352691130e-05
4.293019655958609272e-06
6.002868956632192506e-08
9.199729611286773735e-08
9.760674788075445769e-08
3.550633168977585105e-08
1.892417233772545607e-08
-5.890339085011847819e-09
7.645054993240496056e-09
-5.682372172725697474e-11
4.336662498854451079e-10
1.595239652773239488e-10
1.938709241055821948e-11
-7.959478438311416354e-12
-1.032600923610533188e-05
4.943926361880158479e-05
3.814219111537293222e-05
-2.494156445594105075e-05
-4.901103775375491614e-06
-6.123172939216455323e-07
-1.157861314722508723e-07
-6.212956939312965574e-08
-2.812844858367924960e-08
-1.996009186071067377e-08
3.258033178634844142e-09
-6.686657625760372764e-09
-1.680301832941432092e-09
-2.921859867690084098e-10
-1.057753320773309463e-10
-2.794871581820186349e-11
-1.064470906328562655e-11
-5.787176806832744539e-06
2.553173991690693958e-05
2.523483841662690582e-05
-1.743461402262047128e-05
2.454282023614086139e-07
5.357950257954793184e-07
1.156548539176843576e-07
4.722304064612060825e-08
2.614999273577870996e-08
9.819579200383877433e-09
5.116979656161185037e-09
2.008660474610221448e-09
-8.630445647849462932e-10
-4.530192744404903079e-11
5.007000768585411061e-12
1.519462197503978672e-11
1.117039301475461864e-12
-2.666003501957895125e-07
4.270724443006868887e-06
-7.916706070347502195e-06
-5.743854785618251002e-06
1.875479629768289787e-06
-1.745636176011960216e-07
-8.355125837323044469e-08
-3.008077313804397723e-08
-1.307389237576796291e-08
-4.126588856235681155e-09
8.081882050920581137e-10
-1.943184775632055092e-09
-6.982255600410733930e-10
-1.933338486596706621e-10
-3.282387175055516437e-11
-7.885590581003175706e-12
2.234171256293433928e-12
-1.502606686926697688e-01
-4.319340097461280871e-03
-1.052103532380506981e-04
-1.878569676126818417e-06
1.932350318422816246e-07
7.071030264155508076e-07
-2.511766473224919503e-06
-1.887593969368084071e-06
-2.015965077264852487e-06
-1.206383212920456607e-06
-1.601631048412420043e-07
-1.309721877818409405e-08
-6.687369317333326567e-10
-2.265137412350035566e-09
3.140778931402283697e-10
3.581897060725894457e-10
5.021524512026298570e-02
3.896062093315765754e-03
1.815376026050554347e-04
7.680908278658221867e-06
-1.026505257628023630e-06
-4.114904244047387494e-07
-4.086454059489973058e-06
5.333086000478857220e-06
-3.009315054389662587e-06
-1.215495549200871851e-06
-9.637843240702612840e-08
-1.203757788180140393e-08
5.163796263347282489e-09
-1.771414589846338547e-09
8.486913248992057687e-10
-7.920280321687191042e-10
-1.373052818434898625e-02
-2.622459560611825353e-03
-2.339188331650962464e-04
-1.015043930971992170e-05
-7.997043774977013560e-07
3.379715998229363631e-06
3.029153975983666730e-06
3.251147757661903317e-06
7.800404928998997412e-07
-1.253327730680718807e-07
-2.012255251121116734e-09
-1.069428385838937661e-08
1.597731688112745147e-09
2.335869340458534003e-09
-6.960419659929087021e-10
-1.363085875835010211e-10
1.168253434182164137e-03
7.922067544608641688e-04
1.477119356375496920e-04
1.136767263932128974e-05
-2.915968548083486484e-07
-1.015409437475925453e-06
-3.066928583546915882e-06
-1.544134696540360048e-06
1.285760720984991174e-06
2.341425428840243457e-07
1.997654234075979253e-09
1.993991852962782105e-09
-5.147653184162337070e-09
1.473226153590775221e-09
-1.405201681465111095e-09
8.056872616021625421e-10
-2.970156707149707877e-04
-1.555681000839829835e-04
-8.240599964907346063e-05
-7.833831056424314659e-06
-1.819091471782302327e-07
1.516376808096427440e-06
1.233226755701638544e-06
3.177879879538742346e-07
-1.346208627824844315e-07
-8.952241887285100788e-08
-1.695330250132932116e-09
5.091886208927722621e-09
-3.862559714930814841e-10
3.157496082158785285e-10
-3.590838884586415459e-10
8.753517203265792467e-11
1.414384833344248076e-04
6.688788243033156299e-05
3.838028139647332436e-05
4.713303314454084407e-06
-2.646593223592552356e-06
-1.722465319418571606e-06
-4.238087929370268031e-07
-8.593258905873544562e-08
-1.252692866907697020e-07
-5.046171079415146840e-08
-1.047334322638639062e-08
-2.558800141894838860e-09
1.145820430263592509e-10
-7.126697613438356037e-10
3.464232548357961724e-10
-2.626793036957323424e-10
3.097848991060203898e-04
1.339125062441716657e-04
2.373876905066280561e-06
-7.876425762634342921e-07
2.196044254577944174e-06
1.146844450981600291e-06
3.634567697913899029e-07
9.418657720353284124e-08
5.916128141330360852e-08
2.584507928561513521e-08
1.096334379725439800e-08
1.781587483204397801e-09
6.920375678656736885e-10
2.715094695763060370e-10
1.071358394172611657e-11
3.374441984805278617e-11
-6.367259689645284732e-05
-1.016388608354265062e-04
-1.568654819174178537e-05
-1.587753730033076575e-06
-1.126946373438905727e-06
-6.392176780395809200e-07
-2.732025005204510307e-07
-9.223517700978836426e-08
-2.495164224016710220e-08
-4.620373034458433495e-09
-5.861611727117639152e-09
-1.151084977722390624e-09
-6.629926986757793116e-10
-9.913597377195096648e-11
-4.401832633213278105e-11
9.610748916766234291e-12
2.192112227663847986e-05
8.304470824506173237e-05
1.759726462131384555e-05
2.590912709981481095e-06
7.384069512618257291e-07
3.512121269405221598e-07
1.636731309501047943e-07
5.470484264046248458e-08
1.162361431150143343e-08
1.085468820177995384e-08
5.412087954862930136e-09
8.199444845642710176e-10
4.987736228688442627e-10
8.270276731874010057e-11
1.683867559865821428e-11
-6.363476590253994767e-12
2.760694567439575856e-05
6.392966030631807726e-05
-4.723974567899727361e-07
-1.944238441808610640e-06
-5.056456607081853058e-07
-1.984252540172578992e-07
-8.766017341141950411e-08
-3.198256564324030048e-08
-4.550133069406685793e-09
-7.955682909282342972e-09
-3.484132869717099482e-09
-2.924751923010889587e-10
-1.403677865750113754e-10
-4.582170969901680988e-11
-1.402715162035582534e-11
-2.878164113483986953e-12
-6.506292891350543329e-07
-2.154791366180573361e-05
-7.011200431151108425e-06
5.301690335619321672e-07
2.607698715905874561e-07
7.903242247957673853e-08
3.714785104161426382e-08
1.563563064446827671e-08
5.851975609335561772e-09
2.242155684459223384e-09
3.795748948078386567e-09
4.086036847749324700e-10
5.302096002832223755e-11
9.940854405698478452e-12
2.482816644605599596e-12
5.809573489685184438e-12
-1.805291153009819238e-01
-8.942867033099527463e-02
-5.990185993722912418e-03
-2.723819860243691755e-04
-1.290688103572676863e-05
-4.261552152949141669e-07
1.658012178690176178e-06
-6.076837051820456899e-07
-8.010318752927149383e-07
2.200882747552248287e-06
3.075278502242260170e-07
-1.336608862134152235e-07
-1.749724888017487230e-08
4.839272777671631287e-09
-2.038979812247316658e-09
4.752853508769485401e-10
1.401667352420151970e-09
3.978492408322277171e-03
1.257832367406043136e-02
2.442513027354547336e-03
2.197504808853093850e-04
9.104896946565638010e-06
2.195868924153504760e-06
4.800657552362432496e-06
1.030350543779912755e-06
-8.440993313894237183e-07
-1.526547216098692342e-06
-8.485108299538280346e-08
-5.870342072239946177e-08
-6.615508516225150172e-09
2.405292856191909023e-09
3.651725604210143253e-10
-8.648333542942462495e-10
1.207800833744758187e-11
3.047104432493674144e-04
-1.094155555740768159e-03
-7.917846994939525818e-04
-1.468908247223968725e-04
-1.084171042990333134e-05
-3.960113408121832068e-07
1.933039940419832301e-06
-2.035721350916850055e-06
1.416448511399706172e-06
-1.462332399348515160e-06
-2.108313731740980867e-07
9.084017187783598832e-09
9.759548266456999959e-09
-2.323919060302231039e-09
1.192377430701432925e-09
1.030413177388323898e-10
-3.295506404975833338e-10
7.861994348785315270e-05
3.108237540311726806e-04
1.572153917101820771e-04
8.109823124289959996e-05
7.117478745736374358e-06
-1.259266584190528066e-06
-9.322066552334775082e-08
3.648107204327550754e-07
-3.930701364716146859e-07
1.501148993201430594e-07
6.266854939492300578e-08
-1.291721255225760904e-08
-2.529106152793200931e-09
-8.214522049321294082e-10
1.584422237528702944e-10
2.361458275234816723e-10
1.741499255241515412e-10
5.456855638545150849e-06
-1.378674041549312690e-04
-6.391516696801025977e-05
-3.750673178005537145e-05
-2.981855155361363573e-06
3.279633121776677185e-08
-5.508587377870570805e-08
1.295893502225742476e-07
1.102528715747085294e-08
1.458234950945169826e-07
7.258291645708880502e-08
1.982154333889236026e-08
2.065531541665662824e-09
7.801659104774355020e-10
2.746223988925836692e-11
-1.521942632818950929e-11
-1.705676627820909454e-11
-2.899226159535200141e-05
-3.117435365241640315e-04
-1.355789562630904633e-04
-3.138548994403168367e-06
9.635789678511419188e-07
-1.588070036567923233e-07
-4.110550993556620793e-07
-1.550783354010578764e-07
-5.874579984756882881e-08
-7.918435918563249303e-08
-4.040190765082335035e-08
-1.457244724575620200e-08
-2.343512852490645358e-09
-4.827255206524985191e-10
-7.631284458117887520e-11
-9.898282890653305146e-11
-4.658576320009486186e-11
4.815114296745987682e-07
6.313398875130788650e-05
1.020792731877939025e-04
1.592211720051916779e-05
9.780068489187125365e-07
4.411832721667722588e-07
4.020165504409275284e-07
1.817814225969477671e-07
8.009976089755712469e-08
3.511698037530422810e-08
1.101087840551158656e-08
7.394699970837740591e-09
1.570303085581004049e-09
4.094983163768148046e-10
4.221442942876232354e-11
2.112409045528156898e-11
2.938507603668384049e-11
8.969189738695638589e-07
-2.164363467424890568e-05
-8.319003871784622518e-05
-1.754704981241640875e-05
-2.251776619912622283e-06
-4.853775820631866853e-07
-2.892767063264483730e-07
-1.306096400995817136e-07
-5.653593300909097232e-08
-1.783813789653374259e-08
-1.389260433065868044e-08
-6.218438644290030825e-09
-9.951900315666530754e-10
-3.878673284920879202e-10
-6.661373301211800821e-11
-1.611032728239803129e-12
5.017768572768634576e-12
-2.389727169201886861e-06
-2.774162652193735168e-05
-6.384174613213391579e-05
3.987771824573103583e-07
1.730456626173272013e-06
4.322192354522247688e-07
1.873370188785349142e-07
8.782138975624918446e-08
3.919121923646813044e-08
9.687221333810579445e-09
1.106364094517752003e-08
2.826425365243452138e-09
1.088316778817154212e-10
1.635829950462127414e-10
3.467080227994643682e-11
1.115578472582011469e-11
-3.369945800058779698e-12
-1.184579030693949939e-07
7.876211937013105580e-07
2.152551562403942845e-05
7.450976608741176868e-06
-4.475841753608132640e-07
-3.179313826315102570e-07
-1.134820488683444802e-07
-5.305235592088731316e-08
-2.788753318352837371e-08
-1.400035954633807566e-08
-5.584137943967960621e-09
-3.634816754225936156e-09
-4.502853022647887784e-10
-1.280709276468412566e-10
-1.139191974535882736e-11
-2.834559994566521561e-12
-6.115502723119668118e-12
