1.288109885063870863e-01
1.031032582157284105e+00
4.145143412736800731e-02
1.150030719370935669e-03
2.485395915116526811e-05
3.133742606798424617e-06
2.992885463259604230e-06
4.092257167414033865e-06
-4.936849850148481584e-06
1.753652439606808464e-06
4.281956390275297808e-06
9.673140421435417458e-07
1.352279283042364488e-07
6.902730203261072574e-09
-2.683450827230665534e-09
-2.051227166939267813e-10
-5.002130135690482249e-10
-5.338835953809895063e-02
1.462556784149490474e-01
-1.499735113982275658e-02
-1.160032768110072368e-03
-5.496345393169322757e-05
-3.611188657516486470e-06
-3.793986625470602281e-06
-8.053235630050419746e-06
-4.209487782382446424e-06
2.007307846208041153e-06
6.679460374011449130e-06
8.550966605506152841e-07
7.634726596096092719e-08
-2.195885147902311386e-09
-2.763406289692693552e-11
-7.635667988681241976e-10
-7.541895620465354764e-10
1.638171233236627999e-02
-2.294927292684116518e-03
4.398089684664613190e-03
9.115848247672783504e-04
7.299304620163241510e-05
5.401712700907826409e-06
1.306323174104618032e-07
8.516862628348963277e-06
-4.184892898722842477e-06
-5.059616079924145771e-07
1.897657034025626612e-06
-5.913181411403743201e-08
-3.218117102125494882e-08
-7.746404063571811318e-09
1.541299942314836390e-09
-1.856120024599361899e-09
5.205633260759463253e-10
-1.805563128184163634e-03
-1.193818320846219303e-03
-6.239323911756484075e-04
-3.000907535161115758e-04
-6.196330048773051246e-05
-3.222774824207291436e-06
-2.110722443387127685e-06
4.450241389536758294e-06
6.913251691712709974e-07
2.852391918244945209e-07
-1.070276018390973236e-06
-1.995714381860844116e-07
9.521492710998714135e-09
-1.516631075735286735e-09
-6.073201710248671217e-10
1.584949833281777723e-09
-2.727766567992046881e-10
5.506186808639272693e-05
2.623923332324692515e-04
1.162612606534133263e-04
5.287635008865812275e-05
4.125671520828444824e-05
4.372355364863789935e-06
-8.946500565234419814e-07
-2.436312346442212260e-07
-2.248652174113589984e-08
4.284094736587471086e-07
-1.409410109435383767e-07
9.460405744874508818e-09
1.315168587980606622e-08
1.944082900449990250e-09
-2.501920497928646827e-09
-5.021520021514644003e-12
7.261430287078670495e-10
3.759055391961404547e-05
-8.338655256801751027e-05
-6.367921744273569349e-06
-1.299964481355279980e-05
-1.786471710144854494e-05
-1.168461290587962087e-06
-3.211179514619057917e-07
-4.388853219760541459e-08
2.531456662896957121e-07
-1.279111821436023244e-07
1.574402876023542136e-07
9.109816425605786031e-08
1.267660113637455625e-08
3.306767756631011131e-10
-7.529513555482696906e-10
-1.780568271201962583e-10
1.183892039355682367e-10
1.484330305650333399e-04
-1.103642321724057201e-04
2.380964853545419085e-04
-5.643822630211417095e-05
-8.852981891881033741e-07
5.271019199965693891e-07
-1.529787545568246536e-07
-4.439127806492440658e-07
-2.178164806681548260e-07
-6.358304027789060598e-08
-6.021866179132797692e-08
-2.549702571788294326e-08
-8.279413160291295857e-09
-7.508763707128723760e-10
1.409280088236016463e-10
1.772383064434601775e-10
-1.597467403345146795e-10
-3.931900967750741278e-05
1.195201509745108954e-04
-6.616565981509513997e-05
4.758217362150192020e-05
8.096468041904202495e-06
6.770358869633131920e-07
5.637616366072631910e-07
3.578152522250998453e-07
1.820681610867644315e-07
4.125565516239078249e-08
3.126644964694179954e-08
1.861971061830534585e-08
1.947101468677766019e-09
6.972153987694846518e-10
4.589678747715706235e-10
9.392579843868621315e-11
3.864700882725892510e-11
1.381391482843055870e-05
-8.025204843602262510e-05
7.602342822725675731e-06
-4.501814643208123135e-05
-9.354369103791856382e-06
-1.700809100972044487e-06
-4.774411975905310620e-07
-2.521884426409436340e-07
-1.159536685938792911e-07
-4.471503705262540487e-08
-6.327727489736977878e-09
-1.473538235151148352e-08
-4.128083914456793639e-09
-4.833472329187847084e-10
-2.959707919890736211e-10
-9.239018252356879485e-11
-2.464464485243525149e-11
1.208522665202634574e-05
-4.440044355540730326e-05
4.692802095279124827e-05
-3.019098279156847114e-05
1.423011994922948979e-06
1.449706807807344888e-06
4.162861853441231843e-07
1.504860471090562067e-07
5.826199259474300596e-08
2.927641555417863143e-08
2.855298611674545575e-08
5.340948861720135046e-09
8.385469945795652064e-10
8.232436207486008207e-11
4.237956412928610054e-11
1.153809679836781559e-11
-7.324845277210515720e-12
9.639454473475103018e-07
-8.208051953101492241e-06
1.641467420588370700e-05
-1.104564117709817741e-05
3.156175313569311677e-06
-6.785787082473967285e-07
-2.193672548447333088e-07
-7.687168714167458969e-08
-2.609170426720688752e-08
-1.249377254730276787e-08
-9.589067403001311378e-09
-6.956135991243183033e-09
-5.668342537146049905e-09
-3.596287697315551572e-10
-5.062593637045251782e-11
9.962190686990658263e-13
1.116888641100803439e-11
2.796495166810002847e-02
-2.686612197310291050e-02
-1.816437761469171094e-03
-8.133162290347414663e-05
-5.447564203323316715e-06
-4.061540118210630031e-06
-2.519898436383314645e-06
7.769666554662647351e-06
3.542091538927194818e-06
3.504936645850025458e-06
1.284506081226258836e-07
-8.869580940796055235e-08
-1.343512375887377997e-08
-2.394033094315337321e-09
3.199574118667394761e-09
1.837034658413905050e-09
5.133324895989559112e-04
4.061203138984535894e-03
8.436565844856017647e-04
6.786661389075854364e-05
1.716458647941310488e-06
3.148365320344351277e-06
-1.754294906209451372e-06
-6.865591250439327176e-07
-9.238405218037141769e-07
1.415648577727254416e-06
-1.620480602067088903e-07
-3.626360487725555183e-08
-1.054242475591054497e-09
-9.871215970864338182e-10
5.968168504319254280e-10
-1.144985673725588767e-10
-1.024830349247703469e-03
-5.990225487492516036e-04
-3.049113003653547080e-04
-6.119091491208149519e-05
-2.129291418020335235e-06
3.388437763739313131e-06
-2.067817145643392426e-06
8.006219382506191233e-07
-4.855701165481465426e-07
-1.080383890927322002e-06
-2.443848754527910150e-07
2.415100097558817892e-08
7.785781615439518933e-09
1.552106768085591816e-09
-1.506549980374529853e-09
-1.538318157436611320e-09
2.300375795848955054e-04
1.206758225397670846e-04
5.117278309098658432e-05
4.069145633062572583e-05
2.196552564558431189e-06
-9.093887608747023579e-07
-2.334752270738609283e-06
-1.083867419084330188e-07
4.664914572092125668e-07
-1.022784902921692997e-07
2.586044656107923779e-08
1.604863280505096902e-08
5.690565549473383274e-10
1.208112250233005376e-09
-7.208297360758428299e-10
-9.811377512107215064e-11
-6.942430903293847196e-05
-5.795510522924346390e-06
-1.510018269369691126e-05
-1.635458138275010495e-05
-1.469674231995695170e-06
3.105850430298383614e-06
1.819072106612997438e-06
2.611417654895856966e-07
-1.106164038931553822e-07
1.262424284820631963e-07
8.566161280125188692e-08
1.031508502795779052e-08
-1.062128372109639066e-09
3.734075801894521017e-10
-2.762524034089900191e-10
4.860557998211723195e-10
-1.411835262431444858e-04
2.373422650151929016e-04
-5.528728495252008382e-05
-2.988643061373177616e-06
-5.484175940508403905e-07
-1.782562070644549232e-06
-6.260397405582248574e-07
-2.413598727581269373e-07
-6.001785708127270465e-08
-4.533191884514985293e-08
-2.146360214851053316e-08
-7.663786879540385592e-09
-1.653237732066926025e-09
-6.141968604834820850e-10
3.567043338731463222e-10
-1.917365287354363184e-10
1.247526055449044765e-04
-6.679491651295158938e-05
4.759288214133795765e-05
9.471001025021816443e-06
1.597941435345541418e-06
8.532185753663158940e-07
4.090384632233192291e-07
1.903576821262468206e-07
2.401967586405443000e-08
2.306289584577774607e-08
1.672664359665191405e-08
2.740962057558072347e-09
8.067176631482913911e-10
4.016398224532677653e-10
7.023850588038845707e-12
-1.732143912631588043e-11
-8.091061790427410297e-05
7.707036431330939778e-06
-4.515773631065957383e-05
-1.001501761319667605e-05
-2.040747969290184221e-06
-6.542992637092771228e-07
-3.095074104614375547e-07
-1.177506711211817126e-07
-4.005756335343786788e-08
-3.021777795459604794e-09
-1.372031901150672972e-08
-4.380514312406611860e-09
-5.010697531096439931e-10
-2.813963602776872696e-10
-7.520121976913506974e-11
-2.290717279820222757e-12
-4.577089526231329541e-05
4.678366724898153377e-05
-3.014660731220057208e-05
1.793748507735938609e-06
1.612184569270801547e-06
5.246705562135112287e-07
2.176634770151836924e-07
8.643832433972284618e-08
3.371040027784779448e-08
2.712437668910147972e-08
3.107843143169830782e-09
-9.853054410958564612e-10
-1.280415540558396125e-10
1.098767785605803794e-10
9.431516375894271616e-12
2.542952633090337163e-11
-9.209503501431223177e-06
1.698510868470484573e-05
-1.185776597082833491e-05
2.926438200139962586e-06
-7.778895372713859159e-07
-3.799552483838807741e-07
-1.431994954747719258e-07
-4.729697678974146733e-08
-2.086208057903590909e-08
-1.519166527902053129e-08
-6.547061213480887837e-09
-2.662545195343290161e-09
-6.294513587086089282e-10
-1.694846185259691604e-10
-3.120659742381349106e-11
6.995807956966126856e-12
-1.023791787960377730e+00
-4.130589248326355101e-02
-1.145314377922484464e-03
-2.226758666321413465e-05
3.375065934805160271e-06
4.769150450482478911e-06
7.916779579150545591e-06
4.838530949580862860e-06
-1.363050434095412020e-06
-4.257407030754730474e-06
-9.643408314220790735e-07
-1.249395473104930065e-07
-2.106481178714484558e-08
5.772652899518345974e-09
-4.704893628405174389e-09
4.081340903709073492e-09
-1.536425098373886966e-01
1.464981234109619460e-02
1.149966171427188729e-03
5.345522794605793936e-05
1.322903966538880092e-06
-2.284212783843202639e-06
-7.377885171226876727e-06
7.239439266367555141e-06
-9.267466174611936312e-07
-6.542563882174428544e-06
-8.286397480299808102e-07
-6.148416097191987665e-08
1.077576995125081153e-09
4.760163598122774956e-09
-1.821411057097794414e-09
2.111827369033739106e-09
8.023217996493412982e-03
-3.963758026818180007e-03
-8.887347905252696674e-04
-7.293842861742898265e-05
-1.492979582600047230e-06
-1.367666827826663176e-06
-7.514478462346587689e-07
-2.756638534493841618e-06
8.531548726073294302e-07
-1.957989282547089701e-06
3.311487875785437038e-08
9.327239274273456991e-09
1.321215240926736272e-08
-4.133105120131550446e-09
-1.081404231453682072e-09
-1.183151458781917284e-09
-7.244437213029762939e-04
3.118390119108529535e-04
2.766023054279306468e-04
5.956593403745311831e-05
4.102736314667904040e-06
1.097086169751560435e-06
-3.605795798259290403e-06
1.592740852165712441e-06
-7.466492303057250461e-07
1.178288795272139319e-06
2.347131136898589744e-07
-9.421579482651987581e-09
1.353271229482577558e-09
1.854031238502983416e-09
-1.480847430382382888e-09
-8.113509080747859443e-10
1.016528595701752732e-04
5.791734173525588499e-05
-3.406118225788473311e-05
-4.250048202770474162e-05
-5.346283168673095463e-06
1.095162767473726098e-06
-1.884316608768660382e-06
2.096796192494117926e-07
7.599628376962113242e-08
4.713005653608024087e-08
-1.899556074799422757e-08
-1.374237311526254743e-08
-1.874858546811473334e-09
9.594425479799971652e-10
1.189059943991539334e-09
-2.836767769407217464e-10
-3.766069848531016103e-05
-6.941341545747593833e-05
2.525087212864915890e-06
1.822070007898832943e-05
2.144085006457390135e-06
8.593396625885902337e-07
1.069369589671917135e-06
3.832112951498796618e-08
-4.355603422264190937e-08
-6.357566646406504499e-08
-8.686798881790467883e-08
-9.912423145131277524e-09
-1.108661752925456084e-09
5.813571859867351899e-10
-2.836900485194766174e-11
-1.568827527180192585e-11
-2.243123379963148046e-04
-2.445626118152622783e-04
6.022151992950667301e-05
1.172537807121473235e-06
-1.687242535327340697e-06
-4.613297867902983433e-07
4.912042519909057348e-08
-1.091844149382786051e-07
8.354730540609819553e-09
-6.123119671730292502e-09
2.269576576734251071e-08
6.319765453866021514e-09
1.034755374731974897e-09
1.012250789075572013e-11
-1.588912177910211923e-10
1.270325071070321429e-11
1.313058008503259326e-04
1.048773248904964560e-04
-4.579656831794785756e-05
-7.682693949935853788e-06
3.722469092351439418e-07
1.832936780759956603e-08
-1.052044852908554632e-07
4.203781321350749773e-09
-6.989805300878809948e-09
7.698071192710867941e-09
-1.561177511359338049e-08
-5.734013348225912204e-10
-6.894819809040456593e-10
-2.950278257030050791e-10
-1.525449877037144846e-10
3.959980553629530728e-11
-7.867682824524521875e-05
-5.395148317894069766e-05
3.919626851875794435e-05
8.356739108034802842e-06
9.115529188394352506e-07
5.602680726357878348e-08
5.316135821753201407e-08
3.404357096811496924e-08
3.280390857093436330e-08
-1.446508111599715543e-08
1.201462761807847810e-08
3.133923874332095355e-09
3.005307827196181241e-10
2.166667653940298630e-10
5.482500509510568385e-11
3.008149764979638237e-11
-5.231934130774209727e-05
-4.989266433029235177e-05
3.478273395382782193e-05
-2.953646765469190501e-07
-9.368756711917594999e-07
-1.641443621358339425e-07
-3.973189079929064924e-08
-2.583593470797047207e-08
-1.784765514566688103e-08
-1.072856852368911875e-08
-4.686895443851988177e-09
-2.747804840098213755e-10
4.338204818055824040e-11
-2.297998168815674804e-11
-1.012692260968097991e-11
-8.703143708641093929e-12
-1.001355584602887817e-05
1.393952990645278143e-05
1.004238434834382270e-05
-3.853192614778230481e-06
4.173833030847289307e-07
1.078825604533802937e-07
3.209666856062351258e-08
1.998009315176909117e-08
4.504462116182977450e-09
2.352575213949086927e-09
5.946865846172028652e-09
5.556259522783366739e-09
2.961833189215351609e-10
3.100137611567644817e-11
6.397668806624028676e-12
-3.778538890323651235e-12
9.295033701829391592e-02
3.945291024669235480e-02
-2.636630694874888756e-02
-1.799688324415710900e-03
-7.847755205825158499e-05
2.022981642760800547e-07
6.252644012016738277e-06
2.902411114106677260e-06
3.133040711897341927e-06
3.938168433694319676e-06
3.531173259686556041e-06
1.523740994238741071e-07
-8.393330652509914926e-08
-1.845580219843441695e-09
-9.492665521375981817e-09
3.548847193589972850e-09
-1.030283782065884788e-09
-1.516510480155569378e-02
-4.792715802008881525e-03
3.648000403634851872e-03
8.212836566751625066e-04
6.738685222481640054e-05
3.626444938188052199e-06
-2.179769717620708731e-06
-4.082753800941928822e-06
4.832787016644217725e-06
-1.195830942914030141e-06
1.445861493658903933e-06
-1.434094733984771531e-07
-3.901653818100636441e-08
7.693862401967245686e-09
-5.525445366720157769e-09
2.012830529217314725e-09
-2.957248945906383211e-09
1.686837224344480985e-03
9.029034473943241008e-04
-2.868461990277220894e-04
-2.840023319683942843e-04
-6.421184567233611238e-05
-4.918237888670540068e-06
-2.146198150928338105e-06
-4.109183713584261386e-06
-9.536202195005890990e-07
1.347388170800478305e-08
-1.102216328056754331e-06
-2.497333395612655665e-07
1.872297475732931921e-08
3.593537358838009563e-09
3.012633169895712403e-09
-1.670329360073062799e-09
-1.880552396495015378e-10
-5.604536837163791763e-05
-1.301861676014654922e-04
-5.587725393608844557e-05
3.293427363897979542e-05
4.141068547515980688e-05
6.082451674762934041e-06
3.827092235965128035e-06
-2.287474629734565174e-08
-2.424174873231250294e-07
-1.381793773211694831e-07
-5.500534210715680643e-08
2.443871520771807806e-08
2.125287513059763256e-08
8.586987602669974614e-10
2.079052427433581615e-09
-8.540650984523623599e-10
-1.874161197878308290e-10
-3.535039451311065497e-05
5.195996851446119807e-05
7.065885020423694196e-05
-2.655376574880943870e-06
-2.155688433876602945e-05
-4.919479468301538361e-06
1.045891627561816231e-06
5.751363747188291399e-07
-9.869868090457212016e-09
1.411207460119502472e-07
6.020853539950289173e-08
8.272546331369987620e-08
8.477383377880343584e-09
-1.192455317056070479e-09
2.430904463676923254e-10
3.780831599674845801e-10
8.764185413851474560e-11
-1.475087151556984119e-04
1.911806820657439680e-04
2.423330416350313182e-04
-5.959034478391240917e-05
2.543260442990899521e-06
2.103983762419707220e-06
-6.859429084082995007e-07
-1.142548187747719457e-07
3.217927907494472683e-08
-5.114121139508612269e-08
6.220190528148535166e-09
-1.962948783341772279e-08
-6.510731943378861031e-09
-1.230591323488791888e-09
-6.636296577224421916e-10
-1.238029245112745815e-10
1.480200734772058267e-10
4.145671050287150038e-05
-1.244466129250903824e-04
-1.046045985746452161e-04
4.503953297376420980e-05
6.004857068254510958e-06
-2.048900900567699605e-07
5.315664339691808347e-08
1.166404316120042199e-07
4.482240571809485505e-08
1.248698843192234825e-08
-9.382818607261512994e-09
1.435124936813832036e-08
1.137984249563341429e-09
3.664948134242530251e-10
3.655844641481747091e-10
6.866735496297258979e-11
-3.307661775963434505e-11
-1.480548073707600158e-05
7.728939499120995827e-05
5.393726920193749757e-05
-3.882607599106769724e-05
-7.916023985518227645e-06
-9.520428788419977116e-07
-1.069138367484943762e-07
-1.008195177339968971e-07
-5.274148311386178920e-08
-3.466260010311842195e-08
1.320828533015138333e-08
-1.182228042847823365e-08
-2.890631077091095535e-09
-1.416945066298236491e-10
-2.314817429158042739e-10
-2.691808302486341188e-11
-3.599637673215737399e-11
-1.154552694596519368e-05
5.116204694744845403e-05
4.990767644447349609e-05
-3.469719317253569648e-05
2.582413290098252299e-07
9.523910823895941022e-07
1.941356237135801480e-07
9.108913228489032527e-08
5.149526805630401206e-08
2.352491469984432609e-08
1.254903480069116226e-08
3.349220396103336455e-09
-1.973632604374223660e-09
-3.505527470926597994e-10
4.396750495265151477e-11
1.982064910383570339e-11
-1.402828678768955144e-13
-6.080393883995386524e-07
9.367359324564918170e-06
-1.627394721226416491e-05
-1.126826098832474704e-05
4.052161410488607907e-06
-3.423520726720152315e-07
-1.764835858142450007e-07
-6.184212279253324402e-08
-3.011925103955024191e-08
-9.235235196041462833e-09
1.379356203723206639e-09
-5.445628397920692363e-09
-2.022772086896995755e-09
-4.314688234628121634e-10
-1.228861185539780782e-10
-3.217545100233992266e-11
5.778381036085663783e-12
-1.476697094183531400e-01
-4.019298635094890014e-03
-8.750432030033422355e-05
-8.059461386789718236e-07
2.314343035842731298e-07
-3.117916437629480319e-07
-2.868139921674086591e-06
-2.072600997116947702e-06
-2.405086357424266963e-06
-1.475829577561780575e-06
-1.435366626442404102e-07
-2.092945650457737591e-08
3.277889985788411045e-09
-6.192478505716974886e-09
5.905103031557160123e-10
6.871895435696338271e-10
5.566320495585372341e-02
4.190942930701607380e-03
1.823771850199755018e-04
7.035293452918204649e-06
-9.824293588036753329e-07
-4.412230759363035103e-07
-4.853759691221693521e-06
8.240468611510449882e-06
-4.480634441263679481e-06
-1.444528239350546223e-06
-8.990492587246709933e-08
-1.602542049846106316e-08
7.315680764190306510e-09
-3.433124803420107810e-09
2.291466648227427960e-09
-1.285791862301932364e-09
-1.708051245736292439e-02
-3.167585378430131087e-03
-2.655761506982330872e-04
-1.100347073999434768e-05
7.627059710379625356e-08
5.959274404411495977e-06
4.224399391487250372e-06
2.480642531301832388e-06
1.605682169501586808e-06
-3.912249676986230708e-08
-1.884647356519733450e-09
-3.296213772721892996e-09
-1.340962555693510911e-09
7.375444514758616984e-09
-1.315757730829934745e-09
7.921928670265557844e-13
1.680110832852578203e-03
1.083418054901304694e-03
1.922858906105361857e-04
1.268563913264250944e-05
-1.003228935282032768e-06
2.326790625695545005e-06
-4.261997312421471324e-06
-2.442945203025366636e-06
1.787644938945506884e-06
4.482835599767913349e-07
-2.336962911107656321e-08
2.940782358604052294e-10
-9.243502640753241784e-09
5.262383775484184115e-09
-3.671682851631123612e-09
1.639159851077105281e-09
1.008345003720131688e-04
-1.866420068378420530e-04
-1.184477938846914921e-04
-1.255111894198810712e-05
-1.958386492150342295e-06
9.124729766993045380e-07
1.225684315278885105e-06
8.055727310573348530e-07
-1.870518346557117424e-07
-2.789520720580293721e-07
8.077647479912026096e-09
4.418883742925422732e-09
3.921065228682186446e-10
-7.514531779631979457e-10
-8.904462556658663843e-11
-1.139148992220558356e-10
5.788821138424826598e-05
4.677010936009052384e-05
5.891665274444909186e-05
9.726161418616694788e-06
-3.764208008579697208e-06
-2.661499386636993710e-06
-4.435244484034259428e-07
-6.731694009128628981e-08
-2.073161504859666940e-07
-3.080990327744666902e-08
-2.298274333981746107e-08
-5.235938549223461006e-10
1.268101934192513970e-09
-1.419151364176094181e-09
8.172032805044792183e-10
-4.077880984044137928e-10
4.396141931161619601e-04
1.955935220833950256e-04
6.096701303617438176e-08
-3.263034695549114626e-06
3.625554115716828056e-06
1.776181216228805917e-06
5.436996383030545599e-07
9.524911664741857419e-08
6.334270878225845814e-08
4.401695220879761274e-08
2.816484543539457676e-08
1.957566748129658703e-09
8.531087767628511180e-10
5.560689107650193624e-10
-1.358449498408688491e-10
1.318885236822340414e-10
-9.775020301443667324e-05
-1.548551910196628090e-04
-2.327399654901080511e-05
-1.610851638841203257e-06
-1.791770245526161301e-06
-9.806113049273735024e-07
-4.356492168800280850e-07
-1.508040564733222984e-07
-3.085104196384351482e-08
-7.871881924800740573e-09
-1.503489744204082169e-08
-1.283058342133909426e-09
-1.298862645260349820e-09
-1.843325005020994788e-10
-5.594390923409567804e-11
-2.756509685565218646e-11
2.774640427398517359e-05
1.277398202890189793e-04
2.863995627259064878e-05
4.152052897259149882e-06
1.143274492247192307e-06
5.891968328691871514e-07
2.899152809607402604e-07
9.206059634739049580e-08
2.352119159262706211e-08
1.701704996986801605e-08
1.197679537271263634e-08
5.989388622731851642e-10
9.909836916135881713e-10
1.532869042635741917e-10
4.039463108075739772e-11
-1.086204962409425655e-11
5.347433968028589621e-05
1.267908513667002533e-04
6.867473352990341023e-08
-3.596302498235589659e-06
-8.961734533083669396e-07
-3.730212721094325767e-07
-1.711969183991264127e-07
-6.393656142850760971e-08
-1.354127794223211392e-09
-1.512660922204975478e-08
-8.630043434794138950e-09
-1.030720134822071786e-10
-2.492160389885652501e-10
-6.293135918586613824e-11
-4.659947562144457373e-11
4.477712263788633500e-12
-9.199517336690679523e-07
-4.419421010325532052e-05
-1.481402532892816466e-05
1.086104351350332058e-06
5.457640634650493639e-07
1.564265452188983993e-07
8.045922497402548481e-08
3.736235527599436141e-08
8.366262292469628454e-09
2.227766424212716530e-09
9.764879781151021971e-09
6.934175849090729628e-10
1.105581072278446541e-10
3.981764426003773494e-12
1.633882768481920380e-11
1.004338889053189669e-11
-2.021296933181381261e-01
-9.926022551880830935e-02
-6.455299289436763031e-03
-2.744524513993417954e-04
-1.108520717094193424e-05
-6.123394285988010803e-07
2.112381268980570352e-06
-2.918318548791667932e-06
-4.683044702028539552e-07
3.682586171914675758e-06
2.523974995218542364e-07
-1.600906457794400456e-07
-2.503039767725374664e-08
1.155377461418430426e-08
-4.495807568728112758e-09
-2.297956564439498740e-10
2.941366050817690090e-09
5.002067201981501635e-03
1.565380058706073926e-02
2.950835361648813937e-03
2.504250967853537406e-04
1.092700818922234838e-05
2.212317784389103757e-06
6.681620550459063814e-06
4.825672307388853387e-07
5.881201675176354777e-08
-2.717250376110769248e-06
-3.721383762877761294e-08
-1.034132112758442322e-07
-9.917196972206022022e-09
2.252033031197749857e-09
1.909907515640201262e-09
-2.263120640893000093e-09
2.576660010415654435e-11
4.640281215222882816e-04
-1.550995011661258222e-03
-1.082011699991656346e-03
-1.907929120884753699e-04
-1.261550151751649958e-05
-2.424424306417748500e-06
3.665858638499800698e-06
-2.779397397518639756e-06
2.339375751420196759e-06
-2.051197689828845382e-06
-4.089384327463547543e-07
2.853249940783417865e-08
1.462546167362562927e-08
-4.231708272639963062e-09
2.193654138230643304e-09
4.812856660032925588e-10
-4.915978374232053496e-10
-9.554547537663057779e-05
-1.146181205470687254e-04
1.889642148019166394e-04
1.188931331419296661e-04
1.334738324847589583e-05
-1.101965632609756411e-06
-4.028980443179383561e-07
7.635379503670109007e-07
-9.777363747343070443e-07
2.428929883291628393e-07
2.203351542576422995e-07
-1.637564861113958276e-08
1.774650397633902220e-10
-1.241021191685855763e-09
-1.026710243615347858e-10
6.374163458147647457e-10
2.598265826356239104e-10
1.279278737013210016e-05
-5.133443983911371199e-05
-4.397610543306584277e-05
-5.742449297262593449e-05
-7.307878283464038577e-06
-6.042253427229240873e-07
-2.360056724764925649e-07
1.982253793945199566e-07
-2.871266709621235173e-08
2.466867911379114165e-07
6.163480212962424987e-08
3.516989946210937341e-08
-3.298927908166437330e-10
9.448650189043318738e-10
1.960542051783671027e-10
-8.906791511083687786e-11
-1.870953574734733040e-10
-4.262080603191601851e-05
-4.442153595685086769e-04
-1.979291425932218525e-04
-1.872381105717416392e-06
3.259595355177825968e-06
4.982145791308587549e-07
-4.926105553120833768e-07
-2.954121080492518887e-07
-3.764733101868847422e-08
-1.022129871268387197e-07
-6.306556365614260461e-08
-3.403486511109411499e-08
-2.105222424188608862e-09
-5.404723752787664096e-10
-7.225092970233842628e-11
-2.608624353530621482e-10
-6.705933671063254789e-14
8.855796837584955921e-07
9.724607440484527834e-05
1.558093484189595893e-04
2.392183179438468611e-05
5.703768557666449441e-07
3.376969793665376918e-07
6.226929123789655064e-07
2.852656493370463795e-07
1.353136236956363417e-07
5.171051802139626152e-08
1.740157836504047917e-08
1.699020227615583252e-08
1.990137269018001321e-09
6.746893051271301943e-10
1.076099467855327521e-10
5.928672327659491318e-11
7.229650808001834946e-11
2.417730845423073614e-06
-2.739479106475535311e-05
-1.281627280000774275e-04
-2.861293434905699693e-05
-3.495988703581467644e-06
-6.701256687431951664e-07
-5.035691760433919403e-07
-2.356369177918366782e-07
-1.017129474707445280e-07
-3.611740602136969046e-08
-2.281827750224729788e-08
-1.285955835821951641e-08
-8.940809516033223934e-10
-7.486526698140489689e-10
-1.554259285672478437e-10
-1.303771777620475406e-11
-3.690558397713404462e-12
-4.268226758611162154e-06
-5.349259036574954091e-05
-1.264770740725250798e-04
-1.887980211581020523e-07
3.157812978785149496e-06
7.745812769051677976e-07
3.605164423056452867e-07
1.842631207737705784e-07
8.248209541298525759e-08
1.415242283385819228e-08
2.444251876968227681e-08
6.275370258411641515e-09
-6.624318038549360836e-10
3.801903293802112780e-10
7.764241050744265615e-11
4.075607701942501880e-11
-1.238911719487924272e-11
-3.146707230567702924e-07
1.177589808320941250e-06
4.409527297231370213e-05
1.585966654832786629e-05
-9.126686175753216573e-07
-7.016938264823557636e-07
-2.398950195405404888e-07
-1.210750543464425382e-07
-6.769015807358190768e-08
-3.066565716511764933e-08
-1.083882962276583911e-08
-9.659566621419880966e-09
-7.092856038967472409e-10
-4.072662633905875515e-10
-5.201404864248042348e-11
-4.348822950434187153e-12
-1.867337614564118544e-11
