1.397124421717464982e-01
1.025118793687653573e+00
4.457047926491976286e-02
1.530002920709998401e-03
5.293827784988974349e-05
4.995078021643604048e-06
4.311936445631394584e-06
3.088867587630181110e-06
-1.684932746900593113e-06
1.173592762634161156e-06
2.146732691455123747e-06
6.827908338013697640e-07
1.002535597820828519e-07
8.599220464010808113e-09
-1.044703403589402171e-09
1.471099590302107350e-10
-4.297833615227695226e-10
-2.053312201492142261e-02
5.352842113271725349e-02
-5.762222216758960611e-03
-5.284016070080854634e-04
-3.054583551002086253e-05
-1.949763386125057120e-06
-1.523145047782721239e-06
-2.582079833549989742e-06
-3.834642269675368284e-07
3.162999411603904443e-07
1.565782867983800081e-06
2.956024415546739542e-07
2.905384913038212205e-08
-1.278855461716599853e-09
-6.509792393945817385e-10
2.150003543884757247e-10
-1.514427156369864762e-10
2.306463166249661956e-03
-2.372278417657866425e-04
6.293828795785039436e-04
1.442134374280277967e-04
1.454189029642007583e-05
3.593839930809788495e-07
8.921233361324871251e-08
1.087207703412920765e-06
6.800819744554931847e-08
-7.309678860469013206e-08
2.325327346625361446e-07
-2.028077556449299695e-09
-4.510243187021976368e-09
-1.577462320971998891e-09
-1.328713787084898976e-10
-2.627398619539383959e-10
8.620040009462274943e-11
-5.826662618943965040e-05
-1.004343635495806250e-04
-1.396472718459484819e-05
-1.396696852012501911e-05
-3.519378702499754265e-06
1.617725757370977411e-08
-2.487020507470252513e-08
6.098350438320105316e-08
6.740676997226887964e-09
3.020482757974261426e-08
-2.262930252762842057e-08
5.100426242601922400e-10
1.521666194492457368e-09
1.339499790490178258e-10
-2.908669308998022281e-11
-4.324838292281698273e-13
9.217591687407812448e-12
3.196186748237561350e-05
-2.459372051064850258e-05
2.361883471246405849e-05
2.456219680334713656e-06
7.614576447206996977e-07
1.192107363642732520e-08
-3.213010199290253551e-08
-1.195980188908640790e-08
-1.164278147694339286e-08
1.691908931278425207e-09
-8.361377987174580435e-09
-1.540982507068750464e-09
-4.439476457179457452e-11
-3.132970356683023206e-11
-2.116947662548508373e-11
4.055022939677921217e-12
4.646186116511240113e-12
9.410476161908366359e-07
-4.369123862833945200e-06
1.394920200197072152e-06
-7.216967876434582154e-07
-1.055454112701075226e-07
2.228100241149238114e-08
1.441617380248103957e-08
7.619336096242988540e-09
4.217284038361645903e-09
6.965722427510514004e-10
2.231650520716205733e-09
1.493093518258514969e-09
2.392393031182886475e-10
5.067923157960703375e-11
5.207761463720098322e-12
3.873220304055367156e-13
7.028215711296947451e-13
1.458658774160586289e-06
-7.698893730182302890e-07
2.197259859472703559e-06
-5.329088709229615126e-07
-5.317610192151556684e-08
-1.313941985279927190e-08
-7.407621880620082511e-09
-4.555920279010500212e-09
-2.123789219269421265e-09
-8.140743930521396844e-10
-3.868984381030197290e-10
-1.559709433025092820e-11
-4.893471667572744943e-11
-1.308498828588534121e-11
-1.815236464467938030e-12
3.321945164517796468e-13
-3.629128474706627789e-13
-1.496445230590426742e-07
4.110070971210271150e-07
-2.292305621920775279e-07
1.870621027631815399e-07
3.694034213980537709e-08
6.654355153239740828e-09
2.976459679572269557e-09
1.389642433330057341e-09
7.123479167840154201e-10
2.224190235100312721e-10
1.007432477290120707e-10
5.880060216370994362e-11
9.634209494402100558e-12
3.540869974998412708e-12
8.314065492681850889e-13
1.321576105212875943e-13
-3.316735239289182920e-14
3.698697970959988173e-08
-1.379834283213517697e-07
6.289738727572742060e-08
-8.758204736630652646e-08
-1.660204662918436502e-08
-3.162178788750423454e-09
-9.179133690511408157e-10
-4.110427260977422395e-10
-1.737782909214006993e-10
-6.466283098319212819e-11
-3.002889904092515788e-11
-2.251020702960975554e-11
-6.653701586003315151e-12
-9.634190634479936252e-13
-2.057771872236830020e-13
-2.263231627048374371e-15
1.848527428144958312e-14
5.312952622014033034e-09
-1.719669840251902789e-08
2.270521898564417210e-08
-1.164042947462498891e-08
1.335836109504948586e-09
9.195352701366701233e-10
2.759657485810417307e-10
1.051334477424610287e-10
4.324920713936133491e-11
2.022106291644022955e-11
1.224758422106646560e-11
3.224139621883455898e-12
1.391779672897036643e-13
6.555955189820974858e-14
-1.587027221695422798e-14
-8.899024790664125350e-15
-4.385844808411241445e-15
1.189458474831181459e-10
-1.376088055130386900e-09
2.906311766141184547e-09
-2.649793510089280012e-09
5.349246769780693527e-10
-1.463623982405030221e-10
-6.153140193963402746e-11
-2.068261736890012083e-11
-7.525061448603791298e-12
-2.463071286393900245e-12
-1.187412728830112449e-12
-2.798040816683956304e-13
-5.024244100611449193e-13
-4.581915239139972661e-14
-7.592291484769768467e-15
-2.578478595099876396e-17
1.064245621416707300e-15
1.002380094047064692e-02
-1.037213909003714338e-02
-8.095858813284207605e-04
-4.443266085002815357e-05
-9.421427886604419054e-07
1.521550966193561825e-06
1.287612033290631288e-06
1.728806522169640387e-06
6.730849816538244198e-07
5.544585532808202692e-07
4.477342701781686201e-08
-3.427552376344420113e-08
-3.499694879654770550e-09
4.324697117634979434e-10
4.581081343291581756e-10
-1.473352532279189921e-10
1.391901582080841936e-04
5.761820667673436683e-04
1.352339014245320617e-04
1.416524164534442276e-05
-4.148778055255671604e-07
-5.707279224022683960e-07
-5.742607647299035642e-07
-2.367020765089446783e-07
-3.632360482625836676e-08
1.628019432481787040e-07
-5.127539593035686147e-09
-3.072996615849130629e-09
-9.700893484333675672e-11
-4.529481383237579440e-10
6.353067802135383848e-11
-1.015137899053931018e-10
-6.695841889534506557e-05
-9.793859704970089779e-06
-1.402017190782171417e-05
-3.637303809003434340e-06
4.523441439950492348e-07
4.963315783292122770e-07
2.956803302721253128e-07
1.112643399862307371e-07
1.013393999124499865e-08
-2.639681434850117614e-08
-4.929455510607214377e-09
8.611909120143076500e-10
1.806679308522332657e-10
-4.731492524387673806e-11
-4.024981503783005658e-12
-3.321135218277452547e-11
-1.042091186631137703e-05
2.490252434354534852e-05
2.546645765948106206e-06
7.350764126718498541e-07
-1.582537001882173970e-07
-1.643692628282476674e-07
-1.005238800739725475e-07
-2.056387208375848599e-08
-3.244795200446675797e-09
-6.458071798041256542e-09
-2.679432206920040802e-10
3.532092217987421919e-10
-6.680125277110020037e-12
-1.457299081905819824e-11
-1.665124525694480995e-11
-6.693124564391385900e-12
-3.798893082279054007e-06
1.533545373301224783e-06
-7.298985196152665404e-07
-6.929177281753034250e-08
6.000378823854782206e-08
6.288216994031352042e-08
2.769128824942356728e-08
7.371024236593616384e-09
3.912511185678572209e-10
1.487273910960959312e-09
1.172193854206029418e-09
1.398596776149839797e-10
2.740826823888735767e-11
7.170045809559864600e-12
-2.904145071718701217e-13
1.237874274371022948e-12
-1.078406724605177255e-06
2.170905999757024361e-06
-5.346171867113444251e-07
-6.551375309266712915e-08
-2.480443958117807042e-08
-1.615450300559395295e-08
-6.929746843075918637e-09
-2.797553925060460835e-09
-8.304245959874839855e-10
-2.434350851022441391e-10
6.326953790905048017e-11
-2.535422428042412521e-11
-7.556893913344191897e-12
-4.273621589511296755e-12
1.549292730344809871e-12
-1.674719221896258715e-12
4.365640918218787190e-07
-2.269051748073130066e-07
1.885159209613460452e-07
3.981105220878351167e-08
9.464867761263451136e-09
4.138248090213315224e-09
1.914687103528837319e-09
7.901572949197887459e-10
1.773067050717914551e-10
5.730680487839263455e-11
3.882944064989915683e-11
3.263192235279009586e-12
2.473911003881041445e-12
8.489928182982844746e-13
3.619820001948834109e-13
-7.342812908136906972e-14
-1.449796279214259870e-07
6.199869513013371185e-08
-8.806588579519074139e-08
-1.723214642224043034e-08
-3.650888349057618652e-09
-1.200019832008557095e-09
-4.988167969019369325e-10
-1.870771976329179623e-10
-5.214490340213725419e-11
-2.031681655657303230e-11
-1.759901073150720306e-11
-5.111177360141358834e-12
-7.164587500862441246e-13
-2.626662912678852971e-13
-7.016103669873887693e-14
-5.945704766045892583e-16
-1.795658247603705495e-08
2.275900998596362386e-08
-1.152937286069425164e-08
1.447162832569021137e-09
1.009387854569836122e-09
3.119668755125821593e-10
1.213325032996516440e-10
4.712639008745537621e-11
1.778438397188361044e-11
1.003685067277788629e-11
2.116938855683395832e-12
-2.266064858154661934e-13
1.787366779208768055e-14
2.312680337799685774e-15
9.634719872471967946e-16
5.612217794660251722e-15
-1.531297589970282598e-09
2.905592731154380232e-09
-2.716685881691492022e-09
5.075179022237167478e-10
-1.581648589941539980e-10
-7.459873375466081427e-11
-2.674120706883536786e-11
-8.328379863448716408e-12
-2.544596355929995001e-12
-1.203175593682398391e-12
-9.029925725179499032e-14
-2.486731908527681133e-13
-4.030013501549997792e-14
-6.472826262837149871e-15
-3.657845614012268116e-15
3.929231986921507973e-15
-1.015525322694524002e+00
-4.424819372033311771e-02
-1.521749939876956403e-03
-5.115072487889674483e-05
1.413221428378783277e-06
5.129296803801877312e-06
4.421880530951736660e-06
2.594036424200863757e-06
-1.164742685796704140e-06
-2.141062821398719847e-06
-6.997997472573447973e-07
-1.074011211366256589e-07
-1.322557873204918908e-08
1.143117365110222464e-09
-1.001191331264955057e-09
4.390484767866114596e-10
-5.684347295243664944e-02
5.572605137278754776e-03
5.212020897217428542e-04
3.084930972511803912e-05
5.581626066467003314e-07
-1.103308778433420154e-06
-1.995518381192713834e-06
1.309979298038918017e-06
5.630230786818249845e-08
-1.463207063184461883e-06
-2.753722637017276350e-07
-2.590884295732740012e-08
5.716347587883427651e-10
1.260190483049625118e-09
-1.968335359060618084e-10
1.723867404467085151e-10
1.139863174491325543e-03
-5.467740728751637825e-04
-1.421492405457401706e-04
-1.649888200278735128e-05
-3.720044368315427731e-07
2.825577542427884045e-07
1.864231368813724486e-07
-4.721191858342574438e-07
1.192891039200406824e-07
-2.511417521051960527e-07
-9.515659177534852743e-09
1.028946927652862291e-10
1.370955203198292504e-09
-1.695213522545088744e-10
1.564534412685651521e-10
-1.304232855281260540e-10
5.600580159365791101e-06
-5.763157183154169681e-06
1.342577098942286253e-05
4.022944500554911733e-06
-1.270474890280099896e-07
-7.993174702971279025e-08
2.516490598140330942e-08
7.662397345355525940e-08
-3.130910418860000469e-08
3.653387688667646646e-08
3.742408061869608247e-09
-1.161600252418696044e-09
-1.965576965083632896e-10
-9.102427230690928492e-11
5.112066385746878318e-13
-3.241333367178825850e-11
4.567013880339368002e-05
-1.948382255214281588e-05
-2.383849119867119839e-06
-9.539777248633772676e-07
-1.013524761475112901e-08
2.421666899594022875e-08
-3.510794767901617882e-08
3.098166576661486567e-09
-1.107654945402923606e-09
4.570113405025959636e-09
7.736559630576396217e-10
-8.284521184523434472e-11
1.779149683946905424e-11
2.150167307114632119e-11
1.735862676004323851e-12
-3.989434222586055450e-12
-3.345350280733361376e-06
-2.280041092630408683e-06
7.322868510836918448e-07
1.661015746352160308e-07
3.843621786820359003e-09
-4.298153088461563178e-10
1.627518772101605665e-09
3.298703828160954050e-10
1.786964818431599246e-10
-8.158049052820097015e-10
-1.228780399627267550e-09
-1.568501432769991011e-10
-4.700915475345022142e-11
-7.655801777016514436e-12
-3.029360998812237000e-12
6.951989844016414617e-13
-1.784102573831680803e-06
-2.329751099952366024e-06
5.084095298025342002e-07
3.466397968518282657e-08
1.071438572657109488e-09
1.286358460627071826e-09
1.069436413290524181e-09
-1.780281396507359534e-10
7.230243395243418855e-11
2.283420633395541052e-12
-5.830606388120720236e-11
2.964258355118610018e-11
1.517849009694288620e-11
1.608034955401178798e-12
1.381285189404693334e-12
-9.652922728759083507e-13
4.641757986998766116e-07
3.820962520634056803e-07
-1.677712499020535115e-07
-2.992291618085506926e-08
-2.601502400611323801e-09
-8.074656955274248932e-10
-3.767562589210011934e-10
-1.168295480642285805e-10
-1.289772353277336796e-10
-7.051968302102087795e-12
-4.133710683609800675e-11
-4.011004016166569414e-12
-3.266932478211819847e-12
-6.132227752508522877e-13
-3.978600705414978372e-13
2.054709623103382314e-13
-1.577480288824813685e-07
-1.434196085175269967e-07
7.671747392807443243e-08
1.406236709085818517e-08
1.963467155440177014e-09
3.079483882811663742e-10
1.391139675885977040e-10
4.858714017731174828e-11
4.577960409924276470e-11
3.549353206560736021e-12
1.737810870132330744e-11
5.169623889728967166e-12
8.609892830705874089e-13
2.127229679446882006e-13
5.681629905204934078e-14
-3.388028291116674840e-14
-2.180149022918065418e-08
-2.193676966123339067e-08
1.451103501700880501e-08
-5.368363685022388920e-10
-6.056481209406824822e-10
-1.346011273141050261e-10
-4.075409465129120140e-11
-1.704480350453138005e-11
-7.944391618494801214e-12
-2.876762344562358300e-12
-2.501026859977904606e-12
1.013052142503316952e-13
-1.087939936050869884e-13
-6.474732242893251291e-15
-3.609016362104356165e-15
9.915328632103586336e-15
-1.678855868885730575e-09
2.947247071084234131e-09
2.429279057425802830e-09
-7.113677012555061965e-10
8.101677811208104369e-11
3.368153962960819701e-11
8.933679195378782135e-12
5.933564534721117233e-12
2.570092128827691873e-12
-1.868081035760463856e-13
2.534379015060923092e-13
4.701162899114227284e-13
3.100590385896598725e-14
4.169302817474160872e-15
-1.549550424591169707e-15
-1.124399900839511206e-15
3.592833740137689469e-02
1.507768762533533494e-02
-1.009971065020302296e-02
-8.013640386963439199e-04
-4.691805214870825108e-05
-3.233155114198050953e-06
-3.039010662141861150e-07
2.969660633582312411e-08
9.375687493804383239e-10
6.749237249959759292e-07
5.707704428384048945e-07
7.649678727279877441e-08
-2.343905107406089023e-08
-3.048441207349156298e-09
-4.906085424592558697e-10
2.445386534680140674e-10
-1.813100075681842133e-10
-2.124444997502417977e-03
-7.047470170440131533e-04
4.958549811764479233e-04
1.311007331883760213e-04
1.535433465125372545e-05
1.419623716004737014e-06
4.702063441228829862e-07
-3.124353597180330158e-07
1.377829839731938476e-07
-8.636189764802831308e-08
1.493700862838597073e-07
-7.315004933250933038e-09
-2.627279108542206269e-09
1.065127207432818914e-09
-3.150827797394286863e-10
7.365654157288292694e-11
-1.971417214920393485e-10
4.868107101345545498e-05
2.914884775893967055e-05
1.039232402428040212e-05
-1.326075172300866986e-05
-4.436734442879378189e-06
-5.764171159040052695e-07
-1.549092618256177787e-07
-3.692747979410921868e-09
1.671807021011242569e-08
2.458650715327948124e-08
-2.650354356941894124e-08
-4.319809749843947124e-09
8.318806640534074812e-10
1.785297255978332775e-10
-2.331310764378578350e-11
-2.102619375936981310e-11
3.598898377464500841e-12
-3.676550726115251395e-05
-3.228591263135763859e-05
2.044162603098213625e-05
2.382774615610682174e-06
1.097813573707985394e-06
2.108562677418878438e-07
8.665810361703301606e-09
-1.719252031650679753e-08
-7.259465391771853437e-09
-9.587676410087168765e-09
-6.280535084873280305e-09
-6.243740662120161551e-10
3.686845246891888057e-10
2.507384769492830860e-11
1.993994453357231880e-11
-1.531891069538193445e-11
-3.441393523100327778e-12
-1.077373759621007760e-06
3.948508994920009694e-06
2.472785641894475441e-06
-7.229756820130832570e-07
-2.248000100736153533e-07
-3.960450312423091440e-08
2.153511174515385881e-08
1.022717292033289360e-08
3.142415716418834812e-09
1.208236939332812634e-09
9.613576642590164850e-10
1.150108235695071357e-09
1.002487930302512074e-10
5.937399514653343638e-12
2.145700121065153633e-12
2.645120478274682245e-12
3.660647857570740495e-13
-1.436002728978177620e-06
1.456489291319003153e-06
2.295505897938982594e-06
-5.037205682585082177e-07
-1.897554449941092436e-08
1.251119095701590937e-09
-4.983880554403760822e-09
-2.174893901835669006e-09
-7.529846232950484553e-10
-5.075514944848097986e-10
-6.260764414045541127e-11
7.703956169107304292e-11
-1.349219978114043076e-11
-5.529247221807987671e-12
-1.892330743635318861e-12
-4.774831046007214897e-13
8.422688356442149341e-14
1.529482959890481445e-07
-4.344160474574753501e-07
-3.787208571291082866e-07
1.658936371453060105e-07
2.744510681263205667e-08
2.595364244274714193e-09
1.118002111869769145e-09
7.181222306129094064e-10
2.988170464886568655e-10
1.826056556469877002e-10
1.032919293795250941e-11
3.420269067641151134e-11
-8.516375935515346309e-13
7.836654479454112228e-13
3.616220750447395601e-13
9.755449537462542747e-14
2.221127999661033163e-14
-3.667236789645952361e-08
1.502169043954195936e-07
1.427029188139451646e-07
-7.633403184208285406e-08
-1.379588913335171151e-08
-2.002924245164275315e-09
-4.610247758002714950e-10
-2.095863777537381081e-10
-8.964226802403124220e-11
-5.465862364138645891e-11
-3.718697525454473226e-12
-1.521470267609833401e-11
-3.791876784669974763e-12
-3.147841831624157148e-13
-1.339258856288884392e-13
-3.686127101877002873e-14
-1.152845147547095108e-14
-5.014516313284864980e-09
2.107626748176268962e-08
2.187120965064240758e-08
-1.458664109199292304e-08
5.360960861462654021e-10
6.409852181310034825e-10
1.508054524310575745e-10
5.782935464063317761e-11
2.701281256123624912e-11
9.936384803575299638e-12
2.700942286974534029e-12
1.967673350925389479e-12
-4.678946606496853263e-13
-7.841148599797442093e-15
-1.540992445411628265e-14
6.748848060087290178e-16
-1.801486081705043890e-15
-8.092185992280231383e-11
1.550721017531132835e-09
-3.108771488275007919e-09
-2.510529748252326120e-09
7.133430070719971539e-10
-7.573102573058668398e-11
-3.980777156608347103e-11
-1.364823772612282570e-11
-6.903003263833166180e-12
-3.067682376081896774e-12
3.033812207965422882e-13
-1.852430528397734904e-13
-1.892965847906694997e-13
-8.423407563997736232e-15
2.044486797082352189e-15
8.635453555021806169e-16
1.412000050428736494e-15
-1.589442626254232993e-01
-5.418337950615255416e-03
-1.826725983577177459e-04
-5.224649024682017253e-06
6.071462256634268545e-07
1.939317345847660527e-06
2.159228408788201150e-06
4.378221195597632016e-07
-6.029629261867824847e-07
-9.450239216407231542e-07
-1.454141946725679796e-07
-2.998177350408336948e-08
-2.235437565533398418e-09
4.632831442130819140e-10
2.621918120673651114e-10
9.372846976327215759e-11
2.163377339121602683e-02
1.858479042268596946e-03
1.094190996877462073e-04
4.802365684589746262e-06
-1.241385397635973042e-06
-1.102254454218176176e-06
-2.301341145213787261e-06
1.086346107488852727e-06
-3.545002400436845348e-07
-4.534501304147578575e-07
-2.817502802225441574e-08
-6.106523757098150240e-09
8.637576854440170590e-10
-8.655835220373411838e-10
1.934357432846795437e-10
-7.071199780624937896e-11
-2.398700300785446601e-03
-5.019616374126332960e-04
-5.150063817776469397e-05
-2.012877030979984650e-06
5.211002570370637862e-07
1.234388889202595058e-06
1.224392525573177423e-06
6.788437503114439100e-07
1.033521382096143788e-07
-9.857862022094044135e-09
-2.471572042783267511e-09
-2.684788183516974216e-09
-1.716448578578893249e-10
7.534840672963937228e-11
-7.543289462392757118e-11
6.472541735228686840e-11
2.234752606398813520e-05
5.510024327280809147e-05
1.318993364685246750e-05
6.294204249294591364e-07
-4.887206232291405522e-07
-5.685639575712855645e-07
-3.389461004641836788e-07
-1.332952809992798007e-07
6.698351504093875708e-08
1.166258093295715732e-08
1.519952823074983603e-09
3.458407274590273157e-10
-2.778275567896928613e-10
-1.064309829282403046e-11
-9.685688501564421532e-11
6.495470931409871557e-12
-7.678165875696802431e-05
-1.041311644010645490e-05
-2.780876770010959058e-06
-9.356981034880420623e-08
2.325633024234434961e-07
1.957872356753343233e-07
7.416973139446512161e-08
2.701913543171118516e-08
1.331895245288119142e-09
7.460993207695575397e-11
-2.237540933198345605e-11
9.087834944059617386e-11
2.049794698604710874e-12
2.347971629618344714e-11
-3.812283653409524662e-12
7.643889841581466625e-13
9.421374016129490896e-06
3.455780265090380004e-06
5.927103125697159337e-07
2.293582831194384539e-09
-1.046359788732946721e-07
-5.722509532184612800e-08
-1.948811593136443336e-08
-7.690861940239707853e-09
-3.823875198301591359e-09
-1.399713421032626482e-09
-2.853553901044591840e-10
-1.881461522652796589e-11
1.143061447209319005e-12
-1.137267951281579446e-11
2.508912268517268571e-13
-2.621836809831587886e-12
3.605061365985878526e-06
1.578309281667585724e-06
9.391797342640361418e-08
2.220603015536161530e-08
3.092687681706250930e-08
1.602822960111122457e-08
6.339062432634538918e-09
1.865972189627945280e-09
7.050722148463659551e-10
1.568681979686739242e-10
4.132703967848545373e-11
1.821090730375490688e-11
3.795065319662232216e-12
6.657825868194990843e-12
-2.538968834712657982e-12
3.375974984511639445e-12
-3.129125085920597839e-07
-5.768036780461465977e-07
-9.936457406481549704e-08
-1.626049196917289699e-08
-7.920136414647490535e-09
-4.138529083172937251e-09
-1.800196163670485449e-09
-6.253364280794011335e-10
-1.948187285408121529e-10
-1.547439405652317638e-11
-2.122957962399879105e-11
-4.735069501669468632e-12
-2.330739349447993712e-12
-6.578987955867175574e-13
-8.046746606378055150e-14
-1.133487786989027135e-13
9.744751293528445317e-08
2.614783282678589818e-07
4.945311967627472589e-08
7.866222331538595637e-09
2.267794582164059388e-09
1.004763243041134807e-09
4.461000017244438338e-10
1.632040121742596373e-10
3.700125755692790784e-11
3.143868079771071096e-11
9.234967057215567258e-12
1.462480041797736896e-12
6.912003608872941955e-13
1.795154933699000579e-13
5.307750349834056257e-14
2.100903473158570396e-14
2.551994796880660834e-08
5.521066174465618269e-08
-1.870519491310093898e-09
-2.208020584386488838e-09
-6.356510995221251572e-10
-2.476831033198517751e-10
-1.056180237544232620e-10
-3.936355709217239823e-11
-5.897875427607138482e-12
-4.706196688870225075e-12
-2.499676332473006135e-12
3.837389670355300469e-14
-1.298644616485909979e-13
-4.258374040251377975e-14
-1.639607073619646186e-14
2.151802647961209003e-15
-4.218025576532124091e-10
-8.501765709814619120e-09
-2.641035008793172141e-09
2.623130934725636233e-10
1.395024992729395760e-10
4.648497930512323936e-11
1.858929014454976463e-11
8.618045353813145265e-12
3.915195079639918288e-12
1.495826114862728002e-12
9.598159243152304792e-13
1.676296038568749179e-13
1.281072338074923190e-14
-5.763135758076159925e-15
-7.174146435618843909e-16
-2.605500756718121004e-15
-7.537327068249415063e-02
-3.840407016677951230e-02
-2.837812825445716440e-03
-1.540849044127706106e-04
-3.270946009987400097e-06
2.170818532092710642e-06
1.079410748045586693e-06
-2.601679511595731308e-07
-2.085652062309367515e-06
1.849668345039381735e-07
7.483013371129951248e-08
-2.386747181746468060e-08
2.169203044938881004e-09
3.295175015185055205e-09
-9.000049390549341325e-10
3.540622459183164645e-10
2.987652880778697876e-11
6.606708749062453539e-04
2.196437027322132272e-03
4.689216452170335203e-04
4.937820205079487834e-05
1.544296919006588777e-06
-4.120973825195165113e-07
7.773399744822820407e-07
4.790683427722033389e-07
-1.719551259623528405e-07
-1.756435257633778609e-07
-1.614695208290121908e-08
-2.233170978131008686e-08
-2.545409082242477788e-09
5.976610796694774817e-10
8.805003768642614850e-11
9.877291850537521338e-11
-3.122675328764205240e-11
5.447561140299916801e-05
-1.469231675546979394e-05
-5.502232153312446229e-05
-1.251573535255085581e-05
-2.171888329887883574e-07
2.818325702867744741e-07
-5.126881513935304451e-08
-2.273355333550183403e-07
9.303764451344647255e-08
-9.084667404549336017e-08
-3.837781496645660213e-09
3.159764416910551651e-09
1.505377207704167868e-09
2.028714087635095787e-10
1.501916838640699689e-10
-2.963794051735874211e-12
-2.137817027735348604e-14
3.093038103614212934e-05
8.272115528129011467e-05
1.084977051767243104e-05
2.636000122689321407e-06
2.504706598771314231e-08
-1.060267769719270902e-07
5.218421115792127140e-09
1.037412596721958795e-08
-1.276532435007835268e-08
-2.273021093314896341e-11
-3.083108546621172410e-09
-1.387088567133592792e-09
-3.867910100055899486e-10
-9.265570173533713321e-11
3.955139760040212358e-12
8.034738452190019303e-12
1.939836382025479879e-12
-2.750662172988175827e-07
-9.358173869609315274e-06
-3.414053411972657820e-06
-5.602293395100125853e-07
1.963401692683122386e-09
2.550358713644096246e-08
1.181059105292615987e-08
6.659345528094544694e-09
3.315702289599520612e-09
4.072123906168119356e-09
2.196732418045242085e-09
6.764351502162296625e-10
1.179881394926371747e-10
2.327544489721410419e-11
-1.746336998953867641e-12
8.132314992718849860e-13
-3.852847168769242721e-13
-3.006299352710075977e-07
-3.602452439791749834e-06
-1.586389682218578563e-06
-1.006918926905052866e-07
-1.452769696763080018e-08
-1.176917512060915593e-08
-7.810344837973336558e-09
-2.954093858157952643e-09
-1.244011198381543478e-09
-9.347684897541970394e-10
-3.702168247615937372e-10
-1.417124495098396783e-10
-4.382644704446114170e-11
-1.044653685061711655e-11
-1.909182001782661555e-12
-2.701160738609587864e-13
-2.139673501211846164e-13
-5.456829661335609450e-09
3.049598330363596060e-07
5.773662034524075814e-07
9.944299570617128297e-08
1.308332815732067247e-08
4.877621612947112062e-09
2.615358728433426090e-09
1.230423604983381123e-09
5.159737232872328714e-10
2.532922285085375401e-10
6.526596525357555294e-11
4.453993863403217389e-11
1.164080615308437854e-11
2.879928392297542647e-12
2.664469424390887125e-13
-1.364590833480117826e-13
-1.278231697824809095e-15
-3.625154445051261921e-09
-9.691664419363541028e-08
-2.615516973950869487e-07
-4.914876017699660867e-08
-7.150997939770057999e-09
-1.693027238448973283e-09
-7.997278845894819211e-10
-3.483646430616378265e-10
-1.578921977359148081e-10
-5.312581541117345522e-11
-4.351049578178470949e-11
-1.453942180651835578e-11
-3.016194031354406510e-12
-7.582149029684567360e-13
-7.784702057617877756e-14
2.966535224809025958e-14
1.240104529080879294e-14
-2.776869901270293115e-09
-2.597476075805461330e-08
-5.524829085915486812e-08
1.760151751977923578e-09
2.049062943359527698e-09
5.568659980815270653e-10
2.160331516015308265e-10
9.259988395352569064e-11
4.199368946883405987e-11
9.809911676761422456e-12
7.505751703772620699e-12
3.617623853184858908e-12
2.428893778212238598e-13
1.365863053693467248e-13
7.125592548612122518e-15
-7.591497694628468621e-15
-7.026399070249273061e-15
-6.584705759201030140e-12
4.643911171767839325e-10
8.524130689588071896e-09
2.731418724070333023e-09
-2.389333461166033874e-10
-1.453339190436183171e-10
-4.885115054968787969e-11
-2.035769628272184760e-11
-1.077601322939536846e-11
-5.450340496395950508e-12
-2.238662960493434488e-12
-1.087691035146415265e-12
-1.691781857881732300e-13
-6.670953094008677445e-15
1.771865706767803802e-14
9.001081597778050619e-15
2.814186530305071360e-15
