1.362044506910639330e-01
1.026916501087881572e+00
4.356905259699873911e-02
1.397749653908195167e-03
4.358372006978928292e-05
4.874281194782437618e-06
3.899961269608316127e-06
3.261275221342575083e-06
-2.610566639905236227e-06
1.567446313770977425e-06
2.881556006477682054e-06
7.390493892296370352e-07
1.147313604464042625e-07
8.256264879006812519e-09
1.859138303088348433e-10
-8.191898358357359661e-10
-4.769206727098985182e-10
-3.507785030557006301e-02
9.289042925439063014e-02
-9.848393046249044949e-03
-8.564432233464612521e-04
-4.778033433655696799e-05
-1.970361623494286534e-06
-2.883677635368394423e-06
-4.581221914506644232e-06
-1.424693051654518224e-06
1.271733886123632434e-06
3.162045642652687738e-06
5.080526153278522645e-07
4.146260506406895200e-08
-5.864115477649116859e-10
-7.161869192340894987e-10
2.790848295814498061e-10
-4.196730089263399108e-10
6.857066293046364287e-03
-8.418096762205216389e-04
1.868247330403949389e-03
4.151499221570435078e-04
4.045124230823388491e-05
1.440120138273730110e-06
1.315386391977810135e-07
2.869666634287699518e-06
-3.000854838843951555e-07
-3.530572692611811858e-07
7.027309582659575733e-07
-8.094525396230642119e-09
-9.110127528768378331e-09
-5.838647324661292566e-09
-8.137462083770490756e-10
-4.715819065555762623e-10
1.958023137179271620e-10
-4.238739376770339585e-04
-3.594649835378273392e-04
-1.435090077002336233e-04
-8.033494414239458943e-05
-1.846913135289498362e-05
-4.270535389107141799e-07
-3.534906362039838525e-07
2.935986234710742664e-07
5.165669614155338631e-08
-1.637826901995320693e-08
-1.288947470150430396e-07
-6.302868493551926646e-09
6.386360332375237012e-09
1.616785009634418077e-10
-1.060737775777690927e-10
4.682220927278606024e-11
1.124924419860957708e-10
1.297687745643657663e-04
-6.646065825585742556e-05
1.042035256191523339e-04
1.493100768799874788e-05
7.254472440957534046e-06
5.137170465383522789e-07
-2.683901271871162689e-07
3.149448877893382832e-08
-7.931558204046023544e-08
1.825030332097639742e-08
-5.505716231372583644e-08
-1.437750839428256919e-08
-4.205227781336872246e-10
-1.848575082619840536e-10
-8.680660310285394343e-11
1.178631501679477400e-11
6.190898343654696937e-11
8.217144895472813343e-06
-3.356298218539079348e-05
8.649015114552802597e-06
-5.623036877706471256e-06
-1.706500565614352493e-06
6.817246024159256129e-08
8.628758646409830374e-08
3.445685385797460609e-08
3.693710369555067832e-08
1.840649468256597088e-08
3.196190244296781148e-08
1.718826984026376551e-08
2.789028956811437687e-09
5.375498758260064619e-10
-1.617767329020586525e-11
-2.780483544312367816e-12
9.858382607807134721e-12
2.228746392146671129e-05
-1.283894630363659095e-05
3.398976682638345432e-05
-8.074020009786160248e-06
-7.707495972397868848e-07
-1.725711651019357898e-07
-9.777343179964668147e-08
-7.638335303862647569e-08
-3.173856312407310836e-08
-1.440005877692899680e-08
-7.683209310701495906e-09
-1.632465233751610768e-09
-9.920844751479496591e-10
-2.729191142457856217e-10
-2.417844673802856474e-11
1.745069678795592527e-12
-8.960922244003541392e-12
-4.059307291688795881e-06
1.100125917069336162e-05
-6.584023743350382196e-06
4.906541234316503837e-06
9.724219067819764233e-07
1.777594497235915383e-07
7.988748241916409481e-08
3.959993816220339214e-08
2.065438176327584446e-08
7.575802345135278194e-09
2.815038159383908335e-09
1.811456310711827351e-09
3.665715217657542833e-10
1.333224584631294506e-10
2.434517185449345674e-11
5.751607888550309309e-12
-1.073527554341422276e-12
1.435582415343778188e-06
-6.024898695666152174e-06
2.143749373039332998e-06
-3.701639161781035871e-06
-7.232252414382720986e-07
-1.458273440260818947e-07
-4.461991215379555742e-08
-2.010140012999178490e-08
-8.979947526283020235e-09
-3.561989467158713113e-09
-1.778331283268174795e-09
-9.909095473875042061e-10
-3.284522109471420253e-10
-6.358222065890646291e-11
-1.024018437621362481e-11
-1.758619329376446869e-12
7.377187183258773565e-13
4.572733679376626162e-07
-1.518253760312379306e-06
1.880694241155247606e-06
-1.035008829475891474e-06
9.839349772932816624e-08
7.342114399229399770e-08
2.342978866586980250e-08
8.686349986259838394e-09
3.840113777317480750e-09
1.606606463339275241e-09
1.096733871720324194e-09
2.694310238390381397e-10
2.797620562298649244e-12
1.116689792343023296e-11
1.238644998672459652e-12
-9.022935231294431520e-14
-2.045867852333108070e-13
1.768740172152351300e-08
-2.128497516854191934e-07
4.276845283194814944e-07
-3.771184762672158218e-07
8.043567441995549589e-08
-2.102390267544567021e-08
-8.808601811299140050e-09
-3.119898772508964582e-09
-1.220461202324292851e-09
-4.244504860678882134e-10
-1.898653737268028112e-10
-1.017487130219823355e-10
-1.004365895162961592e-10
-8.553431909255956500e-12
-1.787251062738046556e-12
-8.309835966498295280e-14
-1.773700767716755812e-14
1.751545909909931614e-02
-1.769865632161426311e-02
-1.324125103512741562e-03
-6.914305757860410100e-05
-2.633909540344215745e-06
-3.469426721688260144e-07
1.012878163728794514e-06
3.221598186252909407e-06
1.824172512193316915e-06
1.260732633595843589e-06
3.241534428601684426e-09
-3.437584665546740692e-08
-1.135678628345258777e-08
3.061150458776558001e-09
7.046467427593892169e-10
-1.563621083418199729e-10
3.363950478881318489e-04
1.720041349164854209e-03
3.882151376025864118e-04
3.797588396572070500e-05
-1.903255632631997746e-07
-5.564194990178405103e-07
-1.132532400984154414e-06
-9.714270116854407074e-08
-2.747397416606735730e-07
5.069823588236846244e-07
-2.821493727814599382e-08
-7.277171214446490585e-09
-1.496855683070306382e-09
-5.422296463996353691e-10
-1.296286111593613100e-10
-5.793480467301949955e-11
-2.865522056008862816e-04
-1.346451678843466656e-04
-8.224255523999676471e-05
-1.917041834973624934e-05
2.356998154603840494e-07
1.825426287324742359e-06
9.109658887028711922e-07
6.409188732156337691e-07
-1.664440088269613176e-07
-1.440115804512659525e-07
-1.710759784298673437e-08
3.315173381988327127e-09
2.305567176512139782e-09
-1.499336922632138128e-10
-7.037180932263368348e-11
-1.767171229187568388e-10
-1.711448380269195191e-05
1.101170822602255168e-04
1.491331024675177743e-05
7.008986125958109992e-06
-4.210133696434776169e-07
-8.964931308858385717e-07
-4.750222302265061564e-07
-1.210380537336414228e-07
6.623605347076665348e-09
-3.960886633220768956e-08
-8.256371319197385187e-09
1.989635446708559797e-09
-4.443316182773269785e-10
-6.986810646943402448e-11
-1.852876232972385564e-11
-8.324400516109862646e-11
-2.917940027534832783e-05
9.486573610533822746e-06
-5.987274223840985586e-06
-1.325183683213721902e-06
4.321334799235497872e-07
6.160050356368682546e-07
3.026581021170767703e-07
6.299846920661961879e-08
1.720805296924340782e-08
2.394479471111373343e-08
1.358781097107662894e-08
2.176668819538554615e-09
3.241520955126167899e-10
7.469967420520939984e-11
-2.483826276348876195e-11
2.399577604225982292e-11
-1.726235604811560720e-05
3.364634471685543895e-05
-8.003539593403983528e-06
-9.691035292993521959e-07
-3.865856168334337819e-07
-2.644365470596384503e-07
-1.230853125281999920e-07
-4.342086598505170727e-08
-1.422730513556218389e-08
-5.320341031014999923e-09
-3.629240702564653417e-10
-7.519207800211670196e-10
-2.573501810463117904e-10
-5.796041007066878321e-11
-4.677547166077112644e-13
-2.955518965065880049e-12
1.163880391735802979e-05
-6.559603246421092236e-06
4.939704469075448950e-06
1.056397089753635797e-06
2.653637441258981772e-07
1.177665294375971097e-07
5.536168711798443601e-08
2.291050578233140270e-08
6.000570223607709611e-09
1.592064731011111211e-09
1.305463868607587675e-09
2.388322299061496892e-10
1.260301146803557739e-10
2.997110981152461169e-11
8.429111815409703986e-12
-1.440658797874715074e-12
-6.233629578944114205e-06
2.123637138843846115e-06
-3.723715554204828991e-06
-7.573128030958346840e-07
-1.705872919224709862e-07
-5.909855232651941695e-08
-2.449597210446092134e-08
-9.467191120165941410e-09
-2.934866877588502552e-09
-1.295321843018948423e-09
-7.943115781753723594e-10
-2.743724606893614689e-10
-6.187643803492362614e-11
-1.392170625678552888e-11
-4.489252544269667067e-12
5.572849513993533716e-13
-1.581729488476287750e-06
1.880138179174051412e-06
-1.027732129332913064e-06
1.097799859622730299e-07
8.162336157659883401e-08
2.752750514663550604e-08
1.057175979472884432e-08
4.386250754035325404e-09
1.470328669762973979e-09
9.323620985522260178e-10
1.812383621210371356e-10
-2.764985931978775553e-11
8.536992269024539402e-12
2.851161192805269089e-12
4.900965085008127754e-13
3.527303740566490465e-14
-2.374166831518579751e-07
4.331002492977607580e-07
-3.922679382983666038e-07
7.465214825242866265e-08
-2.383060419785988822e-08
-1.207094320172500191e-08
-4.653715870225337999e-09
-1.666320942425324514e-09
-6.063684223140846428e-10
-2.387984451124290375e-10
-8.165231075114248656e-11
-5.174335978280331053e-11
-1.044541162533604227e-11
-2.303958004117804717e-12
-5.948187053058488032e-13
4.994517970024153842e-13
-1.018126847078674180e+00
-4.330882875574693092e-02
-1.390221500317662595e-03
-4.009576210545863696e-05
1.361421474003137593e-06
4.964818231712273446e-06
5.346862055788505193e-06
3.078758901782458072e-06
-1.462168991161657948e-06
-2.879426855724383446e-06
-7.478359543678556546e-07
-1.184007640053773425e-07
-1.221870883761044322e-08
-8.011098306299962694e-10
-9.028609363738037411e-10
9.634016465446261935e-10
-9.828110441048239221e-02
9.555274980022114562e-03
8.454615768445875468e-04
4.626349759012587595e-05
1.125866580911119028e-06
-8.728256048410165279e-07
-4.318953227399971834e-06
2.843486177753580340e-06
-4.804233012476713948e-07
-2.997876124961368760e-06
-4.904140957874324140e-07
-3.258641739648953363e-08
5.705381599621330150e-11
2.437994326539232892e-09
-3.584943694424403009e-10
3.731212963604980014e-10
3.433474985622839148e-03
-1.640682288719444481e-03
-4.059570636894893679e-04
-4.326625508538289264e-05
-2.788157051732280308e-06
-1.640780817512475478e-07
4.085259263370305561e-07
-1.035879046943110534e-06
4.444149123379097897e-07
-7.414954176704204507e-07
-1.416006794596391123e-08
-8.134754545712137510e-10
4.757220647269534740e-09
1.759420107379402571e-10
-5.589873941691968037e-11
-5.015182247704944934e-10
-1.613496537143200920e-04
4.457203148877543345e-05
7.435023743211058474e-05
1.911547898967569099e-05
8.746896498705364207e-07
1.648161758755948828e-07
-2.810075913006262099e-08
3.070192447544584561e-07
8.687785242663473735e-09
1.736446682644381846e-07
2.548625381722487048e-08
-5.505269092905698791e-09
-2.852130002708864670e-10
-2.098583602280268855e-10
-6.087857634039443582e-12
-2.455751626794550787e-10
1.835753583110522188e-04
-6.995003327619997121e-05
-1.259379468769672898e-05
-8.157039184884024407e-06
-5.691121054543722474e-07
2.394723296246703253e-07
-2.534419998465483090e-07
5.771974924047870812e-08
-9.510490946209367705e-09
3.144696184666109426e-08
8.490205231422160705e-09
-4.688322721767651796e-10
8.935269702386352071e-11
5.467520292834137790e-11
3.850039731994600267e-11
-1.340106279011058872e-11
-2.528046225052376589e-05
-1.925758940802262147e-05
5.092229361592210096e-06
2.217932172601302124e-06
1.461033462515834554e-07
5.669576203330814508e-08
5.328514942505005477e-08
1.805531094270217347e-08
-6.999979878574183338e-09
-1.561736485345380809e-08
-1.411114109476032706e-08
-1.991504382434455480e-09
-5.094400403900522853e-10
-2.746847589451057314e-11
-7.020080450459127214e-12
1.563006007745086687e-11
-2.816831696607460504e-05
-3.580673811492603457e-05
7.837797622040067836e-06
4.938221028580305707e-07
-2.651711094244620313e-08
-8.342896142342959282e-09
1.857521606941542728e-08
-9.572982603550193184e-09
1.129783358812635637e-10
6.561468738323043777e-10
2.010540017338350341e-10
6.420062836301779801e-10
2.546033962436565967e-10
3.892563659751207637e-11
-1.112563876210454984e-11
-2.424878423727562728e-13
1.249286844065193260e-05
1.051371016707992683e-05
-4.418761988292293827e-06
-7.867870912224746880e-07
-6.037889620839201620e-08
-1.598538237538946434e-08
-8.428886298822576946e-09
-2.500893505591335947e-09
-3.207190280522024143e-09
2.485607838759283940e-10
-1.215036923323449889e-09
-1.785352646784577949e-10
-1.156515928055262494e-10
-2.137620340402161368e-11
-5.025061802710304357e-12
8.393891771567943331e-13
-6.548125933127368327e-06
-5.587248859239262187e-06
3.217116256558878025e-06
6.052115637257834197e-07
8.675448686906085950e-08
1.363211121355721061e-08
5.650558628186799288e-09
2.517318179778003653e-09
1.715116339782673803e-09
3.514233960801784961e-10
7.126979146351204440e-10
2.406706173323138093e-10
5.683377587852678979e-11
7.745674849696901339e-12
2.897637233089664200e-12
-9.504743830883689184e-13
-1.882846298321836964e-06
-1.864463885072088716e-06
1.260103238277372910e-06
-3.244663547710892195e-08
-4.629972327082707735e-08
-1.050133477536937051e-08
-3.234976025652693381e-09
-1.642247500678619408e-09
-5.544032734808640674e-10
-3.437490674059406820e-10
-1.871920427740432325e-10
2.493416227522333650e-11
-8.007779903559585546e-12
-1.024367895874799804e-12
-2.504432233315917849e-13
6.431546625614563353e-13
-2.574987156040402318e-07
4.322497264818527259e-07
3.468465395544211316e-07
-1.051391323410947697e-07
1.136825353559283335e-08
4.611227000206362004e-09
1.485922450171137598e-09
7.426963963277419273e-10
2.696456625636636531e-10
3.104608694820279189e-11
7.424869204063644625e-11
9.361966114921476206e-11
5.876027463776919382e-12
1.033844703964688644e-12
-6.407121144639958815e-14
-1.416847398804494429e-13
6.123985435554432644e-02
2.578684743001737403e-02
-1.727828880650849122e-02
-1.309881187779647887e-03
-7.133197865229171813e-05
-4.441539698439483431e-06
5.813183582731535600e-07
7.686124310785401001e-07
6.741520579857568093e-07
1.593979312400704211e-06
1.388727437776087627e-06
1.765078910120098118e-08
-1.715932848876039109e-08
-1.125291442856332485e-08
1.566834456604441237e-09
1.835188605608717185e-10
-3.022156140344860184e-10
-6.332946902292151473e-03
-2.080819091531756811e-03
1.503435558984391341e-03
3.757780159920989273e-04
3.886893143922016085e-05
2.913871960196562990e-06
5.531709512658992377e-07
1.215820590212508774e-07
1.053685392962978544e-06
-4.081052574654940697e-07
4.870369449979054277e-07
-3.108803193407778529e-08
-4.783132888059293720e-09
3.544668427007949542e-10
-5.384045899486389018e-12
-4.598514376869985108e-10
-4.182980981845233861e-10
3.964139602149064755e-04
2.417693128808572859e-04
-3.517444120062325556e-05
-7.629405178886384511e-05
-2.151789750181553983e-05
-2.733771475301297618e-06
-8.318225248548390876e-07
-5.594365979531146944e-07
2.938622039017516559e-07
-7.240720358648782586e-08
-1.516106356074620590e-07
-1.586236545704969133e-08
2.125860140292449438e-09
2.096403816401617900e-09
-8.668818225206628018e-11
-2.591905278266018633e-11
1.912679051682387927e-11
-1.488101520438147197e-04
-1.363179662690978868e-04
7.384212258396313756e-05
1.220455450621555034e-05
8.779435630410205386e-06
1.544969772968151317e-06
4.836562558155214672e-07
1.726870059688892525e-08
-8.462866762381552533e-08
-4.171608914856019512e-08
-3.855222374710599057e-08
-8.433177573041649984e-09
2.482180074994028405e-09
8.454947355981533771e-12
7.849667336751624186e-11
-7.205467168603467553e-11
-2.371230088882243597e-11
-8.593207363138123837e-06
3.003392509064310879e-05
2.024650968495028374e-05
-5.214486143943961502e-06
-2.692825390562271335e-06
-5.553352935933840808e-07
1.092799513674374306e-07
1.236830238376660207e-07
1.444399474975654518e-08
2.318469213373735366e-08
1.742099688158393701e-08
1.229348208143576860e-08
1.621397259338108686e-09
8.148481607526353608e-11
3.461572004646722982e-11
3.147073468472912450e-11
2.187565552845133906e-13
-2.203472145225193938e-05
2.328537936770455616e-05
3.545884930497298016e-05
-7.686531305713636657e-06
-2.266477823812790258e-07
8.531896480747743470e-08
-6.072778077118907014e-08
-4.073630511576821771e-08
-8.269570592819328852e-09
-7.706111841807637693e-09
-1.701860337025270974e-09
2.623085819919438996e-10
-4.337794105755010195e-10
-1.445745162697989356e-10
-3.883924828544386442e-11
-8.835267487125593274e-12
1.424911382617232439e-12
4.179505706880108435e-06
-1.171207641160224057e-05
-1.048326276905569836e-05
4.349346548501762721e-06
7.062889348340411604e-07
5.675931556444112699e-08
2.654065212938083911e-08
1.855873558749453730e-08
8.277649340394869354e-09
4.755840568500228744e-09
-2.523695079773900814e-10
1.019322406035926271e-09
4.085639548016500226e-11
6.349176952572635980e-11
1.601556755345104799e-11
4.800244519052902933e-12
9.938765129419818350e-13
-1.458694047603659004e-06
6.308398347944159318e-06
5.578835765166739166e-06
-3.195815938750095924e-06
-5.890257978431729929e-07
-8.616565465945062655e-08
-2.099037818379266923e-08
-9.233540860910964133e-09
-4.456135738322570286e-09
-2.192838462011122376e-09
-3.156369184490519524e-10
-6.201838276502370538e-10
-1.750530055552479607e-10
-3.636258652788084760e-11
-7.178815107910748148e-12
-2.911182636222886478e-12
-5.495843589535621398e-13
-4.309055807086247916e-07
1.822675312788553317e-06
1.857337835041178840e-06
-1.264579795558659531e-06
3.102007695104941398e-08
4.849845706608095642e-08
1.249150641476521706e-08
4.968238010231703036e-09
2.644394748257018852e-09
7.514502596032501041e-10
3.482469432145885505e-10
1.345058542824842798e-10
-6.328131227074307248e-11
-1.639189739904221105e-12
3.503696680840073853e-13
4.436922870879758120e-13
-1.176396151833604725e-13
-1.029442539279420900e-08
2.391511498991406206e-07
-4.741013744585643658e-07
-3.679765196764264453e-07
1.073945854662319546e-07
-9.891197188802944769e-09
-5.914422125189230168e-09
-2.381745365440312274e-09
-9.853492872157597461e-10
-3.766975177127514290e-10
-5.588755346098181628e-12
-5.562353056220035352e-11
-3.316158197503640047e-11
-4.275625478593560399e-12
-9.659963331647821845e-13
-2.187287167747396103e-13
7.370513543950242524e-14
-1.553027626114009130e-01
-4.942290350855114284e-03
-1.477990810156710317e-04
-4.318675724144621846e-06
4.255904863889000940e-07
1.172171205904845722e-06
2.066995174267745986e-07
-4.476245001599452835e-07
-1.480765289610265693e-06
-9.548351483892482412e-07
-1.999301304296809538e-07
-7.092225589665647003e-09
-5.327827383054436901e-09
3.071436874411114334e-10
2.296427923859562739e-10
1.169105701376010485e-10
3.682802062334004228e-02
3.033176101909425618e-03
1.629651782839233189e-04
6.977288624527133501e-06
8.722827081057026205e-08
-1.379947753315410314e-06
-3.287763049372041219e-06
2.071266289241222678e-06
-1.035521264009210349e-06
-8.419958626522029486e-07
-6.105693535658892418e-08
-7.708283174916443962e-09
6.846906568082855394e-10
-3.339178341286557940e-10
1.536939652245795581e-10
-2.032422328543668953e-10
-7.166369173952053841e-03
-1.443949666536732419e-03
-1.402437941749022112e-04
-6.060195089315758943e-06
1.311743416191055133e-07
2.202865975324628807e-06
2.446129408206857434e-06
2.276015036060500824e-06
2.418766694902093395e-07
-7.261091869512455749e-08
9.629576564785306569e-09
-9.881879431365052681e-09
2.187441592099295779e-09
5.090190208458131080e-10
-2.104404213549951095e-10
6.980730105712850704e-11
3.488823923973645045e-04
3.007795981872254899e-04
6.361788754892817583e-05
4.270783742817886060e-06
-1.537087109911814454e-06
-1.346655319926404781e-06
-1.598638584748548875e-06
-4.222613906159182973e-07
3.813659825103143379e-07
5.093167750096683897e-08
7.639209574183627328e-09
-1.091138115017001040e-09
-1.154687898460784822e-09
-2.915871916398376570e-10
-2.524838716767279447e-10
1.056077733470760264e-10
-2.870441224942153172e-04
-5.874927595954787936e-05
-2.343689547052081419e-05
-1.812072089306127508e-06
9.137060656888073121e-07
8.845504618104615000e-07
6.281461767697663588e-07
7.061647239202585999e-08
-4.851468119605362778e-09
4.850008604166451518e-09
-7.447294605535220158e-10
2.384201652778227335e-09
6.913393487600228484e-12
2.124139727945535188e-10
-7.595373025138018949e-11
2.573975453380918862e-11
6.839502321645149171e-05
2.662749935858313392e-05
7.396926085937642532e-06
5.014070760096837262e-07
-8.716427234485075649e-07
-5.929166683522841541e-07
-2.005184482572021432e-07
-5.939708990120340184e-08
-3.916305026816014319e-08
-1.713808216378796250e-08
-2.896141123246746268e-09
-9.011570097934171599e-10
-1.011163628521149404e-10
-1.489355972473472589e-10
1.807855089344844607e-11
-4.752075326972194521e-11
5.680055108341608135e-05
2.451997607242459675e-05
1.310986702643457329e-06
2.604364054011749774e-07
4.821122027364606452e-07
2.953780329570469066e-07
1.038270696461442667e-07
3.323795766367680291e-08
1.624491322753421183e-08
4.587882268775135414e-09
1.505095992389462188e-09
4.787009825581897719e-10
1.806079504544316281e-10
6.065144553812517070e-11
1.275638005251809192e-11
-1.314335230396917997e-12
-9.013259662723778810e-06
-1.504003583509301234e-05
-2.549815608747874189e-06
-4.205016593071707505e-07
-2.188860012526909409e-07
-1.229851428140668995e-07
-5.194387662883491611e-08
-1.817058697624765273e-08
-5.469008094226536714e-09
-1.172008292823107462e-09
-8.018656414748116010e-10
-2.487193084317160917e-10
-1.051532553310173944e-10
-2.390623746249630058e-11
-8.388874383177110182e-12
2.891382882348791498e-12
3.651390802325736452e-06
1.083896580602373869e-05
2.128686019450107640e-06
3.543326190388018330e-07
1.101669032551777035e-07
5.035484563572613613e-08
2.296756600859594005e-08
7.922330835560217559e-09
2.056438995796653671e-09
1.429883978774288913e-09
5.095953191336922093e-10
1.435064950439858751e-10
5.105177834971304088e-11
1.416475283113644161e-11
3.010878415426783195e-12
-3.214469660449567533e-13
2.098619763155334323e-06
4.675449230359382759e-06
-1.100504531244423599e-07
-1.748641947191483221e-07
-5.345474474162930782e-08
-2.075631667706914795e-08
-9.454083729761147834e-09
-3.305252446918147851e-09
-1.039133590057442705e-09
-5.818941358394402134e-10
-1.925368577664552448e-10
-3.676068656183884296e-11
-1.324052586830575490e-11
-5.334065205354863722e-12
-9.447938910370486124e-13
-5.558853888346730640e-15
-5.635314391212975630e-08
-1.281431913999645161e-06
-4.011126840131094942e-07
3.332682384468290504e-08
1.930982974924264338e-08
6.639711856280895910e-09
2.904606358742415270e-09
1.160916504853402710e-09
6.095574505390713574e-10
2.218532888094839620e-10
1.656239144571284569e-10
2.815818884318982458e-11
3.767957358897506580e-12
2.299046595032102420e-13
-6.217158842181675580e-14
2.432489312492576756e-14
-1.298921573380547312e-01
-6.542828370563986973e-02
-4.640617992506204485e-03
-2.351195344794188903e-04
-8.509767158274071818e-06
8.857287505281623612e-07
2.842115970200397388e-06
5.778335245577623598e-07
-2.200386287151873910e-06
5.101124708570448962e-07
2.026920834022580206e-07
-6.811065424870693476e-08
-6.045051382230655343e-09
8.762116518079879230e-10
7.058644534796903974e-10
1.021031115954576682e-10
3.858267446458331360e-10
2.025033385669931189e-03
6.563505573401832820e-03
1.345603494914881767e-03
1.350907409025465448e-04
6.209873773296920710e-06
-1.056674072354881261e-07
1.478005208301406635e-06
1.073553226198629998e-06
-5.824390922149932224e-07
-5.286297607516743676e-07
-8.379561351942926055e-08
-3.351724182277826041e-08
-8.491062503688116914e-09
1.947666471228378872e-09
1.816751478157603596e-10
9.381378882086055152e-12
-7.265494014023473168e-11
1.515164414397475803e-04
-3.212444280798042867e-04
-2.995338303027290710e-04
-6.118943521150584444e-05
-3.140243572073712302e-06
2.135774114897645774e-07
-8.748476692233996361e-09
-9.170387975289813814e-07
2.962394048215227167e-07
-4.529707248490213486e-07
-2.017644355907296008e-08
7.214977424121723039e-09
7.213349766188939163e-09
7.944434666644517191e-10
3.620686595429328725e-10
5.125827134225418848e-11
-6.247021361260306507e-11
1.089003939499791557e-04
3.062684281093043027e-04
6.064450245160270784e-05
2.262287502051847678e-05
1.496643061995927389e-06
-6.190800850342943517e-07
1.428264685512918849e-07
7.854181394389811251e-08
-7.977389566111430394e-09
9.246169073539062808e-09
-1.726298124903186643e-08
-9.507793026404548168e-09
-2.579390567168382897e-09
-4.726349915881729714e-10
5.643578254793069575e-11
3.657742569503329894e-11
1.818061738043351744e-11
-1.359872592432096698e-06
-6.720844145662403432e-05
-2.587275269181551091e-05
-7.236646724040759193e-06
-3.998186970285660019e-07
1.939405465468666758e-07
7.307062682275673107e-08
5.919715878973732395e-08
1.882848158981791909e-08
4.461661412760996486e-08
2.515098906751364895e-08
6.659648329516913761e-09
1.525007899900152726e-09
1.979422547327803434e-10
2.404757195457543264e-11
-4.898416365707499013e-12
1.783264653961167373e-11
-5.098904873534454707e-06
-5.708149287445745871e-05
-2.483032667854100046e-05
-1.391262320238597776e-06
-1.310072060539856805e-07
-1.447445734376498830e-07
-1.253652665523088358e-07
-4.382279355839616538e-08
-2.245314737035066050e-08
-2.054257781245826495e-08
-8.741114486098080446e-09
-2.841362028676823223e-09
-8.903748330487018502e-10
-1.624924933886568698e-10
-2.770118445948525974e-11
-4.841304577725223870e-12
-6.496196661915430309e-12
8.857436383680635069e-08
8.940438187468805332e-06
1.509867342202874100e-05
2.558272195363434487e-06
3.237550413141830418e-07
1.211574343326579926e-07
7.387738142406760032e-08
3.396993198351551191e-08
1.525691125813169950e-08
7.241549848604205543e-09
2.705845742393774423e-09
1.350748044520264600e-09
4.044010606877672676e-10
8.923301663690142038e-11
9.311802963946349190e-12
7.094913456763109952e-13
4.441018209963920052e-13
-6.609952494613147106e-08
-3.636974233530898749e-06
-1.084795498040835702e-05
-2.115267415371623378e-06
-3.192974991119810252e-07
-7.913469789818991197e-08
-3.878478065596240051e-08
-1.784577067030955743e-08
-7.734483761790752712e-09
-2.926581743934323218e-09
-2.002933346105268540e-09
-7.370578291623837672e-10
-1.949686608222922613e-10
-4.316542945619495701e-11
-7.558186112318566642e-12
3.607016456980592722e-13
8.637143828722324143e-13
-2.044461014855594125e-07
-2.118990215472270985e-06
-4.675500846352041567e-06
1.020513238490311233e-07
1.599805341964017267e-07
4.555782233901840528e-08
1.835536248188713282e-08
8.615494451996907641e-09
3.651948759070373737e-09
1.467900664493627566e-09
8.217261143302721592e-10
2.546153164069969071e-10
4.736559747413950537e-11
1.031847026420706643e-11
1.817079396039637977e-12
-5.397198834068201112e-13
-3.503147893131786261e-13
-3.834959813896423048e-09
6.308389268116053952e-08
1.282726362476537279e-06
4.192874853686981160e-07
-2.801274929882371138e-08
-2.144966862773680564e-08
-8.235687603589763455e-09
-3.654535139049857271e-09
-1.781790554108250700e-09
-9.944392689463104376e-10
-3.975806054490210810e-10
-1.808775856927550728e-10
-3.022472950318795399e-11
-3.138476428503058729e-12
1.120103331938690411e-12
7.120978396577632608e-13
5.735303443119057513e-14
