1.367863338438959075e-01
1.026608189064740939e+00
4.373506366119993966e-02
1.418976594488252207e-03
4.511505370995968150e-05
4.422388975606246604e-06
3.979141007240372639e-06
3.084417204335691654e-06
-2.802431535893127413e-06
9.778199158006755881e-07
2.584082830600974254e-06
7.575835791670459062e-07
1.064499403983495872e-07
9.145717671750925766e-09
-1.347000135608856302e-09
2.909663157834611219e-10
-4.770450943600321662e-10
-3.314232891949041304e-02
8.753195663633416002e-02
-9.303971340551593291e-03
-8.170905536041231810e-04
-4.570700219764532631e-05
-3.276263374574210617e-06
-2.365368145491607975e-06
-4.245302763214541376e-06
-6.830548612226126691e-07
4.353056407172074247e-07
2.863332546548970393e-06
4.809539052071792886e-07
4.672501288933725378e-08
-1.479542083589101525e-09
-9.007283487960105378e-10
1.652385473043130370e-10
-2.366855412538368275e-10
6.098858368632474776e-03
-7.247572888092841323e-04
1.661095705299828109e-03
3.711587224612454636e-04
3.665405259096363259e-05
1.758367482983472974e-06
-3.762103343685403684e-08
2.727301626913816299e-06
-2.326553323965213494e-07
-1.514239270623289655e-07
6.484573423727369188e-07
-1.176611608406857905e-08
-1.110092866370417503e-08
-3.758093969661695847e-09
-3.473805424323509269e-10
-1.008459373868639906e-09
2.171768090405197844e-10
-3.349294713806545394e-04
-3.190720375832732962e-04
-1.085444568722503279e-04
-6.621037093710541795e-05
-1.565387477503411154e-05
-4.429803296167121314e-07
-1.602460875352888923e-07
3.938987647351148709e-07
7.786327368878917818e-08
1.242972450804399197e-07
-1.493360652162543461e-07
-1.365821813103532588e-08
4.606564806988543500e-09
-1.180547424870051248e-10
-2.478653850755916008e-10
3.635428711471247239e-11
7.928804682911894685e-12
1.326372623696063307e-04
-8.213347288104570331e-05
1.030732467095575350e-04
1.323600714550057103e-05
5.757712362693070843e-06
4.789073634543495397e-07
-1.317111063872962278e-07
-3.989288664660629934e-08
-5.144639014798528650e-08
3.192045260779147819e-08
-4.685203633273125717e-08
-6.231180331614108554e-09
3.822155931280901409e-10
-5.917946127410161186e-12
-1.590767708212780243e-10
2.869706523083408536e-11
4.213344829275351433e-11
7.687187473177967175e-06
-3.138126708245291821e-05
8.924404593941218444e-06
-5.305748452232103839e-06
-1.335299707468676295e-06
5.054801639239572433e-08
7.191708530739147131e-08
5.395976134572389707e-08
3.993744473496390212e-08
-1.155965953224005550e-09
2.106588509091711973e-08
1.354022699135411174e-08
2.002767344954791440e-09
3.196374650856493546e-10
2.194164553136817571e-11
-1.015633242536928968e-12
9.969603264541493580e-12
1.816818870317490824e-05
-1.012747817675541919e-05
2.782848089610610420e-05
-6.605708379636284511e-06
-5.425907222494559827e-07
-1.175793719901497444e-07
-7.974840803167637682e-08
-5.782542895204375176e-08
-2.706482061112680698e-08
-9.308324861965777879e-09
-4.920411545795456712e-09
-4.450589876243377566e-10
-6.522515776775123835e-10
-1.520200142780584468e-10
-2.460940656195387569e-11
4.096721181340251152e-13
-6.903403417843130959e-12
-3.053245018795761494e-06
8.365427502712404270e-06
-4.941977860611844951e-06
3.739071221533151355e-06
7.086563606954520324e-07
1.196771172248488608e-07
5.774720063572771270e-08
2.823596635482696668e-08
1.438048378873368170e-08
4.274617170019831115e-09
2.112638899280256828e-09
1.169770354419226580e-09
1.639683732388499929e-10
6.226811702343325180e-11
1.923562944571243065e-11
4.467730005896258100e-12
4.739780628050604720e-13
1.041250243738771884e-06
-4.269143001347957692e-06
1.586494266636939690e-06
-2.631529173260910259e-06
-5.098676687243245647e-07
-9.788242552360677937e-08
-2.877665348327714822e-08
-1.331625664393150840e-08
-6.002534363047404862e-09
-2.161282430698307605e-09
-9.365477364030250625e-10
-7.479836948930082772e-10
-2.201820666151592285e-10
-2.773085058456780251e-11
-8.310051083274266192e-12
-1.015866119501968138e-12
6.236895249501448688e-15
2.904018058502886667e-07
-9.688649596812105751e-07
1.219481017807221123e-06
-6.600673764684763120e-07
6.570314764560825430e-08
4.713163409714335387e-08
1.462958026023894123e-08
5.578788259724397512e-09
2.218833246308725625e-09
9.878177867179358083e-10
6.439957744052958585e-10
1.825758593012918771e-10
1.398548900128439202e-11
4.695080971397430907e-12
7.998578442381737388e-13
1.626290741162375940e-13
-6.421152123406088313e-14
1.176316057832008328e-08
-1.275251826568591189e-07
2.603823396505865985e-07
-2.321814868188189108e-07
4.912771381115864629e-08
-1.252323756359307505e-08
-5.220054155372616310e-09
-1.751473007582758137e-09
-6.391201980915504213e-10
-2.308485597875395179e-10
-1.159902194858806787e-10
-4.352675934666270977e-11
-6.309313411014269007e-11
-5.425261665283054420e-12
-1.217131016241455509e-12
-1.757726186203584367e-13
2.988782740477554228e-14
1.648590849544431108e-02
-1.672545377830419316e-02
-1.260534344459099485e-03
-6.694967028726494076e-05
-2.216030767285850698e-06
8.158991877303833905e-07
5.483887359803458940e-07
2.481467576697756089e-06
1.087729412661770481e-06
1.142712984224140553e-06
8.384392365606078465e-08
-4.881915241275737254e-08
-4.090987108150827714e-09
7.065670801496872147e-10
1.203729215557191814e-09
-1.508699754785894965e-10
3.128216877999816475e-04
1.528653855754119953e-03
3.468240862398303524e-04
3.461435572324774416e-05
-5.856755928999781034e-08
-5.027946180941664931e-07
-1.119375387931383245e-06
-6.976081858471943517e-07
-5.332438010495827806e-08
4.682452939312281273e-07
-2.169520051908605718e-08
-1.083972645834789461e-08
-3.199409901387373676e-10
-7.509292309548503501e-10
4.360435968597645580e-10
-2.612845247854608817e-10
-2.454654970801204415e-04
-1.002082121281369962e-04
-6.724895232588284292e-05
-1.604783943605215374e-05
6.451241582231868728e-07
1.615250826498557816e-06
6.335997229510120713e-07
3.850277114753204352e-07
4.356669034651089793e-09
-1.556077116126936161e-07
-3.173271373206047504e-08
4.487190509933467473e-09
8.845234173114344967e-10
8.347141441417203310e-11
-5.630304792466202210e-11
-1.401994641105887152e-10
-2.728530519329441085e-05
1.082455931033659175e-04
1.364821303770655910e-05
5.546184874876524433e-06
-4.491236925274040454e-07
-7.637290785058846185e-07
-5.699123881586358039e-07
-7.565246563923452402e-08
9.480439334268448936e-09
-3.559283014200267666e-08
-2.787261381508060990e-10
2.037562010424694588e-09
8.620760617019588107e-12
-1.359553900503058965e-11
-9.965617919161546417e-11
-3.096226454973817713e-11
-2.726828128028566456e-05
9.741715576655049551e-06
-5.436756181557635198e-06
-1.022215273085367113e-06
3.196621956536886905e-07
5.245972726587563461e-07
2.455618136776981393e-07
5.989217267767930378e-08
-2.796273707651489573e-09
1.468910486604866167e-08
1.135437121903016631e-08
1.362985786177414887e-09
1.974181372796788954e-10
6.396558304506537116e-11
-1.517795162519237977e-11
1.734921209683693015e-11
-1.389166310402635237e-05
2.758589631319516750e-05
-6.594662852129195469e-06
-7.248438408789853898e-07
-2.665771483081328246e-07
-2.090819850124551605e-07
-8.516084350305910461e-08
-3.526019893884102497e-08
-9.283369292041470076e-09
-3.075354833355042851e-09
4.194326774744699531e-10
-4.206280765980397697e-10
-1.272125352355722131e-10
-5.929468858483716712e-11
1.323268005330086761e-11
-1.467624987992826022e-11
8.880380432044485204e-06
-4.913482710409362354e-06
3.762259002174634160e-06
7.784260413648655316e-07
1.813865884294195745e-07
8.191919097272666261e-08
3.879412818210429917e-08
1.609817702332508687e-08
3.287108665136976543e-09
1.282621600893627985e-09
8.204061280765810028e-10
7.448251275299733644e-11
4.852221498532332465e-11
2.118940706026531644e-11
5.002029095817064498e-12
-1.812142783437227685e-13
-4.437533692663736822e-06
1.566593369263968229e-06
-2.645890706778151703e-06
-5.334798515167542858e-07
-1.146916786169565796e-07
-3.893065061781193569e-08
-1.644029973179157004e-08
-6.375873800012662273e-09
-1.758574812081675058e-09
-6.483442544191555197e-10
-6.120549465789774387e-10
-1.827205649563881688e-10
-2.239421944942027963e-11
-9.597426455786290147e-12
-2.374362236102995819e-12
-1.696348850358555612e-13
-1.008041195634702288e-06
1.221048231334394612e-06
-6.556054107284502983e-07
7.269504868028320125e-08
5.230520360006871181e-08
1.693876867300852857e-08
6.673809349684186096e-09
2.544445716051643802e-09
9.005103175626726247e-10
5.463317301669488991e-10
1.310975315618667944e-10
-7.182274360364154575e-12
1.756029027603914468e-12
1.344097992385239787e-12
3.348116484078558507e-13
2.476563724431251059e-13
-1.435013399252771339e-07
2.628821967616348811e-07
-2.410803464136252165e-07
4.578950277049344390e-08
-1.397746392520069991e-08
-7.051119158672007361e-09
-2.613481974109883521e-09
-8.499102914753071909e-10
-3.018591809572446279e-10
-1.640191639638338298e-10
-3.377801329356848218e-11
-3.163963584469007713e-11
-5.999501812462642646e-12
-1.496565984687883246e-12
-2.713268805696316607e-13
1.914874154947199092e-13
-1.017687055197351143e+00
-4.346556992305442707e-02
-1.410386130219934897e-03
-4.173664546840373030e-05
2.260630696425292249e-06
4.860485394591636046e-06
4.515740493904843850e-06
3.163393355219544375e-06
-9.852277650142387636e-07
-2.554533139674197459e-06
-7.652511953015858630e-07
-1.082444701972709532e-07
-1.545002184754749607e-08
1.875736571908274447e-09
-1.917873167507814802e-09
1.029333826524160495e-09
-9.266939315533614940e-02
9.023042789905417332e-03
8.061855421624359924e-04
4.464418252273140718e-05
1.539346143444323852e-06
-1.147068216086200109e-06
-3.794400671865775710e-06
2.491514708819345326e-06
1.472833494330877654e-07
-2.727428616957917998e-06
-4.540973554036356677e-07
-4.065918507685752275e-08
1.071776686756320141e-09
2.404187044086196327e-09
-2.752471467137599333e-10
3.773243857600521531e-10
3.044144102771061122e-03
-1.456325503526890823e-03
-3.630430950523220383e-04
-3.924481651729624595e-05
-1.589787562329542186e-06
1.062976653913611234e-07
4.691731004622838818e-07
-1.341569999432387779e-06
3.081013993196350877e-07
-6.923250592758196326e-07
-1.040159372853535278e-08
1.353172189824090765e-09
4.379364826362405294e-09
-5.836017430060548176e-10
5.251184254301362519e-10
-2.629694878970336295e-10
-1.121764528847499567e-04
2.490729986969148022e-05
6.184665812634746330e-05
1.675266543466008039e-05
1.393500756261237051e-07
-1.826286083870107510e-07
-1.876708134771600596e-08
3.579685602950634899e-07
-1.724158650321935123e-07
1.968451462589775049e-07
2.763312397092279474e-08
-3.897988440427762575e-09
-1.133373277126657750e-10
-3.157294049080219269e-11
1.023328323279580330e-12
-1.578543667743881135e-10
1.874250878324134771e-04
-7.498503209979665821e-05
-1.155295323036102591e-05
-6.628860588037787771e-06
-4.304299124394439442e-07
1.072088758258537757e-07
-2.735547101911492340e-07
2.199197174412624945e-08
-1.863365884532658794e-09
2.524432261001879953e-08
2.513198835188208247e-09
-9.135261987475324128e-10
-8.392558255740053835e-11
1.220657083618364351e-10
2.887999672238365222e-11
-2.428577860828905448e-11
-2.299291701189851359e-05
-1.750327407167470267e-05
4.862368071832031286e-06
1.696858941133976722e-06
1.326456740472807082e-07
5.189943016013831372e-08
4.479373282701136269e-08
5.124531600938141078e-09
2.078481125509404693e-09
-7.496511363653074074e-09
-1.168387181822813026e-08
-1.405070229266826788e-09
-3.349393806819686034e-10
-4.402294796621929684e-11
-1.947311815677793114e-11
6.300299767210323440e-12
-2.290251202896236295e-05
-2.924225067626742499e-05
6.465386772694311051e-06
3.742141159106607506e-07
-3.477771876320376893e-08
-3.171362103059368796e-09
1.178105552901611208e-08
-4.568630718985242610e-09
3.409678275756890965e-10
-7.260064081780956078e-10
-3.776223774573277972e-10
4.210485896214108426e-10
1.686977213448603014e-10
2.430557668515593415e-11
1.026164401097418355e-11
-4.686464788388245507e-12
9.535691490457431113e-06
7.923603737679938059e-06
-3.400618632163816523e-06
-5.888989213997905408e-07
-3.715057825723432146e-08
-1.208795423884361482e-08
-6.553118080891832158e-09
-1.325258858365810939e-09
-2.406538970017166900e-09
7.665621209711116640e-11
-8.399339015448930902e-10
-5.555352214824548912e-11
-5.592246398839467527e-11
-1.505986577326703896e-11
-7.577386799759825259e-12
1.542992862098449562e-12
-4.696462255009052065e-06
-4.049972133630470131e-06
2.299088931597565137e-06
4.339567708249483487e-07
5.864117776074148128e-08
8.234050182456480840e-09
3.853013521444870787e-09
1.471742681476417794e-09
1.534080114388571806e-09
2.436429028265255757e-11
5.877795824172682512e-10
1.757425921986562151e-10
2.334833402842712483e-11
7.997956880946390382e-12
1.484455284558146312e-12
-1.873040605021081443e-13
-1.203432356979654636e-06
-1.192390835960578465e-06
8.071217837458930838e-07
-2.456315116133331806e-08
-3.031589721160920058e-08
-6.744378166031070939e-09
-2.098381907566147580e-09
-9.732566057849123873e-10
-4.599588111726918916e-10
-1.493362252916435761e-10
-1.494228941053272237e-10
6.013530744673488134e-13
-4.231587546628481238e-12
-1.082378980815163608e-12
-3.824368968702734081e-13
1.900617640046726924e-13
-1.563694561273336443e-07
2.628652868055213152e-07
2.138531718100159275e-07
-6.395930545237017961e-08
6.974757026758590425e-09
2.874887062915802063e-09
7.641210834857765281e-10
4.887438481347232249e-10
2.007513832739225999e-10
-8.515149149837759141e-12
3.422397114091466728e-11
6.019271892514330844e-11
4.007382312391550439e-12
8.546433587574502010e-13
1.019854193061271306e-13
-2.718460409935254563e-14
5.787769119673399909e-02
2.435551155165950610e-02
-1.632282434052646780e-02
-1.247597158122689450e-03
-6.904124345172911827e-05
-3.854469869333629310e-06
1.316449443818942056e-06
1.631771664175119358e-07
-2.105265481575851772e-07
1.217334871216149835e-06
1.155855689741754277e-06
1.191584786690833829e-07
-3.809797548656301199e-08
-2.738725479104543319e-09
-1.340630734768328029e-09
1.231304939545119072e-09
-3.914623872278292441e-10
-5.629176618679385125e-03
-1.849951717825004801e-03
1.331992810435735607e-03
3.362821540115444336e-04
3.627462904474465700e-05
2.850064244578564513e-06
7.542070346667374475e-07
-8.813229411845897949e-07
5.584145583236703466e-07
-1.845946962413046802e-07
4.488419490160124865e-07
-2.066029396898825979e-08
-9.766092241599894878e-09
2.521267524473438698e-09
-1.015567867298119853e-09
4.597446609623097507e-10
-6.474696295049453741e-10
3.104990167233731709e-04
1.914666849135644483e-04
-1.558030565199241090e-05
-6.281438704151202489e-05
-1.837806959301749164e-05
-2.223261147929311341e-06
-7.437282223536299678e-07
-3.559542239941601091e-07
-4.269941611002067044e-08
9.173705084521941553e-08
-1.590741506675604569e-07
-3.132061722218476243e-08
3.992814434987006228e-09
6.943144803170875441e-10
2.397676699523142287e-10
-9.109513621392945429e-11
2.999255874111809978e-11
-1.509951076639110305e-04
-1.355184045325896628e-04
7.885946718089589596e-05
1.150893562993654104e-05
7.141919860960580055e-06
1.403601452200519560e-06
2.451627265851253787e-07
-9.948267727432184834e-08
-2.005825789274448568e-08
-5.331280729689059048e-08
-3.140453209862627175e-08
-1.697826891753012356e-09
2.474991081949471355e-09
1.394036591673356947e-10
1.652856859226633783e-10
-1.207158984220996892e-10
-2.590917655768141455e-11
-8.459861129412151850e-06
2.734603570623812566e-05
1.870372084982323290e-05
-4.805535888222075670e-06
-2.261774197473181391e-06
-5.100373744436709176e-07
1.681097763555847978e-07
8.054511488100933223e-08
1.819540258902483306e-08
1.110494078392658715e-08
7.901919033458548399e-09
1.107699554492815028e-08
1.018560572832030363e-09
4.237430591125279609e-11
3.676354399951378720e-11
3.204688121946795860e-11
1.404560921539562966e-12
-1.793528927995876571e-05
1.889457252123900735e-05
2.885899851132439536e-05
-6.401824080224586079e-06
-1.056772224603386488e-07
7.667879729744228922e-08
-6.044045442905038773e-08
-2.192490928502311282e-08
-7.894177507337169539e-09
-5.888760501563360186e-09
1.237745822838796473e-10
6.209327063068177744e-10
-2.557326399274226859e-10
-7.634463561704337677e-11
-4.173761935814065928e-11
-1.069091995465714501e-11
3.343777976586786625e-12
3.128207254032967180e-06
-8.932311807461513697e-06
-7.861482146204427443e-06
3.358778180045497924e-06
5.215346600339743346e-07
3.836616691372230052e-08
1.775129711610025173e-08
1.316593593886640092e-08
5.477576414611405308e-09
3.431138025226894809e-09
-3.584873274181134293e-11
7.053869088992172698e-10
-2.390899376641255949e-11
1.620149102167972615e-11
1.296650251974975982e-11
2.924181051788112823e-12
1.028386195523762250e-12
-1.048887502481498852e-06
4.506726014049842922e-06
4.033388310743104914e-06
-2.285549315340969968e-06
-4.218295128896669107e-07
-5.977562399484873402e-08
-1.340963703559890126e-08
-6.396950754203107509e-09
-2.802891833357325215e-09
-1.800897600676470492e-09
-3.307134054827248684e-11
-5.251032197938561989e-10
-1.376596664373107126e-10
-9.850295508977164572e-12
-6.287619107545527519e-12
-1.292930556627260137e-12
-7.524008214930124711e-13
-2.748698475050060193e-07
1.168019573114523552e-06
1.189861761857221613e-06
-8.107031596439921067e-07
2.375443315328347401e-08
3.199986884712313603e-08
7.599816858018112058e-09
3.159642333148389926e-09
1.574551386814001679e-09
5.805560515178738301e-10
1.516927679862317759e-10
1.271348394286448510e-10
-2.345125497889009341e-11
-1.403270287395332473e-12
1.858411096850513941e-13
3.742288731872882325e-13
-4.928519087532758820e-14
-7.039196605455502642e-09
1.439932041359061815e-07
-2.870636045456991515e-07
-2.261587976978818655e-07
6.510361483166706935e-08
-6.094830904123488748e-09
-3.655053486479658842e-09
-1.319599433106612259e-09
-6.271817383075145331e-10
-2.689593328963777054e-10
1.991931485964713066e-11
-3.401603801311646381e-11
-2.421568286735597358e-11
-3.271683306647823933e-12
-8.464067150994105773e-13
-1.907204552718639542e-13
1.008777356434923367e-13
-1.559056516820052918e-01
-5.019105669081790240e-03
-1.518824605074932973e-04
-4.432364504762555915e-06
1.995851474074921727e-07
1.659171575122049026e-06
5.918810020557227095e-07
-4.196192731927187936e-07
-9.053431770899418389e-07
-1.087515795534826959e-06
-1.377925818675734273e-07
-2.548189224448533479e-08
-6.084918518846093321e-10
-6.319314666693245296e-10
4.035631814560367122e-10
7.641815164952804542e-11
3.481710847567841272e-02
2.887745306259426829e-03
1.579004441497482191e-04
6.486363101482591239e-06
-1.276991745832468883e-06
-4.553752340770197677e-07
-3.044546679248273674e-06
2.346887403716177020e-06
-9.636264576710958587e-07
-7.923375637289165458e-07
-4.706220254961950919e-08
-1.226944371323430386e-08
2.045386092174227139e-09
-1.380858581748282216e-09
6.664246798757448814e-10
-2.139691962944924669e-10
-6.368530604546578447e-03
-1.291579971841697993e-03
-1.277857244870323752e-04
-5.444564244575134346e-06
7.802859496256265057e-07
2.338786940004048405e-06
2.671244805601128002e-06
1.367273468342654600e-06
3.332473139829986131e-07
-4.076240605521923096e-08
-1.744339913681639467e-09
-3.608568392431641901e-09
-1.554008698628637158e-10
9.415228709453988217e-10
-2.874524181564259672e-10
1.571279473212629543e-10
2.536656485540992917e-04
2.490128806253149728e-04
5.443261713648726830e-05
3.322600382516220070e-06
-1.372472537166591898e-06
-1.296410883405218206e-06
-1.318902595051973705e-06
-5.018037422337145238e-07
3.215369546514343730e-07
7.189061746149354522e-08
1.524538307211722127e-09
6.724562366913792650e-10
-1.473460310948033491e-09
3.603085627155907988e-10
-4.540817901826876042e-10
1.102936864773204459e-10
-3.001735062645993486e-04
-5.320332171858436842e-05
-1.885765915550069224e-05
-1.463856131281845211e-06
8.831699683476737552e-07
9.574141923962324384e-07
3.820048385180289192e-07
1.594865978618069733e-07
-6.425608193506793852e-10
-1.306917823058787511e-08
1.275074989672160531e-09
5.653626304957371276e-10
9.149441765875384045e-11
1.105001226524849647e-10
-2.037058804190060774e-11
1.283005213216211047e-12
6.294654134081857004e-05
2.440185548114232511e-05
6.053614829098110399e-06
4.931134559603025200e-07
-8.291374840149850224e-07
-4.920179220859163656e-07
-1.505411248994747399e-07
-5.414061529547955688e-08
-3.125999954488149142e-08
-1.085192023448503024e-08
-2.992723167130465620e-09
-1.655527493187505755e-10
9.908478426077872180e-12
-1.385146188353683163e-10
2.163390760203261630e-11
-2.495154772177113536e-11
4.664588290278166497e-05
2.019160176883395179e-05
9.187283112893774603e-07
1.390857133337387336e-07
4.020058909271321990e-07
2.056892843230509886e-07
8.332082112936970575e-08
2.370053722747037663e-08
9.261244402225793638e-09
2.552975214019760671e-09
1.219575729131490802e-09
2.245111919598009854e-10
9.761745054352397526e-11
5.964303634132267200e-11
-1.202804469302286886e-11
1.885664359699499619e-11
-6.807081331530523577e-06
-1.158665254951474625e-05
-1.907084985348740808e-06
-2.868431395802060787e-07
-1.558553115171835523e-07
-8.363769792914337844e-08
-3.716268750107334092e-08
-1.267789144125766417e-08
-4.004276642882679431e-09
-1.515061532504837291e-10
-5.470604245665006992e-10
-9.427588610821357698e-11
-6.270794393480964850e-11
-1.334093030902533854e-11
-3.458339557548853225e-12
-7.665032957103983602e-13
2.650658024739192602e-06
7.754657498174836322e-06
1.517295238649717838e-06
2.413151486569251586e-07
7.176337722926829697e-08
3.290647307483688179e-08
1.529612652661176920e-08
5.280896476512365691e-09
1.128386265910202535e-09
9.246068045624073008e-10
3.648543143277135343e-10
4.586720285987385940e-11
2.882210178418313253e-11
6.596315916446946386e-12
1.840882138386142424e-12
3.018095739233324053e-13
1.365238831524712144e-06
3.008008428132948930e-06
-8.328467697945321798e-08
-1.140007197640823648e-07
-3.325297082689720434e-08
-1.310333567706053899e-08
-5.713618390079240622e-09
-2.179611418670804096e-09
-3.853983331520884993e-10
-3.130273390575278258e-10
-1.840534315624016981e-10
-7.464576437681875579e-13
-7.522231433551187955e-12
-2.016320481682660808e-12
-8.149830846621412196e-13
9.841720509804659122e-14
-3.768686393169178391e-08
-7.809619754365412371e-07
-2.434127991163118869e-07
2.092048535680784509e-08
1.160260038338025379e-08
3.848774609265845151e-09
1.616663025070591605e-09
7.171410182075286274e-10
2.942500222325584347e-10
1.104114618409971460e-10
1.078613064646263491e-10
1.514110225074050786e-11
1.818682123484908137e-12
-2.145886515190867267e-14
1.773443552211412229e-15
-4.292839126101210456e-14
-1.225281906599950815e-01
-6.183884964992338029e-02
-4.416562724727166045e-03
-2.263866079579080533e-04
-7.457258009988002296e-06
4.922652725629046936e-07
1.398851136522254523e-06
5.730648668213547136e-07
-2.528667418358462439e-06
8.126276991961807277e-07
1.106171345051298982e-07
-4.672860002621961301e-08
-4.606134115482904241e-09
4.531621187464957608e-09
-2.618334224124652347e-09
7.795888866936374042e-10
3.187660969947106361e-10
1.785378912081894394e-03
5.828243258249610377e-03
1.203577143867875674e-03
1.223332814654367012e-04
5.490569809978764847e-06
-1.689213687675878403e-07
1.854163587996282604e-06
8.178460823016223011e-07
-3.557466034285201669e-07
-6.079901118210726173e-07
-7.507622987870421087e-09
-5.131385698614057843e-08
-5.086943760772730220e-09
1.530358120420627108e-09
2.642670136272843624e-10
1.353560134060547368e-11
-7.119144188248150098e-11
1.436104421839521218e-04
-2.301265703427390593e-04
-2.487512015128737338e-04
-5.247438451375758487e-05
-2.200499837265726605e-06
7.082962265314232079e-07
-8.304490724380950391e-09
-9.269210556402782465e-07
4.493082395013809392e-07
-4.135898059875491690e-07
-4.125794751704954840e-08
1.020736024988790366e-08
4.982489817554247632e-09
2.079940591055221070e-10
6.523707590095939739e-10
5.793941253768890904e-13
-1.968238558281330409e-11
1.153445384987384243e-04
3.210486725934880593e-04
5.453363040044523197e-05
1.835805403641700635e-05
1.192191744710587702e-06
-4.468210113032912523e-07
8.705047252258521572e-08
7.399630295835326632e-08
-1.087458652625113126e-07
9.576420822228784224e-09
-3.754060090233662339e-09
-7.287552402802921426e-09
-1.411917237211558573e-09
-3.422499073989742433e-10
2.825304579634755155e-11
5.585889454625153886e-11
6.073048286551940025e-12
-7.063763411572653958e-07
-6.200264954344949727e-05
-2.398494389049922118e-05
-5.745238898428702783e-06
-3.666806822932897480e-07
9.898043907537768156e-08
6.747822356439323854e-08
6.062059563632235514e-08
1.835602791292570261e-08
3.498581316401623360e-08
1.719501149436696767e-08
5.857924809181821692e-09
6.888689066408359978e-10
1.777091749254845410e-10
-1.298508755825193577e-11
1.366728633785477720e-11
-5.513516507869876841e-12
-4.123302398670488828e-06
-4.679019364863456018e-05
-2.032450483342821161e-05
-1.043062359043442154e-06
-6.175119474047972015e-08
-9.933049882283105535e-08
-9.289767888134169818e-08
-3.931681960564967271e-08
-1.532308183851373502e-08
-1.269361840710064262e-08
-5.191164773948188528e-09
-2.323341382260838788e-09
-4.855460348858071591e-10
-1.240165133053844568e-10
-1.705391944611115998e-11
-1.042738370535376986e-11
-1.112639572891861698e-12
1.926900557365926106e-08
6.700800915799726480e-06
1.161383037547128686e-05
1.919717111271644673e-06
2.203129994422941801e-07
8.433633707085153977e-08
5.180640874509219308e-08
2.448880126698658281e-08
1.054396012566326246e-08
5.295045600250474502e-09
1.102382589455431879e-09
9.468806110272474473e-10
2.058543645604206593e-10
5.766031871941837919e-11
8.499980466952736826e-12
-4.784240250100661137e-13
1.174052586565263199e-12
-4.798535736695903870e-08
-2.627166378073750129e-06
-7.760031136080020582e-06
-1.509139460404556355e-06
-2.167055254960503724e-07
-5.082050638009236041e-08
-2.586247718770152182e-08
-1.177099352580207567e-08
-5.157780320381982625e-09
-1.651980904191354764e-09
-1.288900034272363560e-09
-5.109509144051842656e-10
-8.441485958279099507e-11
-2.713181231650019839e-11
-4.424453956207632698e-12
2.489914052970943323e-13
1.768178387793809386e-13
-1.388613747293003921e-07
-1.384239373676757740e-06
-3.007491316401302878e-06
7.802670685417787538e-08
1.042502256389125244e-07
2.846184545656476166e-08
1.143263277418779353e-08
5.115700968600999774e-09
2.372656707977053277e-09
6.077713089280171515e-10
4.698820432001046646e-10
2.206287882232398816e-10
8.066656225915166016e-12
7.789520729468206847e-12
4.896265593187864916e-13
-4.467854881270003702e-14
-3.159578904595351935e-13
-1.337881925701282616e-09
4.180023791300368800e-08
7.819120111667083999e-07
2.545749210403913943e-07
-1.818295889094690514e-08
-1.293442694509721596e-08
-4.578647602845909276e-09
-2.017602109398384336e-09
-1.022116280333193681e-09
-4.942153683668339629e-10
-1.907629440513296223e-10
-1.185814669683700023e-10
-1.336389648577610110e-11
-2.788049639434768801e-12
6.147140003711656947e-13
4.374884100022020532e-13
6.444822229019784221e-14
