1.376582001425486756e-01
1.026152466965988053e+00
4.398793722600893158e-02
1.452832426789324623e-03
4.737268746287187990e-05
4.614055971776007601e-06
4.498277118046240367e-06
2.971957639123916530e-06
-2.590272932986280149e-06
1.010911618222622001e-06
2.416784419531024657e-06
7.254362400581139069e-07
1.033934189426577382e-07
8.529890556848625306e-09
-1.159015859463206269e-09
2.071507118419718493e-10
-4.985226244928890263e-10
-2.996977909821632591e-02
7.884360324894061633e-02
-8.412998633923350969e-03
-7.480084836213841352e-04
-4.250051332265693987e-05
-3.053306229342602058e-06
-1.944516304588699794e-06
-3.981685785027630987e-06
-6.543367044289559899e-07
4.168929892459228469e-07
2.457743143000894575e-06
4.304745769719761226e-07
4.340411386372516982e-08
-2.388722378392053794e-09
-6.114655871285774986e-10
2.067452972347717483e-10
-2.270436851697768301e-10
4.969371710277720525e-03
-5.734772686002495437e-04
1.356064346800637827e-03
3.052532718636288443e-04
3.062061029108900168e-05
1.168843087596920269e-06
2.036169039008978717e-07
2.235612545861279948e-06
-6.265867979976233376e-08
-1.246565796178360331e-07
5.227587603162564854e-07
-7.060526518698820521e-09
-9.006589115552430405e-09
-2.972816317986012308e-09
-3.294441854958352016e-10
-7.210940118991567609e-10
1.816709332421975723e-10
-2.358363431080714512e-04
-2.492924863765103266e-04
-7.445124407091000354e-05
-4.788679937753911962e-05
-1.165718011595741906e-05
-2.095850919570956867e-07
-8.611855194254252046e-08
2.446728986842020968e-07
3.112860397212488671e-08
9.148073972100446673e-08
-9.534920299687302985e-08
-5.551731374117944062e-09
3.509217692521111526e-09
1.419947121943392074e-10
-1.410954469970377867e-10
2.875648704115352216e-11
1.651105280388746455e-11
1.006840394938411133e-04
-6.640344557132532718e-05
7.705762186960912958e-05
9.519862663275921710e-06
3.756513968487633275e-06
2.969623181997556985e-07
-1.164012179718665232e-07
-3.535447795869187106e-08
-3.528014154493983532e-08
1.857859318853253030e-08
-3.384304136689722185e-08
-5.334620265176003118e-09
7.197895669794710756e-11
-4.030187265490759081e-11
-1.052255096559253587e-10
2.066648340815473800e-11
2.494534706456885671e-11
4.922532170310976610e-06
-2.095855495800983559e-05
6.099288617343164271e-06
-3.554899644929234134e-06
-7.831251807039628728e-07
4.393613875885122054e-08
5.626564456787045038e-08
3.867422390975520862e-08
2.448182312899276846e-08
7.090259128123860207e-10
1.325461336444445805e-08
8.566230866981091908e-09
1.326921267584507165e-09
2.364910824731998557e-10
2.040978684862750240e-11
2.860565934884037148e-12
7.228076428241320953e-12
1.055820298778757707e-05
-5.777539214247627865e-06
1.612451536708210618e-05
-3.851606840801114374e-06
-3.369039579744887609e-07
-7.639213054075625781e-08
-4.996375477551910457e-08
-3.479282511430308580e-08
-1.614662460987495995e-08
-5.905001406906766426e-09
-3.033853993404895445e-09
-2.921078193053075055e-10
-3.979546697373849162e-10
-9.934082286733975220e-11
-1.594009883879664887e-11
6.608056507974204894e-13
-3.824393968481792839e-12
-1.606815616965492321e-06
4.394952725650726910e-06
-2.569220758092624770e-06
1.982485390569244911e-06
3.819603849191416863e-07
6.654114781311632260e-08
3.131220269209660639e-08
1.538156676451632994e-08
7.823492890980596239e-09
2.418014318968097376e-09
1.178506162763575016e-09
6.530543004546097375e-10
1.006835534049544090e-10
3.731591823348981848e-11
1.104188295318780331e-11
2.232420954980508627e-12
1.614463892989096421e-13
5.210435842354775846e-07
-2.076504080129482031e-06
8.250339748631474707e-07
-1.292778603746191267e-06
-2.488365822918880689e-07
-4.799672260428633463e-08
-1.414055879553349337e-08
-6.553790021695197535e-09
-2.946842646976407686e-09
-1.098686497139356302e-09
-4.826680171220723014e-10
-3.682342403507905953e-10
-1.087054423133951054e-10
-1.511037353413373315e-11
-4.153037977838193890e-12
-3.960496694110717740e-13
4.275409433545246193e-14
1.241942251776423197e-07
-4.092182598811379267e-07
5.247499541292972259e-07
-2.782905754244818865e-07
2.968552108392688458e-08
2.074859910605122882e-08
6.478672960786936080e-09
2.469760055135527646e-09
9.994829382483110624e-10
4.702840158116086803e-10
2.879662517301703463e-10
8.003129786431693742e-11
6.660596941927003149e-12
2.531849505314240500e-12
2.980409511189195541e-13
2.404391649645803609e-14
-4.267379265450563889e-14
4.268648165380326203e-09
-4.978958243619455532e-08
1.007943901997858573e-07
-9.158068201884019899e-08
1.884120088121448604e-08
-4.971167195822253019e-09
-2.111752914699918034e-09
-7.079363763097273004e-10
-2.591488562950025305e-10
-9.503245600743530970e-11
-4.682666343629429528e-11
-1.476449370680775010e-11
-2.251074226140165597e-11
-2.099992747052103379e-12
-4.665403989541912479e-13
-4.958248715018219266e-14
1.322177405290829699e-14
1.482327086740239594e-02
-1.512803026565399771e-02
-1.152103282017162035e-03
-6.197659101022114070e-05
-1.603690776320746381e-06
7.775663164045795408e-07
8.331223909636940796e-07
2.248339784718765516e-06
9.055490082092533028e-07
9.539478491351482574e-07
7.603751638137257457e-08
-4.898485312588553471e-08
-3.614806492305571703e-09
5.072705660904035259e-10
9.800540875842531038e-10
-2.266164111877051085e-10
2.660931224768492073e-04
1.247027554584350609e-03
2.856138178431082771e-04
2.922028511666353956e-05
-2.266778341164771880e-07
-8.444069380460112388e-07
-9.790666509537445029e-07
-5.788159540696792909e-07
-5.534038903749869069e-08
3.738121295683076277e-07
-1.561331836453244864e-08
-8.356110317309709813e-09
-3.119871806056955337e-11
-7.283265520220964049e-10
2.822973997958321230e-10
-2.358941614456845687e-10
-1.862927914209237617e-04
-6.668078138518922378e-05
-4.879211995955977870e-05
-1.169785704154235749e-05
6.338516460540106489e-07
1.289788681312792582e-06
6.190045698341168343e-07
2.897553090325716979e-07
1.952069493511387019e-08
-1.033230647378983094e-07
-2.093553575451854332e-08
3.296374101275996742e-09
5.429398064889244291e-10
-4.020784738173745543e-12
-4.245771491613471729e-11
-1.155901302478306228e-10
-2.405668316335442359e-05
8.105599896091231118e-05
9.827758627264649628e-06
3.648590889817919980e-06
-3.574425241465379179e-07
-5.804256404246508922e-07
-4.063888740042169732e-07
-6.047500263161678330e-08
1.815561551400930676e-10
-2.628086272038339768e-08
-8.795268577003357750e-10
1.425978095230972778e-09
3.503402178357455424e-11
-4.453449218318417632e-11
-7.080564240667299905e-11
-2.497374493270550546e-11
-1.820791825026390551e-05
6.667845548184361358e-06
-3.621846070698964211e-06
-5.961990693172500653e-07
2.354200898825686049e-07
3.452723449382047151e-07
1.605313447572364438e-07
4.080773226846853967e-08
-1.188564750468355136e-10
9.232639421625622880e-09
7.078946625639993778e-09
8.361657881161652043e-10
1.388498005465008905e-10
3.728882846820316463e-11
-7.842414913912654760e-12
9.949746635662665217e-12
-7.979362433091582673e-06
1.596676958126497546e-05
-3.847483856435962667e-06
-4.379466196798459464e-07
-1.664008577613902066e-07
-1.247687110343195591e-07
-5.294600399311605509e-08
-2.174606423235815306e-08
-6.048598963272362381e-09
-1.934683326428499567e-09
2.670023052428258367e-10
-2.328957704511135640e-10
-7.564888632368922355e-11
-3.437753841142832980e-11
7.995591446356564540e-12
-9.277235655615087459e-12
4.669820348434319818e-06
-2.550884761226863052e-06
1.994908125483775975e-06
4.170118825476266504e-07
9.916415850222254133e-08
4.495193872813886110e-08
2.148242215570771311e-08
8.917189411582754220e-09
1.946210875428843013e-09
7.239015358348112147e-10
4.478648508062338533e-10
4.150584039120901869e-11
2.728336180852492380e-11
1.149777809087301758e-11
2.966377965098080361e-12
-3.603226341701118754e-14
-2.164873972207858329e-06
8.143169247586816545e-07
-1.299280853590770854e-06
-2.598851442628265352e-07
-5.626144979157685071e-08
-1.912960863516234691e-08
-8.171261903048243227e-09
-3.184656123040800848e-09
-9.147098308667741354e-10
-3.374631647360582747e-10
-2.948132981059789665e-10
-8.712524019827924396e-11
-1.165115336757408866e-11
-4.753114070437313806e-12
-1.172365934198037024e-12
-1.238693316011339028e-13
-4.263941571371627320e-07
5.254447769703139200e-07
-2.762849632746767310e-07
3.262489324938552312e-08
2.304154416709884060e-08
7.501064372406251831e-09
2.950225227385005087e-09
1.134843392986057685e-09
4.284186501698862911e-10
2.412721976650979118e-10
5.540885969199242322e-11
-2.548963652504280987e-12
1.121191312935026060e-12
5.408614805894891384e-13
1.429352191072233914e-13
1.261704945134365002e-13
-5.572967661520936617e-08
1.015465617419211332e-07
-9.475641289835220249e-08
1.759612207266232438e-08
-5.550059120800944481e-09
-2.793399334799811875e-09
-1.028414044083627703e-09
-3.338965196138306917e-10
-1.179616818605377371e-10
-6.092836993945048823e-11
-1.037865436071190259e-11
-1.120009023134105865e-11
-2.202053128369338148e-12
-5.260043129924134351e-13
-1.128818080957758396e-13
8.956006965216214539e-14
-1.017033060813828937e+00
-4.370222920241292192e-02
-1.444043146202845726e-03
-4.443791738598139784e-05
2.022155863402405420e-06
4.735710494079025194e-06
4.583099520652240102e-06
3.098836521547310451e-06
-1.029105425460127682e-06
-2.395267172801637162e-06
-7.364777225930482482e-07
-1.072799830069929415e-07
-1.417561201238688847e-08
1.457952187354563440e-09
-1.623533732056454493e-09
8.686274682216143413e-10
-8.354569509694480256e-02
8.151498357774499340e-03
7.378246917059537880e-04
4.210069502075579150e-05
1.101801946883329207e-06
-1.485293786413335035e-06
-3.179415651411774186e-06
2.252987772318125217e-06
1.084105594448846189e-07
-2.325600928662455360e-06
-4.017365744023548998e-07
-3.873647870490406497e-08
2.102036390129372866e-09
1.883621899296919166e-09
-2.395440098352623367e-10
3.300903001451354425e-10
2.480869166629614316e-03
-1.184910374308715706e-03
-2.990312903338856261e-04
-3.320265202428110927e-05
-1.113809425945914115e-06
1.467437426518130262e-07
3.980470541471224246e-07
-1.076991947951360440e-06
2.510310150043623466e-07
-5.594655798959960804e-07
-1.326566251380928510e-08
6.773701850588325033e-10
3.061833832402155106e-09
-4.394806966642413397e-10
3.808938913289450367e-10
-2.361246188440020263e-10
-6.590179067086903298e-05
1.192253776003997949e-05
4.524610095754261896e-05
1.257185128151313643e-05
-7.377350602884454640e-08
-2.132234769807589975e-07
3.756520725635516571e-08
2.599095903999143747e-07
-1.168006386631592851e-07
1.342022961938274903e-07
1.663058515367991588e-08
-2.535813110488100826e-09
-2.891184370685835366e-10
-1.105753213686860712e-10
-5.151473321969321268e-12
-1.120265968881972279e-10
1.425728295901469744e-04
-5.810988078574203219e-05
-8.589147875490493679e-06
-4.417486389600268661e-06
-2.470462058212104364e-07
1.041370473507316602e-07
-1.758029625134941073e-07
1.276275518334514974e-08
-4.146189558111445988e-09
1.839714736240591161e-08
2.459629169015302215e-09
-5.574920282467581741e-10
-2.949453611200316397e-11
8.404364026744581515e-11
1.273687791909056936e-11
-1.867057868111464252e-11
-1.553817402886813504e-05
-1.145092285852106803e-05
3.345738450299148674e-06
1.056944755638262226e-06
7.810897600981962032e-08
1.855080000154533643e-08
2.109031908928019891e-08
3.462569632228147643e-09
1.725521229750531791e-09
-4.679773740823154285e-09
-7.195586860185847670e-09
-8.951349602234127553e-10
-2.340621125964478300e-10
-3.208332029140695177e-11
-1.589098889412838938e-11
2.726601572678500056e-12
-1.319527314526728886e-05
-1.696790932401229991e-05
3.746929603606296011e-06
2.214322036864758295e-07
-1.554452224158363775e-08
2.298427931244703309e-09
7.853068369473765924e-09
-2.103278785936848699e-09
3.315033769538471186e-10
-2.709950204530684725e-10
-2.539192619416167015e-10
2.494622017644531879e-10
1.052330756713231568e-10
1.586937233949824460e-11
6.408021309471682026e-12
-3.119871381731129425e-12
5.012980776968997058e-06
4.157814997223442534e-06
-1.796037305969258689e-06
-3.138870987796678032e-07
-2.152815487090798574e-08
-6.834561208866992760e-09
-3.749145330720544318e-09
-9.826811503793666562e-10
-1.319959458518990740e-09
-9.650211367578358153e-12
-4.576706015988239233e-10
-3.882584997121321501e-11
-3.206576100132191969e-11
-8.882373928794350666e-12
-3.946054926814905096e-12
9.935520021045767763e-13
-2.311854366955601925e-06
-2.025921996930954549e-06
1.130284994270674240e-06
2.112503786450758449e-07
2.873797036907585890e-08
4.087371251627189692e-09
1.930846438339947430e-09
7.693162624706456704e-10
7.488538068784447085e-10
3.090564063044063783e-11
2.844549037955132731e-10
8.523529024247099050e-11
1.266076595793766319e-11
4.121093990232362186e-12
7.477198083773526898e-13
-1.616216259512302404e-13
-5.114586014306831757e-07
-5.093052550804295291e-07
3.428793632404026967e-07
-1.151914469146337225e-08
-1.333781371430296714e-08
-2.978626064211752947e-09
-8.976130748728807583e-10
-4.277751719046338559e-10
-2.069059588422809940e-10
-6.873460181444235882e-11
-6.316949170962738777e-11
2.261436247655063689e-13
-2.505928351479819111e-12
-5.169326774742949488e-13
-1.508836125228589671e-13
1.082735510295604990e-13
-6.066997159519516344e-08
1.029047281381725539e-07
8.422051877734899800e-08
-2.477780623336906779e-08
2.760896088851648734e-09
1.147168241145394820e-09
2.910525377658508602e-10
1.981686805922182661e-10
8.310681304345117708e-11
-2.222451534915664175e-12
1.184987273051589057e-11
2.124750065515078022e-11
1.513768019044710748e-12
3.370318709426473902e-13
7.427410844407415157e-15
-1.642723164986536728e-14
5.236229947325976575e-02
2.201759531408465156e-02
-1.475339706079923513e-02
-1.140353797924183090e-03
-6.409271901065431492e-05
-3.832109139267531467e-06
3.014521805404276762e-07
-1.654576453820603859e-07
-2.191178503629367853e-07
9.878831769093553641e-07
9.538387185192330280e-07
1.147294567742066105e-07
-3.817752159431486624e-08
-2.451089132090547741e-09
-1.157293430231571714e-09
9.383292233051927100e-10
-3.536042222394544344e-10
-4.585668818079899171e-03
-1.513421153562839782e-03
1.082569289511619995e-03
2.768324188954626643e-04
3.069986682126166585e-05
2.571022647549210786e-06
6.235315022176856357e-07
-6.531664276978272739e-07
3.913140561226504475e-07
-1.622819721453949536e-07
3.520257730158276863e-07
-1.579808566514329664e-08
-7.593904929915079000e-09
2.249074800182982536e-09
-7.731881336697846558e-10
2.856363858677305918e-10
-5.100444701717914408e-10
2.157685912526583491e-04
1.332370639254371806e-04
-3.739273202239316368e-06
-4.543544600334461586e-05
-1.368664784853449335e-05
-1.754984866096881172e-06
-5.474563007026584364e-07
-1.848728237586225966e-07
-2.517353346117253858e-08
7.465656913889088055e-08
-1.051284632158081648e-07
-2.056549090781226279e-08
3.067063655066473683e-09
4.335201206365468989e-10
1.033960636543928013e-10
-7.359939863129993761e-11
1.478612061192784220e-11
-1.148628587914691574e-04
-1.023271745364147107e-04
6.108577705207574916e-05
8.406959664810510945e-06
4.896974996446349318e-06
1.001089134896589253e-06
1.213767580216691520e-07
-6.287274566805587616e-08
-1.527150722259532958e-08
-3.716170510577771345e-08
-2.360720854201415720e-08
-2.024450126562353525e-09
1.621553618143952336e-09
1.421981578733795802e-10
8.662641924140911696e-11
-8.638504122415671636e-11
-1.646514769040836850e-11
-5.506190736301936081e-06
1.838497121060030719e-05
1.232493124024239221e-05
-3.275782683329932899e-06
-1.421105719732739331e-06
-3.114825243749188891e-07
1.141659937735882879e-07
5.285122321057105018e-08
1.393639703844096971e-08
6.899108689871465571e-09
5.197842588482847432e-09
6.938900798230246193e-09
6.080684809591744449e-10
3.115995775840547531e-11
1.833224507657751819e-11
1.879619515225760354e-11
1.501695098224438995e-12
-1.040523241127712448e-05
1.085252585358632249e-05
1.672144208004789365e-05
-3.709907507877774805e-06
-7.222919950216937068e-08
4.008024240705906347e-08
-3.575326652473218070e-08
-1.480049022545706827e-08
-5.585300411734891914e-09
-3.713915729812175548e-09
-1.646825839340975504e-10
3.774758111606503821e-10
-1.329506314915786775e-10
-4.648226525827769786e-11
-2.277545535936641136e-11
-5.051768504169481762e-12
1.175396630745097814e-12
1.641910015174850594e-06
-4.689732787720870565e-06
-4.120533022113888996e-06
1.773400372613419259e-06
2.794458853032961670e-07
2.108506740067618857e-08
9.899720474306021067e-09
7.466375770360212335e-09
3.254363604916048355e-09
1.932446595438400049e-09
6.264809560433260149e-11
3.866901434192443666e-10
-9.942786599639103221e-12
9.146396703571713779e-12
6.434997645746317607e-12
1.460409658551880710e-12
5.834386250751674127e-13
-5.220460367635512459e-07
2.212363540726618395e-06
2.016843363065156497e-06
-1.123222256203284890e-06
-2.055362636784848218e-07
-2.915989009692342158e-08
-6.539574990996270897e-09
-3.196649614823878110e-09
-1.448570714808424426e-09
-9.010462735871779512e-10
-4.322998614437450849e-11
-2.518448904445210694e-10
-6.528481047096654319e-11
-5.245522334973646808e-12
-2.951211339576637198e-12
-6.399535309473527016e-13
-3.428989650604789099e-13
-1.172600172759108856e-07
4.961575097541835586e-07
5.078697050027603177e-07
-3.446950219987944116e-07
1.115671634265907315e-08
1.405836476652317148e-08
3.363539558183361503e-09
1.357233949983360739e-09
6.870974702293900416e-10
2.632492450157528204e-10
6.957518145828294967e-11
5.232169849627837371e-11
-9.641983004798645372e-12
-1.560050784329858577e-13
-1.985659735019820183e-15
1.443302296020827554e-13
-2.733314908147810741e-14
-2.656265171032124702e-09
5.595634169375540807e-08
-1.112475273311098603e-07
-8.844673036981675309e-08
2.515903125581783392e-08
-2.462974163131959483e-09
-1.440709998198726826e-09
-4.975560821807842379e-10
-2.502876856482911702e-10
-1.088738061677050089e-10
5.482377560002730944e-12
-1.145399576230294910e-11
-8.371640415525690059e-12
-1.050827927478716065e-12
-2.551988728594762137e-13
-3.927144049444414939e-14
4.161908324674294126e-14
-1.568159304935158871e-01
-5.138745851238205910e-03
-1.614465109826904719e-04
-4.684810260619659628e-06
6.205890385048995892e-07
1.783827651117771046e-06
1.100308628970671207e-06
-3.510656266545975255e-08
-8.251776312114317227e-07
-1.041711135422144879e-06
-1.299445694249796584e-07
-2.875961562269797564e-08
-3.908480912416539556e-10
-3.697323954059709829e-10
3.789685434327124764e-10
8.937514511567014638e-11
3.151034443213276276e-02
2.640713268573877375e-03
1.477854098319754264e-04
6.117974220611307693e-06
-8.448874324685610430e-07
-1.052677784758077741e-06
-2.783790888662273369e-06
1.953926979016577891e-06
-7.544995712909162900e-07
-6.890932503102274799e-07
-4.046071593660603220e-08
-1.135350186857782257e-08
1.901847083447963234e-09
-1.235867385024608238e-09
4.937045893800378877e-10
-1.432251980346629903e-10
-5.188987046303620600e-03
-1.062209312793532985e-03
-1.068900622527777769e-04
-4.445018551235968834e-06
7.852459985223667094e-07
1.999332177755784000e-06
2.359351041479955528e-06
1.167704824288487335e-06
2.582235537632035951e-07
-2.468441548827141236e-08
-4.309551070920683333e-09
-3.268604262846667236e-09
-2.504084568126455031e-10
5.924498481244417974e-10
-2.200559402782357662e-10
1.297424265205138184e-10
1.671519983766706552e-04
1.822001596278424490e-04
4.062833543015041638e-05
2.539717775215736124e-06
-1.177827048171222672e-06
-1.189801829499601411e-06
-1.003961908165033713e-06
-3.869253766743555860e-07
2.276136865738790245e-07
4.696224218258374036e-08
1.712041138170911269e-09
8.376206479717967190e-10
-9.448944005545162274e-10
1.601646832965816680e-10
-3.246989414547900561e-10
6.025973756534217691e-11
-2.314021712023236847e-04
-3.835455562557458121e-05
-1.273456608644767133e-05
-9.820818579722733626e-07
7.274828527232117346e-07
7.097907161819809607e-07
2.718205433383533649e-07
1.159416208234785937e-07
2.920514987446153455e-09
-5.388066890008517466e-09
9.097941265734607798e-10
3.202634003191525295e-10
7.146572558103197403e-11
8.192978755302703858e-11
-1.682640794833985903e-11
-6.520945376387693375e-13
4.265988564717561847e-05
1.637827263802699707e-05
3.766207093400684955e-06
2.679321518107485557e-07
-5.547869623912459985e-07
-3.208009607296459356e-07
-1.009730166255065863e-07
-3.750868789107149850e-08
-2.079389536442892800e-08
-7.519590001286355688e-09
-1.826288699854892158e-09
-7.696997731577335525e-11
-5.049969688764499410e-12
-8.321561982827056096e-11
1.051337349997740446e-11
-1.618220279518542862e-11
2.687720422362204289e-05
1.165681703874224323e-05
5.584873207068748153e-07
9.895093495820032652e-08
2.382752028355267981e-07
1.249444247364617823e-07
5.065882922024631985e-08
1.460385075537484841e-08
5.606447921071218797e-09
1.549873701953886929e-09
6.038790236120627796e-10
1.338970324903224396e-10
5.335201389196283327e-11
3.624188017341941896e-11
-7.165161467869411283e-12
1.273134592298000388e-11
-3.538667955128363193e-06
-6.121802533736626612e-06
-1.020526161931248924e-06
-1.577736753079541071e-07
-8.454107705686521662e-08
-4.614816609292224469e-08
-2.057725154345958167e-08
-7.048244654973300065e-09
-2.249768671870933495e-09
-1.632057993782875910e-10
-2.769551397821201662e-10
-5.394096921314353851e-11
-3.252940457668813924e-11
-6.882221254977666819e-12
-1.989326791774595291e-12
-5.400376840873291257e-13
1.345202510955804102e-06
3.820822111677998382e-06
7.390488905064879439e-07
1.180422773218370022e-07
3.512498970690778883e-08
1.637384109659902595e-08
7.584588290349087795e-09
2.658519925466857857e-09
5.935486999377495737e-10
4.760066458295653111e-10
1.676702919663998088e-10
2.341368954290686032e-11
1.360193964658508531e-11
3.292890077221972885e-12
8.786322571727512280e-13
2.571278761723691013e-13
5.870914239795197778e-07
1.284464378988480145e-06
-3.947971956430187264e-08
-5.003213747213173932e-08
-1.473710062589570850e-08
-5.830156371689024867e-09
-2.584968483694147535e-09
-9.857168400181216347e-10
-1.808152700104975153e-10
-1.341502355813583124e-10
-7.450405730119549647e-11
-3.140218539610289493e-13
-3.535392898043227926e-12
-9.703993420009011592e-13
-3.669341468588706882e-13
3.238509473031214217e-14
-1.540488953916286691e-08
-3.031498027734459883e-07
-9.395732401533163672e-08
8.411868749875750691e-09
4.679432910663743556e-09
1.555161108600218515e-09
6.577656079041629495e-10
2.997939444398293104e-10
1.253929872641508405e-10
4.708873917530287319e-11
3.949700798008585697e-11
6.203557484382933881e-12
7.081531976381362085e-13
-1.446017308871076253e-14
-9.590073465683366752e-15
-2.982384758974853884e-14
-1.105424052524054263e-01
-5.595259095613117767e-02
-4.037340138856779746e-03
-2.111917931235044311e-04
-6.630397542298943183e-06
1.223889329629366216e-06
1.308125766000062358e-06
1.896563155804740003e-07
-2.531006674118358305e-06
5.785323775839430047e-07
9.337052398681230904e-08
-3.900117669074815827e-08
-1.298080648892497938e-09
3.789620789139784682e-09
-1.923951867929856457e-09
6.847999608941219413e-10
1.824904463662479102e-10
1.450725907722434909e-03
4.748940227482467864e-03
9.901326038639763055e-04
1.025606633505778034e-04
4.127485222768105407e-06
-2.213668762588808764e-07
1.512659492117460127e-06
8.060943038602299115e-07
-3.194156357186015558e-07
-4.406886698869111526e-07
-1.287637551795358251e-08
-4.661351965539271429e-08
-3.413483720074162233e-09
9.410319970876209570e-10
2.228615008540600597e-10
6.727228121002018410e-11
-6.448599281097791655e-11
1.166648701315322494e-04
-1.489580404959353599e-04
-1.820066594504704863e-04
-3.937865451931777403e-05
-1.282925289666161950e-06
6.033508039438775733e-07
-9.326083264059415990e-08
-6.851561209456485294e-07
3.131750675599204377e-07
-3.018224840783186745e-07
-2.397095770502028301e-08
8.095642805820208679e-09
3.813003566732830085e-09
3.442429126903318707e-10
4.773843320045741053e-10
-3.050698322727384031e-12
-7.348705365187761281e-12
8.996726835883461272e-05
2.478707034604044806e-04
3.960790494554565895e-05
1.228419715021080711e-05
6.958857762341828483e-07
-3.800273371929252240e-07
6.452672882584014190e-08
5.766675610475925263e-08
-6.527949238421051496e-08
3.985568853159318707e-09
-6.811311402899621828e-09
-5.236506981809871525e-09
-1.253323086434212649e-09
-3.054656067882450041e-10
1.994556669302939695e-11
3.303536765238789865e-11
3.488177161410663479e-12
-6.307151276495582047e-07
-4.212110753728831087e-05
-1.616645007812711560e-05
-3.539155877626697087e-06
-1.972963820263693579e-07
9.806497518067919537e-08
5.159679146769607593e-08
3.505341938034276839e-08
1.210921764854307041e-08
2.253733775219354356e-08
1.158009924451168923e-08
3.806515156428013827e-09
5.316201712037645156e-10
1.304283195380909675e-10
-6.879590427319775536e-12
8.857588022874661295e-12
-2.635656574935558411e-12
-2.341657736832710850e-06
-2.691379563333572603e-05
-1.172869016050604112e-05
-6.331077993709950766e-07
-4.991384667457055081e-08
-6.897537618210392565e-08
-5.765358364785177068e-08
-2.309947382188716202e-08
-9.147116460343030658e-09
-7.405718757686716419e-09
-3.102386596637254206e-09
-1.323394326288785290e-09
-3.173283357992858653e-10
-7.799795291491526170e-11
-1.285764095450206768e-11
-5.744617288585955122e-12
-8.345325757449039615e-13
-5.325765147648149752e-09
3.472274340015902061e-06
6.135743651366731834e-06
1.027683103691208883e-06
1.227091423346566057e-07
4.710450565800575441e-08
2.842003927775330830e-08
1.341255515264657797e-08
5.730583347705936692e-09
2.885407718384989456e-09
6.865918210950427312e-10
5.192121607640858758e-10
1.221180106920238651e-10
3.379347800251320570e-11
4.429374386613969855e-12
-4.916574465433144963e-13
4.909906492480545365e-13
-3.236289858071839423e-08
-1.334343163853519587e-06
-3.824268272163635817e-06
-7.352918270642393743e-07
-1.063728960515299795e-07
-2.505139326610480046e-08
-1.270246846983214467e-08
-5.774167653722879171e-09
-2.541527220127436307e-09
-8.366367641618136258e-10
-6.619671427342923730e-10
-2.474396291891674558e-10
-4.522163555092586937e-11
-1.408640908932995639e-11
-2.077094352006444993e-12
2.045776829002408691e-13
8.879174283031689148e-14
-6.120589289678134053e-08
-5.957395468866927839e-07
-1.284202484615165125e-06
3.715663230789258026e-08
4.592611580263528258e-08
1.262292496421294982e-08
5.003217872174815656e-09
2.270821151159982852e-09
1.047651918219850317e-09
2.732827146969535507e-10
2.038778233119640221e-10
9.521729037217232094e-11
5.316802501732482085e-12
3.814544716590280008e-12
2.372585041810570402e-13
-6.980946471797809558e-14
-1.386920504107765187e-13
-3.598618159717598988e-10
1.676848258187144681e-08
3.035411779102976908e-07
9.794225621433900726e-08
-7.396125385953888340e-09
-5.112024101078518570e-09
-1.772692351846430631e-09
-7.864453447861291990e-10
-4.104091968888378370e-10
-1.999378300256366901e-10
-7.869993429824309537e-11
-4.409544041941672030e-11
-6.016725569482595274e-12
-9.831773736416243912e-13
3.356088657586779428e-13
2.141352946985096602e-13
4.620761448199865783e-14
