1.400084228834592714e-01
1.024971897327178638e+00
4.465476945883953275e-02
1.542820734271842633e-03
5.401614312792260575e-05
4.293793749442778384e-06
4.620039224642708067e-06
3.331631245533310736e-06
-1.514554101464656989e-06
1.089196925392320093e-06
2.014826318200508932e-06
6.733027985895463257e-07
9.270882090620430857e-08
8.368327497401123647e-09
-1.208608159440641754e-09
8.494785323903779664e-11
-4.653818783381508251e-10
-1.877724507397019252e-02
4.888695221698902832e-02
-5.269577382199139640e-03
-4.847744374855433879e-04
-2.828783638557357745e-05
-1.837061816773167793e-06
-1.228980461497956444e-06
-2.346220866102188774e-06
-2.159907268157634326e-07
2.150692074777125150e-07
1.379164441935702830e-06
2.682619288099267107e-07
2.705522064408593466e-08
-8.835776559499365523e-10
-6.836949573335077250e-10
1.236477711718312821e-10
-1.084504787114294318e-10
1.924506446186131968e-03
-1.938820288194983673e-04
5.252012772443763163e-04
1.205998221763717723e-04
1.246860765473332424e-05
4.083925384125452938e-07
1.220912503539479485e-07
9.347755759202585740e-07
7.794950519578224010e-08
-6.025227323088756286e-08
1.884597057432063188e-07
-4.850590630923404477e-09
-4.535646284577529126e-09
-1.589955846835480854e-09
-2.664487245564240884e-10
-2.923578751703536145e-10
6.743519659827775960e-11
-4.404127575874767174e-05
-7.758082589979160327e-05
-1.049730205260972363e-05
-1.060465932869104350e-05
-2.702751449470799699e-06
-6.625354455539216057e-09
-1.168696721143288031e-08
3.578198559812859760e-08
7.780680960453703804e-09
2.620353661160709640e-08
-1.707683659334275333e-08
6.880885931749842757e-10
1.268331478424424502e-09
8.265579054404662953e-11
-3.345451828658345251e-11
-5.638651484224921405e-12
5.059700064015403742e-12
2.238488610540293830e-05
-1.731492947921317777e-05
1.653616213321280933e-05
1.711790384260360690e-06
5.276964413465391260e-07
2.410182920234566072e-08
-2.113555456948274470e-08
-8.805947510280203346e-09
-8.541053299926025866e-09
1.384036517148266628e-09
-6.019721221364380269e-09
-1.059507633160882717e-09
-6.382812805968371079e-11
-2.956200008893057888e-11
-1.840239514884102348e-11
1.778469675391092860e-12
2.486597759750354959e-12
5.929327033777835908e-07
-2.766589587200079701e-06
8.873453244812708260e-07
-4.612229381575746644e-07
-6.288901095811338867e-08
1.296974572915541469e-08
8.923654363190194785e-09
5.150236470881865919e-09
2.778171283538785002e-09
3.282009752935125442e-10
1.415633345342996968e-09
9.542101492775383875e-10
1.588369369561029727e-10
3.346580095667238413e-11
4.373193768381805090e-12
3.533234535827546799e-13
4.342991599135517268e-13
8.287891278823136247e-07
-4.363726332562043367e-07
1.247838241147248480e-06
-3.033228988309801075e-07
-3.096857905360278505e-08
-7.882428578309334155e-09
-4.349869835129560661e-09
-2.649699322515370972e-09
-1.265408637514814450e-09
-4.908793199149345397e-10
-2.375929317698211907e-10
-1.530634230454803783e-11
-3.011312920330624423e-11
-7.457884521342425750e-12
-1.182489405567372434e-12
2.004459013971174201e-13
-1.958548074352778901e-13
-7.726740660101256192e-08
2.141584259732635253e-07
-1.178165737157910435e-07
9.767637033041309966e-08
1.941272214941573897e-08
3.625036634364436322e-09
1.598978221301035292e-09
7.456827782225458529e-10
3.735358930195790138e-10
1.193545216001230233e-10
5.713833343789895037e-11
3.101848630875090700e-11
5.145195812813296206e-12
1.774544978065765887e-12
4.070722048905321090e-13
6.866480928844939424e-14
-1.842792028402660385e-14
1.772133419725495580e-08
-6.593043142305002036e-08
3.040593531303266265e-08
-4.197668422513105845e-08
-7.967143348866801941e-09
-1.545317669902734889e-09
-4.545607444252977505e-10
-2.006555671327542312e-10
-8.682555937740145264e-11
-3.127644132331858165e-11
-1.445123649612995687e-11
-1.095871524527203925e-11
-3.135704625340845569e-12
-4.258121490704316632e-13
-8.959916482391421440e-14
6.204576967828792186e-15
1.110296277672288677e-14
2.297502949000085967e-09
-7.360877596191928033e-09
9.828845320390548225e-09
-4.970735097215434845e-09
5.960962715103961979e-10
4.081323667296087650e-10
1.263897893331369785e-10
4.776473997930590027e-11
1.970259397899780856e-11
9.200891130280570205e-12
5.359536145565253909e-12
1.449705187501366926e-12
7.547711226552920485e-14
1.580628289697837994e-14
-1.033178128488592656e-14
-5.922878666142461453e-15
-2.882108667866640905e-15
4.598124706259737276e-11
-5.462432677709271847e-10
1.147035868720090211e-09
-1.055434281091382910e-09
2.084857914467053727e-10
-5.900796825265602529e-11
-2.597390802724069820e-11
-8.650990886733938042e-12
-3.090909795052832371e-12
-1.000505242478166011e-12
-4.806460287426500745e-13
-8.996254124603987807e-14
-1.906885006282491387e-13
-1.574325711019006487e-14
-2.585551709741063571e-15
2.907983122282001643e-16
5.729463859865966136e-16
9.148784650789354780e-03
-9.485936597241426821e-03
-7.428211465340790959e-04
-4.106991274461899735e-05
-2.483208938308294712e-07
1.713469316294835291e-06
1.209167943944593643e-06
1.529569189899158376e-06
5.479514261757281727e-07
4.945592623145692157e-07
4.979963901272389400e-08
-2.905990717544510085e-08
-3.061315713438270566e-09
5.496359457341937308e-10
5.826626936882846361e-10
-9.029607481657793714e-11
1.178510075688055206e-04
4.803637047446465192e-04
1.128686530915283445e-04
1.196346804680738696e-05
-4.915462486863188475e-07
-6.476019247356313262e-07
-5.318145233861060903e-07
-2.446685402448651326e-07
-1.298037080725893853e-08
1.323263416526378893e-07
-2.586700919999376445e-09
-2.786260404647754543e-09
-1.057916912419286974e-10
-2.923046442405939923e-10
8.550410669149937280e-11
-1.039741510886096836e-10
-5.160508521683938816e-05
-7.283779454143449949e-06
-1.064863292845565545e-05
-2.716165415426021937e-06
3.364491026644442985e-07
4.328304770096312164e-07
2.252307198517428740e-07
8.929859112036365619e-08
1.342959325703345590e-08
-1.940517283885855252e-08
-3.791719951454883515e-09
6.936257605307556272e-10
1.150518995573326579e-10
-1.754729007376979228e-11
-3.667366575743880531e-12
-2.391407951745062300e-11
-7.342620513365594656e-06
1.742996844612712702e-05
1.776285193399596699e-06
4.797889710092422509e-07
-1.151898511618440708e-07
-1.232195212093738891e-07
-7.556789356492817525e-08
-1.464377990579372318e-08
-2.334181253187207016e-09
-4.505276289080470663e-09
-1.072554149868534595e-10
2.518783478032295164e-10
1.330783451036696821e-11
-7.538506826797938999e-12
-1.220816681371296530e-11
-4.728966445940328985e-12
-2.414818452363464130e-06
9.735468678487244155e-07
-4.620505011942399567e-07
-3.655476804137055583e-08
3.974118646162942059e-08
4.137267652965280409e-08
1.839281308779515815e-08
4.949912531298725076e-09
1.391038942194936700e-10
8.940349720786349571e-10
7.308684246318732923e-10
8.454301812516322872e-11
1.604778862331356072e-11
4.532097076173364557e-12
-3.053351554230187310e-13
8.453115565123932110e-13
-6.102856276224678500e-07
1.233355125357814324e-06
-3.051100554526313235e-07
-3.895334404431217983e-08
-1.503849764717284825e-08
-9.786309565162592188e-09
-4.161850579724237168e-09
-1.695192476511414674e-09
-4.946284367884258348e-10
-1.443847177699914120e-10
3.652368709572062572e-11
-1.363014453787040133e-11
-3.244527927045064037e-12
-2.543101797546138590e-12
1.050817335636361512e-12
-1.097501373206815517e-12
2.271054013949410428e-07
-1.165829419656153663e-07
9.855228211623422709e-08
2.112283288836243695e-08
5.215621981030158283e-09
2.278933809166394182e-09
1.047535978852145208e-09
4.229301498582398574e-10
9.383589046685634488e-11
3.198393211227964545e-11
1.902201494146406242e-11
1.164551303495287084e-12
1.055759982979785442e-12
3.756852525644938279e-13
2.030075540273418270e-13
-4.853166614461770371e-14
-6.930874882575424995e-08
2.994774387641869604e-08
-4.223814147567279805e-08
-8.309121533144135364e-09
-1.800211770684850701e-09
-6.031179754769702883e-10
-2.473594919012683975e-10
-9.394624324183386985e-11
-2.447577232288598541e-11
-9.201685171021827299e-12
-8.257243233301222642e-12
-2.254058615781077126e-12
-2.712073426273329374e-13
-1.109236446421916410e-13
-2.859281401555940980e-14
1.960233418716943849e-15
-7.693383374914670530e-09
9.860146883575274240e-09
-4.917228700937342444e-09
6.500989270232644713e-10
4.508237566102557253e-10
1.439476683443741356e-10
5.552069443113614403e-11
2.133618367566305531e-11
7.968590359817191027e-12
4.261961787806718782e-12
8.956648883566687497e-13
-1.062890608069986850e-13
-9.571142395172939530e-15
-2.513334762435755650e-15
-6.624262482536756215e-16
1.629181473079038410e-15
-6.079398966831178688e-10
1.143853584767632021e-09
-1.081350073303838047e-09
1.965614257830347131e-10
-6.426878887889837398e-11
-3.135177839951777249e-11
-1.118558930476482751e-11
-3.373960348700906885e-12
-9.719408074428306500e-13
-4.523111151553112134e-13
3.948994305891105477e-16
-9.158875884289901364e-14
-1.217397242792999708e-14
-1.968701343660213998e-15
-1.326947422198911580e-15
1.789460171191273507e-15
-1.015310078174087138e+00
-4.432786028788984756e-02
-1.534531172006359245e-03
-5.282874761453603687e-05
1.319866010283704373e-06
4.986921963432809064e-06
4.031575526973326430e-06
2.428786599837821600e-06
-1.168358706903952958e-06
-2.004175067534218270e-06
-6.965834358607680904e-07
-1.013366523077845730e-07
-1.329702130508425246e-08
1.245611423677499958e-09
-8.965523093321144414e-10
4.284882224752124245e-10
-5.193043812760505390e-02
5.094660744866510473e-03
4.781408758410223198e-04
2.847367957429073774e-05
6.048621847164938005e-07
-1.070215468410960621e-06
-1.726896325131980063e-06
1.178861138827006661e-06
1.165814376135295223e-07
-1.280404596197402299e-06
-2.479044647840465019e-07
-2.384841714575793591e-08
3.917979743344370966e-10
1.207222083106217527e-09
-7.638844630030922862e-11
1.115501990427927516e-10
9.490335866670516953e-04
-4.555119010668063706e-04
-1.188315514855776647e-04
-1.406307025553996431e-05
-3.598349866497939086e-07
1.885845896841767636e-07
1.385491870145319839e-07
-4.323162544078771349e-07
1.045656730518547910e-07
-2.075268259280386816e-07
-5.771461497432446997e-09
4.784039762974457648e-10
1.371243924584817704e-09
-4.323731774935211896e-11
2.042555720485908677e-10
-9.134821339310717758e-11
5.335848321067545017e-06
-4.681650035203235939e-06
1.016324792060059605e-05
3.071988575330634375e-06
-8.900798952302168083e-08
-6.204093219204306617e-08
4.234478164707690291e-08
6.138770289336028717e-08
-2.605216158827904512e-08
2.866557000076538225e-08
2.799567490490200329e-09
-9.294367104019134873e-10
-1.293676448355460437e-10
-5.949393367177803097e-11
4.369528056949388226e-12
-2.240251104893688735e-11
3.209018899205187285e-05
-1.364099052596947216e-05
-1.644524795200047306e-06
-6.585422347607005139e-07
-2.029848074221211875e-08
1.184212154997601106e-08
-2.661651109413538942e-08
1.716903428103062594e-09
-1.181728123269198016e-09
3.182869367086814719e-09
4.794072511505435611e-10
-3.894486741223218731e-11
1.588992563200232403e-11
1.804243731524383168e-11
1.719722725184495835e-12
-2.212882243555343198e-12
-2.136964074702555756e-06
-1.443389117960683417e-06
4.637259826878084552e-07
9.984511693507168795e-08
4.149651366537939087e-09
1.126079314331516730e-09
1.009296205855960676e-09
1.812328753486079177e-10
2.616354406309458079e-10
-4.646908031455170494e-10
-7.741392621089442124e-10
-1.010171157673988859e-10
-3.042482159382275223e-11
-5.700641733460949392e-12
-2.123332834547745969e-12
3.652186839656268615e-13
-1.008371244905208688e-06
-1.323815855003109409e-06
2.890062935653962572e-07
2.056184170692212522e-08
6.861910173710135074e-10
5.351044457039140473e-10
5.140786136301189883e-10
-1.090214659136202897e-10
4.324465655812282845e-11
1.010887229583562023e-12
-2.979327900601539381e-11
1.841450636447996098e-11
8.894518750289940169e-12
9.787701578171221129e-13
9.842751015635445498e-13
-6.730239777131598473e-13
2.408056598497419435e-07
1.978545163810004871e-07
-8.726169589507376703e-08
-1.568693830029250956e-08
-1.444391686355915879e-09
-4.226370106773310219e-10
-1.909505862451745364e-10
-5.102079000062001624e-11
-6.607836847150321878e-11
-5.615493605085960784e-12
-2.143668476155706037e-11
-2.179046842650779238e-12
-1.689682229048864313e-12
-2.831455639050227385e-13
-2.364673618429716040e-13
1.305657272278868564e-13
-7.555091140704826792e-08
-6.895872616170355367e-08
3.670082588704990647e-08
6.720979504960060675e-09
9.537726688551408891e-10
1.542297975163695388e-10
6.796832674136835494e-11
2.552077518682343399e-11
2.232402181632452759e-11
1.468177602583609118e-12
8.443133373388662386e-12
2.456102185357602674e-12
3.910823028189155593e-13
1.006595540396327397e-13
2.421649594282441836e-14
-1.952752606387200733e-14
-9.365208094927703647e-09
-9.443614903630925568e-09
6.239219582681748165e-09
-2.358964623947156157e-10
-2.663389197611854914e-10
-6.209308880081966009e-11
-1.867670102532689948e-11
-7.745701990428308165e-12
-3.651011036868064711e-12
-1.277686123704833238e-12
-1.133848645082727599e-12
7.409295292845171193e-15
-4.484226257500995089e-14
-2.691906096407506834e-15
-1.365494685970717771e-15
5.544639310565736559e-15
-6.660751212197844316e-10
1.168978138507610682e-09
9.659429647905427212e-10
-2.823119769618926967e-10
3.173108658427142915e-11
1.453941232833678992e-11
3.948502602477611795e-12
2.500076797022326860e-12
1.069310032126932651e-12
-6.134043364112076115e-14
9.078035081011990439e-14
1.828666458108183997e-13
1.115844213773886545e-14
1.915007230701752554e-15
-7.690380879627043110e-16
-5.103562263933971269e-16
3.286033782694562644e-02
1.378643720540910500e-02
-9.234700925685164138e-03
-7.356977965291880937e-04
-4.388881886624202300e-05
-3.594799681938359070e-06
-6.843383752512774394e-07
-3.519688569866373976e-07
-6.108322238380386633e-08
5.540314960387299651e-07
5.058219290006455667e-07
8.053446917660961766e-08
-1.854613995579455922e-08
-2.170826017827135179e-09
-2.589434644856911643e-10
4.641355881356728444e-10
-1.200698468761984118e-10
-1.772514206442926980e-03
-5.883601069519432984e-04
4.125627969040864462e-04
1.095989137282060569e-04
1.311410015713217777e-05
1.239383619651645657e-06
4.174479175824564195e-07
-2.877913319263492404e-07
6.846146292326242024e-08
-5.417746479896778309e-08
1.194565350414812577e-07
-4.375852572894579187e-09
-2.416566264889117130e-09
8.258261980314753295e-10
-1.998137430545782832e-10
9.100044271807355658e-11
-1.758607783580942394e-10
3.650282829012986080e-05
2.153014355522924993e-05
8.163812982868987573e-06
-1.009320685247890318e-05
-3.446189794740285796e-06
-4.919445283654477699e-07
-1.263110170619648349e-07
-7.377617265366895261e-09
8.868741287585458427e-09
2.399052703226464069e-08
-1.955692250518812425e-08
-3.309382318938508068e-09
7.517596509006043581e-10
1.371625367291352934e-10
8.063546501557522434e-12
-1.258397870717348912e-11
2.720876388273822565e-12
-2.579017311335819095e-05
-2.268595410868262481e-05
1.435153064767656549e-05
1.653810666743337365e-06
7.592101773736133559e-07
1.569124451486865708e-07
8.443541044482198569e-09
-1.460776596118576971e-08
-4.028610269035066903e-09
-7.059816002472963245e-09
-4.344958798058666129e-09
-3.978367972067374302e-10
2.448080924329427294e-10
2.858319082352964362e-11
1.704804866239116706e-11
-1.204073047860865176e-11
-2.292923646391778366e-12
-6.811356387681502801e-07
2.504306653385946107e-06
1.559313884784148598e-06
-4.585470421591276362e-07
-1.401359170421205083e-07
-2.749643061794419294e-08
1.295156131149455628e-08
6.628850899992484851e-09
2.236709477074046675e-09
7.357013222516579435e-10
5.506246399600706451e-10
7.289764847075530404e-10
6.161670769165901986e-11
2.818854961358992280e-12
1.548120548341659165e-12
1.646555632586142568e-12
2.137927300427855855e-13
-8.160215008573368507e-07
8.250331046070347976e-07
1.305282362321823171e-06
-2.861066518106112057e-07
-1.087698058351101227e-08
7.772112407089863150e-10
-2.812855398324262697e-09
-1.226676103610821574e-09
-4.926022186461707581e-10
-3.114121922727451123e-10
-3.760358279175525658e-11
4.135792058957254977e-11
-7.861303348137417413e-12
-2.499878160766322530e-12
-1.146648816075993359e-12
-2.690361749546672773e-13
5.661181623567117237e-14
7.901410648316131376e-08
-2.258652354712022547e-07
-1.962085334949490453e-07
8.624525139886023090e-08
1.432531599071992924e-08
1.456562234054889605e-09
6.079715468547284372e-10
3.877866044608647545e-10
1.620911237771510374e-10
9.741587797645841065e-11
8.071318947269004828e-12
1.732902177825618822e-11
-6.778523357087897810e-13
2.270284986180103426e-13
1.347736473952986502e-13
4.922005928794025051e-14
1.090736011265415543e-14
-1.754337348618640002e-08
7.195912534169587636e-08
6.862270971624541717e-08
-3.652224260080081901e-08
-6.590850709099189872e-09
-9.784144658784179084e-10
-2.319023985170890799e-10
-1.060747218927851405e-10
-4.760617874378311438e-11
-2.694600474882154915e-11
-1.610443811422317485e-12
-7.281411803814217449e-12
-1.708893911242021703e-12
-9.219262135033130833e-14
-5.268000093380056217e-14
-1.312182543756060671e-14
-4.593870323813719431e-15
-2.171715024440945526e-09
9.043268805750248566e-09
9.413522298288253002e-09
-6.273745428415530453e-09
2.340511494352253636e-10
2.826025425315430231e-10
6.956435028828846418e-11
2.704361707911585944e-11
1.238079938301238035e-11
4.621673332734372924e-12
1.194824881212561537e-12
8.686536539940960391e-13
-1.812157397491687064e-13
-1.284104786982387681e-14
-8.285932869601874918e-15
-1.160512652978408949e-16
-1.293511601546896378e-15
-3.108118978834256246e-11
6.148542744944030348e-10
-1.227855170263082445e-09
-9.956887939067877732e-10
2.826812913599725127e-10
-2.972039210378019475e-11
-1.707977397701468270e-11
-6.096244856240776268e-12
-2.957876896532925112e-12
-1.285090880772605951e-12
1.009303350781998589e-13
-5.869719747473404245e-14
-7.663989706228978408e-14
-6.751011078906467430e-16
8.089678693250084032e-16
4.114389214328625263e-16
6.232618688046631830e-16
-1.592493060104966385e-01
-5.459086751487105330e-03
-1.857851042179834702e-04
-5.168110509692770903e-06
6.001362544466502036e-07
2.763328156699379795e-06
2.432815575356804250e-06
6.280248818238891539e-07
-5.533857632132622399e-07
-9.135761840961780831e-07
-1.414361997642356129e-07
-3.036592641488547753e-08
-2.415749222293307683e-09
3.398958895472836141e-10
3.256392673937136695e-10
1.052165786543672297e-10
1.978983724653033544e-02
1.705446788919850673e-03
1.014988908922559050e-04
4.151557009359620115e-06
-1.078866795575288783e-06
-1.058948627136260746e-06
-2.172561046304796021e-06
9.324867233053614970e-07
-2.569135608738905477e-07
-4.166145221059884536e-07
-2.179313546152320462e-08
-6.304918860748296190e-09
6.178622858337908392e-10
-7.526973135871579655e-10
2.036728276833694111e-10
-7.215456179065057877e-11
-1.999831177965598512e-03
-4.194858899550103879e-04
-4.358199714419231827e-05
-1.504716501767232706e-06
6.570121009195130000e-07
1.133338184844310411e-06
1.141921550229963366e-06
5.423764121633933682e-07
1.049035591600987554e-07
-6.995063636644637507e-09
-1.290925286132592232e-09
-2.190723396799655899e-09
-2.653107765443484534e-10
1.055450957224315188e-10
-5.707463621139914082e-11
6.029585541162167403e-11
1.649099093424938989e-05
4.190660631036179551e-05
1.005476446950735117e-05
4.979714131258324572e-07
-4.569996502336089111e-07
-4.460740498112156234e-07
-2.824583704146898271e-07
-1.016147780616598319e-07
4.677651185743159574e-08
1.000495755639144902e-08
1.029122798904836984e-09
2.962383132372532404e-10
-1.885228526169505957e-10
2.840757813631633215e-12
-7.688819660371413620e-11
3.599788858070536376e-12
-5.403640892181275473e-05
-7.279443873062858673e-06
-1.897481364098777799e-06
-7.432596441088946404e-08
1.754172483516945264e-07
1.471417678203644426e-07
5.526777658647107783e-08
2.053754408718725713e-08
1.165035475010811815e-09
-8.666545008678102383e-11
2.554328145598309008e-11
3.992465914696995902e-11
6.568352505452036483e-13
1.524319379985907473e-11
-2.948495758592144114e-12
3.682653726323624683e-13
5.987380764063714396e-06
2.195000406911370756e-06
3.618416554396100311e-07
9.636030817168139108e-10
-6.895617533045144010e-08
-3.896411621225866912e-08
-1.371625768187809203e-08
-5.276659850523237862e-09
-2.470618501536501876e-09
-8.465305317472984361e-10
-1.898335524376153930e-10
-1.153066053712333068e-12
3.277173444400619586e-12
-7.297365087212714303e-12
3.910945290757586812e-13
-1.701056787330015381e-12
2.044809004899227903e-06
8.950073048424374026e-07
5.528829405029702113e-08
1.378554094816403979e-08
1.850897217777311257e-08
9.598767736109207300e-09
3.933482331096241564e-09
1.142342469145483393e-09
4.013332272809290251e-10
8.754109423448678233e-11
2.380494722958583103e-11
8.740765430179112220e-12
1.504835038094524191e-12
4.119446341105294253e-12
-1.813337320389700472e-12
2.272190675905944747e-12
-1.619908075875071336e-07
-3.003759377244085423e-07
-5.219158395713360294e-08
-8.926649974899346982e-09
-4.346494781590413282e-09
-2.264788745016998651e-09
-9.914799551326097482e-10
-3.407389088726149753e-10
-1.058062639235963862e-10
-6.376964965608890840e-12
-1.096218941421648240e-11
-1.919008946560811334e-12
-1.080303376790988279e-12
-3.160838368667675897e-13
-2.311479377171614675e-14
-6.573623647256890668e-14
4.710121020494751634e-08
1.253181418965573684e-07
2.370028930137725741e-08
3.853995524185855701e-09
1.137626227288953063e-09
5.020959327901496049e-10
2.265964810868110050e-10
8.050963662359131254e-11
1.851662639405032772e-11
1.445804285379895508e-11
4.183505088908849137e-12
5.252816069267420638e-13
2.698691254222105642e-13
7.327292291270632827e-14
2.538167249214973596e-14
8.390268677212731964e-15
1.099937470255805613e-08
2.375356113630380850e-08
-8.428281832768942288e-10
-9.778869248376150087e-10
-2.920703380717484901e-10
-1.133612228489740084e-10
-4.823276538937546405e-11
-1.719386585650884973e-11
-2.362664590127798694e-12
-1.781083510071015765e-12
-1.083113314280960764e-12
7.666581429836266798e-14
-4.788083433342070902e-14
-1.468608972587459236e-14
-6.867299448731857467e-15
1.919775134810771099e-15
-1.694810952296693705e-10
-3.360238896863408076e-09
-1.041818414559024740e-09
1.047961085533611905e-10
5.880974603184169448e-11
1.994354815299885195e-11
7.812562211423172854e-12
3.471443807052353052e-12
1.583724436274842295e-12
5.741047631586153704e-13
3.686484369440498666e-13
5.665220151298330151e-14
3.118225590403785743e-15
-3.522555834357259950e-15
-5.162460908432224650e-16
-1.426259763177454093e-15
-6.887397116429060107e-02
-3.512602973978784515e-02
-2.604011283493813320e-03
-1.423452340486664543e-04
-2.784805513226498717e-06
1.708939495666236593e-06
5.577625449032418980e-07
-3.358244936252609199e-07
-2.050275773368958002e-06
1.786102149763522645e-07
5.269314155291679306e-08
-1.286640569317831542e-08
3.568331659217692461e-09
3.377430247911775581e-09
-8.083853884458303813e-10
4.669626939867866945e-10
1.870059991737280391e-11
5.504183522459235112e-04
1.831501835966352701e-03
3.918255978631865802e-04
4.188239646552134544e-05
1.421118501882832502e-06
-3.124649009423601729e-07
6.572611481410670169e-07
3.851654456108215520e-07
-1.510649053864807348e-07
-1.540361774787807385e-07
-1.215414044189663608e-08
-2.026710677240006642e-08
-2.459681054278740872e-09
4.412775531637288505e-10
9.211096341015969025e-11
8.614414423102053365e-11
-2.803181799291711905e-11
4.235087389965709256e-05
-1.020418188134509423e-05
-4.174655995461450591e-05
-9.580499377226688645e-06
-1.964342058275578067e-07
2.118641743023641795e-07
-6.901486722211930947e-08
-1.765579933190324313e-07
7.364674377354638552e-08
-6.741148309057414530e-08
-2.392602558903549370e-09
2.761939153371968489e-09
1.242716910748960049e-09
2.000872449570939704e-10
1.409830850164811645e-10
-6.668570031015916920e-13
1.716693707275795995e-12
2.174854531104593455e-05
5.819987207337130338e-05
7.572493655389488074e-06
1.826878159752837910e-06
4.421295897408462042e-08
-7.015434131963124455e-08
6.195639434210721616e-09
4.908513802453145566e-09
-9.128414785746275764e-09
-1.311429523716172462e-10
-2.277551220316372508e-09
-1.072093606599629577e-09
-2.939356513337797575e-10
-7.168327861974176783e-11
1.379364401646671845e-12
5.971015331734397520e-12
1.160006225391212671e-12
-1.655397985464758729e-07
-5.935343115384942135e-06
-2.170399741359477202e-06
-3.437772912158820617e-07
-2.736226261809627222e-09
1.451900130029176771e-08
8.022433178696432917e-09
5.136880500403532516e-09
2.202611922097491370e-09
2.676321505283874429e-09
1.390854329667945574e-09
4.620441696069128691e-10
7.647990401277721333e-11
1.623997794538190119e-11
-8.260111717269269976e-13
6.049776564893875769e-13
-3.406679810940772091e-13
-1.723133963463785030e-07
-2.044898886992693057e-06
-8.989726437877399671e-07
-5.889887205616382561e-08
-8.786821069173908857e-09
-6.589724910998358632e-09
-4.528228783568552836e-09
-1.834757690057097618e-09
-7.438493594510740672e-10
-5.499721467076848603e-10
-2.204022121810014323e-10
-8.950328284288703626e-11
-2.598304381471343283e-11
-6.450162965948522584e-12
-1.188101077296016264e-12
-1.473401185993532894e-13
-1.110270591881272590e-13
-2.749341394039053581e-09
1.579358470192432053e-07
3.005712878718576374e-07
5.208941557097389902e-08
7.124029277774700057e-09
2.598522562865540240e-09
1.391710749517898228e-09
6.593704004882695081e-10
2.798454816188910451e-10
1.405827620577486829e-10
3.549008617453622360e-11
2.497871074285366794e-11
6.194622447274308528e-12
1.530139617630007309e-12
1.314893966301921852e-13
-9.389792790854030291e-14
-7.845560661544451118e-15
-1.878356835716195907e-09
-4.687099855594678869e-08
-1.253213780425649498e-07
-2.351633702379992033e-08
-3.482899997936392033e-09
-8.351049363700876854e-10
-3.916586589342237377e-10
-1.738898794635928779e-10
-7.803942285363520426e-11
-2.704909652024064584e-11
-2.097839388569717324e-11
-7.108567930303286628e-12
-1.397796115740823502e-12
-3.282869810103836710e-13
-2.654898474860594323e-14
1.877905209450900444e-14
7.667203722258886387e-15
-1.201850577506428309e-09
-1.120583266303848071e-08
-2.377321496999495591e-08
7.889815218865143729e-10
9.036840807654102838e-10
2.537615504977056186e-10
9.707267752020646341e-11
4.173439684916033187e-11
1.844806314176627958e-11
4.263964250177743633e-12
3.169799776183638058e-12
1.655563793901874515e-12
7.295738794143200265e-14
5.464635020626424994e-14
-1.033286298657805776e-15
-5.043746238943492643e-15
-3.820848081906275380e-15
-1.550071177210357004e-12
1.865287139623940900e-10
3.370181660492005364e-09
1.076503647527344440e-09
-9.491578557684266889e-11
-6.036011653391193477e-11
-2.045774893158382608e-11
-8.432325509741736876e-12
-4.270125202582224983e-12
-2.211761886708261469e-12
-8.885636668233839688e-13
-4.370840371812737893e-13
-5.837110803732674993e-14
-2.772035339438296352e-16
8.753386689588234956e-15
4.376568555432574542e-15
1.439839660095200725e-15
