1.316191343614094011e-01
1.029428083211661127e+00
4.225461341540916876e-02
1.239439392921789238e-03
3.175363313954277997e-05
3.793664176626853355e-06
3.878862938606932415e-06
3.220513948138031329e-06
-4.405649167871798453e-06
1.169095032350352452e-06
3.582481154041047679e-06
8.701834448979629472e-07
1.251493551991645462e-07
6.380058993089499569e-09
-1.677679994865414426e-09
7.832273828351076333e-11
-5.048235288213707438e-10
-4.741394339169774375e-02
1.282244684157250181e-01
-1.331418126477472083e-02
-1.077244964401067456e-03
-5.458236602097055851e-05
-3.658700436980483946e-06
-3.295472937793306092e-06
-6.978386849328955422e-06
-2.567389827695424873e-06
1.240161030331247996e-06
5.154541865622207620e-06
7.149820917639108269e-07
7.087692497934716546e-08
-4.345497089047512278e-09
5.790705763153817822e-11
-1.118848328027632651e-10
-5.763173631751501080e-10
1.277984349346345319e-02
-1.743728800105884486e-03
3.451844751496068418e-03
7.357616785444786667e-04
6.439502946882368517e-05
4.213700244134761702e-06
6.612868821264120238e-07
6.007681700589817197e-06
-2.107691441276377039e-06
-2.795344184099192137e-07
1.486511948651833371e-06
-2.514522493330418246e-08
-2.229247831762903266e-08
-5.459074720453958151e-09
4.507802614126687578e-10
-1.732396034369322296e-09
4.275392336788082124e-10
-1.213871787240112556e-03
-7.972421048766924895e-04
-4.258824614663640220e-04
-2.084199685779457376e-04
-4.548008587807912808e-05
-1.989902888363173097e-06
-1.099624216922914172e-06
2.273822612098754738e-06
3.006207707090731857e-07
2.422795583551885569e-07
-6.272741528783110729e-07
-1.008454666035185423e-07
6.032292668781640882e-09
-6.089125916453606500e-10
-3.446464311352834842e-10
6.353313314144894428e-10
-1.080198175704394377e-10
1.795083728759533294e-04
3.102517918591504297e-05
1.729594219992704976e-04
4.106382864712412677e-05
2.565110703592627726e-05
2.956611790544503256e-06
-5.388703957073190025e-07
-1.154981262753915209e-07
-4.069236239358553966e-08
2.201512260404052944e-07
-1.339749242484504294e-07
-9.392626907497322196e-09
6.246105962630829582e-09
1.011887050044391059e-09
-1.088612803224396857e-09
1.007860545195697641e-10
3.351166794722371314e-10
2.695286914340323627e-05
-8.430898957230537169e-05
9.866413300981964935e-06
-1.431697595232380154e-05
-9.619277400331448789e-06
-7.037099909200639788e-07
-3.776329450323715641e-08
8.703841750797642389e-08
1.549464955386445422e-07
-5.152638526517941491e-08
1.017437933005288030e-07
5.983295478342087455e-08
8.287410413787555791e-09
6.594891006726014289e-10
-2.189107147709269884e-10
-5.021495938336336909e-11
8.719354086560328092e-11
9.188666728665497579e-05
-6.077793392963483105e-05
1.453732760366284427e-04
-3.411245013879029794e-05
-1.333513400135067165e-06
4.210984439451829516e-08
-2.201409713827094303e-07
-2.983228667294559408e-07
-1.367779012279579476e-07
-4.235068230747482372e-08
-3.085185120863124204e-08
-9.079690793091633972e-09
-4.163463896916834416e-09
-7.135312560320109252e-10
-4.169134814292446971e-11
5.161936180525840504e-11
-7.560673236299049047e-11
-2.183135499357415662e-05
6.333859415464487255e-05
-3.676567249985689291e-05
2.649382433530638389e-05
4.705795163643564875e-06
5.542738926617595077e-07
3.491327872967552421e-07
2.039882544763896018e-07
1.055462370916725201e-07
2.881073910655711722e-08
1.628398237689828788e-08
9.394453585132462744e-09
1.040729152815940272e-09
4.406487915014864195e-10
2.263752056446663533e-10
4.909219926993809971e-11
1.586763391132386685e-11
8.042104028442178564e-06
-4.046176140677198015e-05
8.097201293699823370e-06
-2.351067839216468229e-05
-4.783190216628196355e-06
-8.935794566407639310e-07
-2.562370764067833423e-07
-1.323931037972678453e-07
-6.148145385098394094e-08
-2.354397477072333933e-08
-7.092328416801465499e-09
-7.621281656408095909e-09
-2.201919827127851948e-09
-2.829579187094956861e-10
-1.318783505650788504e-10
-3.401389688506059279e-11
-9.520999737722313445e-12
4.796394172252993465e-06
-1.701769231997840470e-05
1.923399781958853524e-05
-1.160300433725005056e-05
7.754334907042745007e-07
6.546363889973114326e-07
1.976485846581863676e-07
7.401800309558670766e-08
2.942266880870428110e-08
1.450010813909075798e-08
1.110889779501449734e-08
2.592823781849302086e-09
3.439195587626494128e-10
1.016370795809536025e-10
2.926499982899993939e-11
8.829236252032410538e-12
4.301168058602222496e-13
3.171959644809186577e-07
-2.968903759909203306e-06
5.948319875083131697e-06
-4.558172208623015412e-06
1.131788472075306749e-06
-2.664976454681295314e-07
-9.762382636471539878e-08
-3.293537670237447431e-08
-1.175130760632826678e-08
-5.385876041747236812e-09
-3.286721084296740735e-09
-1.854985813352114660e-09
-1.882157917220212693e-09
-1.472116863596722494e-10
-3.019253422798713620e-11
-2.520802246335833849e-12
1.199740060857058281e-12
2.439643681578957529e-02
-2.388237739286707545e-02
-1.679159984388205228e-03
-7.987136541957653708e-05
-4.329664328703343558e-06
-2.781886293562372422e-06
-1.227327249213465371e-06
4.930556020620268657e-06
2.243140685785975693e-06
2.472746155862760111e-06
1.182652770478378329e-07
-8.059418492528250539e-08
-7.790019507564277390e-09
-6.983282371447872038e-10
2.291570651643203777e-09
2.569478385475352310e-10
4.745817804399811023e-04
3.189621360603615233e-03
6.835909217123448817e-04
6.016622972095402364e-05
8.162920371954587189e-07
1.419439855865458416e-06
-1.351064597987703390e-06
-9.948959088708807108e-07
-4.579614219936376470e-07
1.104201806935100380e-06
-9.679294095348823928e-08
-2.645763725876640926e-08
-3.229023776301725699e-10
-1.179677348050865506e-09
8.241682711719376064e-10
-3.512093002434436530e-10
-6.894557451542304791e-04
-4.095976851187179855e-04
-2.130019740568457772e-04
-4.466758369058865805e-05
-1.119735924787047269e-06
2.592347463064188638e-06
-2.367486316707155048e-07
6.765918117406179255e-07
-2.214691345901536020e-07
-6.452839555175805596e-07
-1.433599373141168127e-07
1.601233666435213982e-08
3.663609605646780923e-09
7.234682334925199755e-10
-6.841721490983432389e-10
-7.426076791032648589e-10
7.698624079043088638e-05
1.805161610866735727e-04
4.095839105143209071e-05
2.546673638651732210e-05
9.185445997763709956e-07
-1.302796580230160584e-06
-1.688866071939455779e-06
-8.466066956609354253e-08
2.004980229164253011e-07
-1.040623206366469089e-07
4.498365158629654129e-09
9.019942657244513767e-09
4.961589976811620687e-10
2.413887815270121941e-10
-3.845292393972318751e-10
-1.154043007050985100e-10
-7.143845143964765686e-05
1.117436065909306501e-05
-1.547133295291389825e-05
-8.666482967551334269e-06
-2.286547418255952235e-07
2.075381031136624271e-06
1.102665042885793255e-06
1.909029628584835026e-07
-4.929330345625838402e-08
7.912655542420313098e-08
5.529320729215207342e-08
6.446749968129083682e-09
1.149900115666762814e-10
1.937482047996463034e-10
-1.663772777215435446e-10
2.019279152916871089e-10
-7.976120979156730803e-05
1.445789923591040674e-04
-3.357771879621377373e-05
-2.428275883311346843e-06
-7.131369428585582763e-07
-1.074801612777616890e-06
-4.160330344419867630e-07
-1.675954589694284736e-07
-4.055229235085034280e-08
-2.154687522047981826e-08
-5.970810023134354915e-09
-3.551167131979822971e-09
-1.028488094994371785e-09
-3.550909489285768932e-10
1.305475718823877883e-10
-7.673865479942859623e-11
6.666780695869590004e-05
-3.687411809167656711e-05
2.653368682944080286e-05
5.330110812477944960e-06
1.039144241085737950e-06
5.162692504477357752e-07
2.597279662918027880e-07
1.150425790239005977e-07
2.063197978168252795e-08
1.127688942510594586e-08
7.786890081786634566e-09
1.006628784879135194e-09
4.461189313550010937e-10
2.258290608808738987e-10
1.798661602024643342e-11
-4.454984496378798602e-13
-4.125454714153255599e-05
8.065233362893153875e-06
-2.359085076263089603e-05
-5.062899142572723773e-06
-1.065129103268648766e-06
-3.558087181695012084e-07
-1.647658348559880852e-07
-6.390370372108810369e-08
-2.058327604048340871e-08
-4.971990771493940949e-09
-6.797766501237869902e-09
-2.154623532452690562e-09
-2.859288147903518066e-10
-1.365404940958155504e-10
-3.464052858570749922e-11
-5.412490012468343075e-12
-1.759566321398091604e-05
1.919888249044188598e-05
-1.157125631609859294e-05
9.109322393093291140e-07
7.320970835832952143e-07
2.420606121313807210e-07
9.854807234895036320e-08
3.888928086337175118e-08
1.526204767962160649e-08
1.030102479602706511e-08
1.897966256533872626e-09
-1.395290558001584435e-10
4.107495142755406675e-11
4.565229716773108337e-11
7.823498524258709949e-12
8.904805341155592273e-12
-3.339801460717439432e-06
6.105191295172237251e-06
-4.832417024433081614e-06
1.044364599821117044e-06
-3.070684606633681809e-07
-1.546758524357893133e-07
-5.792097530618101122e-08
-1.940805841116844662e-08
-8.523709943455467876e-09
-5.354136251757500643e-09
-1.809726216434052327e-09
-9.270601305749138542e-10
-2.273514422343380065e-10
-6.234507591014149361e-11
-1.075645056886114270e-11
6.870127926591272086e-13
-1.021624299965430804e+00
-4.206900002419049212e-02
-1.233088088832245402e-03
-2.796803416440028276e-05
3.228507058650744991e-06
4.833796275834615795e-06
6.752281271812884875e-06
4.325244802839176928e-06
-9.643627588427484825e-07
-3.553711977014112093e-06
-8.662949077259583980e-07
-1.211465482608446904e-07
-1.654019278401379147e-08
3.411436387791974330e-09
-3.585719978117787961e-09
2.634923572899405169e-09
-1.350509000000140458e-01
1.297482743344465818e-02
1.065582829505181588e-03
5.237205325409766420e-05
1.745583903023698514e-06
-2.202619645952119979e-06
-6.084026941862540327e-06
5.262615717158221061e-06
-3.355316095537228027e-07
-5.023636623516884104e-06
-6.808494955785130009e-07
-6.125097221075844812e-08
4.076463723036089335e-09
3.497094438928493702e-09
-1.073737694835369578e-09
1.348154061708861296e-09
6.349728309769221354e-03
-3.080723300287838053e-03
-7.165250148218761227e-04
-6.535439340562990227e-05
-2.621553132405142474e-06
-1.147828448914805016e-06
1.697249911169509109e-07
-2.437479690395479868e-06
5.931988273418644807e-07
-1.537984622281122449e-06
-4.150339068341446783e-09
5.846700534792692913e-09
8.427360687019849525e-09
-2.562260266456700258e-09
-1.011029832014870010e-11
-6.515980379026874442e-10
-5.370942530673152634e-04
1.945019922767064942e-04
1.928192371721376133e-04
4.451735084639805025e-05
1.955718700646013223e-06
2.317085460159819182e-07
-1.454403586152671427e-06
1.088318468929456766e-06
-5.181358227013716471e-07
7.239419634963594375e-07
1.276872340132579969e-07
-5.161579464569506124e-09
5.545647648139933690e-10
6.673575595903066935e-10
-5.738648614085009784e-10
-5.475064096023752491e-10
2.544272176355514485e-04
-5.970258952546650080e-05
-3.018837766897070185e-05
-2.696247196036669636e-05
-2.914638858665311920e-06
6.754072188724062998e-07
-1.210261165254144325e-06
1.045535109227559792e-07
2.710874445277932704e-08
6.600059831956061708e-08
1.054074867654320760e-09
-7.038058222104760163e-09
-1.250143799074858206e-09
4.752101902901839281e-10
4.404898970494742743e-10
-1.637885984671327144e-10
-4.829073893188438356e-05
-5.495246799645221123e-05
8.907709980660858979e-06
1.033041529993220289e-05
1.201860685025603358e-06
3.781819567233248081e-07
4.692121578821669675e-07
3.806538799732143200e-08
-6.174310087239882075e-09
-4.113035015848911969e-08
-5.486183567312392326e-08
-6.294453090781903874e-09
-9.310522487170888810e-10
1.221125448499526627e-10
-5.020611158098816293e-11
7.295597347254577670e-12
-1.294292608392833563e-04
-1.501863170308740888e-04
3.546716504404615619e-05
1.045419735180036315e-06
-7.788574549892986984e-07
-1.580598897023997636e-07
6.220653944863946197e-08
-4.567897026410952367e-08
1.003914051507008872e-09
-6.047732973484882511e-09
6.101095547331283921e-09
2.944446518226227300e-09
7.588292773793531144e-10
7.490148297718671187e-11
-3.882953479991597613e-11
1.244403584651847393e-12
7.132014135189908635e-05
5.790971317601955297e-05
-2.502868121957794109e-05
-4.211662290148158825e-06
4.361795738577244403e-08
-2.022795000039879187e-08
-4.966762941687728643e-08
-5.084249694232752429e-09
-1.169435379966173836e-08
3.607854467115447459e-09
-7.322049024137457892e-09
-2.669274123518827439e-10
-3.588043784483333121e-10
-1.655190167265186658e-10
-6.552140048683446510e-11
7.058518950549970798e-12
-4.149382159487678505e-05
-3.140984169904863845e-05
2.048770652569954355e-05
4.181657731666177231e-06
4.935066268479073167e-07
4.044658692777883641e-08
2.930451191896666409e-08
1.677453755918291611e-08
1.607088122993886322e-08
-3.159243480744772055e-09
6.125622368307921612e-09
1.702143417096594821e-09
1.812481738957784871e-10
1.100655971781735267e-10
1.947090679158526455e-11
1.380538478844945534e-11
-2.039703003906509187e-05
-1.976684525616675627e-05
1.366167088681537896e-05
-2.365545570363655041e-07
-4.192528876980130008e-07
-7.963079476390301689e-08
-2.135859843864806255e-08
-1.411627362607393233e-08
-7.875616598330849504e-09
-3.373742723877420385e-09
-2.216243460125472025e-09
-5.820838830168220300e-11
-4.473813672225626935e-11
-2.285255509409964205e-11
-5.822393301631315763e-12
-3.863579006475594543e-12
-3.628591291560507682e-06
5.463789541841266520e-06
4.155652195239552981e-06
-1.420119961680277205e-06
1.592620764326662275e-07
5.008771052345599695e-08
1.263194566973666865e-08
8.952168350243258520e-09
2.919916028825213568e-09
4.507563043694645003e-10
1.516192227626869612e-09
1.812662347275127216e-09
1.123376006403615035e-10
2.242334248426762159e-11
2.464803832074396299e-12
-3.696407308156898859e-13
8.262793123634254444e-02
3.495777630470783826e-02
-2.339447627700811522e-02
-1.662148322049310191e-03
-7.954429435630987124e-05
-1.981542110556306330e-06
4.753553228749123412e-06
1.602326309567637998e-06
9.754005198215782200e-07
2.582834774086478048e-06
2.462802420502408111e-06
1.508211470444108125e-07
-7.412434379766054425e-08
-2.395578649396274886e-09
-5.511340218859838504e-09
2.542751332626840727e-09
-1.002869572018995901e-09
-1.182640113993534484e-02
-3.801448990015397159e-03
2.836393143383849486e-03
6.641335292854867690e-04
6.050253876084248235e-05
3.473894774662096214e-06
-1.121260831553996466e-06
-2.318891450499411526e-06
2.647065900234616694e-06
-7.080687675402702651e-07
1.101867937856508957e-06
-8.249567671160989102e-08
-2.656346359979884944e-08
5.656863608680560895e-09
-3.206127455856694320e-09
1.300047031677726262e-09
-1.870164828537061491e-09
1.145849363304591488e-03
6.572439964313283537e-04
-1.787516535394749755e-04
-1.970755892917956512e-04
-4.784881025212078218e-05
-4.911803425403186161e-06
-1.889633402666843754e-06
-2.184462788420236460e-06
-5.047200453908238476e-07
9.784256368934067892e-08
-6.537362253438194551e-07
-1.482030902079068335e-07
1.288722316319888993e-08
1.819128897566851087e-09
1.375295771878566434e-09
-7.439000441657269128e-10
-1.233581150395868626e-11
-1.976359720098985555e-04
-2.089395065422532376e-04
6.422165700235474934e-05
2.870776868719166603e-05
2.762924862601483884e-05
4.946403187262896582e-06
1.812794957646811568e-06
-5.158627973192322354e-08
-7.517729306633692336e-08
-1.326340562217636147e-07
-7.598443863443953726e-08
3.020399076318197245e-09
1.166811519391543079e-08
7.297575832806409554e-10
8.476109967329896216e-10
-5.742369558090009977e-10
-1.103742344887699126e-10
-2.771599368548534746e-05
6.153280805848730314e-05
5.784213588713260043e-05
-8.631607206766152908e-06
-1.277789934002001859e-05
-2.999953564772727595e-06
7.625880019519452862e-07
3.245454454357051967e-07
7.665324807013008083e-09
6.552186027053540586e-08
3.904636221800242535e-08
5.330265089757982220e-08
4.991984303487178486e-09
-2.805260432185591960e-10
1.078502222661731696e-10
2.039243199385631419e-10
1.623507234376908185e-11
-9.085071631259699200e-05
1.088901601280456254e-04
1.482681249582337398e-04
-3.505289026770058583e-05
9.065900368489339989e-07
1.033454431870118313e-06
-3.657117483100129984e-07
-9.030112733388034343e-08
-1.283407856493154348e-08
-2.743035223474406517e-08
4.951193447794907305e-09
-4.689624385091070699e-09
-2.585085626183745568e-09
-6.328089736036853083e-10
-3.475000708273569995e-10
-6.434511926738008041e-11
5.882725877966698250e-11
2.266613157674193978e-05
-6.707540585243530838e-05
-5.756018546971004954e-05
2.461444350699862159e-05
3.469618016834227416e-06
5.040598572528559595e-10
5.206253750529946581e-08
7.813001022477834622e-08
3.449118371735256340e-08
1.671126376994357314e-08
-3.823796732611206619e-09
6.524066127578050031e-09
1.031285228507733385e-10
1.669989410139249081e-10
1.837155298951752570e-10
3.005191007492447511e-11
-1.893803481477940824e-12
-8.394687159657774416e-06
4.032782257892407896e-05
3.134728351046482989e-05
-2.029793242795384389e-05
-4.000838854512373197e-06
-5.034965401717506184e-07
-7.980965947774238980e-08
-5.590885445672567187e-08
-2.801750877265557491e-08
-1.795933092708249227e-08
2.748601652903370355e-09
-5.753693711260180293e-09
-1.491705238119397953e-09
-1.151440113443681083e-10
-1.051950322441204867e-10
-1.751963010694596586e-11
-1.545811864342044910e-11
-4.556204825251186484e-06
1.992015022983148657e-05
1.974605550574562996e-05
-1.366975466674041909e-05
2.197450685542337696e-07
4.321803099225228581e-07
9.335966239385851660e-08
4.089037579515242537e-08
2.423246586692894802e-08
1.002681121086843898e-08
3.907524034483107294e-09
1.876111348403282162e-09
-5.546681298259674568e-10
-5.052877586095290683e-11
2.025601590144159528e-11
1.019877475044831704e-11
3.718859913899464811e-13
-1.952078435338683988e-07
3.370917190261705741e-06
-6.233773837529563513e-06
-4.553045740025616581e-06
1.478954812934065083e-06
-1.340651268457384528e-07
-7.385204999773494246e-08
-2.446201798797189067e-08
-1.250407653304147172e-08
-4.628558697739309171e-09
2.827839544829811174e-10
-1.499563611483823562e-09
-6.650991079368892064e-10
-1.458198800590053801e-10
-4.500037150889160118e-11
-9.926909112682728205e-12
1.758786392710447388e-12
-1.505545860733955577e-01
-4.353641009490953270e-03
-1.070801046872633320e-04
-2.297645592819274442e-06
3.134457242952356543e-07
6.257871958822412844e-07
-1.598763041673696678e-06
-1.322531258308734333e-06
-1.711515791361382419e-06
-1.342955836058732615e-06
-1.228501635869300144e-07
-2.407475573098382867e-08
1.918692072859770625e-09
-3.500745971027395100e-09
6.799434074207528524e-10
3.791328461035688176e-10
4.955739479110173040e-02
3.857974730188338738e-03
1.818244201951734417e-04
7.602400458824755996e-06
-7.301562647433529067e-07
-9.326209847144971381e-07
-3.314000446298882013e-06
5.571255934731659385e-06
-2.931629892041767227e-06
-1.206542712671929790e-06
-7.554047985932144047e-08
-1.715863333754624638e-08
5.389135606215385189e-09
-2.387613341846546485e-09
1.422502300411864506e-09
-6.402027992428415551e-10
-1.335227636789756804e-02
-2.556788232478839074e-03
-2.290081904982019028e-04
-9.505409846047712530e-06
2.813806646107286706e-07
4.096766393720442876e-06
3.813275867319550167e-06
2.113817736383513600e-06
9.156472197336451402e-07
-5.708749266642200939e-08
-1.069797982059499839e-08
-2.798489762457257559e-09
-3.102755088365008751e-10
3.810496285743740752e-09
-9.680907726275152598e-10
1.165861047082108776e-10
1.112689141700981934e-03
7.602970964777947763e-04
1.440279088657887493e-04
1.036030920716280120e-05
-1.270433831512276158e-06
-2.434489386409073060e-07
-3.203771010120926882e-06
-1.570511332878531204e-06
1.182043527485624210e-06
2.687299706882444934e-07
-9.789981830437335996e-09
9.363997204426541101e-10
-5.128629171741825364e-09
2.526027358766567868e-09
-1.852544137922186337e-09
7.517568266503403192e-10
-2.869742483102473711e-04
-1.484992481966429143e-04
-7.709376554580093426e-05
-8.696510204996885611e-06
1.939208866383915170e-07
1.584664127032459195e-06
8.985516593609038432e-07
5.257442432753149113e-07
-7.995742228066923892e-08
-1.251485431102353967e-07
7.531080064845898105e-09
2.217985250443986966e-09
5.035142752324345151e-10
-2.033226942466665573e-11
-1.113089358997194284e-10
-1.657582861424147658e-11
1.140402587757237217e-04
5.727108841763360120e-05
3.462644386348895630e-05
5.337687230491742646e-06
-2.894484041703739970e-06
-1.822697563491121862e-06
-3.708494088309383009e-07
-1.067981692220286226e-07
-1.312829912331501255e-07
-3.850460605051173761e-08
-1.451599381713551830e-08
-5.655844100598234852e-10
2.862422860143774587e-10
-8.617237562642016117e-10
3.418026416515805772e-10
-2.095973430841510512e-10
2.589792313559285031e-04
1.128949953312384296e-04
1.443943841056338022e-06
-1.126460979364458949e-06
2.152931194121786013e-06
1.090214706410355849e-06
3.791918489633608816e-07
8.875509022086219845e-08
4.596598104311790119e-08
2.309684666812510867e-08
1.272237051589965415e-08
1.354773897772977986e-09
6.548818274619388767e-10
2.858058683636063012e-10
-2.215139529748928391e-11
4.176583487301441953e-11
-5.297378506026799666e-05
-8.433573042205973452e-05
-1.301591537969441388e-05
-1.281188418259128374e-06
-1.009536607996044836e-06
-5.821725178969725832e-07
-2.633515341196990879e-07
-8.771185059563920328e-08
-2.353551831165320806e-08
-3.357433019337811590e-09
-6.123765804484686812e-09
-8.342162029618821745e-10
-6.768714811552846322e-10
-9.542524788584208037e-11
-3.962592781796136560e-11
-1.473311167917060201e-12
1.819709352761361750e-05
6.762570254102630730e-05
1.441701047729418893e-05
2.172113764838682772e-06
6.210829868237986010e-07
3.173647346780131851e-07
1.550934897824790293e-07
5.224190701257883533e-08
1.184739757407207283e-08
9.489477456007151670e-09
5.054004438930985742e-09
4.450011947466646280e-10
4.591912563454382697e-10
7.586089071332251671e-11
2.395400132889613769e-11
-3.497120416822559702e-12
2.175518043928388349e-05
5.015761880462834838e-05
-5.214016599075819127e-07
-1.600267401763288670e-06
-4.308762459843519584e-07
-1.761966117417087061e-07
-8.134848114418051168e-08
-3.193952339953571716e-08
-4.417730760528666307e-09
-6.394941995422482642e-09
-3.481833483962591719e-09
-1.067322739974036192e-10
-1.335180041665673496e-10
-3.841589510882334851e-11
-1.526280490610256814e-11
-1.492449723143175425e-12
-5.920584270912242644e-07
-1.699299141100364907e-05
-5.476626140300437252e-06
4.319830155653415651e-07
2.239140249005961181e-07
6.803522671133626997e-08
3.339953474698227412e-08
1.550413502220241876e-08
4.686685405800892583e-09
1.661980059395310646e-09
3.168395930178560381e-09
3.329707550470162654e-10
4.917564198467537713e-11
7.327277688238269737e-12
3.568792186654000860e-12
3.557891285428375265e-12
-1.779680115195782508e-01
-8.824484724673062330e-02
-5.930357329952097578e-03
-2.704225834489522176e-04
-1.126301041067661061e-05
-5.525944074818351674e-07
2.026139584162482925e-06
-6.123829837707968615e-07
-1.358222536123071753e-06
2.395648897271654700e-06
1.973582587236171191e-07
-1.210601985924949975e-07
-1.463711451055187563e-08
6.298110129907699298e-09
-3.949496072321389050e-09
5.601561551851197039e-10
1.446657731038493688e-09
3.866342047156000068e-03
1.223281516184731438e-02
2.381571160785346270e-03
2.172904262490340361e-04
1.060998398944722779e-05
1.629420615683581578e-06
4.280693195556007178e-06
7.939742140743963812e-07
-3.362754296614191563e-07
-1.687112150145974417e-06
7.316263607808394352e-09
-9.614741374752078683e-08
-3.200026246537097500e-09
1.753080095301160557e-09
8.818678046743252607e-10
-1.056556359541707651e-09
8.741838579504106098e-12
2.985925416543050979e-04
-1.040603187800142812e-03
-7.594062512671125986e-04
-1.427453062703005191e-04
-8.367115522132016105e-06
-7.962117391184383034e-07
1.509157757138468776e-06
-2.194579887370803617e-06
1.504947752683805448e-06
-1.394573019114035853e-06
-2.248417601343213984e-07
2.119157202904879110e-08
9.633511225548374979e-09
-1.751333269534952109e-09
1.619904680439553978e-09
1.999204194616227545e-10
-2.447918610146968769e-10
7.911349578637971009e-05
2.999827052034473567e-04
1.510096090798572596e-04
7.602919477279927523e-05
7.951598478895456984e-06
-1.080374709264174238e-06
2.147123946872677868e-07
5.156937889760460282e-07
-5.184595154389745992e-07
1.142883079902220134e-07
7.511723941741221521e-08
-1.498704648806535249e-08
-1.379196437884414463e-09
-9.071308705073208274e-10
1.920853860502809860e-11
3.022935691692144599e-10
8.263621283550642703e-11
6.934183821408549509e-06
-1.097343458677590511e-04
-5.568861201266911269e-05
-3.299621980638668174e-05
-4.044941857338311439e-06
-3.292893819316912934e-08
-1.798634557536771349e-08
1.209810742470069242e-07
-2.217784500378660903e-09
1.536253619215074325e-07
6.013181540235206105e-08
2.323447871347916304e-08
9.297192933098838243e-10
7.108520300278996924e-10
2.008010222346217441e-11
1.704854171366860724e-11
-5.279097753733337994e-11
-2.443961172424441086e-05
-2.606960647488485209e-04
-1.141131905207015879e-04
-2.529353968512330600e-06
1.320810640891799670e-06
-4.007737239841536189e-08
-4.083358007290091501e-07
-1.788555386366447484e-07
-4.771147538171876472e-08
-6.727238837144974191e-08
-3.485310865330902375e-08
-1.697237803857577244e-08
-1.932566975811800372e-09
-4.925738022350968752e-10
-6.785011684993272522e-11
-1.265727529074237440e-10
-8.210747940047582947e-12
5.500923934933745328e-07
5.245119568551336942e-05
8.481589036104996370e-05
1.331116067170660154e-05
7.428020545980699997e-07
3.464393991427528061e-07
3.678465626557731437e-07
1.703784994188234899e-07
7.552957753359661359e-08
3.363220452204385412e-08
9.004774559705143367e-09
7.952641642911292997e-09
1.295196560405747408e-09
4.312016139609304848e-10
7.310560036682775689e-11
2.164184628109668885e-11
2.554017807903389815e-11
6.756236188471564612e-07
-1.795271719297905719e-05
-6.781994605027580672e-05
-1.438854658693547735e-05
-1.887229554892347690e-06
-3.952616625706621909e-07
-2.554568170086437929e-07
-1.216812018127433370e-07
-5.352661610144174787e-08
-1.730785712592238553e-08
-1.261470074436379367e-08
-5.971070847318074901e-09
-6.426924175438322447e-10
-3.754828545100735689e-10
-7.136950289209446892e-11
-5.360033348216158803e-12
-1.263250021315063961e-12
-1.916923543153988661e-06
-2.184437562832162235e-05
-5.004990906281326095e-05
4.663191514641250331e-07
1.430254816110876281e-06
3.674410600077372692e-07
1.614111576950339460e-07
8.033361061205952059e-08
3.766591365384441556e-08
8.925519695940911322e-09
9.607129260856342147e-09
3.148762061249468585e-09
-2.470234697555796354e-11
1.688699293963136684e-10
2.981597459485751149e-11
1.176484966458880968e-11
-2.684431020857777052e-12
-7.964932512074833355e-08
6.707227178055502721e-07
1.696731545492810131e-05
5.813226686070337740e-06
-3.699785125317466217e-07
-2.763674884718152708e-07
-9.562790946991304925e-08
-4.777567967085965382e-08
-2.637628666084820933e-08
-1.195730762359892148e-08
-4.356134431307952477e-09
-3.269787062304963045e-09
-3.482405931916523752e-10
-1.435185023784141797e-10
-1.466793365745991601e-11
-7.800675635634412817e-13
-4.964285517930378399e-12
