1.341848612156505971e-01
1.027999626594688465e+00
4.299261248107875272e-02
1.326331272883924696e-03
3.820044827797227174e-05
4.391618794948315859e-06
3.688972129700142795e-06
3.569622253905053253e-06
-3.713251528944982161e-06
8.435100797916969030e-07
3.105095588049788399e-06
8.378896590788018320e-07
1.146168791821083359e-07
9.806127548058390767e-09
-1.223356755088891023e-09
4.240186683678050645e-10
-3.641845300910584658e-10
-4.103812665797408610e-02
1.096800516225033828e-01
-1.152101089411240557e-02
-9.714391844393911084e-04
-5.161449658689418846e-05
-3.640272788673612349e-06
-3.621649400233742793e-06
-5.108170764034290328e-06
-1.336004009616679832e-06
6.183401712917638885e-07
4.031359481103557333e-06
6.129849591483464549e-07
5.473209883838670110e-08
6.683318227013854269e-11
-7.697725473698384214e-10
-1.072117568726714003e-10
-2.829178347701005691e-10
9.472147894700997522e-03
-1.231213778334726413e-03
2.571475491587719899e-03
5.619101611417566143e-04
5.259284770760747952e-05
3.857976174708146144e-06
-1.821823196830133042e-07
4.120357327047689937e-06
-8.489535833158457903e-07
-1.285363624659727526e-07
1.044466679047088314e-06
-2.395533970661686176e-08
-1.662424605546594366e-08
-5.390132788602035914e-09
-6.653619944296518962e-10
-1.811415397771394606e-09
2.853725586482550443e-10
-7.263457287374772489e-04
-5.400135146156918517e-04
-2.500756775904252769e-04
-1.322213578921538129e-04
-3.000849320025559370e-05
-9.983641421431557591e-07
-7.137589402436437067e-07
1.166218551710723543e-06
2.645437482270097553e-07
2.036329243967223830e-07
-3.743140373820802053e-07
-5.383163802482654790e-08
6.804743639664600490e-09
-9.621231766882222374e-10
-6.548262391908149114e-10
9.676320810713806234e-11
-1.987748554915637050e-11
1.847720765870868368e-04
-6.678792158703167326e-05
1.558824659076192163e-04
2.585666563695200530e-05
1.468508672105733123e-05
1.327581209051301528e-06
-1.307372622635031210e-07
-4.456444426588811269e-08
-9.105786147998780870e-08
9.895392412468744807e-08
-8.741247120601658766e-08
-6.345591583953934300e-09
1.790281537523995288e-09
2.450968197426123207e-10
-4.567697758681967728e-10
4.924977136825636408e-11
1.328932153854144350e-10
1.625099606947996779e-05
-6.103029681705318492e-05
1.331601830808540039e-05
-1.065149046351251277e-05
-4.356154036348108972e-06
-1.109240967356407283e-07
8.057895020942086301e-08
9.241230754628343965e-08
9.701657043410186062e-08
-2.077216035007777448e-08
5.265900703866389172e-08
3.315381222621570609e-08
4.819502760768253553e-09
5.276582577018267533e-10
1.543267372147157309e-12
-1.948326511361131639e-11
1.995269577934493659e-11
5.222136966331838873e-05
-3.173481749527676574e-05
8.087593123880795017e-05
-1.896173682421317514e-05
-1.155956962841843786e-06
-1.675930815593191881e-07
-1.849347394879885593e-07
-1.634648254748578293e-07
-7.199106583622304341e-08
-2.207249042510724260e-08
-1.345586607488474373e-08
-2.344288014182977502e-09
-1.933008981080034560e-09
-3.754591210175991124e-10
-7.317304876541028594e-11
-1.910721257516114916e-12
-2.624502392016075656e-11
-1.079156262889212697e-05
3.018326993394386196e-05
-1.792185839441817164e-05
1.305690468119443114e-05
2.351444371176761553e-06
3.453903379786047481e-07
1.881736885228766225e-07
9.822975037739235975e-08
4.820903733922535339e-08
1.339225227975723383e-08
7.110450738839691810e-09
4.013836172098146897e-09
4.792617099067290007e-10
1.780234296781630477e-10
7.576922245672145876e-11
1.983392137466379667e-11
6.545703974160213910e-12
3.917788395925167858e-06
-1.773654437846206852e-05
5.107746149523840579e-06
-1.060450450620586194e-05
-2.088718122919352933e-06
-3.941659953862276140e-07
-1.143678050236182857e-07
-5.630306154461760217e-08
-2.520957507833935316e-08
-8.717430388606843837e-09
-3.353326075615082435e-09
-3.170050420258486949e-09
-9.214774518572008216e-10
-1.073254993605191984e-10
-4.258704887999192688e-11
-8.298939381896450962e-12
-2.144420249206741474e-12
1.644236779488231459e-06
-5.649182612886409899e-06
6.746291758735821821e-06
-3.856182776464239080e-06
3.134991914716880033e-07
2.433927023195198516e-07
7.348500472856849473e-08
2.850065422869617645e-08
1.105090324047911699e-08
4.715435371400966703e-09
3.510261131351748058e-09
1.011352641731126689e-09
9.227612962556185063e-11
2.101378492319020977e-11
9.330518034937954049e-12
2.799054332162119853e-12
4.632452139432355746e-14
9.035340303755424588e-08
-8.888435751087021287e-07
1.796913564823057441e-06
-1.495160424415839714e-06
3.431271487281111164e-07
-8.189467356940435761e-08
-3.172425518444090672e-08
-1.077737112125752960e-08
-3.926660836409967261e-09
-1.579025248630017897e-09
-8.172770473391021256e-10
-4.408649579446085184e-10
-5.219114465193318850e-10
-3.977156242571212012e-11
-9.127606606750707994e-12
-1.781398476591602118e-12
8.145295312347239630e-14
2.076603942209861997e-02
-2.068970244972688499e-02
-1.506649913276959796e-03
-7.582250036424902388e-05
-3.546508983495228746e-06
-6.235140478011707378e-07
-1.336648292728062980e-07
3.198035804624691445e-06
1.618539601509047764e-06
1.762891097558892126e-06
8.996266753026141127e-08
-5.508007470214688759e-08
-4.506903466948973849e-09
5.967709526546645782e-11
1.779766980251672737e-09
1.027716322966127597e-10
4.133056193747286305e-04
2.373169868373470846e-03
5.231376616623489503e-04
4.938500840710162990e-05
5.508299161546158882e-07
8.304041706077868074e-07
-1.426680985949262611e-06
-9.980634374475750204e-07
-1.118268439364664965e-07
7.647091142044053410e-07
-4.644419015380893088e-08
-1.989279502391877678e-08
-1.201889166535620250e-09
-7.240347558763420417e-10
8.754974488835164216e-10
-3.124747525232123244e-10
-4.482497793134701037e-04
-2.391939584398107370e-04
-1.346865795427921379e-04
-2.998519911328156236e-05
-6.302359835815920625e-08
2.304679646028805686e-06
1.944822110454637839e-07
6.317662855289291107e-07
-8.107858912856538609e-08
-3.758817887442577570e-07
-7.696473468742884764e-08
9.099373455005981308e-09
1.986046517987584537e-09
6.161119586032216799e-10
-1.451832694805402919e-10
-2.840527934003564705e-10
-1.265628730760629323e-07
1.627644316839513912e-04
2.642366825494791985e-05
1.389141065617835825e-05
-3.753401883881564132e-07
-1.196254058548569756e-06
-1.142984258880432484e-06
-9.739178125953531799e-08
7.436576441020162842e-08
-6.300265249905985480e-08
3.080801924433763173e-09
4.146066581796603617e-09
1.046855316690876320e-10
1.765676676308626015e-10
-1.761763687424704707e-10
-6.447353813957437074e-11
-5.294091319291969772e-05
1.463988048132421968e-05
-1.110955389655651330e-05
-3.620475305020907308e-06
3.155884401304264919e-07
1.219980444372848411e-06
5.967576159345614497e-07
1.204770057923950265e-07
-2.245199932192720436e-08
3.874380078305109778e-08
2.919261562989428613e-08
3.758451197445937948e-09
3.781079257133943821e-10
1.951377154488343430e-10
-5.701465740393931099e-11
6.654003465073730491e-11
-4.232040580242221820e-05
8.033934112308006436e-05
-1.882805767567992275e-05
-1.731917079635970447e-06
-5.506375855457966253e-07
-5.796275729037140526e-07
-2.201530558683083904e-07
-8.957847112318198758e-08
-2.126420987666320346e-08
-8.761365364166241897e-09
-4.688391267513790021e-10
-1.521374382504168288e-09
-4.306358783887139712e-10
-1.777756593514177446e-10
2.476649304657065980e-11
-2.921283386455171068e-11
3.188300309338080952e-05
-1.790014887992126427e-05
1.309691985791675673e-05
2.619099164207583614e-06
5.553972045173045465e-07
2.604942330372497310e-07
1.266340129059745933e-07
5.276122759160735091e-08
9.671139252409778886e-09
4.588277977704913665e-09
3.068039939834700597e-09
3.433891433178196637e-10
1.538890536288845211e-10
8.793641560716601520e-11
1.134525556379803291e-11
5.322100595624854387e-12
-1.824629653429885655e-05
5.061176323955355448e-06
-1.064485896892792095e-05
-2.194423029030192180e-06
-4.595506873113049497e-07
-1.552035883596576066e-07
-6.837415169170091451e-08
-2.610075615530639418e-08
-7.173515239283951672e-09
-2.323866867205751295e-09
-2.743335489066346487e-09
-8.351585172459282713e-10
-9.600061282784970712e-11
-4.804469971672042057e-11
-1.141487301244858629e-11
-2.024282828496601450e-12
-5.860520926968555006e-06
6.744834408594876826e-06
-3.844931469829091877e-06
3.532561085674791379e-07
2.682566284812178321e-07
8.602209852878701119e-08
3.517250421528094170e-08
1.344642995512372778e-08
4.596551838798372241e-09
3.153866052652863319e-09
7.864206725745167794e-10
-4.361157256736537417e-11
4.735876747606880006e-12
1.367441867792509023e-11
3.074400755620311726e-12
1.534225270415274427e-12
-1.002140780281673630e-06
1.830020705122027684e-06
-1.565707791777007982e-06
3.192820801684427840e-07
-9.149147788826856750e-08
-4.617396631958164936e-08
-1.743170372965020968e-08
-5.796996038400185007e-09
-2.369060586970913843e-09
-1.368364846428326670e-09
-4.045276173793914144e-10
-2.673828575484484565e-10
-5.232857396992702744e-11
-1.582192557672646254e-11
-2.387380463526437977e-12
4.837063132342927914e-15
-1.019652280741954353e+00
-4.276616732801789139e-02
-1.318748127297952573e-03
-3.463643285369473278e-05
2.582131988137029403e-06
5.342499251500653247e-06
4.957086591849694856e-06
3.727026156558796603e-06
-7.646032697286625850e-07
-3.054906062870376684e-06
-8.390426556268019163e-07
-1.130790630761834997e-07
-1.777288513966440672e-08
2.290609268217448184e-09
-2.831623226123444844e-09
1.637944355334747063e-09
-1.158095299368880754e-01
1.120068474657215721e-02
9.597481580228154957e-04
4.985905371494968200e-05
1.251743851621466966e-06
-8.637491822238931345e-07
-5.322545208061425089e-06
3.581162994348848324e-06
1.017480725763251634e-07
-3.886325074961022900e-06
-5.897813726095936559e-07
-4.611621029447485043e-08
-1.987804929651450172e-10
3.251423044613563702e-09
-4.944986525089064016e-10
7.347379909709781333e-10
4.738537705447372524e-03
-2.274928329790535005e-03
-5.471038201979441318e-04
-5.435293647828329748e-05
-2.312205204559752296e-06
-6.846707003838176546e-08
5.004718092264570428e-07
-2.143744188454829696e-06
3.886040201698274026e-07
-1.104044771702269961e-06
-6.354605854134012087e-10
4.359987314826900554e-09
7.342415233110357109e-09
-8.405893528123710582e-10
8.024003844389755017e-10
-3.485830194656373547e-10
-3.097203331249326233e-04
9.470961559846032723e-05
1.223024815352401987e-04
3.039398869959016053e-05
6.818469122463573119e-07
-7.686190974365767586e-08
-4.937079596521202896e-07
6.798821957630576166e-07
-3.556776172005857703e-07
4.406257546620448678e-07
7.563037689538489364e-08
-6.437988962433604172e-09
5.346026803481304801e-10
4.880387146388871339e-10
-2.626793254842715867e-11
-3.635194125821067446e-10
2.601018299064072089e-04
-9.028308164770533668e-05
-2.080193106455859777e-05
-1.572666574875814571e-05
-1.358043265163715893e-06
1.616852498732208087e-07
-6.941182083799317933e-07
6.630812473794100680e-08
1.805989413578897695e-08
4.652746373728815809e-08
-7.269439627236258186e-11
-2.452830473833223534e-09
-3.548407399348042867e-10
2.274065284206169007e-10
1.750819979723778102e-10
-6.134499225995075295e-11
-4.315832017275622986e-05
-3.657649371679925864e-05
8.549465998710440156e-06
4.796046627664625417e-06
5.106517883472818780e-07
2.157363716601413638e-07
1.951064098145051895e-07
1.475882323310286969e-08
7.550337163884941397e-10
-1.917446476731658797e-08
-2.973295266969324926e-08
-3.689369633430048190e-09
-6.518421784509688388e-10
-2.928408744719220692e-11
-4.817502092664879974e-11
2.972899466253735358e-11
-6.886036110296842407e-05
-8.446898595278093088e-05
1.909297932779402654e-05
9.046750004551581763e-07
-2.498209298039097898e-07
-5.320268204091347928e-08
2.693973019262843609e-08
-2.152045979668287782e-08
-2.620020087023179600e-11
-3.810049587001214809e-09
4.386168752174437776e-10
1.356237264895655901e-09
4.168179270527117359e-10
8.574539455989772678e-11
1.490053101094751356e-11
3.899098828108777330e-13
3.421696433526928390e-05
2.827446643882547479e-05
-1.209051815551786282e-05
-2.031430579335562911e-06
-6.303991253676500277e-08
-3.047627007190643455e-08
-2.070333393229917522e-08
-1.002269880354630916e-09
-6.991801616542146779e-09
1.047961432048284205e-09
-2.970377159236337758e-09
-1.343645186942173770e-10
-1.540614272522555380e-10
-6.294127871002172875e-11
-2.596732737511953192e-11
-1.942671614935645393e-12
-1.882974955488397659e-05
-1.531038212113175834e-05
9.257577456271420333e-06
1.799045353929149546e-06
2.277843016813317597e-07
2.734596134315266067e-08
1.403504373087408985e-08
6.045578660697172170e-09
6.387412306519021450e-09
-5.172616261066879726e-10
2.506187290163654511e-09
7.446482065580746873e-10
7.870671058366063665e-11
3.717505810768512327e-11
6.135726143419535028e-12
2.518281117381964121e-12
-6.883284452390303202e-06
-6.743341981294089856e-06
4.619906744541084986e-06
-1.079202527935972158e-07
-1.559468410029223090e-07
-3.208319440732611957e-08
-9.930475224509036818e-09
-5.041374165155156933e-09
-2.474668271130160372e-09
-8.822632475377078064e-10
-8.282846321498463465e-10
-1.571427741264579875e-11
-9.838978743502136246e-12
-7.125334367636879640e-12
-3.255538366479073116e-12
2.763220832065481327e-13
-1.094036511688003588e-06
1.729810278150056286e-06
1.374780682590306755e-06
-4.355529566152404044e-07
4.695779498146210179e-08
1.709996583166692225e-08
4.646568756394963949e-09
2.998663027618622825e-09
1.109420610665191878e-09
-2.322482600926157197e-11
3.337629441912768178e-10
5.043361983158037827e-10
3.091635130490735114e-11
6.316891188798272528e-12
1.833916381785974723e-12
-9.721544090496132776e-14
7.158394972341482199e-02
3.020263350389018261e-02
-2.023023350637586856e-02
-1.490961413314601143e-03
-7.592690712581034464e-05
-2.520904349175580481e-06
3.454118471268611381e-06
1.266645602682664626e-06
-2.643792781075040821e-08
1.815023410634814551e-06
1.792421071044385664e-06
1.216509790572983760e-07
-4.837704325693381343e-08
-2.210743275673994589e-09
-3.029995571125643916e-09
1.915912968468651751e-09
-5.410709510311130661e-10
-8.755617981806036038e-03
-2.850215029858282640e-03
2.090157416444519967e-03
5.076430363871892735e-04
5.019783933745497419e-05
3.704565593837650456e-06
-1.112763641861135800e-07
-1.736737066959249378e-06
1.357045610191874723e-06
-3.037410444780590103e-07
7.552196266131896255e-07
-3.876665735281982706e-08
-1.816939482004361085e-08
3.399067903935134832e-09
-1.726184837861372483e-09
1.020511618302586303e-09
-1.145478435726261906e-09
6.858088036408381116e-04
4.108805094176898581e-04
-8.321061023885323500e-05
-1.250366213269454873e-04
-3.323980669019247397e-05
-3.696053831332295670e-06
-1.112920602249478046e-06
-1.239153205241690801e-06
-2.166689622555984525e-07
1.313910064759238417e-07
-3.834846500554378002e-07
-7.939485167158445132e-08
7.328473113806567331e-09
1.250664764902514004e-09
9.137720181779356005e-10
-1.703238440552483581e-10
6.471775435749935015e-11
-2.081861407466357972e-04
-1.968542714034166908e-04
9.564789345627149216e-05
2.043988146286123732e-05
1.633174399917621493e-05
2.726469656371092021e-06
8.179749370171311095e-07
-1.937829311078561430e-07
-3.227153301951733921e-08
-1.040736437776466401e-07
-5.078727287197832971e-08
1.677272112523383766e-09
5.777252818638000210e-09
3.000265017003805581e-10
5.484719647936322253e-10
-2.571157407379991005e-10
-6.109944440163411159e-11
-1.724851784226978871e-05
5.182349330774069370e-05
3.864278269689622809e-05
-8.489934924646834881e-06
-6.392401704674767860e-06
-1.480489808503219027e-06
4.000672540472184339e-07
1.794453428414151332e-07
2.071164846702285262e-08
3.056019466395206237e-08
1.931923602563989404e-08
2.806971806538069839e-08
2.922915382933637163e-09
8.001267246793723063e-11
1.186246465526889011e-10
1.037146365237342618e-10
-1.219556893668332807e-12
-5.155197128199323750e-05
5.750976143565840243e-05
8.341258462057464117e-05
-1.888777215801026502e-05
5.823845614497884900e-08
3.739351344494609896e-07
-1.775632205949464830e-07
-4.081750905600704363e-08
-1.033075605708782197e-08
-1.432885516084443191e-08
2.437954806500039974e-09
3.858288236202050302e-10
-1.078137696320242431e-09
-2.507542020126387211e-10
-1.557638840827805974e-10
-4.479395066589983204e-11
1.942511438910610073e-11
1.110142939305212167e-05
-3.214005477896488661e-05
-2.807420331768975050e-05
1.192372606525746146e-05
1.733768512332799611e-06
7.832062095292354194e-08
4.470720325074837413e-08
3.754723067914746934e-08
1.449518220890174579e-08
9.807796698337951544e-09
-1.135604830778541045e-09
2.515129775129994028e-09
-2.037111259619826085e-11
4.242605532483034961e-11
6.106995492239880891e-11
1.415033482193177497e-11
3.479935868595855671e-12
-4.009391934322538988e-06
1.818977264827425041e-05
1.525926427275329917e-05
-9.194354880845218841e-06
-1.737422262535709960e-06
-2.321332697162024629e-07
-4.688784184767762038e-08
-2.416955027952159012e-08
-1.086095402356109063e-08
-7.289471356292015165e-09
5.105414361250527552e-10
-2.313114366176516763e-09
-6.273692752297088339e-10
-3.425637871170123873e-11
-3.310515107362008418e-11
-6.404993810985020661e-12
-4.347040541762940245e-12
-1.560188919530189308e-06
6.706844485540137034e-06
6.735240159570013362e-06
-4.630179282601072542e-06
1.021449282054638119e-07
1.624989532933405258e-07
3.581094754488086491e-08
1.586719137485325993e-08
8.460316608202201516e-09
3.166231439209407177e-09
9.716663299548762682e-10
7.447126551237565019e-10
-1.415058649994445695e-10
-2.159429485785404684e-11
5.519533567328183811e-12
3.398150757627633613e-12
-2.805405428694274083e-13
-5.429721026953119814e-08
1.007615570965763292e-06
-1.935596360045439584e-06
-1.481279158200214557e-06
4.484219151037044667e-07
-3.930341055553623610e-08
-2.299334304186370309e-08
-8.425449155192458620e-09
-4.117987583469618734e-09
-1.622628202140508770e-09
1.536495407711517664e-10
-3.380078769816003367e-10
-2.093293706161912925e-10
-3.160040931928632975e-11
-1.046391947195583015e-11
-2.965555485769030822e-12
4.658849987475404986e-13
-1.532089101675730702e-01
-4.678096792450732282e-03
-1.284791104319191982e-04
-3.645206498997396030e-06
-1.833190777863564998e-07
1.072957371953506034e-06
-5.831961682278800834e-07
-1.065118842906651076e-06
-1.239078548883781077e-06
-1.194120052519553736e-06
-1.489110709284999061e-07
-2.339223019795441134e-08
4.558617637648369208e-10
-1.777949330610807494e-09
3.278461441950035976e-10
1.851919352273267531e-10
4.299775880956949875e-02
3.454446987755544797e-03
1.750036561346084965e-04
6.862664314586258074e-06
-1.073795759458448709e-06
-3.872377732058831503e-07
-2.893346103983449671e-06
3.717008092405069654e-06
-1.815084557185803438e-06
-1.038390349762947263e-06
-6.169016294147128151e-08
-1.458345758670784870e-08
2.802735673742147024e-09
-1.724976334621989093e-09
1.027556513999749630e-09
-3.876006281462171095e-10
-9.904075416046037930e-03
-1.952243375825979486e-03
-1.840368421364291110e-04
-8.077733639137605077e-06
5.341176415873372382e-07
3.726776223858984457e-06
3.001234359701082366e-06
1.734393265681278863e-06
6.505712883549696923e-07
-9.323617356528512655e-08
4.193870403345916045e-09
-1.588557274881272184e-09
-4.058368940977222852e-10
2.071029733659367899e-09
-4.059751784301797997e-10
1.631626631960891365e-10
6.307401413988352086e-04
4.877229421381074959e-04
9.886480944930800389e-05
6.700589070914140201e-06
-1.802748346529249851e-06
-9.232287637908220958e-07
-2.285448977235086651e-06
-9.108947916886041045e-07
6.724101469045113035e-07
1.738229067282141670e-07
-2.572123306548639421e-09
-1.604101329761759424e-11
-3.249828030350448558e-09
1.268443203523061906e-09
-9.776400466340006301e-10
3.392141562922649397e-10
-3.769213061495567201e-04
-9.945729333556674030e-05
-4.425635651101260366e-05
-3.870989484161592125e-06
1.018374886501933535e-06
1.510019728035401885e-06
7.005527539544651441e-07
3.198882119455233541e-07
-2.926918086385383380e-08
-5.982114926984262249e-08
3.580549576701772608e-09
1.313974180051581506e-09
2.669927428645401925e-10
1.577753459337930699e-10
-2.631200135425847861e-12
-5.089044435901316784e-12
1.121985798769059047e-04
4.656023075327236032e-05
1.715393005489134056e-05
2.041019571635955699e-06
-1.854582011330851351e-06
-1.130069933096587249e-06
-3.053346686579374351e-07
-1.038422083302033780e-07
-7.281836761397620445e-08
-2.081045267234538950e-08
-8.400704501040170047e-09
-5.165415783025648582e-10
1.266105749610468680e-10
-3.966563518264879752e-10
1.129283409142482894e-10
-8.471278899449695963e-11
1.390768289094497544e-04
6.044600667987913345e-05
1.860364336947349411e-06
-7.731582600716202726e-08
1.141143305899234143e-06
5.537951601477573950e-07
2.180427142534405268e-07
5.990976610208667063e-08
2.568399246422716439e-08
8.024212425610429402e-09
5.521305022947104292e-09
6.637534328599131568e-10
3.580165716671994744e-10
1.373302006526000260e-10
6.361084094110467714e-13
1.070840092914549442e-11
-2.511558630659471434e-05
-4.102996841862725476e-05
-6.443091584149960567e-06
-8.104894926407993872e-07
-5.057699580362925710e-07
-2.724079101975760243e-07
-1.205243876364217010e-07
-4.237920210258577825e-08
-1.256154470716554209e-08
-3.317649822869142842e-11
-2.489036868480450432e-09
-3.199571044064156855e-10
-2.586342236640069109e-10
-5.668588805058392144e-11
-1.574598515555127499e-11
-1.507423231148815475e-12
9.540292204326731147e-06
3.095879318979631909e-05
6.275949998536446101e-06
9.621342597157046623e-07
2.818319800550824589e-07
1.331330379813019435e-07
6.314853387174501957e-08
2.181874133267384624e-08
4.803103123371801104e-09
3.587570432367326705e-09
1.891366008800266405e-09
1.825544030306652859e-10
1.436218160326245774e-10
3.168901804592461309e-11
1.035928170541408051e-11
3.246829351136464007e-14
7.564217882119771094e-06
1.704267306129083121e-05
-3.237921213653288380e-07
-5.889185407302272162e-07
-1.629119651363453338e-07
-6.596799854608602374e-08
-2.904403632704262057e-08
-1.119981356039578954e-08
-1.907389063383461028e-09
-1.963026373579054332e-09
-1.174199376660676486e-09
-1.580944506967105232e-11
-3.983755508765509408e-11
-1.205354126446951530e-11
-4.802055369958583364e-12
-5.264356361828811108e-14
-2.175285341246377141e-07
-5.265631162737073878e-06
-1.669125184788057767e-06
1.343633313296105429e-07
7.143090523748535283e-08
2.307829106589036875e-08
1.032365417941994748e-08
4.492344539802139823e-09
1.639163655801204247e-09
6.238039418902763735e-10
8.774394032527147091e-10
9.780212305031008633e-11
1.429596882129421495e-11
2.182665484010229452e-12
3.671110969234395582e-13
5.331087507237967914e-13
-1.528489617214043861e-01
-7.646138475782819632e-02
-5.295814317512622348e-03
-2.559932900178109143e-04
-1.006963418170010780e-05
-1.066768074601882042e-06
1.082031142155086513e-06
6.803488868455892422e-07
-1.844767000959358877e-06
1.514427245533878197e-06
1.248415136876270449e-07
-7.324194241292668544e-08
-1.309152523127163243e-08
4.465239452278449982e-09
-3.887763497494078361e-09
8.535782300367328551e-10
7.884553346765563399e-10
2.825601124504539992e-03
9.068806560410907353e-03
1.818384875450749366e-03
1.753553828846492017e-04
9.356178866525123670e-06
4.506093308433870936e-07
2.857331667331777236e-06
9.986066489478722561e-07
-3.842206586480706122e-07
-1.166479445941995557e-06
1.263899497343474054e-08
-6.519301526638007789e-08
-8.178642997788192167e-09
2.012741917265060162e-09
5.897115568216305069e-10
-3.028622789031751025e-10
-8.064394789215795288e-11
2.148280145137651596e-04
-5.868222583968830735e-04
-4.870384811757505245e-04
-9.663217897480430238e-05
-4.968289056919060015e-06
2.622872560119324710e-07
6.427230824460012648e-07
-1.725011984563942741e-06
8.817885928248305043e-07
-8.238898052126846080e-07
-1.232155889594389284e-07
1.438964603271401364e-08
7.902867213437231790e-09
-3.221318220870417683e-10
1.192688025153902055e-09
9.750032000726728888e-11
-8.040501181231606616e-11
1.348255441700566828e-04
4.003970971558482353e-04
1.009848644119655438e-04
4.399811622380469048e-05
3.572278568532549364e-06
-4.876333767719386561e-07
1.334531529665750705e-07
1.576513411316226263e-07
-2.859889815261539884e-07
4.414863917036537900e-08
3.082317094061364892e-08
-1.282336156267651842e-08
-1.566713254596867101e-09
-3.410454609665049864e-10
4.680024256901580506e-11
1.160487965586626305e-10
3.929545892394499984e-11
4.833332569896083187e-07
-1.097597505698461338e-04
-4.550459553115202428e-05
-1.630588866676536901e-05
-1.586624974730820602e-06
-1.473660637992305447e-08
7.779577969502262416e-08
1.586235598373565949e-07
3.475454229850976518e-08
8.570342154910472695e-08
3.427579254476875220e-08
1.428124846511516191e-08
9.249213664732325846e-10
3.132275015503226788e-10
-5.254871260104332400e-12
2.564685624222011702e-11
-2.716533496370365095e-11
-1.289120578124874989e-05
-1.398864539031964506e-04
-6.095414187542717068e-05
-2.362661140035975092e-06
2.298438736514424973e-07
-1.439079846710400832e-07
-2.346584667658211808e-07
-1.101908806782166325e-07
-3.962897566775072689e-08
-3.597951515851600510e-08
-1.496195026002638534e-08
-7.985957060158724100e-09
-1.095278770585568876e-09
-3.197035337386656525e-10
-4.184604806496871962e-11
-4.058024927246971233e-11
1.935333037468722769e-13
2.850407844503855781e-07
2.483171389511463055e-05
4.119848999961876198e-05
6.546841434059030466e-06
5.823637262820480464e-07
2.408184165257864175e-07
1.748622894110162365e-07
7.944152402489323760e-08
3.647627714473218963e-08
1.703868664073853988e-08
2.980852138346301470e-09
3.465622287475950941e-09
5.966752967786660819e-10
1.953926518020727814e-10
4.060188636166232160e-11
4.868516749634046170e-12
7.710632931400813553e-12
4.118188939776935751e-08
-9.429626947548559629e-06
-3.101106296006328158e-05
-6.253843358660714604e-06
-8.589596086607070509e-07
-1.946062242669658402e-07
-1.086420534627770675e-07
-4.952645983342640221e-08
-2.191658978966149825e-08
-7.008086664383086087e-09
-4.939819288303085657e-09
-2.338725637185928107e-09
-2.979279077125292300e-10
-1.193132108281185363e-10
-2.483003904920258632e-11
-2.105240502551058442e-12
3.428780111887388187e-14
-7.168670203861244979e-07
-7.633486704281184339e-06
-1.701988307806541224e-05
3.011304862471748151e-07
5.361950686423517236e-07
1.399053981916694432e-07
5.983980580128589474e-08
2.749111060260256827e-08
1.269705448564754979e-08
3.235243853716474179e-09
2.855956186449482643e-09
1.210371161240741374e-09
4.515743674280923576e-12
4.434632955874060737e-11
5.703494919029025809e-12
2.106529912676762864e-12
-1.400903977055044697e-12
-1.687119859902002567e-08
2.432700383517142974e-07
5.264941650753962956e-06
1.758685192319815563e-06
-1.169025818081304711e-07
-8.472932335275314185e-08
-3.021479949620830682e-08
-1.403800270303476245e-08
-7.065684573841101099e-09
-3.259356134234877425e-09
-1.235715555581821367e-09
-9.592419438699000238e-10
-8.304618454077633806e-11
-3.132371474782787737e-11
-2.617710959469227917e-12
9.630603680929980143e-13
-5.290688159749992914e-13
