1.324677217214084157e-01
1.028950725832225910e+00
4.250229209241978418e-02
1.267170695467094692e-03
3.349630225483383165e-05
4.140009902580136135e-06
4.003078596756184129e-06
3.723197139967357880e-06
-4.233945961151118716e-06
9.719379275516507516e-07
3.443243584973166785e-06
8.761884164239694088e-07
1.211910972002953110e-07
8.973560929655714179e-09
-1.622911807380512282e-09
4.645853271353554852e-10
-3.501675043578948894e-10
-4.541551397597459738e-02
1.223371062324146719e-01
-1.275136628594618522e-02
-1.046487730653488041e-03
-5.404934546272701192e-05
-3.816088714677631560e-06
-3.769343898064731800e-06
-5.852423874645114760e-06
-2.136977513111512834e-06
9.023025246862154541e-07
4.819029155670765317e-06
6.868327295617570843e-07
6.278388301912125329e-08
-3.641280420898915858e-10
-4.800858509740363603e-10
-2.002671725408385949e-10
-3.491080230369449876e-10
1.168227990086806618e-02
-1.570473327642939653e-03
3.160789303875991864e-03
6.790244974469587021e-04
6.091750238410396240e-05
3.949114606837453702e-06
-2.308273918639901847e-08
5.227999180876162998e-06
-1.641359376996027407e-06
-2.058005219112484081e-07
1.316870309028228030e-06
-3.164873144328294498e-08
-2.075593069897664535e-08
-6.064309135778056106e-09
-3.181722447969929934e-10
-2.025660898519436546e-09
3.730234257941624329e-10
-1.040439311406045906e-03
-7.064212652458377092e-04
-3.631575990606739166e-04
-1.828929686714408399e-04
-4.028622869071386782e-05
-1.734271825695631559e-06
-1.018419075980054935e-06
1.864287003729221101e-06
3.672798835621807861e-07
2.619222493857150453e-07
-5.590547947062393354e-07
-8.836018891765541655e-08
7.958945580095251358e-09
-1.435499728989949702e-09
-7.498324491119640614e-10
3.727977214313261612e-10
-6.223834916010111117e-11
1.886792352681634314e-04
-1.368612435852714564e-05
1.724431834249471761e-04
3.531496028121600280e-05
2.193160524340749301e-05
2.392443666163094035e-06
-2.496924400829240670e-07
-7.550959376417632843e-08
-9.178247554613797590e-08
1.674224288743686255e-07
-1.150389421795025638e-07
-5.032678051849593463e-09
3.922143195643316279e-09
6.496348680506956789e-10
-7.974922607366292960e-10
6.765172173328326854e-11
2.410482646259552705e-10
2.346324254228752580e-05
-7.849453514025674452e-05
1.307177292582754259e-05
-1.373087442839457346e-05
-7.488312195094535050e-06
-4.487086062736064368e-07
-1.378427539534659090e-08
9.730398943736267848e-08
1.471347227900182838e-07
-4.325388760104547222e-08
8.245520517392423504e-08
5.032405939411649947e-08
7.192960352523732240e-09
5.993666759344752894e-10
-1.019091817941214984e-10
-5.633409814823871577e-11
3.812781246039010327e-11
8.164505691098900507e-05
-5.244948460869304399e-05
1.277834945613992861e-04
-2.987981774801750414e-05
-1.435357625548251151e-06
-8.337367642285577993e-08
-2.142333305039875312e-07
-2.507683765694383335e-07
-1.144307370090768444e-07
-3.409525319454319196e-08
-2.304523745246445491e-08
-5.783288987131353394e-09
-3.333989784408955625e-09
-5.399083186159634793e-10
-8.754595002106031463e-11
1.428656303093861618e-11
-4.971823359928073288e-11
-1.845873982140714450e-05
5.307598424312059488e-05
-3.099589782179450041e-05
2.240500351705681362e-05
3.954736766845975191e-06
5.168264632193956521e-07
2.979869916523089406e-07
1.660541693977096199e-07
8.372168182201405014e-08
2.240496534979327680e-08
1.260741782557593402e-08
7.287657379518771912e-09
7.894997177944768628e-10
2.882422106626162357e-10
1.481146773149513946e-10
4.009137269566844428e-11
1.431830806377292665e-11
6.751997278428806594e-06
-3.297886468829689787e-05
7.545739212417914161e-06
-1.932117271749940449e-05
-3.873559956617418903e-06
-7.273354565891084311e-07
-2.067683283208486831e-07
-1.034374551156438709e-07
-4.755499324119729612e-08
-1.695728389820952165e-08
-5.476369284857344639e-09
-6.061947226411937835e-09
-1.736507751891153194e-09
-1.909106008681951487e-10
-8.773699386704927198e-11
-2.091222444450465960e-11
-6.319049076325557831e-12
3.615677659253996719e-06
-1.262184817622632748e-05
1.457452287747442130e-05
-8.615168594287469760e-06
6.145606828480677082e-07
5.045226064419476434e-07
1.519727732706572328e-07
5.708758429102006066e-08
2.199495041487637363e-08
9.885005331118248978e-09
7.843917846051240012e-09
2.078195663904483799e-09
2.304388214714376241e-10
4.743143055796581866e-11
2.090624993574634405e-11
6.035295459209238585e-12
-3.133699226962019930e-13
2.236092106461040480e-07
-2.143059673606351929e-06
4.300701853101439834e-06
-3.397691226314074979e-06
8.199512062744095722e-07
-1.923928258675812202e-07
-7.228579023873996391e-08
-2.426808588313184699e-08
-8.667936630466623579e-09
-3.722315740842722582e-09
-2.097064441360278792e-09
-1.262773791282695019e-09
-1.341107549787037366e-09
-9.787243360189684437e-11
-2.145853065117412090e-11
-3.644468632983053988e-12
9.272805435690713802e-13
2.323860387479854961e-02
-2.288315241892958235e-02
-1.628587874636041027e-03
-7.917280959613993150e-05
-4.225786994477634565e-06
-1.877788954984454089e-06
-8.510813116867006873e-07
4.142186646388181613e-06
2.065625347353758980e-06
2.240328211002265727e-06
1.046987522393204941e-07
-6.440463225296807234e-08
-6.490336824960959522e-09
-7.417411337982168483e-10
2.219980241989138852e-09
1.960197012524346761e-10
4.588211838882102589e-04
2.918880435031708572e-03
6.314533538751416738e-04
5.722851130107748784e-05
8.590925601186761657e-07
1.691400800052334733e-06
-1.436723558149533561e-06
-1.086366160809030761e-06
-2.685892650384538985e-07
9.713919774755595972e-07
-7.492557093329549129e-08
-2.507706948575953069e-08
-1.532864138782624908e-09
-8.649836665232128092e-10
1.075009749177977805e-09
-3.659658831326019238e-10
-6.046264233270777456e-04
-3.502015333708376936e-04
-1.859405903320838875e-04
-4.007297236864472125e-05
-9.172083294988555203e-07
2.774155948449663454e-06
-2.969442857869399733e-07
7.518589712218254187e-07
-1.517688797051578123e-07
-5.571481407247467597e-07
-1.197069667059288886e-07
1.329871558780519966e-08
3.070859353968223297e-09
9.107166607056988461e-10
-4.004420354736064804e-10
-5.030665384376306621e-10
4.380173307179889824e-05
1.799455978169900970e-04
3.554572943468679196e-05
2.111603720224552181e-05
3.387192708021254877e-07
-1.304689796418792167e-06
-1.556628579248756917e-06
-9.954732847645928526e-08
1.482510291159853807e-07
-8.388422063670389581e-08
6.889700821085908887e-09
6.401275723835614586e-09
2.998692836359934792e-10
4.075657269397088632e-10
-3.054888977912495666e-10
-8.417122097122107367e-11
-6.761994208103394230e-05
1.434107078411093221e-05
-1.455604284053020327e-05
-6.499719911165938537e-06
-3.560820159388339810e-08
1.744840775387739077e-06
9.196531841057409085e-07
1.667922339696446725e-07
-4.318587001817909917e-08
6.229291513267921113e-08
4.563246576853887445e-08
5.826985004359572716e-09
3.257263036894231045e-10
2.543306077578378909e-10
-1.140080361324731361e-10
1.324462955604171712e-10
-6.892309574059416757e-05
1.271679608537625733e-04
-2.953599134463852789e-05
-2.396921015567454451e-06
-6.714482393796259907e-07
-8.953019233455614018e-07
-3.348131147707788443e-07
-1.381066280425351435e-07
-3.245031198913004233e-08
-1.560865588272293216e-08
-3.198159803486646917e-09
-2.821976713134183862e-09
-7.354608456932116836e-10
-3.037409839302367524e-10
7.241694324236141847e-11
-5.238674350586320824e-11
5.580653157175918583e-05
-3.109023816069552630e-05
2.243851141332822461e-05
4.461944261484282560e-06
8.887502217622306772e-07
4.229764555591710745e-07
2.090055658346697032e-07
9.052022401841596322e-08
1.549757471097350965e-08
8.432976286505546743e-09
5.900967867986853699e-09
7.245466548382469342e-10
2.780664494342228414e-10
1.620202711735368909e-10
1.702187706274947622e-11
6.579023036080747201e-12
-3.368371516845204271e-05
7.516137547552544008e-06
-1.938514955919110673e-05
-4.089176767344555915e-06
-8.522385706470515530e-07
-2.838618211357836598e-07
-1.263460412345640448e-07
-4.880344804365752156e-08
-1.422814367181180022e-08
-3.722691280877584459e-09
-5.398778305323841666e-09
-1.661895733129474297e-09
-1.865185341851868041e-10
-9.628791741150931758e-11
-2.308319500546140382e-11
-4.100488570611056425e-12
-1.307619251133888761e-05
1.455295784772095497e-05
-8.595937441414570871e-06
7.096890379465082831e-07
5.584258596555448625e-07
1.814931005112642312e-07
7.346470772439406336e-08
2.828236092905482718e-08
1.008987862856440344e-08
7.251409159454483760e-09
1.606949235026676494e-09
-1.169064469495248033e-10
8.349903308052945445e-12
3.302417912533621726e-11
5.503768247472729254e-12
4.049795371100746248e-12
-2.411213456683595392e-06
4.405408407154741800e-06
-3.583547981248243293e-06
7.590542813657824190e-07
-2.175210323097595945e-07
-1.105424348578586876e-07
-4.160204229746082301e-08
-1.372161011436080521e-08
-5.836441054458659098e-09
-3.605581364390219464e-09
-1.215485142829393794e-09
-6.735906269681353781e-10
-1.429221407091559531e-10
-4.239093944122222389e-11
-6.828337858995944524e-12
2.675369928957915440e-13
-1.020967821246495211e+00
-4.230409800743881871e-02
-1.261067827711862639e-03
-3.018297964371015376e-05
3.088007638209374987e-06
5.117388955077236038e-06
5.596082601860806099e-06
4.205143136545102515e-06
-8.274480742888782732e-07
-3.397916698027422601e-06
-8.744177819526496591e-07
-1.172604136567630315e-07
-1.892873963969871370e-08
3.143394983839193888e-09
-3.531023608595729622e-09
2.212153037067915996e-09
-1.289572336148643028e-01
1.241692179977488437e-02
1.034971212310222335e-03
5.201973929667260473e-05
1.619870337098845162e-06
-1.470034266289669921e-06
-6.252186239520396495e-06
4.636487594081792984e-06
-5.107733181027025919e-08
-4.680874012215083378e-06
-6.613888522266985611e-07
-5.258364010382145100e-08
3.139719207477012471e-10
3.732710403779661757e-09
-8.672927195065103838e-10
1.078439372541675321e-09
5.818286118793392428e-03
-2.812553321098097085e-03
-6.608793544332387934e-04
-6.179767115823413704e-05
-2.430902286742132069e-06
-5.192500383362769238e-07
4.127913002457882453e-07
-2.461014490099279958e-06
5.032105885125872618e-07
-1.375637438500912070e-06
5.768893479030247068e-09
5.674696575811889354e-09
9.158462264731770028e-09
-1.593407739997886393e-09
5.427960504514429280e-10
-5.027393491646999507e-10
-4.606021764825758463e-04
1.572738930436863201e-04
1.684484170616296138e-04
3.988850717186394909e-05
1.828170073638127403e-06
2.706257703136509703e-08
-1.046780357410871203e-06
9.495496940940743687e-07
-4.944973472898634615e-07
6.384623478380587437e-07
1.147787002407250913e-07
-7.773616204105728251e-09
9.630059304888550897e-10
8.548277151768894613e-10
-2.997317957950987655e-10
-5.125199988304931769e-10
2.674441284998329898e-04
-7.586245328482658424e-05
-2.615626011631864653e-05
-2.307574213995266691e-05
-2.516185465167935552e-06
3.787566912259428082e-07
-1.041881551324308399e-06
1.058198629141908210e-07
3.504044327187755204e-08
5.962456813748481692e-08
-3.181039958917119079e-09
-4.553667709685661014e-09
-7.719260535203487757e-10
3.230278974326452800e-10
3.475401550820918742e-10
-1.073219649379262093e-10
-5.139727482149736255e-05
-5.001517637363503828e-05
9.326643029914226282e-06
7.872899557382354507e-06
9.750928529929446436e-07
3.967045294420511061e-07
3.692913119416022016e-07
1.950170461991308615e-08
-2.882636640642267911e-09
-3.223693907206883530e-08
-4.584321822287836225e-08
-5.624616856038247442e-09
-8.510139707621847354e-10
5.221662961766981986e-11
-3.993497388604485243e-11
4.028924102366877668e-11
-1.115694156260698988e-04
-1.328497186443678248e-04
3.071680181622978077e-05
1.284048794613597317e-06
-5.441315340355341392e-07
-1.491479628947238413e-07
3.637413950277834264e-08
-3.968536348754802944e-08
1.466843124747079794e-10
-6.093790043376083984e-09
3.027978458831464579e-09
2.441173509014532463e-09
6.236356736167166106e-10
1.085547837119527548e-10
4.705157328488505983e-12
-1.939369170298961704e-12
5.963327626757868868e-05
4.882982500298520804e-05
-2.098211581124760224e-05
-3.540554658952076983e-06
-4.286813065547649804e-08
-2.758716302529230766e-08
-3.378077972374719150e-08
3.304454308151511756e-10
-1.031413582297518390e-08
2.447722230489975172e-09
-5.478789744244354650e-09
-2.209015236561328335e-10
-2.523282669937682384e-10
-1.122405679691723711e-10
-5.391839808637427611e-11
-8.869244535592076892e-13
-3.412982067476924905e-05
-2.651588060682309733e-05
1.683322096805193739e-05
3.375890362955689618e-06
4.178849533123178305e-07
4.245547461668963385e-08
2.287126237248628643e-08
1.145813414646457019e-08
1.220950046803246313e-08
-2.034848103620866161e-09
4.779558539327678036e-09
1.402209366948888627e-09
1.245393479186196212e-10
7.303010693624353805e-11
1.221400732312631762e-11
8.266007949557508721e-12
-1.523156460949794424e-05
-1.481472760160225850e-05
1.020686205772211884e-05
-1.949976463426742957e-07
-3.251651574313411530e-07
-6.575150313977370012e-08
-1.830868224519676152e-08
-9.958120739880292414e-09
-5.273994235297038747e-09
-2.195942538143575003e-09
-1.703913873293506293e-09
-6.187682590698213164e-11
-1.303927934933745921e-11
-1.456042140419442313e-11
-6.003710270727690320e-12
-1.841798579594671318e-13
-2.625784033917142622e-06
4.009366536842508781e-06
3.110930152497911212e-06
-1.033450539331410299e-06
1.129175924346313141e-07
3.878529679984514669e-08
1.019768199579884490e-08
6.466100521622649680e-09
2.174485603028682365e-09
9.893314285208375629e-11
9.778046496092269622e-10
1.304691238371876853e-09
7.623452913055630889e-11
1.482527329254683185e-11
4.242412304373329353e-12
-5.925782707452174913e-13
7.916674173040932905e-02
3.346187945306550865e-02
-2.240282591190646128e-02
-1.611469764642140543e-03
-7.852548442693373164e-05
-1.845517869861406749e-06
4.858990130196533631e-06
1.727021167027119626e-06
4.524635201586119223e-07
2.334495577662905133e-06
2.264552807146382437e-06
1.336621313868518003e-07
-5.888650415584033494e-08
-2.141664933788274688e-09
-4.970203362377617488e-09
2.462361430036305500e-09
-8.413772343675407348e-10
-1.080659526733812777e-02
-3.488143867372165384e-03
2.587796829189904085e-03
6.132018784169855933e-04
5.730734904209593833e-05
3.570749371795938666e-06
-6.197784528244451772e-07
-2.187039885556076423e-06
2.125403147194149792e-06
-4.799307805270312127e-07
9.684917711284208134e-07
-6.343197140915628320e-08
-2.386531638872242854e-08
4.302390420750235732e-09
-2.708488674266060854e-09
1.414249039245031030e-09
-1.625268552820268851e-09
9.834140579911198818e-04
5.730194344656144422e-04
-1.436511049473682166e-04
-1.724039589567280810e-04
-4.323399445629327073e-05
-4.314163947311841007e-06
-1.415208336611358077e-06
-2.001083835659078570e-06
-3.692604937839277229e-07
1.357255416418066412e-07
-5.661374548031775930e-07
-1.238717488903382725e-07
1.061417817472740437e-08
1.618830766194375680e-09
1.482507712115703650e-09
-4.316063231664328751e-10
5.316407031965825204e-11
-2.106962384920016906e-04
-2.119995413888172548e-04
8.154559707028272055e-05
2.578460584033555339e-05
2.345038606399879068e-05
3.915826217859795591e-06
1.487299840478683715e-06
-2.188837107086860203e-07
-5.933536421189542157e-08
-1.336608239903921235e-07
-6.414020824014497514e-08
5.979864167326150904e-09
8.987696961226575668e-09
4.731065388619599773e-10
9.335135166201100116e-10
-4.238046336568542034e-10
-1.029078289845870309e-10
-2.405536887526019409e-05
6.290188548682368959e-05
5.222785752916224211e-05
-9.410471906703663612e-06
-1.015792299691263201e-05
-2.472317022514740383e-06
5.675229374719947654e-07
2.803946256134334167e-07
1.574633927514238695e-08
5.161573563470528791e-08
3.085382212334464897e-08
4.357416872222506205e-08
4.627983561871053300e-09
-3.684193668202948397e-11
1.488332953353603593e-10
1.665222735026302222e-10
6.244993668056077182e-13
-8.078899979727859016e-05
9.385621230641106227e-05
1.313872589533661092e-04
-3.034149239120430687e-05
3.740396804730045160e-07
7.541901559580116130e-07
-2.772695732919822957e-07
-5.362739728464715424e-08
-8.555726299693050898e-09
-2.251044508776301659e-08
4.707022922323827370e-09
-1.670349478392429990e-09
-2.146777701845948658e-09
-4.299529995783045893e-10
-2.875993615055344883e-10
-7.364286275004958910e-11
4.734951823536285304e-11
1.914299701825603807e-05
-5.620710486009886098e-05
-4.857973993348700328e-05
2.066457100581912582e-05
2.954527024537342486e-06
7.930701243175903120e-08
5.272565567731573261e-08
5.731435499038308263e-08
2.305481802270684751e-08
1.438326242134756929e-08
-2.852191891975074238e-09
4.736796233464023519e-09
7.114136093817446909e-11
7.321514805153956647e-11
1.270005786661836696e-10
2.767350404052058600e-11
3.458228800628036488e-12
-7.011322857487327184e-06
3.315895704370739596e-05
2.646354995834591315e-05
-1.670356478211237669e-05
-3.239770908001347011e-06
-4.275047531494469127e-07
-7.648503131537880103e-08
-4.233248515001123290e-08
-2.015683704749028930e-08
-1.358949066963013929e-08
1.942988679774819559e-09
-4.489181650715185848e-09
-1.221139847681133712e-09
-5.737343405958948034e-11
-7.168313587436062804e-11
-1.135244115441151284e-11
-1.048382746921304517e-11
-3.432679337523802720e-06
1.485196660416450295e-05
1.480063511988415695e-05
-1.021542646968081781e-05
1.806123655183323393e-07
3.370587306429747436e-07
7.413543688465960839e-08
3.221388025261012096e-08
1.762253487776696076e-08
6.804130617378539761e-09
2.515508206354481678e-09
1.507859716962013140e-09
-3.583365118791619694e-10
-5.883683201866430358e-11
1.489389760341210792e-11
7.088107591122923448e-12
-8.797649584866625631e-13
-1.359060011015135667e-07
2.431924425473886074e-06
-4.548003415345169858e-06
-3.390390408191265239e-06
1.072825778058753848e-06
-9.319534923229110008e-08
-5.462096529118226168e-08
-1.940895411633106543e-08
-9.162322694451144950e-09
-3.413983783023503665e-09
3.581562082351005652e-10
-9.663874222411152725e-10
-5.247123556489264854e-10
-8.832617607183751780e-11
-2.967800618830417717e-11
-8.260970000710637093e-12
1.253515546692923379e-12
-1.514338336746680058e-01
-4.460041753189971855e-03
-1.134100475962993791e-04
-2.767441405843845270e-06
-8.440030766228425183e-08
7.609950519580619655e-07
-1.326478394942854080e-06
-1.348972452803929283e-06
-1.522120197070903540e-06
-1.286110442371945755e-06
-1.446048523224526673e-07
-2.274180774444977047e-08
1.364897842098590514e-09
-2.971672208320050829e-09
4.927042393050112573e-10
2.972691381764228434e-10
4.750715271017563052e-02
3.737306286941229159e-03
1.803548183485150663e-04
7.395559142679056350e-06
-7.963217075534712044e-07
-6.729440907471911648e-07
-3.199037508927361208e-06
4.931069693882415381e-06
-2.515029630592211738e-06
-1.180276838473241751e-06
-7.018486685986907622e-08
-1.529161677638941898e-08
3.946926506247445625e-09
-2.177549145574443030e-09
1.346751766134169911e-09
-5.775962511117794382e-10
-1.220806594362258170e-02
-2.360211629566425981e-03
-2.153250987841122269e-04
-9.152685559714792760e-06
1.286543081929713412e-08
4.145518234697692806e-06
3.381511210717649457e-06
1.923225452423542801e-06
8.882400354465465445e-07
-8.630647220148895192e-08
2.697259388272704422e-09
-1.576594112972107027e-09
-7.817699663853264480e-10
3.302810744792067062e-09
-7.463181077136281406e-10
1.385724377529588569e-10
9.400664272895887293e-04
6.663139058067105375e-04
1.295028304577117747e-04
8.998257184116721568e-06
-1.704055732144064479e-06
-6.687803436330308777e-08
-2.928705646299310057e-06
-1.283825325664805413e-06
9.705858633352642556e-07
2.495892874545220167e-07
-7.263133617545116868e-09
-4.435784926094896458e-10
-4.774945180447246602e-09
2.293159707933731492e-09
-1.583714994293928063e-09
6.030487897006584199e-10
-3.416340925386717148e-04
-1.310452190175366539e-04
-6.499241783354956967e-05
-6.657218135856010447e-06
5.475406794794331612e-07
1.625237530250458008e-06
8.733328792315530927e-07
4.537002407205615215e-07
-5.644330896898061501e-08
-1.095065918704884553e-07
5.799213559400201838e-09
2.012993327560585479e-09
4.252983380266923214e-10
3.854312402051299083e-11
1.139813580132636850e-11
-1.919331590475427076e-11
1.274456104227283796e-04
5.719281945264983064e-05
2.757961699268214950e-05
4.045971348862116623e-06
-2.478890128996802638e-06
-1.632717646322888862e-06
-3.873069969952492611e-07
-1.214915232956219668e-07
-1.109242996411691934e-07
-2.809253842785198906e-08
-1.326281743301825161e-08
-7.383480634231191311e-10
3.300640390793159262e-10
-6.678741290958331540e-10
2.363579525319899460e-10
-1.454985796224270208e-10
2.243308024504433486e-04
9.758403500703864242e-05
2.218782159002487329e-06
-6.393279544859881555e-07
1.759825146844886166e-06
8.711300100488929940e-07
3.284611141687234397e-07
8.483418747706365378e-08
3.994273586078225799e-08
1.514483206058187791e-08
1.062915151224084608e-08
1.135899408063441595e-09
5.498327039121884318e-10
2.354204511748304983e-10
-2.249505174640904231e-11
2.504632074793576824e-11
-4.420079072201940000e-05
-7.100510878883898257e-05
-1.100381518589581604e-05
-1.213383322566795018e-06
-8.263908584089626666e-07
-4.530910500474690365e-07
-2.040731408531950147e-07
-7.199276742668248760e-08
-2.034818514717090657e-08
-6.547005794651915679e-10
-4.979173766144182696e-09
-5.915387218754638026e-10
-5.016386712967820133e-10
-9.680836474030543757e-11
-2.449780780437779578e-11
-3.598704287521229274e-12
1.582367155439473233e-05
5.589461421525123477e-05
1.169051966405484146e-05
1.777674532339972858e-06
5.077558267857037266e-07
2.431127139483512224e-07
1.179322685449526553e-07
4.048458865841851185e-08
9.280172588133688607e-09
6.840285877232823610e-09
3.972024036583893279e-09
3.298894332819415261e-10
3.087233349782149197e-10
6.224344362836457295e-11
1.967608578458143014e-11
-1.154702155198253533e-12
1.638173067017595233e-05
3.749975411632835791e-05
-4.945933262017782086e-07
-1.230340420333473039e-06
-3.347176930123884041e-07
-1.338504296078670191e-07
-5.993223331345541632e-08
-2.333572684598002573e-08
-3.429392087423584566e-09
-4.504767764183381468e-09
-2.676845772198913962e-09
-5.275365270494473448e-11
-8.409878399412069255e-11
-2.521265826756353960e-11
-1.167104133935037302e-11
2.017579441361098659e-13
-4.402018344530798492e-07
-1.236895180052865204e-05
-3.973050199498578414e-06
3.132684760459527311e-07
1.660338327238797986e-07
5.112599988052619868e-08
2.368593816340367810e-08
1.060974340837997452e-08
3.372545806792591923e-09
1.241118876604295916e-09
2.273492128494102341e-09
2.294368614564648372e-10
3.455370960389396764e-11
4.475289310794093078e-12
1.973294716274727916e-12
1.632804489574957762e-12
-1.700172231593769512e-01
-8.455235138293600017e-02
-5.740165209984536034e-03
-2.675514031353593914e-04
-1.153160248286003761e-05
-1.194731813614795006e-06
1.794925660779954581e-06
2.459459318698028989e-07
-1.551889912458157534e-06
2.129083587654411665e-06
1.585625681211527997e-07
-1.004960681597557712e-07
-1.712090614133700753e-08
6.103210074351152582e-09
-4.612002353244736020e-09
6.957451156129758395e-10
1.262805286800474710e-09
3.517288616797439437e-03
1.118310387262074455e-02
2.197889019802253766e-03
2.044230868160157115e-04
1.032640403986658741e-05
1.244607605676060267e-06
3.464145712178388332e-06
9.231985131314507394e-07
-2.621516917178075308e-07
-1.598294765082261273e-06
1.545469385577402270e-08
-7.871320268511766576e-08
-8.468201654027442197e-09
2.083581077244775332e-09
9.192755427621958844e-10
-7.442454202604001351e-10
-5.065004328346505054e-11
2.695276121938334243e-04
-8.775201612184217650e-04
-6.660682979317988266e-04
-1.272760694497905695e-04
-7.646771815534661736e-06
-2.628959184037037054e-07
1.239369064547055547e-06
-2.211388328995091899e-06
1.277288610152408132e-06
-1.163827676540592097e-06
-1.946859768765968780e-07
1.836997271586416406e-08
9.902011010404218313e-09
-1.156415106350788871e-09
1.560679948396746353e-09
1.915469202221379118e-10
-1.650759867878295982e-10
1.088675823478119266e-04
3.595014558432395920e-04
1.325451490301093784e-04
6.480119941834249430e-05
6.652447583719094083e-06
-6.320760155240950481e-07
1.653578339204675742e-07
3.256729495155185794e-07
-4.565878836883391386e-07
8.332359786042930878e-08
6.897063417344561159e-08
-1.562467696526877609e-08
-1.295314517353619906e-09
-4.635932750394680527e-10
1.049688762296130509e-11
2.045602501567072907e-10
6.754981530035140510e-11
3.533030373089847169e-06
-1.232142432119840434e-04
-5.547933468847500221e-05
-2.634693091669198698e-05
-3.199518796431522231e-06
-2.179095240590872624e-07
3.096849333934635116e-08
2.042658734268260432e-07
2.974966810107355152e-08
1.317629422193005505e-07
4.722119953226645505e-08
2.107593647326375330e-08
8.621246907575797981e-10
4.374212865740774647e-10
6.169060441371453885e-12
2.510957637893078777e-11
-5.432643449577202922e-11
-2.132679747649257618e-05
-2.261610453452294483e-04
-9.857825203945099976e-05
-3.088662205844782568e-06
8.072800134412012583e-07
-2.794127366726361398e-08
-3.324684211951903797e-07
-1.696367077657368109e-07
-5.318278360961793769e-08
-5.782913914275716857e-08
-2.561304962365554412e-08
-1.413399685736422772e-08
-1.580971264585541072e-09
-4.331553809419434719e-10
-4.822665251942613082e-11
-8.136139467065840240e-11
1.792546089975942449e-12
6.198775615432103911e-07
4.388188203953244544e-05
7.137418402733922303e-05
1.122295405627370445e-05
8.064712363866619425e-07
3.190924386834131117e-07
2.883569491463113555e-07
1.333473837026422807e-07
6.285547655951876590e-08
2.870682396105249240e-08
5.427330581554058350e-09
6.388386385579143916e-09
9.902213065364925799e-10
3.278754510741440245e-10
6.955840191577357338e-11
1.290965513327066487e-11
1.730873189108237038e-11
3.352091239862746192e-07
-1.566136147210991236e-05
-5.602458578794856166e-05
-1.165932806372694756e-05
-1.569599085470601912e-06
-3.351084598771336489e-07
-1.996455561438928360e-07
-9.310271417440187835e-08
-4.177468224727818600e-08
-1.370012439014456341e-08
-9.279287705817457651e-09
-4.676767986707104939e-09
-4.961248372187171608e-10
-2.415378902932913461e-10
-5.454710421148229814e-11
-5.540766469539277533e-12
-4.368977144349571847e-13
-1.463447712467371926e-06
-1.646998104746896088e-05
-3.743240946857553193e-05
4.519682748874081249e-07
1.109183986331077058e-06
2.873864676007216193e-07
1.239761823155118018e-07
5.910097923359473052e-08
2.741671585802421063e-08
6.611478341895731754e-09
6.680062690039496610e-09
2.523533185715977649e-09
-4.327929334579121353e-11
1.006456444982196608e-10
1.711874283275349854e-11
7.633672953855195820e-12
-2.928981435214574212e-12
-5.685648093874271705e-08
5.011927523699167916e-07
1.235928108507027354e-05
4.206913229007121783e-06
-2.697073188572050815e-07
-2.035352711941828386e-07
-7.149930037790216144e-08
-3.365158962659645475e-08
-1.752564643132783187e-08
-7.890411309939940168e-09
-2.919470289261392543e-09
-2.432276158897716959e-09
-2.042150140743695835e-10
-9.028215651241002098e-11
-1.128140669138523684e-11
6.614437777471070171e-13
-2.513711609148875982e-12
