1.338955630004061426e-01
1.028159886537966194e+00
4.291179837298574051e-02
1.315972078081680333e-03
3.726271492414975732e-05
4.085015181280703089e-06
3.844526030509542808e-06
3.330707219755324023e-06
-3.615033406307866790e-06
1.039637285759345988e-06
3.136656834279229368e-06
8.222694564673472547e-07
1.170555815301231552e-07
8.369516684360090474e-09
-1.378466471787004071e-09
2.660831411368874289e-10
-4.507066644141110943e-10
-4.180954260593784666e-02
1.118859154647940807e-01
-1.173791854750412186e-02
-9.858517931955140898e-04
-5.232128754191982229e-05
-3.889748636230832607e-06
-2.674881370776871065e-06
-5.574106970065867191e-06
-1.470816976157682092e-06
7.975377926380494490e-07
4.127283658994315113e-06
6.177952043032336721e-07
5.918490143673400103e-08
-1.962322829672337107e-09
-6.777491847127932239e-10
8.910765981183911570e-11
-3.688504580502516010e-10
9.837869248102844646e-03
-1.281459206747901335e-03
2.668361135861106390e-03
5.809232707304221380e-04
5.394434253828470755e-05
3.124142861445030075e-06
-7.674186417186921819e-09
4.489451073923225080e-06
-1.066894196117576452e-06
-2.372904757627449685e-07
1.093148855827432863e-06
-1.893894464481603075e-08
-1.635727036745292344e-08
-5.166219387439181528e-09
-1.893094031703136847e-10
-1.551518584731243888e-09
3.704782004383355609e-10
-7.780980317163765578e-04
-5.610338481589253155e-04
-2.695660277299325000e-04
-1.406540090928784265e-04
-3.171007121220353273e-05
-1.301724446045170699e-06
-6.023771686868102285e-07
1.210621310394121583e-06
2.092174862788827683e-07
2.023831620122992875e-07
-3.761013990664810539e-07
-5.312180968376736601e-08
6.432018555560396004e-09
-6.768742549761437929e-10
-4.155563901550349541e-10
2.729152275923944337e-10
-1.751898376993613630e-11
1.912682955258656866e-04
-6.392429366387615487e-05
1.621610682123190885e-04
2.754415192899143403e-05
1.543620408097421589e-05
1.577162594635243749e-06
-2.666059200127712976e-07
-6.791998037310113444e-08
-8.405445301595842657e-08
1.052201256404175127e-07
-9.573369227976631023e-08
-9.838080737779933671e-09
2.610014656526937279e-09
3.357210007914879894e-10
-4.729229710951995927e-10
7.405182314146332119e-11
1.582568751132685720e-10
1.869108252244759973e-05
-6.586550017532127974e-05
1.452742212989588657e-05
-1.104158117123207673e-05
-4.841982230603631776e-06
-1.866872625106979553e-07
6.164867605307476779e-08
9.365609857494563562e-08
1.039917925911815987e-07
-1.517795723812911359e-08
6.054752795415444995e-08
3.648644312674403356e-08
5.010674658153252801e-09
5.869406849863857372e-10
-4.021916914783140838e-11
-1.965275462568054759e-11
3.573835798006523770e-11
5.582157032714873452e-05
-3.397275827072386572e-05
8.680687981970211444e-05
-2.042806497492978248e-05
-1.242881754167964601e-06
-1.625282146820803680e-07
-1.840668033707646412e-07
-1.759611802640928169e-07
-8.161241301883255249e-08
-2.596416368089459384e-08
-1.603986340530131402e-08
-2.935210200748808457e-09
-2.115347629223984365e-09
-4.330374022895903726e-10
-5.385749433634470034e-11
6.940597350118585526e-12
-3.092030136051176861e-11
-1.176305049388618955e-05
3.301845578194877802e-05
-1.955981562676144286e-05
1.424341119973065522e-05
2.600832736266923271e-06
3.742338243466022669e-07
2.008654393375581110e-07
1.062482876926622465e-07
5.550843749475704669e-08
1.577240094159615779e-08
8.012991978231661337e-09
4.547447027717793648e-09
5.530698034639678856e-10
2.233167636938808800e-10
9.001583529280617781e-11
2.223772316137659108e-11
5.074976438616049827e-12
4.310660321300864020e-06
-1.969139995069831437e-05
5.494556642110657162e-06
-1.173740647301497356e-05
-2.333872833414925687e-06
-4.417767399273142060e-07
-1.275823562654344813e-07
-6.194193491950527004e-08
-2.848140227691885140e-08
-1.054476563508562422e-08
-3.915123528656789203e-09
-3.507818764084537058e-09
-1.041518461115635556e-09
-1.261582441651307132e-10
-4.842528540897381116e-11
-1.026674418253524452e-11
-2.073901698517777615e-12
1.880324647713719663e-06
-6.477190663962274443e-06
7.696053951798560033e-06
-4.424060531124257826e-06
3.561365472189451848e-07
2.772981837941141417e-07
8.434947927938587700e-08
3.191884214184038400e-08
1.247980079213970393e-08
5.624923661140551596e-09
4.130014511354616531e-09
1.080160558267605796e-09
1.039395304316296472e-10
3.462886005348874446e-11
9.057454672333640463e-12
2.708986706492742036e-12
1.663496194476466038e-14
1.025835184324073938e-07
-1.034208945909085025e-06
2.090366521627151164e-06
-1.735426136653597392e-06
3.992933481774500599e-07
-9.639465391805710572e-08
-3.725959671207094041e-08
-1.252629137044906630e-08
-4.498338467912439332e-09
-1.770016302696893672e-09
-1.002377605124099206e-09
-5.122606673139142161e-10
-6.011637337606533949e-10
-4.864659155738946927e-11
-1.028842030183969660e-11
-1.412625440583576450e-12
2.059829993674696792e-13
2.119421937459348496e-02
-2.107739408701301415e-02
-1.529648822984331497e-03
-7.672056652693545493e-05
-3.243624559039831722e-06
-8.544453151093839060e-07
-7.175327036622276743e-07
3.590761879675661546e-06
1.721914402361722798e-06
1.820870525036340596e-06
1.006685478409747666e-07
-6.238876261280503128e-08
-5.819603135255844948e-09
3.630161613968137952e-10
1.674909773793094155e-09
-5.903297558770950553e-11
4.229311598405980938e-04
2.462182880574273047e-03
5.412509596874834090e-04
5.063720503018158365e-05
4.859301518327206078e-07
4.205885333370519410e-07
-1.318341858922443816e-06
-8.376674549504301914e-07
-2.134691206822084114e-07
8.051642234378743811e-07
-5.610770455052267840e-08
-1.877547247817397045e-08
-3.950826578432318680e-10
-9.536865558190429129e-10
6.739348675212513958e-10
-3.262593248296374589e-10
-4.714079974638550781e-04
-2.585474175302949823e-04
-1.432434824680980901e-04
-3.208368538917785766e-05
8.957032947554476071e-08
2.366072412823854286e-06
4.698643552892326035e-07
6.221437326775185426e-07
-1.024861206485233717e-07
-3.841546505634446113e-07
-8.180151677552490196e-08
9.754368445930516248e-09
2.285827075071550351e-09
3.368963944013271667e-10
-2.585192695642597693e-10
-3.655384142424444540e-10
3.933913365182481208e-06
1.695180469102391333e-04
2.792729846793400109e-05
1.502326581102816001e-05
-1.899821333436946491e-07
-1.226473422644103939e-06
-1.158215034718429724e-06
-1.068487343357753422e-07
7.998389572366216143e-08
-7.271964463273281521e-08
8.770738714731351810e-10
5.060716826249424154e-09
7.793066649828217162e-12
9.773966578319361339e-11
-2.187377047440645271e-10
-7.429325496317365536e-11
-5.659012526066810848e-05
1.592316458511466458e-05
-1.162527355320272504e-05
-4.055179857334623579e-06
3.383126090986607610e-07
1.308307053434486924e-06
6.459900670701522293e-07
1.318948436759467878e-07
-1.779983499924884813e-08
4.499838230581933284e-08
3.230523885290017262e-08
3.933430786069303630e-09
3.296210305284204316e-10
1.503858313007558794e-10
-7.330795468335531859e-11
7.928851231619617286e-11
-4.546099228032762275e-05
8.623786063807712949e-05
-2.026413535549854254e-05
-1.867666181728110539e-06
-6.239507294354158798e-07
-6.263968425534002179e-07
-2.455176953670990441e-07
-1.005625341379425338e-07
-2.465971014439568579e-08
-1.052055471995482473e-08
-8.872651342574698645e-10
-1.687453444490078247e-09
-5.077957413223032071e-10
-1.857170211104996318e-10
3.969551589232154302e-11
-3.192953977161830789e-11
3.488621575706851323e-05
-1.954716242353794509e-05
1.430960687256226525e-05
2.904381292441221149e-06
6.216124520191306292e-07
2.874469841029893741e-07
1.397260801735630486e-07
6.013790525389815744e-08
1.138926005260384011e-08
5.135347576637217603e-09
3.540867263912104168e-09
4.081915974525395262e-10
2.057923814770585489e-10
1.003203851331978357e-10
1.147808229008085724e-11
2.524210552246119005e-12
-2.023701131512459095e-05
5.445765067038485827e-06
-1.179644957826782451e-05
-2.457280317615706373e-06
-5.218607320922343680e-07
-1.743858410854987012e-07
-7.596787147295968360e-08
-2.936041174168703097e-08
-8.725848965722219100e-09
-2.746907003811605512e-09
-3.034288032737221696e-09
-9.562697844364422840e-10
-1.192147666371321892e-10
-5.369200712150207806e-11
-1.301213640697480255e-11
-1.802582676005328890e-12
-6.719271457083389010e-06
7.693599774433557777e-06
-4.403727209713678404e-06
4.053741457391618032e-07
3.084855187163383829e-07
9.986096396915922443e-08
3.981829834532198716e-08
1.521978985231435869e-08
5.466042197523327935e-09
3.696403342159660803e-09
8.087984283755292304e-10
-5.050303476278427251e-11
1.422178227381905035e-11
1.320009606670515562e-11
2.618217022376731614e-12
1.955471320477673440e-12
-1.163982840427715219e-06
2.130903497113742637e-06
-1.821969186265918702e-06
3.703792148546117939e-07
-1.089745663445249160e-07
-5.467703927892687390e-08
-2.040554946204564597e-08
-6.726025248092669491e-09
-2.657552485175263024e-09
-1.594327059710544428e-09
-4.689991531481590125e-10
-2.979497976520152386e-10
-6.444463811191920537e-11
-1.715257863675565016e-11
-2.528399668450378482e-12
5.946268565310086268e-13
-1.019873972110802329e+00
-4.269059752978090344e-02
-1.308564332750420224e-03
-3.354802496769716499e-05
2.891133235081402100e-06
4.583740006222016134e-06
5.353490277135221036e-06
3.641749095180242796e-06
-9.246530793570746370e-07
-3.107044232974939164e-06
-8.219911999932375827e-07
-1.154944757195986181e-07
-1.659826418115697352e-08
2.463627625451531601e-09
-2.783109947399348189e-09
1.741823059279355775e-09
-1.181062539388973709e-01
1.141499467403170320e-02
9.737510020223881383e-04
5.046427031058834219e-05
1.893510627903552773e-06
-1.490207340888263004e-06
-5.257773900373785114e-06
3.790363059762719387e-06
-3.385597292891145317e-08
-3.988105977292602409e-06
-5.897392707414927323e-07
-5.031738124656372608e-08
1.693095934725151935e-09
3.139142227758575651e-09
-6.311561132075580140e-10
7.503462710940401718e-10
4.912742585969602158e-03
-2.362963233491316168e-03
-5.662218554561385423e-04
-5.593327616980307165e-05
-2.296959841888967115e-06
-5.460686444948456707e-07
4.201216112748408038e-07
-2.027171786735574615e-06
4.769071145772559315e-07
-1.146574194137374500e-06
-7.182451272492342975e-09
3.052545240093199745e-09
7.103146734770812918e-09
-1.334004883955555117e-09
4.739705625104794907e-10
-4.930249957928398365e-10
-3.395421166197679563e-04
1.058413795777553680e-04
1.301288699784405227e-04
3.217033623532153239e-05
1.009927701683156493e-06
1.083690143488609950e-07
-5.631402466226314114e-07
7.373867903766725505e-07
-3.554975450431120334e-07
4.509279533764607373e-07
7.476230053846913573e-08
-6.120344168550188698e-09
3.900658577301667083e-10
2.786289761082713524e-10
-1.748960440468709510e-10
-3.781429109330365557e-10
2.689834138863494918e-04
-9.229029646342856654e-05
-2.171565306026550064e-05
-1.666060713386629334e-05
-1.485100074990455565e-06
2.653935239276197586e-07
-7.127852342039330171e-07
6.737403742984401508e-08
1.507742577981302775e-08
4.972788917750749479e-08
3.577516816526497141e-09
-3.340311451501506586e-09
-5.193085309277194585e-10
2.561904536046974549e-10
1.516637275622447266e-10
-7.163440393529181756e-11
-4.394634467584646720e-05
-3.981181690068984951e-05
8.654586259439402078e-06
5.412589418969388560e-06
5.655703451321912793e-07
2.267584514099992500e-07
2.088153516805511726e-07
1.919999613552747377e-08
-1.689549557508431003e-09
-2.384350500424264510e-08
-3.299093752118770763e-08
-3.713646762219265958e-09
-7.142306762831929094e-10
-1.722512801123508069e-11
-3.573276095459573939e-11
1.867348607635642312e-11
-7.431411278233828518e-05
-9.056592365253863370e-05
2.061788774504769251e-05
9.394778604820517560e-07
-2.824087245755987272e-07
-6.525994728030612146e-08
3.394491076888323411e-08
-2.095135493322949537e-08
4.426658807482326672e-10
-2.998553297869252606e-09
9.934489610547887016e-10
1.442514830177652985e-09
4.743658641707916285e-10
6.494940621612978187e-11
5.041987651073604364e-13
1.256177293278205196e-12
3.742463608578828896e-05
3.088991752456167358e-05
-1.320436500017897069e-05
-2.251142722539854861e-06
-6.483311442436669506e-08
-2.564434472045156111e-08
-2.307287809385441538e-08
-3.194803778291116049e-09
-8.146141571017023443e-09
1.184758481466857374e-09
-3.471084641905800104e-09
-1.553895191365188765e-10
-1.981986987522113039e-10
-6.947058759147486675e-11
-2.806682265722782591e-11
-2.309020693891880041e-13
-2.080357168183913971e-05
-1.681869398440017288e-05
1.023512254774991490e-05
2.013012531781427989e-06
2.573395963040205234e-07
2.878364365293208190e-08
1.557189553231670925e-08
6.839384854776072519e-09
7.462147767306796412e-09
-5.618159320253291839e-10
2.825222264317077979e-09
8.247952204545691354e-10
9.628940206429472144e-11
4.194046924725621978e-11
7.260781260875107900e-12
3.345554376938385198e-12
-7.893614471570792408e-06
-7.720984552173004928e-06
5.293804052125985051e-06
-1.206945664169212340e-07
-1.785539754488354140e-07
-3.690489325518349271e-08
-1.099467386537405293e-08
-5.702362671157905461e-09
-2.916453991930066711e-09
-1.076323770270038181e-09
-9.222314889306904372e-10
-8.600953881674915409e-13
-2.100029876947123524e-11
-7.355416941347251384e-12
-2.727047469191512226e-12
-1.109367198651276328e-13
-1.265461934016088099e-06
2.020611744159675464e-06
1.593312581920805980e-06
-5.074707410487600524e-07
5.606279652063399404e-08
2.014589196688438916e-08
5.306440912242786339e-09
3.411590087451231117e-09
1.232875239342042631e-09
1.779134496944356857e-11
4.074201646424840464e-10
5.762951081524735913e-10
3.785046869283768827e-11
7.080599819379417840e-12
1.381830579913938028e-12
-2.263915924213217478e-13
7.291796582660742265e-02
3.077382182659574306e-02
-2.061371845392267338e-02
-1.513511962517747516e-03
-7.744451771466374088e-05
-3.156058079934161534e-06
3.112680386709969114e-06
8.342992627347053365e-07
1.954905305598007420e-07
1.967060304465663328e-06
1.836692390181497831e-06
1.309679806375183870e-07
-5.325204300064018135e-08
-3.032804650068147218e-09
-2.931283842000891563e-09
1.802050501170069673e-09
-7.215631807561617167e-10
-9.094831038134253837e-03
-2.955446084868389688e-03
2.170802561405187851e-03
5.250160723564885334e-04
5.155328998630953440e-05
3.542716907087232540e-06
2.008166436737629011e-07
-1.612283705099639531e-06
1.570749536809813649e-06
-4.155067736040711152e-07
7.979649547820192021e-07
-4.924789924451048913e-08
-1.768815408971406909e-08
3.982015011739697487e-09
-2.047636913292254381e-09
8.488713996385435972e-10
-1.220347725700591919e-09
7.347452397342090196e-04
4.390941125931472158e-04
-9.381341209657883032e-05
-1.330854993983169882e-04
-3.497758806680948909e-05
-3.807532778115481158e-06
-1.395059735049339819e-06
-1.130250803379500142e-06
-1.916896078380359437e-07
1.057380392807614048e-07
-3.928637841946549481e-07
-8.260967247862133812e-08
7.835038702835349593e-09
1.526531765653403206e-09
7.211252468907086305e-10
-3.102299876818325680e-10
4.087541916428849721e-11
-2.150686573668631005e-04
-2.043991527479578293e-04
9.736287512387590626e-05
2.137912850149125364e-05
1.735860934109196663e-05
3.186452765250095345e-06
9.150086365152453915e-07
-1.358027319528088257e-07
-5.242568788751384813e-08
-1.047364784448447558e-07
-5.839615822355233648e-08
-9.004483862763306584e-10
6.702781278118801659e-09
2.224788724055570241e-10
4.608196592121421084e-10
-3.020949180585897159e-10
-6.885047167035785121e-11
-1.961481282810738193e-05
5.385792218315929927e-05
4.199081913503852222e-05
-8.656218608663492737e-06
-6.922205699960236365e-06
-1.615747689445757157e-06
4.355181033704224623e-07
2.049796318957345471e-07
2.110989566302223400e-08
3.624206432562276670e-08
2.325414626625849181e-08
3.115958994152568012e-08
2.991207200432158019e-09
1.818071817271601282e-11
9.373589530225905265e-11
1.031162124399525904e-10
3.348548765400455097e-12
-5.522753736450799849e-05
6.196916922043257730e-05
8.953841455715080995e-05
-2.035494484795288695e-05
4.385487261391279446e-08
4.102770210510428259e-07
-1.911510499735972798e-07
-5.695900340063314236e-08
-1.452994984564644733e-08
-1.620779484795007793e-08
2.080237624136652479e-09
-1.327578092374082134e-10
-1.128938272654901087e-09
-3.052019092887315548e-10
-1.646448305786445518e-10
-4.001411208606049270e-11
2.110832948858083031e-11
1.215309400931803919e-05
-3.516059675496285706e-05
-3.072668811270964521e-05
1.300670605600717719e-05
1.935005779730612929e-06
8.378353159411482229e-08
4.670983207352280931e-08
4.410716655222467759e-08
1.839800169444598768e-08
1.110607300081814988e-08
-1.376835312875500426e-09
2.998829199071791918e-09
-3.859205699184929600e-11
8.353731637306571170e-11
7.268239345111856631e-11
1.372060137690380092e-11
2.943861992782878117e-12
-4.429402644127115247e-06
2.012806582036491676e-05
1.678103058996225212e-05
-1.015819247538951182e-05
-1.945018459126564673e-06
-2.639060227836451386e-07
-5.194153473653943805e-08
-2.772086250233111876e-08
-1.237703069987216299e-08
-8.385090321118292582e-09
5.424506346545059512e-10
-2.594353301487822531e-09
-6.895978226633008029e-10
-5.533176547859480095e-11
-3.872389371033912295e-11
-7.017248195469652130e-12
-5.290017270042304866e-12
-1.783248330129846671e-06
7.680942345992006228e-06
7.707057411257603113e-06
-5.305854259342937891e-06
1.161078012099897934e-07
1.868463919549762518e-07
4.249321987967165695e-08
1.814646177461848317e-08
9.572437734114109855e-09
3.655025323139703994e-09
1.176904495480763168e-09
8.011194091654220958e-10
-1.866867215536239103e-10
-1.352648699983245103e-11
4.755095826321101361e-12
3.328646459267498059e-12
-1.726416500894815934e-13
-6.076286725581469035e-08
1.171545129088422872e-06
-2.263222597387052033e-06
-1.718741755642296730e-06
5.227780273199699944e-07
-4.765405539109155486e-08
-2.761345509101612535e-08
-9.747428081288739787e-09
-4.589513607282465558e-09
-1.802680055538498881e-09
1.672593989979299238e-10
-4.073555818641156012e-10
-2.190085242730525813e-10
-4.191681210865039049e-11
-1.143162736313886608e-11
-2.757928865554586850e-12
6.776862966661387090e-13
-1.529105056170796118e-01
-4.641344705150545966e-03
-1.252945949532948517e-04
-3.417591782957025414e-06
2.223823597595767601e-07
1.183909141797046594e-06
-7.262730380522918570e-07
-1.126332335231989620e-06
-1.302152548459175530e-06
-1.221797009891415937e-06
-1.361861791506771162e-07
-2.266786335626899689e-08
2.009621239464576925e-10
-1.891320463800404832e-09
5.121226029320791867e-10
1.765001254938327184e-10
4.379550306593063547e-02
3.506374207477505698e-03
1.766048722789587177e-04
7.458931585727668615e-06
-8.771545864452286302e-07
-3.679342511197391731e-07
-3.396707528637766906e-06
3.973690822021703227e-06
-1.929359693616862660e-06
-1.044096213101959274e-06
-6.654049461878445224e-08
-1.470895961355602936e-08
3.573055582164309617e-09
-1.812192658092693132e-09
1.063819366243299938e-09
-4.392035577137871764e-10
-1.028183032304426890e-02
-2.019765969226017342e-03
-1.893287756472107673e-04
-8.299680732922138840e-06
3.028488735718448369e-07
3.136727564133912106e-06
3.378668329831342230e-06
1.933886296964143377e-06
5.959959676523435606e-07
-6.585257427635940549e-08
-2.538987602174385065e-09
-3.995000334821625016e-09
2.097902161732268217e-10
2.189150179724209308e-09
-6.196437182023254628e-10
1.568347244503967443e-10
6.812897923885501356e-04
5.166368492982949994e-04
1.044480808564900962e-04
6.927745588319552029e-06
-1.532813867997698268e-06
-1.156647020133011027e-06
-2.320459157378128663e-06
-9.982782358084804207e-07
7.414098884432153733e-07
1.655892984962977634e-07
-1.962603309283355415e-09
4.441630798481425272e-10
-3.366034372581566621e-09
1.252643683199945907e-09
-1.037499394452325866e-09
3.744768681266590428e-10
-3.871400365940494154e-04
-1.051269417965958116e-04
-4.737595630945450336e-05
-4.527515342375014755e-06
9.385480491776167873e-07
1.577629589519246460e-06
7.267583157648644579e-07
3.260609320724361818e-07
-3.052522407194474413e-08
-5.656076922551993001e-08
3.665274385857864145e-09
1.685618815584726955e-09
2.355671722466506697e-10
1.406943395207142910e-10
-5.306404380626284646e-11
5.845798959742123896e-14
1.157451761132076190e-04
4.852393391095221676e-05
1.869268621053471108e-05
2.302888382993145287e-06
-1.945137978273119987e-06
-1.204157188332166056e-06
-3.128670071538787986e-07
-9.995811314684908339e-08
-7.911394447377726292e-08
-2.611807846918605598e-08
-8.423057618220216908e-09
-6.404541299225645099e-10
9.465063050797676401e-11
-4.477334588450565871e-10
1.325041005145326262e-10
-9.879073648649129804e-11
1.499613172033378925e-04
6.506545414859569792e-05
2.009221731260252482e-06
-7.828526489720610413e-08
1.228697865634010694e-06
6.231346791906507329e-07
2.362375449879285279e-07
6.277789096108506612e-08
2.849668605745776149e-08
1.036656411443229277e-08
5.687285902446023580e-09
7.554233527340574303e-10
3.911115277672195985e-10
1.385607560810321455e-10
2.819622164199957226e-12
1.054502913476624750e-11
-2.742355651228337753e-05
-4.473470119496099736e-05
-7.125131898970017962e-06
-9.035819786070720839e-07
-5.558268425686789691e-07
-3.059126659587405491e-07
-1.369802859702683808e-07
-4.587780300015280574e-08
-1.369971147992521255e-08
-9.059149006239377226e-10
-2.625391293066643418e-09
-4.062252893966074776e-10
-3.018286835535752466e-10
-5.026629687056780492e-11
-1.825883480821151201e-11
7.479861969938690976e-13
1.037681308883433629e-05
3.416328826026300851e-05
7.000210513564166965e-06
1.090118559237690399e-06
3.162355595962249186e-07
1.503329162181122147e-07
7.123510737096308863e-08
2.427479903773630655e-08
5.237074436439602802e-09
4.300827543896815323e-09
2.081499941152166268e-09
2.290105552324356938e-10
1.761092817331649879e-10
3.274863083027550313e-11
1.043880825296558813e-11
-8.635269465017135556e-13
8.641231674030841182e-06
1.952066361094484075e-05
-3.571134453230146405e-07
-6.761709909406757123e-07
-1.886258854538649668e-07
-7.497995342134022295e-08
-3.320894615436045777e-08
-1.290142152276681415e-08
-2.175645554878522094e-09
-2.302745860411088807e-09
-1.285612894535316859e-09
-3.474116391301418525e-11
-4.852768506099525221e-11
-1.354438545874928079e-11
-5.180854333720111113e-12
-2.003986316907046313e-13
-2.474906003911480697e-07
-6.152429738326493764e-06
-1.951261793694528539e-06
1.575702703983366731e-07
8.410984531669375753e-08
2.669374453130290356e-08
1.190599528086775186e-08
5.343793829484511497e-09
1.943463456467513132e-09
7.154273767031976276e-10
9.972014168042906330e-10
1.186249472239209123e-10
1.612157778021237400e-11
1.696960307325033132e-12
4.289711237398897276e-13
7.554064366481320776e-13
-1.558436485178212871e-01
-7.788623246054535154e-02
-5.377572994178203038e-03
-2.589836663380635129e-04
-1.056853371736838387e-05
-4.052888002091888015e-07
1.920836977522434761e-06
4.080400444919856346e-07
-2.024779958455408121e-06
1.599249616571519878e-06
1.693113818003043685e-07
-8.637746018499299578e-08
-1.210521559767626845e-08
5.152121609542692501e-09
-3.560691481329065430e-09
7.871996477773072983e-10
8.232024591990450548e-10
2.937285393339806022e-03
9.416169242632240963e-03
1.881581343808960910e-03
1.804837873822185616e-04
8.797894218000914865e-06
6.876454681241455605e-07
3.124150535300267583e-06
7.933180346259265120e-07
-4.140055575433086535e-07
-1.163968697787821583e-06
9.091017913816572572e-10
-7.055691344332675099e-08
-5.996791347347680464e-09
2.228530085910376187e-09
4.918856994519128336e-10
-4.014861054171085074e-10
-7.100483726020983156e-11
2.207542246408892043e-04
-6.359622244069830206e-04
-5.163400118484115812e-04
-1.019302215876172549e-04
-5.479921476134470945e-06
1.388378010277332963e-07
5.257316305813824180e-07
-1.687089598461246788e-06
9.743804054192136594e-07
-8.896255337897013120e-07
-1.225027057083399946e-07
1.596380382100360488e-08
8.024733697281833428e-09
-4.905758085907915584e-10
1.191891439833204727e-09
5.067287209825902225e-11
-1.067195611337320145e-10
1.367119226899273106e-04
4.110044918273881936e-04
1.068622345071098379e-04
4.657871160369590443e-05
4.130988165467562268e-06
-6.520178475515220082e-07
1.875572701145000509e-07
2.381347860229976584e-07
-2.990948881504641897e-07
4.891960171833070394e-08
2.293864352576050033e-08
-1.307171460531536620e-08
-1.556929455709850907e-09
-5.256079016385112660e-10
3.415694478918586921e-11
1.459512621838821361e-10
3.103110724030253462e-11
1.102355141505431159e-06
-1.130515362269630459e-04
-4.727859558770038459e-05
-1.788340378625811013e-05
-1.793942118099715460e-06
2.078757693094725173e-08
7.501791572553487202e-08
1.332331950524167069e-07
2.755487141866340446e-08
9.264755951505163027e-08
4.140315819078370354e-08
1.446980713547068216e-08
1.093363397745556758e-09
3.976533561263174233e-10
-2.251858974084819198e-11
2.831769001913867481e-11
-2.102775098786778529e-11
-1.379737740395873172e-05
-1.509100468136873974e-04
-6.567645667591408417e-05
-2.471004348254402356e-06
2.883463526270156227e-07
-1.379469625789035351e-07
-2.583575810402190353e-07
-1.152699251260093644e-07
-4.081555567435488505e-08
-4.071046835160069853e-08
-1.805093531701348875e-08
-8.278631378330165044e-09
-1.256253510028717645e-09
-3.249612912692595262e-10
-3.370917096973711141e-11
-5.168722758635906176e-11
-2.481529625062063602e-12
2.882640009787062501e-07
2.717049566215254289e-05
4.491645136525990764e-05
7.208314066075354669e-06
6.240373388668688707e-07
2.472839847439801404e-07
1.914570835394841003e-07
9.102346370186569373e-08
3.977050039114331643e-08
1.911552851144493464e-08
4.144571458330082588e-09
3.726711266357333485e-09
6.955096048674313908e-10
2.124718159723468406e-10
3.559358491275307152e-11
5.857029886237100051e-12
8.652328246846177165e-12
6.851836686192460310e-08
-1.027271986971287552e-05
-3.421409283072435756e-05
-6.965403698874868901e-06
-9.619166630776594136e-07
-2.130384138880574206e-07
-1.200814650119291829e-07
-5.593449389569259930e-08
-2.468921988780986169e-08
-7.844329265458462656e-09
-5.815282268628561616e-09
-2.587679582864568743e-09
-3.422082033544725641e-10
-1.438788336493986547e-10
-2.712298142775448279e-11
-1.121861107441625021e-12
3.482588908563019319e-13
-8.050919152571695026e-07
-8.712021032956481290e-06
-1.950078489364472407e-05
3.268088797215499489e-07
6.100152815187915206e-07
1.605456719451447320e-07
6.762952561895768104e-08
3.157375317338858998e-08
1.479984472987851676e-08
3.746063065999608161e-09
3.356802907729429095e-09
1.303511441858463475e-09
1.579991050155464048e-11
5.242772519627333047e-11
6.476752718714766062e-12
2.288683569049784853e-12
-1.460526435451031417e-12
-2.292764838898280689e-08
2.808960721517478840e-07
6.153043273763139370e-06
2.059543148109712540e-06
-1.346115337444564778e-07
-9.940315126245031183e-08
-3.532398192773189017e-08
-1.628920113263898928e-08
-8.476110292496665857e-09
-3.973653855068552730e-09
-1.478770340218573706e-09
-1.050408717851090834e-09
-1.070340078695274622e-10
-3.589237762125277168e-11
-9.620457035066840444e-13
1.174170435022977247e-12
-7.208094138301045058e-13
