1.408951709189192047e-01
1.024546121586597414e+00
4.490548080875500503e-02
1.576892224557286922e-03
5.638283891633812041e-05
4.232420463484926920e-06
4.640859443368630702e-06
3.385228489189851540e-06
-1.215191198555712769e-06
1.154132628320313426e-06
1.885554903482812371e-06
6.579073534278423500e-07
8.865389196556018260e-08
8.166700304463362389e-09
-1.420831902548175919e-09
6.192719409621721778e-11
-4.616460134983667507e-10
-1.199213927728127495e-02
3.110200871228886374e-02
-3.364996569976175505e-03
-3.132901574229048753e-04
-1.848754453894484070e-05
-1.066973714220593271e-06
-8.503625011794387077e-07
-1.512562771968549650e-06
-1.167891293916906193e-07
1.345730880854468292e-07
8.496303091097279578e-07
1.733900427176591595e-07
1.752773869100812085e-08
-4.908090505185170202e-10
-4.934720947256467096e-10
7.528080323204910870e-11
-7.101518585749584818e-11
7.807316250668138499e-04
-7.410197868145262533e-05
2.128655005341243908e-04
4.920761935730201580e-05
5.114248358691319035e-06
1.360102113182225849e-07
3.987411606363086282e-08
3.850636940297280387e-07
4.693439450600867003e-08
-2.472686614145999861e-08
7.549478137230645153e-08
-2.202188898815607936e-09
-2.010941167533402138e-09
-7.284594748417421749e-10
-1.257514278735313762e-10
-1.218619625249206627e-10
2.602492686242529330e-11
-9.898386059294019007e-06
-2.234535482701025598e-05
-1.831816158625072133e-06
-2.618504850121814368e-06
-6.763078977928168502e-07
7.153937379404714635e-09
7.037508732643933478e-10
7.232973125603779248e-09
1.503243302770753430e-09
7.016891492688382043e-09
-3.879792149827142167e-09
3.929867584734421041e-10
3.850504389074109654e-10
3.579984159088314565e-11
-7.518109738577118416e-12
-2.849347470171942581e-12
1.167363342489695721e-12
4.231660849146069387e-06
-3.400276570868388981e-06
3.091598321937157167e-06
3.049888116262268185e-07
8.249061620210283278e-08
1.628922457322486041e-09
-4.160353520255155002e-09
-1.752396406854813432e-09
-1.601513657645737428e-09
1.511943012585921092e-10
-1.058733958373237639e-09
-1.927825865952936453e-10
-1.636821357808409548e-11
-6.487236851694925722e-12
-3.324227199535873989e-12
2.267434897211336981e-13
3.500766530083185059e-13
6.680070272650227120e-08
-3.275310997044633642e-07
1.063613799114468849e-07
-5.437869726398585766e-08
-5.957151833010710714e-09
1.910641150447817681e-09
1.152378851691024507e-09
6.165239526320667627e-10
3.111357279403580422e-10
4.015929562662173590e-11
1.550516894396882774e-10
1.072995569819402464e-10
1.868629266435920865e-11
4.133311008745908709e-12
6.049242356307301773e-13
4.743219520811074793e-14
3.891425819223278571e-14
6.206595648318907844e-08
-3.242241662053957740e-08
9.297405847707351444e-08
-2.279830888116213707e-08
-2.448081954972197850e-09
-6.482579583827682284e-10
-3.408715874190654663e-10
-1.968919337655048912e-10
-9.438770354841303846e-11
-3.726146132274987345e-11
-1.786327071740092808e-11
-1.148948561597413923e-12
-2.270372011039655137e-12
-5.786481311692113484e-13
-7.420749953754506391e-14
9.924773122364717037e-15
-3.460749100452934984e-15
-3.658149890668728328e-09
1.022439204295194754e-08
-5.443980154174554006e-09
4.675156478041729566e-09
9.422343739282393591e-10
1.801150124951883750e-10
7.803913669491761363e-11
3.569744404394674370e-11
1.767317925535285417e-11
5.677037201735143622e-12
2.750921761902586133e-12
1.480113221898378134e-12
2.544326130881087052e-13
8.397741103065211009e-14
1.877970249413297618e-14
2.007475014378245219e-15
-6.163045200744400218e-16
5.600348988200573474e-10
-2.031051969767145989e-09
9.834915975169652830e-10
-1.304269211668965183e-09
-2.466796995329046301e-10
-4.808572266185102625e-11
-1.413529902364808517e-11
-6.128993458265874994e-12
-2.598779554583430495e-12
-9.139964786676727189e-13
-4.289059904088201990e-13
-3.331601394336108615e-13
-9.382240301916181092e-14
-1.300649156130482344e-14
-2.548659444867459914e-15
3.813653802052712869e-16
4.101266225487331516e-16
4.409590504637268501e-11
-1.404906522371151864e-10
1.897251087101608128e-10
-9.440452133651534616e-11
1.172045686405098559e-11
8.011480038974792077e-12
2.474949761519812719e-12
9.276153620402866887e-13
3.867070714364254981e-13
1.829084061089928565e-13
1.049248592416683321e-13
2.795168958234922353e-14
1.391847056361324508e-15
9.614630753744139071e-17
-3.416074341398665096e-16
-1.687859936887079817e-16
-6.322376202588190794e-17
5.630035830898546312e-13
-6.468684677617695172e-12
1.390944088650760244e-11
-1.267682180872992113e-11
2.472604239182171749e-12
-7.306506535233994404e-13
-3.252931099858910051e-13
-1.080130532271854891e-13
-3.861988312867648482e-14
-1.217676172454575650e-14
-5.895322680624367655e-15
-7.303777140907937932e-16
-1.953433216564862673e-15
-1.339334675874691002e-16
-1.844731252124597141e-17
1.634679073395661937e-17
1.260903180166569849e-17
5.810561574241767530e-03
-6.059603373499735691e-03
-4.791674263722402638e-04
-2.669211281493533264e-05
-7.486319491673349421e-09
1.426321148687721361e-06
1.032773580295283698e-06
1.038618325926903261e-06
3.568590847016850513e-07
3.010223690838190939e-07
3.258428099954329312e-08
-1.918195208803076826e-08
-2.251003059726061113e-09
2.678375956040152615e-10
3.497283098688796306e-10
-4.423652416118041770e-11
4.992951347894856534e-05
1.944134692613526188e-04
4.608818272718815398e-05
4.911443907070602132e-06
-2.428282520646508186e-07
-3.119424678957787156e-07
-2.435140400695502778e-07
-1.104040539282428870e-07
-4.832178249625343861e-09
5.229306934992066204e-08
-5.733711738057798265e-10
-1.050452013802128330e-09
-2.219448943637815281e-11
-1.283640013420456578e-10
3.017640858693750047e-11
-4.433127542271192703e-11
-1.423354820763986079e-05
-8.242389216345641865e-07
-2.603243651349264260e-06
-6.848217353945644186e-07
1.089449966491853332e-07
1.253513881041970432e-07
6.599086978264017882e-08
2.507384208720923441e-08
4.591890032704452827e-09
-4.568680881524033726e-09
-8.927781283030405613e-10
1.663179524625807575e-10
2.125396704087455810e-11
-8.159534304890199821e-12
-1.041929937798214311e-12
-6.279400029687085752e-12
-1.482999950986263414e-06
3.261930424889780890e-06
3.167861790641235996e-07
7.383287266730978339e-08
-2.339251800862311136e-08
-2.305192313717985661e-08
-1.378277528987885583e-08
-2.904023684247307667e-09
-5.773073286872109545e-10
-7.955538802338860670e-10
-1.306479993644726423e-11
4.738085984658893902e-11
4.287837366802759010e-12
-1.232188784156984623e-12
-1.959800902378635707e-12
-1.008259948983651258e-12
-2.863766967932307178e-07
1.170799686034232308e-07
-5.422399409570877505e-08
-2.921034521154435252e-09
5.021415611285005128e-09
4.817122063243663954e-09
2.125441292525777607e-09
5.865218292428181420e-10
2.074153805347269664e-11
9.456583449765592415e-11
7.936245591844266095e-11
8.818960909415575104e-12
1.691483120487477287e-12
5.141966589336119624e-13
-1.819472239914653249e-14
9.842073031187554648e-14
-4.555571114665245714e-08
9.180225055371123189e-08
-2.297804610957950472e-08
-3.031992553731975857e-09
-1.175135282220685471e-09
-7.383760925756017265e-10
-3.155961145198096998e-10
-1.284397407552215116e-10
-3.833617491892271194e-11
-1.070055362160630549e-11
2.954487110193623971e-12
-7.890616109368344217e-13
-2.598953114754961222e-13
-1.035775280114776002e-13
1.123137039399241325e-14
-2.491319459909889721e-14
1.083583415163261411e-08
-5.378126155804009476e-09
4.719023726330210292e-09
1.022092463369537939e-09
2.550993242470563348e-10
1.111046155768717957e-10
5.055908652959299751e-11
2.027859480091190510e-11
4.503659024549319508e-12
1.512476829418845501e-12
8.494770773797236581e-13
4.229523840777127629e-14
3.548611224329336320e-14
2.093821953996080204e-14
4.546137032946750363e-15
2.685836391640034855e-15
-2.142915597998311139e-09
9.679626766898878672e-10
-1.312572619879863219e-09
-2.568719447848590523e-10
-5.582696153635116601e-11
-1.867517150496425815e-11
-7.585207917408766580e-12
-2.847742145607259548e-12
-7.049156865886591358e-13
-2.599620695981434793e-13
-2.430446721293964220e-13
-6.339519572448408767e-14
-7.036364628682416679e-15
-3.192596000755707232e-15
-6.794541891023956657e-16
-4.407803060586472720e-17
-1.468266490671913089e-10
1.904634685678647049e-10
-9.327430573796975395e-11
1.275106786492692216e-11
8.836803915273709367e-12
2.812266413682224101e-12
1.079113888555446167e-12
4.168545438605062948e-13
1.576261841420788838e-13
8.206353014152731489e-14
1.622415693983715889e-14
-2.481979305016450786e-15
-4.779447423456970971e-16
-1.764221773546361746e-16
-3.055958623995143865e-17
2.387684338480372851e-17
-7.175171640185677478e-12
1.379906426525620054e-11
-1.291633139153437608e-11
2.345242051883278394e-12
-7.856045576175410022e-13
-3.751904006042965526e-13
-1.318167020810289531e-13
-3.881051728488298816e-14
-1.003571098245032006e-14
-4.341932411636137248e-15
6.291498190368997485e-16
-1.007198020921542220e-15
-5.899592518377056269e-17
-2.370881668624745912e-17
1.059020149500989638e-17
-2.983070783233075948e-18
-1.014674906223810957e+00
-4.456208280381571823e-02
-1.569298281015297407e-03
-5.609710860939288405e-05
1.248138601240101560e-06
5.200416204375916739e-06
4.087936705395012883e-06
2.328205432189924918e-06
-1.241244065950738729e-06
-1.877824507355170345e-06
-6.882278307647900507e-07
-9.942496673345407536e-08
-1.322822763639693708e-08
1.385677927173277345e-09
-6.913476264976923525e-10
3.214129392182183123e-10
-3.306897676113638995e-02
3.250404731888584600e-03
3.092289024805379340e-04
1.871603828099342818e-05
2.863723712788201786e-07
-6.890801939175532433e-07
-1.050756450767703607e-06
7.280737703161408578e-07
7.734769780685785513e-08
-7.809055936331038418e-07
-1.592005500286318373e-07
-1.539082087891499691e-08
9.903381419670398663e-11
7.550082996058612980e-10
-4.626125490410770885e-11
6.985145785875548352e-11
3.829503632968300222e-04
-1.841338501117772584e-04
-4.867311770670665881e-05
-5.859787283121705004e-06
-1.297422167460768512e-07
1.146190866648277659e-07
6.215331936919777922e-08
-1.775046132099045046e-07
4.320942532477054374e-08
-8.400961421723626216e-08
-2.583229760372274855e-09
1.433896379870455436e-10
5.743959281483891484e-10
-5.642563770800776725e-12
9.027200312029817054e-11
-3.548975414105716974e-11
4.118899504043202457e-06
-2.078482454074088882e-06
2.538917469557029304e-06
7.970086606841594411e-07
-3.218941335741672288e-08
-2.198134998693397332e-08
1.306344437214473287e-08
1.586474871599693628e-08
-6.413837149009765310e-09
7.163244220857774662e-09
6.328128459615918442e-10
-2.645059668791092639e-10
-4.666300790477489191e-11
-2.043319609674921653e-11
1.022237983509135609e-12
-5.194295402359486613e-12
6.097951372579915278e-06
-2.612427423780749466e-06
-3.008222808888805325e-07
-1.084101780776367766e-07
-1.700068141147841612e-09
2.295728266669740908e-09
-4.350667131647779831e-09
2.500776660759718483e-10
-2.418537889693362404e-10
5.480904595415538587e-10
8.225678520539511852e-11
-3.765421619350541859e-12
4.087711854568775013e-12
3.513383632047581436e-12
3.072989639475833083e-13
-3.307119952257688730e-13
-2.560973785946660864e-07
-1.672005120989463318e-07
5.601245511114896864e-08
1.067990903698755757e-08
2.156735558451974404e-10
6.470895696852851374e-12
4.490269387013155722e-11
6.866061234690631537e-12
3.378030879849102464e-11
-4.792626684995867784e-11
-8.512454578620815230e-11
-1.145629805610062872e-11
-3.599841513774647965e-12
-7.253379478447726797e-13
-2.758486951184394954e-13
4.822803962778584523e-14
-7.519396207904326109e-08
-9.896594901042630179e-08
2.154417028289636388e-08
1.608161992166256706e-09
1.044040359409475886e-10
5.844451130355432772e-11
3.915185849208326629e-11
-6.288901863446063447e-12
3.493300144467300443e-12
4.690557332068543515e-13
-2.504749162427809232e-12
1.438639999857373966e-12
6.264293002179815666e-13
1.298917401621996265e-13
2.844787805622951136e-14
-1.021727437904037405e-14
1.142082360122372291e-08
9.320609878922787108e-09
-4.152996602805626840e-09
-7.556472256905872603e-10
-7.531322458666757063e-11
-2.237605809719087242e-11
-9.611284637055556895e-12
-2.521599178730762285e-12
-3.118247698478196741e-12
-3.476231210279124478e-13
-1.002697370065215815e-12
-1.184140207059663467e-13
-7.494942349980801487e-14
-1.909829661263023359e-14
-5.380451874947480551e-15
1.447546172758857530e-15
-2.355172441406049833e-09
-2.179184611487741797e-09
1.139568333289674787e-09
2.074633339233219071e-10
2.987986712659754218e-11
5.039029147034091105e-12
2.196263863854358793e-12
8.246773094885096755e-13
6.701849513308591955e-13
3.930954042046026809e-14
2.553072821084773074e-13
7.276729251829478910e-14
1.173888357962260707e-14
3.219177212103571845e-15
5.497025686622535908e-16
-5.292550163659077820e-16
-1.795921304092380168e-10
-1.821936901023448767e-10
1.193075659162769951e-10
-4.634953863061268667e-12
-5.264829106568506120e-12
-1.242668726693758394e-12
-3.682094555153247688e-13
-1.476959290163657324e-13
-6.946148918172611751e-14
-2.497602358857427203e-14
-2.139598739428948845e-14
-3.493752305741216297e-17
-8.820071668292270616e-16
-1.195054629794610516e-17
-1.155723468969985144e-17
1.399776930957791671e-16
-7.903921989507319401e-12
1.399391728018002174e-11
1.154667706221948778e-11
-3.404613686505154237e-12
3.890287108601282926e-13
1.826376651519777540e-13
5.028518190531860043e-14
3.150272087039373852e-14
1.385082046769090910e-14
-7.927679836961988284e-16
9.774385218041069765e-16
1.889037800272538847e-15
1.012595794221443437e-16
-5.968782259452063544e-19
-1.919656476614939392e-17
-1.545346140170288505e-17
2.100231409339712446e-02
8.804612955401771440e-03
-5.895161630302375722e-03
-4.748326711837737714e-04
-2.887437284800948065e-05
-2.393040891572875483e-06
-5.921367558881426739e-07
-2.163486275248530577e-07
-1.231017244325383779e-08
3.425587352773573738e-07
3.087944098428060479e-07
5.486325122115230561e-08
-1.138255481688902512e-08
-1.432493770913098545e-09
-1.851853848469508562e-10
2.478070199931005451e-10
-6.234451878538989568e-11
-7.187534983776514659e-04
-2.391215044519656491e-04
1.662895327568003384e-04
4.479808991863786389e-05
5.499637962014829956e-06
5.382638648749906374e-07
1.973185275578968210e-07
-1.201706641754662333e-07
1.308847096404221630e-08
-2.172332046815204752e-08
4.604134725058691855e-08
-1.651276677756798061e-09
-9.713793422408442387e-10
3.690066103421448509e-10
-6.847577024670462077e-11
3.658538197036001486e-11
-6.917913532196089777e-11
7.581388245947565998e-06
4.173250216237564115e-06
3.183157715116355963e-06
-2.494003640675278211e-06
-9.027086554921825820e-07
-1.283187505443480716e-07
-3.124258232816082275e-08
1.449303121304629047e-09
3.242301675647720033e-09
7.006938950243779925e-09
-4.571953475366439344e-09
-7.287761211592952041e-10
2.033170094679311879e-10
3.242862798260697765e-11
-6.411732939584516008e-13
-3.652163385927874984e-12
4.932945236867234474e-13
-4.887157524139965478e-06
-4.291540597573322828e-06
2.748280037293264318e-06
3.041613216460177015e-07
1.265701264229529402e-07
2.602758636256318228e-08
6.107292020052466632e-10
-2.796068067552090217e-09
-7.899253678153473808e-10
-1.290841054000387495e-09
-7.820445963888486735e-10
-7.544152532850253562e-11
4.115233407780891041e-11
5.972664964933019046e-12
3.283621368700238179e-12
-1.842293039178863174e-12
-3.691961258168421844e-13
-7.805921250573986677e-08
2.991058908206368626e-07
1.814981052723572093e-07
-5.524803168585008100e-08
-1.510552708227167275e-08
-2.804304923649271800e-09
1.506639727986277723e-09
7.858492723279593016e-10
2.876735297449266143e-10
8.308935476502338826e-11
6.106118102587823914e-11
8.049356112609996727e-11
6.482463872609091431e-12
1.598230993134402853e-13
1.085799376185579353e-13
1.579411936471680697e-13
2.796088478375779888e-14
-6.103669057278965207e-08
6.141594896745115671e-08
9.751367826839495468e-08
-2.136934122549674443e-08
-9.320563055376398592e-10
5.365871773574829046e-12
-2.146363581684499802e-10
-9.526457586405738441e-11
-3.905458936562281637e-11
-2.432113488483940040e-11
-3.542827798235540251e-12
3.262883017745706056e-12
-5.218272596758584146e-13
-1.563698855912973012e-13
-6.586408146584754514e-14
-1.404236020544958882e-14
4.119046247823593142e-15
3.740733537960456143e-09
-1.071940592229137955e-08
-9.237003577320652885e-09
4.109260172136550929e-09
6.944757141207083567e-10
7.506251461748477056e-11
3.121142009451092999e-11
1.910769148648960190e-11
7.920553341889013988e-12
4.728258977628457781e-12
5.027452574350878316e-13
8.081353030681014875e-13
-3.406524664887307366e-14
2.956703898654167196e-15
4.197263975377377611e-15
5.588785273851386874e-16
1.286146088507336444e-15
-5.517133997346463517e-10
2.237777824993945689e-09
2.167228814166661819e-09
-1.134755317401231734e-09
-2.037148611370181467e-10
-3.063067371183612708e-11
-7.365230861517915887e-12
-3.354923658353878854e-12
-1.524208662936586231e-12
-8.230928633193976388e-13
-4.675740023107495593e-14
-2.187095756009933561e-13
-4.816705899884014487e-14
-1.616663095675251682e-15
-1.206760261479542019e-15
-2.606387656236347346e-16
-1.297875400181265287e-16
-4.173590566103784916e-11
1.732874178110955736e-10
1.817005048538771788e-10
-1.199360286865056080e-10
4.613820141104800909e-12
5.583184487851177157e-12
1.382377702189469228e-12
5.303921113290517607e-13
2.375358494038450589e-13
8.941342061789770504e-14
2.330904776209836526e-14
1.589563180793447458e-14
-3.443582437199072632e-15
-3.466044096233519970e-16
-2.304041676894757571e-16
-1.208093981137191359e-17
-3.021491807141953574e-17
-4.086991293036776114e-13
7.297220297745888858e-12
-1.446029342695015254e-11
-1.177574122386799360e-11
3.385206137506904680e-12
-3.740561312208096340e-13
-2.067393120810885733e-13
-7.391176257974691343e-14
-3.623849787487577201e-14
-1.597965013877046089e-14
1.338756449806595301e-15
-3.999210371229963809e-16
-8.862297105158256530e-16
6.077482760838018770e-17
4.082661102356910897e-17
2.157991540827775395e-17
1.134075579287530684e-17
-1.601653144582510235e-01
-5.581810691990767188e-03
-1.951053431561972475e-04
-5.259669640524537645e-06
7.411872027471082022e-07
2.861752136489980904e-06
3.137605572026848536e-06
9.693671617053683568e-07
-4.619785813409921704e-07
-8.648987074539906449e-07
-1.454382784855669948e-07
-3.279905484119335530e-08
-3.062560805871292901e-09
4.342146751164434909e-10
3.014519641140322755e-10
1.390381196876953417e-10
1.264943898272530287e-02
1.101523762311303360e-03
6.710330608504410841e-05
2.603013137014298774e-06
-9.411147218291111204e-07
-7.313073711760008941e-07
-1.508941657477553880e-06
5.271555541032721982e-07
-1.241757780642288954e-07
-2.625542547371940073e-07
-1.272726577478260074e-08
-3.863106894702663967e-09
3.892497872260907305e-10
-5.129668265163311048e-10
1.001533035647315182e-10
-4.205677270941919881e-11
-8.094938051590169293e-04
-1.713333918425920049e-04
-1.798523046950109333e-05
-5.696907135003607917e-07
3.352898372441357777e-07
5.167985598476133064e-07
5.061027774844102288e-07
2.341947118635298379e-07
4.656781530916011159e-08
-1.980385207376998269e-09
-5.344774642127713605e-10
-1.032241771348008030e-09
-1.902976922581301018e-10
1.427471032294378294e-11
-2.365860836472213647e-11
2.621550946045661482e-11
1.488057200711011903e-06
1.056513029165676791e-05
2.619227247738719564e-06
1.098216126259162779e-07
-1.373895614531882599e-07
-1.313431190044559443e-07
-7.877439750549184447e-08
-2.833297869402043823e-08
1.118407927237697832e-08
2.479795007299478183e-09
3.312319017121608204e-10
1.113829627478848153e-10
-3.943216668492217775e-11
-1.723024681716525967e-12
-2.027909707074428805e-11
-4.569373754531212688e-13
-1.035103092904818807e-05
-1.321011816328060537e-06
-3.123788061989246341e-07
-6.582763327513899849e-09
3.389405217417456669e-08
2.711886400716563321e-08
1.010496430658707780e-08
3.716712795753479463e-09
2.449863433266839332e-10
2.455841085158604355e-11
-4.751545430127575556e-12
3.274496095787045954e-12
-6.063480722899018944e-13
2.325191093014464109e-12
-2.918493799801047502e-13
-1.024217965424004995e-13
7.190344171070664822e-07
2.609340232216682343e-07
3.850141649273336113e-08
-1.028271345610235024e-09
-8.113530649926770530e-09
-4.535582292859889527e-09
-1.650400466304203379e-09
-6.459438569924952403e-10
-2.910834219862163946e-10
-9.659362575452343741e-11
-2.070427578764580219e-11
5.768059064449597682e-13
7.265527941968722759e-13
-7.486807668793660183e-13
8.542596894784304937e-14
-2.454843196916052267e-13
1.517935360666635049e-07
6.678134232243623766e-08
4.401812727115883093e-09
1.160280720223569705e-09
1.392047037404975200e-09
7.199858115832254095e-10
2.971666329808407728e-10
8.589652020245433184e-11
2.959369189819931179e-11
5.408100829621051378e-12
1.416372422892649285e-12
3.041112408432245364e-13
2.598869869738636471e-13
1.283311194543307197e-13
3.588659191105962527e-14
1.932969297634288481e-14
-7.508762267365957915e-09
-1.436224363253710280e-08
-2.533395967313591991e-09
-4.441208698295939809e-10
-2.123963236628992228e-10
-1.094914538379747961e-10
-4.773340406124765791e-11
-1.633895088188481292e-11
-4.997200603074011663e-12
-2.689015580725440830e-13
-4.817464847800169227e-13
-7.052063946536754265e-14
-4.720654877747747654e-14
-1.000513658188523373e-14
-4.194106354930307781e-15
-2.440181371738473414e-16
1.500620222704230317e-09
3.908842285740346565e-09
7.341074828431983374e-10
1.201365499014636575e-10
3.540264911120196692e-11
1.540852254765314009e-11
6.937627922963359969e-12
2.482575532562538687e-12
5.871119131010401190e-13
4.448568061767155124e-13
1.178763861100726832e-13
1.267730962350484369e-14
6.290180453016305029e-15
1.803140269577759736e-15
7.566702791369574511e-16
2.781513209136089554e-16
2.129010622300966391e-10
4.582182942882700712e-10
-1.654536598284411327e-11
-1.913806191446253612e-11
-5.742954837425096782e-12
-2.218706583602703398e-12
-9.353933492741468223e-13
-3.258753322214983371e-13
-3.596425041126522139e-14
-2.782724140303954209e-14
-1.827308396279406406e-14
2.327710882318894054e-15
-7.281278214924158306e-16
-2.959454657480761406e-16
-1.150527734643480768e-16
9.959516116204864266e-18
-1.984738605123295678e-12
-3.982848627353506226e-11
-1.238048381324174953e-11
1.330247591545300262e-12
7.472948319591014904e-13
2.546215769627347835e-13
9.731031759612018994e-14
4.328932354263712698e-14
1.970846284059150473e-14
7.051099409432509874e-15
4.051880125308255937e-15
5.971324603098314835e-16
-1.111050934443519073e-17
-4.792004479322258583e-17
-2.453114082290689631e-17
-1.198469331958078713e-17
-4.390696312282409142e-02
-2.245424303776254876e-02
-1.681417775490109132e-03
-9.320007018505415460e-05
-1.133676445764179618e-06
1.312843856052639928e-06
3.276283007624413057e-07
-2.895285944979725302e-07
-1.431513188208265452e-06
6.898435414428686575e-08
2.926958194742763535e-08
-5.045525513112386276e-09
3.354026725803867807e-09
2.685425452366187880e-09
-3.871290758563700595e-10
3.080367741488258340e-10
-5.681975269822711773e-12
2.218525794253208504e-04
7.416713372688977677e-04
1.602311986889273082e-04
1.728846911358577053e-05
4.984949902418155266e-07
-1.740442119624965787e-07
2.753347514385930713e-07
1.722809629850414022e-07
-6.281437022493220775e-08
-5.968867769489184620e-08
-6.297711729928944993e-09
-8.896138331038460383e-09
-1.208367849064829276e-09
1.525892506836417508e-10
3.965063811834830394e-11
4.673340784150926653e-11
-1.032842806092162139e-11
1.274694673800158121e-05
4.385880098323208742e-07
-1.050871413151092306e-05
-2.472234012440845442e-06
-3.036806272407461146e-08
7.136100260364659965e-08
-1.983527708981284319e-08
-4.702247236290875894e-08
1.889524322749180051e-08
-1.717426058164234343e-08
-3.455760545236613892e-10
7.946068989057344035e-10
3.640088130148955824e-10
6.622502550901678689e-11
3.993612911654608539e-11
2.992996715010636836e-13
8.373540671701856887e-13
4.196512932372311085e-06
1.116580211198952891e-05
1.378979947514463722e-06
2.990114355249847668e-07
1.564041846420362539e-09
-1.425952460694566749e-08
4.877746192817483893e-10
7.287841622913908639e-10
-1.399441431527635541e-09
-3.648289981409608161e-11
-4.475605552964131356e-10
-1.975227010065916555e-10
-5.980174000443317029e-11
-1.487865484227450001e-11
-8.583317360640878974e-14
1.052052907018608316e-12
2.840457451558693362e-13
-2.228951785799953705e-08
-7.141773705080872561e-07
-2.584642499639464771e-07
-3.666059840016760421e-08
6.738252303015506444e-10
1.965889439012348115e-09
1.009198144201185993e-09
6.049194382036216897e-10
2.713191330049408889e-10
3.077414672668470847e-10
1.600941875126746593e-10
5.465505670762286484e-11
9.577143681840209147e-12
1.975333093598760641e-12
-9.940027123983328497e-14
3.475649809899105104e-14
-4.590484820756469327e-14
-1.261362664224732640e-08
-1.516387505721294285e-07
-6.700814210091711915e-08
-4.642017287829786805e-09
-7.938737061485538586e-10
-5.404543536690922362e-10
-3.428020136117770815e-10
-1.371311234099621414e-10
-5.452896291330762069e-11
-3.971070999822896161e-11
-1.578461210954900786e-11
-6.510394275479908678e-12
-1.973291219974816251e-12
-5.249936800781144573e-13
-8.135330897033987045e-14
-2.092777104116492300e-14
4.673032141680974766e-15
-1.976645638190315876e-10
7.283179621617069889e-09
1.436137037521537521e-08
2.525151980992466438e-09
3.604643815687837395e-10
1.308138510722907955e-10
6.738485437925728464e-11
3.152484688140680336e-11
1.317737501949910766e-11
6.606871367709378397e-12
1.725754883919400475e-12
1.207242404911967292e-12
3.060317134498125502e-13
7.530238969316259596e-14
4.673215396380156209e-15
-5.440245479604986603e-15
-1.197109540608406927e-15
-6.631067048916159228e-11
-1.493650252323916351e-09
-3.907798458798822344e-09
-7.283182245900732522e-10
-1.089335959937684223e-10
-2.624039958213951229e-11
-1.200052208138975761e-11
-5.284626299401777321e-12
-2.383048370993090563e-12
-8.482377099976058001e-13
-6.552503606021401752e-13
-2.154069660917942444e-13
-4.320412561347716813e-14
-9.176082842667651563e-15
-3.484478488585780407e-16
7.583544006934006334e-16
2.943540608365780160e-16
-2.377075104483677221e-11
-2.172829765848528665e-10
-4.587234128617106198e-10
1.550812837572337222e-11
1.773502273905045116e-11
5.015852209738846420e-12
1.893022172861289376e-12
8.008552046508085934e-13
3.479664411495316607e-13
7.379999650676900320e-14
5.623491838341391093e-14
3.089250795931165685e-14
1.151856188035609577e-15
1.003241738816360942e-15
-3.523382607543715759e-17
-1.204104350724631493e-16
-7.660444257617256052e-17
4.411962416747257058e-15
2.189548713671190973e-12
3.996961516610419629e-11
1.271770657538571737e-11
-1.223542118215384311e-12
-7.408009546554662692e-13
-2.449334742221472350e-13
-9.831736454148860162e-14
-5.015169550592008598e-14
-2.641702978018317753e-14
-1.081250212802348306e-14
-5.173907086245435676e-15
-7.346281256469067759e-16
3.148213111526568855e-17
1.252368821521282009e-16
6.516257743606542406e-17
1.990147286457363923e-17
