1.364952873414772283e-01
1.026759823512416014e+00
4.365290197858515825e-02
1.409031107293936581e-03
4.439336585332623786e-05
4.559120060616646368e-06
4.220746046290392166e-06
3.074224667871997070e-06
-2.914357689959597419e-06
6.924214969059721230e-07
2.647873663364628155e-06
7.794857334206743937e-07
1.040560818657181945e-07
1.056626013513865424e-08
-1.005128770119590178e-09
3.754267796176375635e-10
-4.682171456278616854e-10
-3.412530177051563418e-02
9.024874716590954027e-02
-9.579683625132121710e-03
-8.375404692424985977e-04
-4.668477314515536206e-05
-3.505248145797190953e-06
-2.531416078578221224e-06
-4.305787050418450963e-06
-6.053818914604508316e-07
3.375827155470862833e-07
2.958381629479596915e-06
4.985688091074870164e-07
4.402103290872035621e-08
8.942334851834189638e-10
-9.792496014152882243e-10
3.131267397075267593e-11
-2.596622545044925770e-10
6.477795149928605722e-03
-7.807875701681234529e-04
1.764472280150673495e-03
3.937253833210854737e-04
3.836381681537344147e-05
2.252610577506584122e-06
3.250154372499803332e-07
2.785436910222443029e-06
-1.198937639351937133e-07
-5.984111190564638836e-08
6.700844218396617211e-07
-2.250768067371020289e-08
-1.303364207504702100e-08
-4.513642775151568226e-09
-6.598414744946833492e-10
-1.301472485957519111e-09
1.740450852919047315e-10
-3.722291568701324607e-04
-3.420953841924608821e-04
-1.216289399617646953e-04
-7.264045005693331284e-05
-1.728018717778535341e-05
-4.256061435999193919e-07
-3.364408174528113325e-07
4.784428354895477759e-07
1.452801226189559925e-07
1.101331113094977291e-07
-1.828003432422359340e-07
-2.064616854555920645e-08
5.651060581047353162e-09
-3.530749056248536658e-10
-3.979057095317051291e-10
-7.927073325999354671e-11
1.588126694590333642e-12
1.442994600498238335e-04
-8.644326087111062803e-05
1.127198035926848971e-04
1.482780709370365308e-05
6.819447172362422423e-06
4.841069647112983628e-07
-7.939610149300660743e-08
-2.715318490842806987e-08
-6.902369576771723397e-08
3.796511373527128010e-08
-4.899273120365660257e-08
-4.718463445571400859e-09
2.930733673058864670e-10
-2.217091632414845401e-11
-2.037804789451916765e-10
2.739239777189480984e-11
4.861866489823987997e-11
8.341808358585273028e-06
-3.530497106647806181e-05
9.669071622547787290e-06
-6.117155442704368459e-06
-1.604405673495494983e-06
5.884318405203567445e-08
7.776123166587402197e-08
5.720644762798127013e-08
4.163951738525988235e-08
-4.347159258312680716e-09
2.282090808844769664e-08
1.522089660216489502e-08
2.376858644485411832e-09
3.402646256074312914e-10
3.847727687514373396e-11
-2.736446899068479464e-12
5.579617545475455141e-12
2.182076533939200102e-05
-1.234232644706967977e-05
3.340691837036131016e-05
-7.889206567288444783e-06
-5.981021817319730630e-07
-1.261123486242501296e-07
-9.274981584310952766e-08
-6.725188020979264433e-08
-2.914817559530147887e-08
-9.565531251230693933e-09
-5.224963464248303078e-09
-4.032368033962489731e-10
-7.728930104457970732e-10
-1.750444768846732027e-10
-3.405743230298727627e-11
-3.798743390097391920e-12
-6.996971365343927929e-12
-3.770047428759473458e-06
1.034548510794101185e-05
-6.139920431437181199e-06
4.603298875094762534e-06
8.470079126907462712e-07
1.388635548520259305e-07
6.865214168078640631e-08
3.408138322753910805e-08
1.629936119761954813e-08
4.753043659955947800e-09
2.432102848025875965e-09
1.351221825763758169e-09
1.868310554921266183e-10
6.984724981383046505e-11
2.268680531757819755e-11
5.330049389258115788e-12
1.230364748651672514e-12
1.298100934475499002e-06
-5.391702276606712524e-06
1.957075258540220358e-06
-3.309824500129308466e-06
-6.358840762411425138e-07
-1.198641106792965438e-07
-3.517326147882164416e-08
-1.653450809521465348e-08
-7.312039399522044006e-09
-2.438815513684677400e-09
-1.109517488867724879e-09
-9.313184857843272993e-10
-2.692677107514129113e-10
-3.323611377661317303e-11
-1.123761600475619163e-11
-1.406961822195199713e-12
-9.747306120425570073e-14
3.826963046571993034e-07
-1.274711997538115639e-06
1.597563957527990762e-06
-8.698363058025595905e-07
8.342689389743473504e-08
6.036300151464006593e-08
1.824651083597406906e-08
7.125131526994436116e-09
2.752315377074903197e-09
1.186282918033605302e-09
8.110930692011776872e-10
2.531918464147857627e-10
1.948170581302563188e-11
3.541119263610131856e-12
1.667921053313283077e-12
4.846699693840053395e-13
-1.385276066843140588e-14
1.591847574843717387e-08
-1.728793346420029211e-07
3.499342215290218615e-07
-3.096545893268604261e-07
6.633011979502498591e-08
-1.637680873276889090e-08
-6.701960493562629051e-09
-2.252976192498432033e-09
-8.249707673117970261e-10
-2.973261553596387232e-10
-1.506573249070673957e-10
-6.280131689129900331e-11
-8.947621789181998688e-11
-7.133062220324522311e-12
-1.759036522893684694e-12
-3.369278641836679123e-13
-3.164768901138776480e-14
1.700745739975212736e-02
-1.721954028736341971e-02
-1.292936779541309280e-03
-6.830308940992499303e-05
-2.604126019734682733e-06
3.235477425152383597e-07
6.220995412843261646e-07
2.468860056347484399e-06
1.060007429945455811e-06
1.219881577030119160e-06
7.874136526762668111e-08
-3.918983118545383172e-08
-3.072814010237782721e-09
8.570391358672003788e-10
1.381661671023744739e-09
1.435899354138198876e-10
3.257731696004803742e-04
1.624300439710329091e-03
3.676101796842032115e-04
3.630074534330114504e-05
-3.214814875730436084e-07
-2.820439085794514719e-07
-1.185945695066160899e-06
-7.416008444471999527e-07
2.283240471257547518e-08
5.009022737920786460e-07
-1.868664860737827338e-08
-1.423297346789948182e-08
-1.163556936757152434e-09
-5.622679199260772488e-10
6.317767371027133804e-10
-2.240928050387131211e-10
-2.655442827842783519e-04
-1.133269334884329341e-04
-7.401781282725348196e-05
-1.743861329821729016e-05
2.766443471130198314e-07
1.588705318233592575e-06
4.635579391394928182e-07
4.159548425846167972e-07
-1.195087569478140588e-08
-1.828022104554803923e-07
-3.467258134625905938e-08
4.956543284668694706e-09
9.764703886431108317e-10
2.874265249747803361e-10
-4.901721674188555203e-12
-1.156948591524340940e-10
-2.784565394996639829e-05
1.182917024000605964e-04
1.537079753554782653e-05
6.379770633297640580e-06
-5.807970939570741234e-07
-8.078998954041212896e-07
-6.342189739294509513e-07
-7.184555023989916188e-08
1.833468011200828419e-08
-3.447413055276260056e-08
7.114079780253325466e-10
1.898218321811966892e-09
-4.701456361238590403e-11
2.615377255758441560e-11
-7.304995489129984897e-11
-3.698880138266115625e-11
-3.083118251864106672e-05
1.056823554214549851e-05
-6.309823330705795980e-06
-1.248947345333099863e-06
3.265571737145530729e-07
5.900539115828504307e-07
2.687545311631204332e-07
6.138013704484261745e-08
-6.390720908852891727e-09
1.580976941439903723e-08
1.275845080815764090e-08
1.695844063238115657e-09
2.566325779803416895e-10
1.033886001134804275e-10
-1.520740722782062787e-11
1.766030840000574562e-11
-1.674865808239973055e-05
3.312842657734479625e-05
-7.850509553439108528e-06
-8.161211844416440228e-07
-2.847411218689510735e-07
-2.394365916640115213e-07
-9.275282473770299704e-08
-3.755302109975554227e-08
-9.353261452291277959e-09
-3.300330789246085173e-09
5.155325438092713802e-10
-5.450427978423829949e-10
-1.626012623204088539e-10
-6.346091016162081822e-11
2.456734549724959998e-12
-9.487903275572502551e-12
1.095840936488404623e-05
-6.111641291135538854e-06
4.619364785369357855e-06
9.302490076984988441e-07
2.090747570628657825e-07
9.453383535906511630e-08
4.522062934607326631e-08
1.806209539964333346e-08
3.553178798478591057e-09
1.501856219591758592e-09
9.569922197225278318e-10
1.019006930022505494e-10
5.421026443799887131e-11
2.762455259529313728e-11
4.621456229531058532e-12
1.771595696966874486e-12
-5.593670556078329199e-06
1.935358208639485468e-06
-3.323239673876353446e-06
-6.648166419551562642e-07
-1.389985201667763060e-07
-4.716263126603772441e-08
-2.005859454133640154e-08
-7.649984059734229740e-09
-1.946694827778212970e-09
-7.702267966977767596e-10
-7.805478145745983244e-10
-2.284300858553760432e-10
-2.688653593997772374e-11
-1.293194118224718239e-11
-3.087154890128186886e-12
-2.882879602030966604e-13
-1.326985315935371865e-06
1.598615439537051528e-06
-8.660967362241105960e-07
9.184049168415776418e-08
6.632056230234424295e-08
2.090490996417566001e-08
8.463688993852654096e-09
3.172939244936175832e-09
1.094721706002617933e-09
6.992784149423812454e-10
1.947210778767019468e-10
-7.042223216081150925e-12
3.263359039274872808e-13
2.475260847218738661e-12
7.561165309470474535e-13
2.623461961484672485e-13
-1.940435467330421462e-07
3.538635921452311313e-07
-3.212948044320465684e-07
6.202074462191814676e-08
-1.809915322832384010e-08
-9.076176612596544320e-09
-3.380425673364904169e-09
-1.094062252776182267e-09
-4.065965673359391002e-10
-2.262469911798162394e-10
-5.098047491640650138e-11
-4.756537830234319068e-11
-8.112563449959033446e-12
-2.563000188418680997e-12
-3.366481318493697162e-13
2.591614871800121965e-14
-1.017904516766207079e+00
-4.338783783862701360e-02
-1.400219119400798132e-03
-4.083475404061942256e-05
2.360651127673854908e-06
4.876637367005285223e-06
4.725892279402475735e-06
3.062978657732777223e-06
-7.017977941181279982e-07
-2.590690262070320322e-06
-7.870154942636331041e-07
-1.048571470824639392e-07
-1.667117655592061477e-08
1.722034134101623758e-09
-2.068376442295647583e-09
1.154790651832141882e-09
-9.551598455650540942e-02
9.292809311579660475e-03
8.261483083274271397e-04
4.552430742601002307e-05
1.394537891701976297e-06
-1.444052782927956249e-06
-3.747257425433739455e-06
2.484785666509523146e-06
1.984897038318189986e-07
-2.813514026959130656e-06
-4.790740493235230543e-07
-3.713445151916505698e-08
-1.457770143986256811e-09
2.691129371415044098e-09
-2.382933231098179432e-10
4.683320257035833880e-10
3.237122184707971403e-03
-1.548671455709369491e-03
-3.844326046255103929e-04
-4.084510754942567029e-05
-1.546272218979691794e-06
9.044994939388624824e-08
3.321459718968249477e-07
-1.593084815483622903e-06
2.525143700422153273e-07
-7.231845869572991742e-07
1.022222753102812235e-09
3.721572628656582101e-09
5.437370425036829744e-09
-4.047651190965957948e-10
8.159700837350334197e-10
-2.064697470346630051e-10
-1.312720100198262632e-04
3.064717588378767724e-05
6.766323068376539000e-05
1.793173811669193822e-05
4.159580551925824688e-08
-1.983878620233802452e-07
-2.554299601731663028e-08
3.651972489826836168e-07
-1.735007890413977445e-07
2.273958918458688148e-07
3.587979672522449630e-08
-5.308355978918283443e-09
8.470003862365528973e-11
1.013471265405467745e-10
1.134218856303343131e-10
-1.937710129791014919e-10
2.031964477165630937e-04
-8.093481614581981198e-05
-1.303465779367533302e-05
-7.517883038301786972e-06
-4.736391397269221383e-07
2.853627293056676964e-08
-3.181663848689989021e-07
3.611037053388027008e-08
3.013607239200563860e-09
2.653207721986558654e-08
8.019234069756083216e-10
-7.696560087237235088e-10
-4.767348372763172911e-11
1.369229461464959984e-10
5.694330245632853684e-11
-2.869649390744077442e-11
-2.630147631580447741e-05
-1.962648673720295640e-05
5.582581818289003018e-06
1.894036595281602107e-06
1.571621199339264537e-07
8.705569967475191392e-08
5.959283686119927914e-08
8.288164927243700493e-09
1.347430457455946418e-09
-7.664671084917118092e-09
-1.331935626024657436e-08
-1.768283986432999304e-09
-3.744244320859886919e-10
-5.017236152810236528e-11
-3.011811167201863241e-11
1.535149257977035738e-11
-2.749920268003195988e-05
-3.506238830473986789e-05
7.752143630560010695e-06
4.405898188553447011e-07
-4.916961052989329435e-08
-7.048991071157964437e-09
1.048317762861152293e-08
-7.710468340739700264e-09
-9.666363815488669914e-11
-1.201078825390954913e-09
-4.899811504404088998e-10
5.348205259617713579e-10
1.900656772155339818e-10
4.257026902655143293e-11
9.629071585867918522e-12
-5.592082883838253372e-13
1.177701852469629404e-05
9.782924516130381623e-06
-4.204751742042984832e-06
-7.118940940901879179e-07
-4.129782697266477580e-08
-1.485380641678486910e-08
-7.144360537664813972e-09
-6.857458699036674159e-10
-2.699848710116867986e-09
1.332729898884388515e-10
-9.734360395674358663e-10
-6.538666046049534138e-11
-6.114946917883430352e-11
-2.069708560543539865e-11
-7.328069198825646512e-12
-4.396636589702549916e-13
-5.908042759862517356e-06
-5.059542105950608309e-06
2.897673965865691934e-06
5.432977147736982313e-07
7.153108186033419325e-08
1.030991402258983936e-08
4.526287868914172328e-09
1.782703635677081470e-09
1.837399126127580158e-09
2.102548436970609163e-11
7.317998720244771268e-10
2.191531512537683915e-10
2.746206718396050176e-11
1.041545133031757901e-11
1.855975411180553735e-12
-1.494675791580791993e-13
-1.579217669880001048e-06
-1.563785109964679095e-06
1.059085766750751119e-06
-3.144208076545436726e-08
-3.894560612801830668e-08
-8.408295248039605672e-09
-2.703308585307681873e-09
-1.189537002144537790e-09
-5.737296002855532108e-10
-1.980811040322545574e-10
-2.030757540619750627e-10
-4.064581973784123222e-12
-2.772168397182235674e-12
-1.611267188567232073e-12
-8.319563626249351117e-13
2.711998489560347660e-13
-2.117190546824481479e-07
3.496829587520256838e-07
2.857252300618205009e-07
-8.560766386470087972e-08
9.114698089426326195e-09
3.725979526406857457e-09
1.030938065640493106e-09
6.543797402455592648e-10
2.441308865955401290e-10
-1.240980757037879740e-11
4.596588562370371391e-11
8.608233423302722644e-11
5.427145592464156254e-12
1.199501775874508130e-12
3.038713836448017080e-13
-1.005309366593885448e-15
5.958583391414906671e-02
2.508171761650584974e-02
-1.680734360869765714e-02
-1.278639194282721455e-03
-6.980852644622447011e-05
-3.601190795190042106e-06
1.657706637035218216e-06
2.192861477816291390e-07
-3.508078715581046313e-08
1.156433124969387852e-06
1.255146985766165793e-06
1.110027511421272596e-07
-3.042882972844539231e-08
-2.233483522970163205e-09
-1.284714666095758093e-09
1.478703136062831422e-09
-2.231795214095270917e-10
-5.980204258442870652e-03
-1.964400121857861736e-03
1.417269928861747798e-03
3.565144304045222935e-04
3.780931946505077077e-05
2.811958055409942268e-06
2.818299712737228035e-07
-1.132539033904311633e-06
6.564594379566972566e-07
-1.219116274888223005e-07
4.833345816644346356e-07
-1.551982365398205429e-08
-1.267332072531321241e-08
2.142064027637087760e-09
-8.757996591390122575e-10
6.771112461484397941e-10
-6.620449136993380990e-10
3.467154014330181100e-04
2.137735964489273586e-04
-2.114955224819030661e-05
-6.859866873870083175e-05
-2.007625293615439792e-05
-2.710782475189476621e-06
-7.768452858949523214e-07
-4.734277143031498004e-07
-9.412565565869960293e-08
1.023063729165554818e-07
-1.875954722265269692e-07
-3.507935870592989851e-08
4.190408883185331694e-09
7.785851812892256399e-10
3.706505346628299762e-10
-5.523108383883743832e-12
3.841252417169504548e-11
-1.642589961321493943e-04
-1.476015814889882795e-04
8.514488974779641894e-05
1.279044588334977809e-05
8.128189877035131510e-06
1.433162586161124421e-06
2.957745981247033246e-07
-1.363073638558507695e-07
-1.561535934611720339e-08
-5.891637603855624198e-08
-2.975704269604464574e-08
-6.894661147331346398e-10
2.568790166562270369e-09
9.622509037384021574e-11
2.427759163664960789e-10
-1.185744442045676241e-10
-1.605924869877808613e-11
-9.272930043401037499e-06
3.107690666023302104e-05
2.101160469186526099e-05
-5.523244896372786959e-06
-2.663306941440488537e-06
-5.913429217299256738e-07
1.880349290063180020e-07
8.157112149493017728e-08
1.794266469937735924e-08
1.220088450207725146e-08
8.168969330913205620e-09
1.236560189863631187e-08
1.310848004318173200e-09
8.143258395051283644e-11
6.996384977468459223e-11
3.657498563266183246e-11
-5.966580666147669386e-13
-2.149087560346191084e-05
2.275768801292629993e-05
3.457869439802796312e-05
-7.668639383379234408e-06
-8.750077124281132520e-08
9.642605587576022219e-08
-7.046077286034496160e-08
-1.805724646453263110e-08
-6.027986411088732556e-09
-5.922451035346992459e-09
3.912283618271920184e-10
8.264169603979293254e-10
-3.741448079954873645e-10
-9.863849363622251463e-11
-5.227196821020055507e-11
-1.500264704120316482e-11
4.034390420427917473e-12
3.853824248218658305e-06
-1.103312531455679076e-05
-9.700721821894192772e-06
4.150831717810353767e-06
6.235943453531334086e-07
4.442798185575496769e-08
2.011719722740667488e-08
1.418770872931949706e-08
5.360821421949165728e-09
3.844208338243376868e-09
-1.148488053087201264e-10
8.011983248139554664e-10
-1.132764140735749527e-11
1.834661766235777855e-11
1.591219190584092442e-11
4.062357001518563406e-12
1.293952655506208193e-12
-1.309335628452371253e-06
5.671765205495576473e-06
5.039137005822084484e-06
-2.880749401342583913e-06
-5.281800569073237467e-07
-7.308629463146010206e-08
-1.636242107346032175e-08
-7.488177086921769099e-09
-3.272011331216989151e-09
-2.138571285750112014e-09
-8.401634712472584608e-12
-6.629792582902622709e-10
-1.773911508872412653e-10
-1.086424017053013353e-11
-8.200283876463442130e-12
-1.945249878392039838e-12
-8.040653831731845091e-13
-3.617953579302794672e-07
1.534257454191388899e-06
1.560093844383796991e-06
-1.063409681334676825e-06
3.031513347448489768e-08
4.089001564184024052e-08
9.264267318083768235e-09
4.007872962483815021e-09
1.950585130361326555e-09
7.291511591624188397e-10
1.991988096869370754e-10
1.802701201979679789e-10
-2.446360319252632736e-11
-4.262332509831547969e-12
8.027986509583636630e-13
7.625031652461396089e-13
-7.893097496417764234e-14
-9.741105530958233548e-09
1.949362646554270776e-07
-3.828583489864219245e-07
-3.030117502299205887e-07
8.716144368722528028e-08
-7.845811931806193881e-09
-4.725251187843050577e-09
-1.773933127800988710e-09
-8.495206445172632444e-10
-3.308786711724469055e-10
3.051864753536790321e-11
-4.619497273002197967e-11
-3.830164623204303813e-11
-4.531669816270320038e-12
-1.512519619221385193e-12
-4.171340440266377145e-13
8.976541112846438754e-14
-1.556055712774526978e-01
-4.981305995027582138e-03
-1.499103225724986936e-04
-4.570735320487131542e-06
1.455245903801740586e-07
1.592027867402328514e-06
1.799479419988976850e-07
-3.595253315633518670e-07
-9.744172580137817214e-07
-1.050748172999478121e-06
-1.568806330417400424e-07
-2.323699906716070760e-08
-8.897713881975347827e-10
-6.558213053725701488e-10
2.318270089144878918e-10
1.206188742710799618e-10
3.583786441524718785e-02
2.961372606851947042e-03
1.604909912817151360e-04
6.966408611467394388e-06
-1.170969800044475184e-06
-7.849429796460421334e-07
-2.619456592860781302e-06
2.402601946304905761e-06
-1.047710453359532086e-06
-8.151779150739040265e-07
-4.665238807003389943e-08
-1.316528060677629588e-08
1.621447641186699210e-09
-1.395364633463986087e-09
6.863652960898020903e-10
-1.959723172855767485e-10
-6.766391929388223571e-03
-1.368227713003071153e-03
-1.340664516841222743e-04
-5.352016606473769304e-06
8.857812522966620898e-07
2.805615129799520763e-06
2.588697140648590162e-06
1.228583185262991097e-06
4.345936377040280444e-07
-7.754174896865429824e-08
7.635021103178830595e-09
-1.943303312950400796e-09
-1.700439937666698301e-10
9.448520264339295071e-10
-1.321819855597382618e-10
1.650017865417303889e-10
2.892092309304065403e-04
2.727169657543236756e-04
5.904935512410881349e-05
4.164033112159502350e-06
-1.482065639158990988e-06
-1.312938479417398875e-06
-1.448009359124342013e-06
-4.846984189723625605e-07
3.482853669564542805e-07
9.166359190306234179e-08
9.816389911929518218e-11
2.008199303668069961e-10
-1.734805557966485239e-09
4.524109220772250591e-10
-4.638729494601125331e-10
1.217694003128385438e-10
-3.239321869845263068e-04
-5.914291042447521315e-05
-2.141848297623238611e-05
-1.558536182583279327e-06
8.949863184533912529e-07
1.056550284618448235e-06
4.219521320563233974e-07
1.702385661810686786e-07
-8.548534385177447654e-09
-1.998868862287575381e-08
1.342320156183345498e-09
6.483153867032334421e-10
9.364197598525302658e-11
1.529344585571613151e-10
-1.004401790106792354e-11
1.059587379238611623e-12
7.105429372551557712e-05
2.787416031700702256e-05
7.097991794716718771e-06
5.847217078579484051e-07
-9.351907301560231508e-07
-5.474291898462115853e-07
-1.694207999644263446e-07
-6.212131302064596624e-08
-3.403412509715971727e-08
-1.042767013889748988e-08
-3.648197252957630425e-09
-2.407846709166762191e-10
1.285403864699317227e-11
-1.575592727874424841e-10
3.318674618213672403e-11
-3.375468849202403552e-11
5.607084631687947528e-05
2.426844459122333558e-05
1.012405292723139733e-06
1.280249980530968982e-07
4.676439636325067656e-07
2.261600932745530787e-07
9.322051517704315958e-08
2.689585605195500105e-08
1.050650146578098327e-08
2.439585819227427205e-09
1.705203486193833568e-09
2.412095484033487350e-10
1.485060619426295713e-10
5.027811549421546869e-11
6.869597211915880571e-12
2.011900314020077781e-12
-8.480534348904809945e-06
-1.431655898090003956e-05
-2.298735028204060526e-06
-3.320736859880664824e-07
-1.825348793885957644e-07
-9.612503689766518247e-08
-4.209505606350813361e-08
-1.477578091703585493e-08
-4.705262431510174765e-09
1.411206997735767717e-10
-7.430717931804179600e-10
-1.074269110046211653e-10
-7.471695172920077737e-11
-1.886619002726332330e-11
-5.673646392587749747e-12
-2.193678661187991417e-13
3.309015740423669283e-06
9.764507194806204169e-06
1.903623677220319086e-06
2.949961505188295887e-07
8.722640137070896069e-08
3.953628700150121333e-08
1.826916813565346499e-08
6.327996441653086052e-09
1.421452099086978652e-09
1.053889059211356406e-09
4.837596889155943998e-10
5.573565301020604926e-11
3.425058666886604365e-11
8.924848022092275519e-12
2.844297368485620680e-12
1.567792561366539804e-13
1.784080567744441498e-06
3.939111573317005106e-06
-1.050801657461642685e-07
-1.455234393219556117e-07
-4.122329230414537608e-08
-1.649050986624286128e-08
-6.993396128934285511e-09
-2.622775750713212706e-09
-4.904170916522568890e-10
-4.181179625237932004e-10
-2.560947006510427796e-10
1.345186356341142554e-13
-9.122442714191169957e-12
-2.898943288345854825e-12
-1.000836606786421240e-12
5.439631651572533412e-14
-4.887065732739735309e-08
-1.042438387165423610e-06
-3.257594178613489451e-07
2.734432128247986271e-08
1.490682283298068249e-08
4.998765572091547696e-09
2.052113010429809899e-09
8.714115148053341268e-10
3.758229935756311787e-10
1.506645963557778424e-10
1.519855444237831583e-10
1.918429521037942013e-11
2.497336084135544340e-12
3.327526789222566591e-13
-5.382871713558406717e-14
3.870233851204569812e-14
-1.262641207000798071e-01
-6.366059361442759357e-02
-4.531232126747121100e-03
-2.314680496361413346e-04
-8.162099691696591427e-06
3.968257006156014765e-07
1.063214832671976285e-06
4.297041455118369076e-07
-2.000801079082908186e-06
8.158682486946482360e-07
7.279109543746424121e-08
-3.507606597700454151e-08
-6.934989666715894687e-09
3.899407349254014467e-09
-3.018334653145364714e-09
1.014663818023333791e-09
3.331379759575813711e-10
1.902147288399293245e-03
6.194019216515190586e-03
1.275320195919131755e-03
1.283144694649403976e-04
6.170752980771212031e-06
-7.668428669924883799e-08
1.909506073001066414e-06
9.975596603785709777e-07
-3.890044336339477700e-07
-6.875014963808100344e-07
6.219741057146856822e-09
-4.752084342671112993e-08
-8.013937284162783143e-09
1.765406078819336903e-09
2.897583139731429308e-10
6.994617168003980708e-11
-6.922914234457167301e-11
1.510658375874903098e-04
-2.640092458773153064e-04
-2.727009238098183170e-04
-5.695884350684083785e-05
-2.394850460442635710e-06
4.667391444248928766e-07
9.258730143508180904e-08
-1.016837361434701809e-06
4.268918341468676932e-07
-4.405463504608503032e-07
-5.074034506499182940e-08
1.039347732722663739e-08
5.559939483328769062e-09
1.585807239595034743e-10
7.466013523506565352e-10
2.464491544707724835e-11
-1.715483915779727946e-11
1.241648898537163058e-04
3.462771706365053918e-04
6.066753812965320421e-05
2.100167279721218633e-05
1.215518626748757710e-06
-3.124979586470963026e-07
7.309915452388015131e-08
1.924891714827785471e-08
-1.158804674169969431e-07
1.411271636110914659e-08
4.491874704903940642e-09
-8.147035891558469605e-09
-1.401033983522480000e-09
-2.713503860943636804e-10
4.701732608072287947e-11
5.229979820863592991e-11
1.457569676517756742e-11
-7.046935227160166539e-07
-6.999948865696667541e-05
-2.737488813690688218e-05
-6.657748048639752580e-06
-4.265673922343850312e-07
5.019012841085532544e-08
7.150599240314820582e-08
8.632472962760655761e-08
2.529553631472730536e-08
3.950884420853052828e-08
1.704088527569871245e-08
6.836066435822221552e-09
6.502211711926111144e-10
1.804408560742833804e-10
-4.601851076040892539e-12
1.204663344227449649e-11
-8.910368383783418949e-12
-5.044685306031338541e-06
-5.624439585027047597e-05
-2.445821988874762349e-05
-1.200115616068748855e-06
-5.257258547899830335e-08
-1.039440061352928300e-07
-1.041809199179522720e-07
-4.498245173123572838e-08
-1.849179255833492030e-08
-1.436820538900438504e-08
-5.500000353852440405e-09
-2.874579642940352312e-09
-5.093959762591187959e-10
-1.518819699141545334e-10
-2.332055991168254006e-11
-1.097128533449718042e-11
4.692978144547030930e-13
5.168850858896980396e-08
8.351721661679846988e-06
1.436664506125179716e-05
2.326181777303737680e-06
2.563741021921900447e-07
9.971675010894349687e-08
6.143067725237576512e-08
2.774948998984800230e-08
1.257468131036744117e-08
6.179860231273122976e-09
9.801006363785711361e-10
1.155103923918084860e-09
2.284125962633667999e-10
6.800628442691390472e-11
1.350072395083985299e-11
2.214603262063690439e-14
1.559697830446201445e-12
-5.491380568170127975e-08
-3.280763217245724550e-06
-9.776722057762482750e-06
-1.895251494212382606e-06
-2.664097642470262061e-07
-6.276777430293509736e-08
-3.200637541316104516e-08
-1.423821099705142795e-08
-6.243633737512361417e-09
-2.049719792560639666e-09
-1.481906364441130456e-09
-6.404078304160369154e-10
-1.001958198789476017e-10
-3.117062611657691617e-11
-6.071418075983698788e-12
-2.412627642266329537e-13
2.134680910389468781e-13
-1.799444815526020822e-07
-1.806464632486181042e-06
-3.936260170010383828e-06
9.884821293056585506e-08
1.338605268907512933e-07
3.568403752116952469e-08
1.464112296077987121e-08
6.355849943979979796e-09
2.886172220968795315e-09
7.755279838553723124e-10
6.038394634106203781e-10
2.941463164377975720e-10
6.731773781639606171e-12
9.671598290929393407e-12
9.082487085274845520e-13
1.096522201269299375e-13
-4.187971448848736350e-13
-2.039185206458884289e-09
5.364853189072422244e-08
1.043448343445687099e-06
3.409063573432089293e-07
-2.414504168939215364e-08
-1.689393057697429936e-08
-6.048182154265093741e-09
-2.625424496938100805e-09
-1.267997536373711711e-09
-6.244613175634135875e-10
-2.454427271127625133e-10
-1.710961575380200943e-10
-1.560913814623112926e-11
-4.311838278742866808e-12
1.539107115440307940e-13
4.387204691662772706e-13
2.720677889705569432e-14
