1.341842511801578652e-01
1.028001202371286560e+00
4.299282335412928091e-02
1.326336023033295114e-03
3.808082665891712878e-05
4.169267283276318295e-06
3.963528278923133481e-06
3.316993053180056615e-06
-3.648269439993466806e-06
6.653204084555647351e-07
3.105864433717174147e-06
8.440810138517594379e-07
1.128842853563150320e-07
1.073894408794322033e-08
-1.111739924337813491e-09
5.280092491916371139e-10
-4.166902399264229249e-10
-4.103942867911467007e-02
1.096818697070870291e-01
-1.152154610546003190e-02
-9.720644130844088241e-04
-5.189750993245224268e-05
-3.900998951216683427e-06
-3.124132992760089367e-06
-5.325023903059021087e-06
-1.274241132989696097e-06
5.795714429518261536e-07
3.997257512684257642e-06
6.127032720406531193e-07
5.259669248815145895e-08
1.419316762472064268e-09
-7.878737953299534952e-10
-7.651338175613950724e-11
-3.377483497838892818e-10
9.468970947710724298e-03
-1.227043842959314257e-03
2.569993859804572175e-03
5.614380782172377410e-04
5.223086007643596741e-05
3.434029608337388794e-06
2.775314442459804537e-07
4.008230962194319828e-06
-7.419210287905048129e-07
-7.292111518632456567e-08
1.014566229130483934e-06
-3.297172857969077230e-08
-1.773031925574607693e-08
-6.042834686315876842e-09
-7.588855754295160025e-10
-1.936190638556680743e-09
2.817344117484072329e-10
-7.265733509949027363e-04
-5.351809359942651763e-04
-2.502010840569319594e-04
-1.321145673653848602e-04
-3.011356170578415121e-05
-1.061668304359114169e-06
-7.818935709759785218e-07
1.173421808967698272e-06
3.010093906923656088e-07
1.664413165018460930e-07
-3.807647296598701433e-07
-5.587085667887037614e-08
7.756615141595699543e-09
-1.080386510073519392e-09
-7.026710302653032424e-10
6.550749404267905204e-12
-7.716284444311575113e-12
1.932030126196031977e-04
-7.350271370123282627e-05
1.614740793733597383e-04
2.635236392468597418e-05
1.480430247724339265e-05
1.227465157930558470e-06
-1.014796968874786664e-07
-2.762797641405623057e-08
-1.099045972252086810e-07
9.695145530110310188e-08
-8.450160899413752185e-08
-4.529139155174132267e-09
1.634013550192866383e-09
2.309135309047913144e-10
-4.533285129535220020e-10
6.768570194392722423e-11
1.343569726479274964e-10
1.671646896322242251e-05
-6.344591604222349357e-05
1.413620771763792021e-05
-1.101264100595585361e-05
-4.379893933589752724e-06
-6.558667998621122427e-08
7.175098283093186269e-08
8.532003327946832969e-08
9.144697787783395786e-08
-2.001294649497308752e-08
5.225652356776161801e-08
3.326375966637688532e-08
5.048481135224767010e-09
5.319044504298364080e-10
1.476385215578581009e-11
-2.126355141852950266e-11
1.326539579221919463e-11
5.340289328527890510e-05
-3.233846251142202539e-05
8.267974240774909975e-05
-1.937037283038418279e-05
-1.141206638924252620e-06
-1.734902989817099644e-07
-1.841101190825288094e-07
-1.624477128208964626e-07
-6.900819837309557534e-08
-2.102539654025248829e-08
-1.312151034345138006e-08
-2.094047087381832207e-09
-2.006527368321350029e-09
-3.795335187422812843e-10
-7.566402851077159380e-11
-7.833364228783880835e-12
-2.464977840202246457e-11
-1.104735147685784283e-05
3.085872564120943482e-05
-1.839049987219534856e-05
1.336139251750297531e-05
2.369552666775931912e-06
3.450125129012976866e-07
1.863591088184842868e-07
9.768956612893850238e-08
4.680247178475747600e-08
1.292711914337309015e-08
6.906721385188516298e-09
3.984752771559347177e-09
4.910162420355184278e-10
1.797679930860411703e-10
7.331334367411875094e-11
1.950639732519945012e-11
6.464088813999453779e-12
4.022861047896743509e-06
-1.820757979624107822e-05
5.275925598918903337e-06
-1.088673664737869313e-05
-2.128495724590248326e-06
-3.967409398699066577e-07
-1.149030808607768565e-07
-5.606987499140855309e-08
-2.491584002054335628e-08
-8.334740015578998584e-09
-3.302231199747053597e-09
-3.200360379238061125e-09
-9.268845490325844712e-10
-1.062511703531847295e-10
-4.395422992828108840e-11
-7.642155325723148060e-12
-1.682191914534775064e-12
1.689367755122924070e-06
-5.780083789979847184e-06
6.915665199949851935e-06
-3.950511862760171155e-06
3.184382383300601510e-07
2.462388644710121738e-07
7.330826078399463828e-08
2.851223453631643615e-08
1.077600977127073999e-08
4.593817321404229891e-09
3.515781819050662051e-09
1.055848123047734072e-09
9.424671997647916221e-11
1.516144270247999573e-11
9.904660192996484340e-12
3.123080486253804278e-12
3.292353198396129186e-14
9.051229712324807377e-08
-9.120831190383388125e-07
1.833690444822376850e-06
-1.527216547230570158e-06
3.507030211563011738e-07
-8.244964163872616638e-08
-3.178269712636582137e-08
-1.075503183759554370e-08
-3.915005582643392406e-09
-1.501628628052293245e-09
-8.242087357752400190e-10
-4.472494465697035703e-10
-5.354904337595135824e-10
-3.990910820769742284e-11
-9.220057726689931701e-12
-1.983110148863638524e-12
-7.050362276468150480e-14
2.076555623534024828e-02
-2.069125442313291680e-02
-1.507240441913686169e-03
-7.605583218355556200e-05
-3.674400785848586951e-06
-7.973729810667566913e-07
-2.630650682832510885e-07
3.369114563845969980e-06
1.606183501861829496e-06
1.786629983099125932e-06
8.679775090816790802e-08
-4.871559849209687522e-08
-3.554797642640774933e-09
3.707707900077536874e-10
1.761091205058918273e-09
2.242161938013814133e-10
4.138126753649004532e-04
2.371278993194883642e-03
5.229806364107671135e-04
4.903082145168299134e-05
3.093769016285785607e-07
7.229413489616769045e-07
-1.373197919883819174e-06
-9.115612864076522323e-07
-6.517270104165394167e-08
7.633217552724475078e-07
-4.262057846000162317e-08
-2.185980648980531466e-08
-1.584327209068673655e-09
-6.501254342164652006e-10
9.158933491968331240e-10
-2.616586033885996863e-10
-4.459035902782222324e-04
-2.399650799723559644e-04
-1.347957857546300080e-04
-3.021608057153664893e-05
-5.168398258306444627e-07
2.151049815484553031e-06
1.474153718829613016e-07
6.386707226816302951e-07
-9.164927276438948742e-08
-3.756410627780359016e-07
-7.518062920056422744e-08
9.085203297401539734e-09
1.926297075359370018e-09
6.040987433972616751e-10
-9.773764707237708418e-11
-2.618084058794897845e-10
-3.757085628856234217e-06
1.688067350895107964e-04
2.699971656986612030e-05
1.398496026709065699e-05
-5.035122298516999129e-07
-1.173030166216021760e-06
-1.152144450487776669e-06
-9.697782952294195371e-08
7.699336389664409036e-08
-5.813228543222905671e-08
3.718149990815730142e-09
3.888372449099385022e-09
-1.748136581111857472e-11
2.138654990381301312e-10
-1.349763538135320454e-10
-6.951624333135757262e-11
-5.505822464424786557e-05
1.550951177636588420e-05
-1.158155140007886225e-05
-3.636643584196228486e-06
3.248543513209593732e-07
1.227324587184831083e-06
5.866829117905336077e-07
1.160731169335185519e-07
-2.222196036639442047e-08
3.818150956855966552e-08
2.907190766810228360e-08
3.943007952884065483e-09
4.192382501396104088e-10
2.307966691634529603e-10
-5.514543492900975038e-11
5.648857175790821631e-11
-4.302075757504228789e-05
8.212698824300566382e-05
-1.918076293872459289e-05
-1.729516927271638610e-06
-5.439438886417104213e-07
-5.782032250040358754e-07
-2.124451375721023462e-07
-8.587712918842979807e-08
-1.997833496297307260e-08
-8.726299060376772390e-09
-2.561499863014019910e-10
-1.643646414678077912e-09
-4.389089162070357665e-10
-1.748158124092792570e-10
1.850522180700311828e-11
-2.729533595774842979e-11
3.256603740876191265e-05
-1.837624481845737839e-05
1.338172640555670065e-05
2.638946234977615411e-06
5.515353786851327007e-07
2.566436356484311483e-07
1.251736555550719919e-07
5.104977002189206614e-08
9.172484863141616135e-09
4.434229769631584828e-09
3.046740321983045107e-09
3.733043069189150819e-10
1.593934091845320281e-10
8.535307917842227155e-11
1.180562729395035654e-11
5.053834441954165874e-12
-1.872167779027765819e-05
5.234160821798164943e-06
-1.092136457505641079e-05
-2.235223531884125073e-06
-4.613082353303739739e-07
-1.555664915974774923e-07
-6.792403278133137116e-08
-2.560251319301027555e-08
-6.766165129502276360e-09
-2.275872231956458884e-09
-2.790297197787807306e-09
-8.444162225797957782e-10
-9.592342873709251885e-11
-4.876280987372966609e-11
-1.155271692688485413e-11
-1.051137414989793876e-12
-6.000931391520587778e-06
6.911585143074103553e-06
-3.941637518202719998e-06
3.581320545798490344e-07
2.707156517817700958e-07
8.555353838969319532e-08
3.511413637813190202e-08
1.315510030463215341e-08
4.485400567881707183e-09
3.166326309928678902e-09
8.345069059039580816e-10
-4.275280382517759820e-11
-8.323506646852885566e-13
1.404912042576084426e-11
3.489741367836013299e-12
1.154673096295422491e-12
-1.025277120203553626e-06
1.868370736178626878e-06
-1.598042005831131388e-06
3.267682574077016645e-07
-9.183258157236155131e-08
-4.601931811924649488e-08
-1.731333217605125276e-08
-5.706719524422717031e-09
-2.295499752570796804e-09
-1.366766477936896637e-09
-4.070586034520409077e-10
-2.779670755824688659e-10
-5.179221749012420038e-11
-1.651233836167567106e-11
-2.356527773414910491e-12
-1.787958406608607358e-13
-1.019653778550295264e+00
-4.276661114928482360e-02
-1.318595564717386448e-03
-3.438152823870473942e-05
2.748043423379371510e-06
4.867411762131539425e-06
5.449168335790049943e-06
3.570145771375359304e-06
-5.967543765946288140e-07
-3.041754602219181741e-06
-8.459366480276664057e-07
-1.108933031386855248e-07
-1.868211010074064940e-08
2.317795849979629354e-09
-2.950710923592752286e-09
1.727276602453988666e-09
-1.158122302366080270e-01
1.120140117800138072e-02
9.598397613234998854e-04
5.014249508182566233e-05
1.792678789198784693e-06
-1.572837878153514530e-06
-4.947875971262894319e-06
3.524354884567892298e-06
1.016343873664729038e-07
-3.845718262942594196e-06
-5.944481107830265905e-07
-4.328735767139379714e-08
-1.907664049511083789e-09
3.424639534513549528e-09
-5.753198043116404510e-10
8.228474686217565302e-10
4.732823059705585679e-03
-2.273815502540031067e-03
-5.468017051008962608e-04
-5.402040027860265705e-05
-2.069300192256820485e-06
-1.792413479549841182e-07
3.251128512202619147e-07
-2.216162624863138435e-06
3.512431730604945996e-07
-1.080488773438461846e-06
9.671100485314126201e-09
5.646068958897772780e-09
8.266340293044920143e-09
-9.065954418744027517e-10
1.023578641795149884e-09
-3.716042442220306654e-10
-3.138462801084503811e-04
9.512801423667881305e-05
1.220889560685735808e-04
3.023017764597337465e-05
7.558917431891091555e-07
-1.433155946295153833e-07
-4.753128239316545652e-07
6.529795169514983205e-07
-3.174350925533262310e-07
4.425000613986769758e-07
7.822508064825317395e-08
-7.712895285823107676e-09
7.195712817986881558e-10
4.654510820006307481e-10
7.570163886259175877e-11
-4.018018264312676265e-10
2.709546735723721489e-04
-9.597742535581952901e-05
-2.147054323707154688e-05
-1.571629516145638252e-05
-1.310409366829475935e-06
9.181347304241894501e-08
-6.742572504273972418e-07
8.721095658305948194e-08
2.123768845898465592e-08
4.518856895947214703e-08
-1.830400392222230318e-09
-2.294236862746106666e-09
-3.137784345173658416e-10
2.189980609380672864e-10
1.687204542731800974e-10
-6.919724715174599711e-11
-4.439370989186702403e-05
-3.748903590635613514e-05
9.011617957217864561e-06
4.712721125735796426e-06
4.882780223292807233e-07
2.615606076182292833e-07
1.977780413407391754e-07
1.749025628179187909e-08
-2.498160789631010433e-09
-1.932924049171712898e-08
-2.998542464345234006e-08
-3.932982800907391347e-09
-6.964579125246207708e-10
-2.657620772316561169e-11
-5.482204679421170351e-11
4.080238643573095041e-11
-7.008956963515108678e-05
-8.632057476894165651e-05
1.945844021631488375e-05
9.361307586639775888e-07
-2.403613398333619973e-07
-5.814702245205637351e-08
2.193593246295479767e-08
-2.458711076455098888e-08
-6.616542286981069576e-10
-3.785088486146466517e-09
2.464906710205415050e-10
1.462526196645114816e-09
4.382008154958853244e-10
9.026984135838057004e-11
2.027692469174362463e-11
-1.036124268887269241e-12
3.497239607874256108e-05
2.892068191680548426e-05
-1.237551794049533364e-05
-2.060239447072018377e-06
-6.715696051458765377e-08
-3.143560504054578722e-08
-1.902882247151301725e-08
1.920369035180428668e-10
-6.811672223089419784e-09
1.106156010033958911e-09
-2.960083222336372727e-09
-1.556563328058585178e-10
-1.604384956622693436e-10
-6.183825543398189552e-11
-2.536812468580755679e-11
-2.409698740791827245e-12
-1.932957191758455021e-05
-1.572055164587047514e-05
9.517788846894483884e-06
1.837770360371090700e-06
2.313025219056809522e-07
2.930536284074642716e-08
1.380480689544691156e-08
5.859434948939317287e-09
6.300947572818369754e-09
-4.893452297294185925e-10
2.523920540061816482e-09
7.569244664087269898e-10
7.983292485909824745e-11
3.706836036017357148e-11
6.304005090598889091e-12
1.393502094511637723e-12
-7.047348877648537143e-06
-6.906904882310722624e-06
4.726276150882748995e-06
-1.110953920926961581e-07
-1.586323544521475646e-07
-3.258273594423425239e-08
-1.026760377657723527e-08
-4.795492870516334117e-09
-2.388619709618578457e-09
-9.395699818912254346e-10
-8.541854028948463593e-10
-2.475435037959994820e-11
-5.527560786682930112e-12
-7.154446099380144700e-12
-3.904941325877251775e-12
6.335569599658086433e-13
-1.118606843242838965e-06
1.764283266759604385e-06
1.406896178035970668e-06
-4.439577387507770362e-07
4.728389924636788986e-08
1.745111939063293419e-08
4.840044427670868934e-09
3.015946306621755103e-09
9.997548763007025210e-10
-1.807116869980803239e-12
3.329842773387430531e-10
5.194903241399860373e-10
3.183409317671428974e-11
6.381158946410444121e-12
2.084348563248302880e-12
6.718981444659229354e-15
7.158439393515260429e-02
3.020232037181062867e-02
-2.023098736976023521e-02
-1.490849500066713986e-03
-7.635500924267012949e-05
-2.550741130512602640e-06
3.569519852963280910e-06
8.764851323695309931e-07
3.487077865862547625e-07
1.760967714184878855e-06
1.829358176886896771e-06
1.175290859764708283e-07
-4.215663363888480163e-08
-1.606122457835196404e-09
-2.763480288789495521e-09
1.997806981696450594e-09
-5.180687920257781805e-10
-8.752888025139564376e-03
-2.848661830269163479e-03
2.088634040130885397e-03
5.076227030578610603e-04
5.000615887525730564e-05
3.127069278458170534e-06
-2.249993006250592201e-07
-1.764123687866388740e-06
1.456733530116869413e-06
-2.584203518357457137e-07
7.532001015840208432e-07
-3.416769403025412465e-08
-2.023319132522457138e-08
3.195724590288644032e-09
-1.713647983021764055e-09
1.134167514768533169e-09
-1.152073372515162441e-09
6.864531707082301669e-04
4.124925149340201544e-04
-8.369865154323819553e-05
-1.246268075890406130e-04
-3.343393944803463362e-05
-3.983127018315868322e-06
-1.228292264459155229e-06
-1.180775120273542245e-06
-2.422284240979865379e-07
1.273542896252552168e-07
-3.845510500934293053e-07
-7.772759899864808990e-08
7.126481365846629039e-09
1.303274046908164345e-09
8.358775435754209004e-10
-8.652311143185443627e-11
6.247158107155128458e-11
-2.178939070512052865e-04
-2.044443811656884724e-04
1.014260968311492196e-04
2.087130177449479456e-05
1.636889131110622346e-05
2.660480812855389819e-06
8.428822354316415797e-07
-2.375960504040492493e-07
-3.837326173494954682e-08
-1.035521692590130310e-07
-4.640405998007785365e-08
2.163173602770513659e-09
5.623593765069070136e-09
1.947263752690465855e-10
6.096985483374173510e-10
-2.507357511317807683e-10
-3.707314798506425466e-11
-1.793814449349064529e-05
5.338749438592724558e-05
3.971742554866542418e-05
-8.943523318908075325e-06
-6.416744597042115118e-06
-1.484388748162022557e-06
3.951071360432299503e-07
1.727307123156002418e-07
2.261983531216712420e-08
3.187592607246458508e-08
1.943376906048371737e-08
2.796359896904036942e-08
3.134911329438901277e-09
1.019710246267441205e-10
1.678007458949496737e-10
9.203639360270540914e-11
-4.031672209815559796e-12
-5.264882369498583665e-05
5.854003281114860595e-05
8.521180521773068976e-05
-1.924287045048974956e-05
7.457304940085580900e-08
3.634733259125543895e-07
-1.766195593121133680e-07
-3.092530363073249753e-08
-7.160067392878161110e-09
-1.317997999788950473e-08
2.118543876658521945e-09
6.286694069074291698e-10
-1.210578037274849053e-09
-2.771399975211820024e-10
-1.577214124613960596e-10
-4.538584913125118324e-11
1.764538225018878153e-11
1.134836800040156690e-05
-3.284380747157436309e-05
-2.871181167436583174e-05
1.220390319023536344e-05
1.749251374093198960e-06
8.431331926113493831e-08
4.406536432365564482e-08
3.580490345934087932e-08
1.300466240889230531e-08
9.576553276116782947e-09
-1.205663470297921403e-09
2.473900023113279104e-09
1.566645399945391947e-11
5.550506561989200603e-11
5.720629552049726995e-11
1.455777528098420128e-11
3.157004178564580122e-12
-4.115769161039391997e-06
1.867285347560372811e-05
1.567018732238490604e-05
-9.454344815320852576e-06
-1.774012788115873356e-06
-2.367347171674456960e-07
-4.861798133771514913e-08
-2.398649727570970422e-08
-1.044952406629667792e-08
-7.192039031186423843e-09
5.210780306864107433e-10
-2.334493881059415071e-09
-6.461385370024506063e-10
-3.485543249222175541e-11
-3.303129467895064669e-11
-6.670876838830209557e-12
-3.595360653342254478e-12
-1.601547286555810360e-06
6.864439754530012951e-06
6.896208287521934319e-06
-4.736996320195014001e-06
1.050008761107666459e-07
1.653022358286301099e-07
3.615403944892616159e-08
1.622013567766551886e-08
8.243769980671224675e-09
3.109565448378823858e-09
1.014896169837861619e-09
7.710535718140897192e-10
-1.318477171276541143e-10
-2.678917319723321623e-11
5.764258047467954507e-12
3.855248704419392372e-12
-4.954784820358070990e-13
-5.480825386336635115e-08
1.032109287112646650e-06
-1.972674641623749976e-06
-1.515896055153728167e-06
4.567022595987186167e-07
-3.950661817865014915e-08
-2.337300673334216891e-08
-8.765141802441648513e-09
-4.154392757829008703e-09
-1.490406738604865785e-09
1.666362111172151855e-10
-3.314569673907160988e-10
-2.228780940072887878e-10
-3.159688616117184973e-11
-1.098916367338658108e-11
-3.231744274992107215e-12
3.860485137617321577e-13
-1.532090195747955186e-01
-4.678353869107162652e-03
-1.284597905929971671e-04
-3.656139513430731184e-06
-2.591085853828844266e-08
1.204001026193798118e-06
-8.050379244963667608e-07
-9.258084233449854551e-07
-1.290020296787151604e-06
-1.159378657446912419e-06
-1.593052576069262534e-07
-2.289154427827395837e-08
4.064728527523743382e-11
-1.672745432839659499e-09
2.708028876072747539e-10
2.027962365197389680e-10
4.300007043977784049e-02
3.454507322646200012e-03
1.753460273692842458e-04
7.478820742954887705e-06
-1.151017109295934665e-06
-4.238703055587814854e-07
-2.915344983137030530e-06
3.708462392623883914e-06
-1.831462440597171648e-06
-1.027886406442517289e-06
-5.991702446729302975e-08
-1.516025764106635178e-08
2.725336480246140469e-09
-1.770834764824277684e-09
1.025278907206610558e-09
-3.704565018865264747e-10
-9.897523090242468097e-03
-1.950942501910935120e-03
-1.833009876083254255e-04
-7.514144244885872545e-06
5.235968442821401532e-07
3.413600248134499800e-06
3.038837663025181825e-06
1.568710405093619014e-06
7.273005079375321118e-07
-1.103984957474857071e-07
1.104925543213734544e-08
-4.648185450269188715e-10
-1.378671370753968985e-10
1.869636007272921569e-09
-3.164917235800959766e-10
1.502891254466416366e-10
6.315781454126177547e-04
4.868065328111004708e-04
9.902642814019779771e-05
7.326357491562051171e-06
-1.659372812302440100e-06
-9.969645060338723599e-07
-2.291190835500308986e-06
-8.421989865459192844e-07
6.653049692897347474e-07
1.800440749481493031e-07
-3.729665577354849863e-09
-2.833046077375960446e-10
-3.329085677679204912e-09
1.258060117395654942e-09
-9.605292358924513618e-10
3.371576480161369381e-10
-3.977964646538736568e-04
-1.012261193668038451e-04
-4.435012818150586291e-05
-3.802938885707497786e-06
9.204205805271531968e-07
1.600116772659330023e-06
7.161064082985196805e-07
3.083652770238596156e-07
-3.519850529273274768e-08
-6.246137527542095820e-08
3.103650546164607000e-09
1.374186636511819384e-09
1.366661884239952058e-10
2.207007832105802192e-10
-1.158306013185415285e-11
2.538333632507515697e-12
1.157494274917740280e-04
4.840834991747510336e-05
1.722023129544600649e-05
1.999842434060536897e-06
-1.848523966103836577e-06
-1.133069312218694444e-06
-3.143028795521831770e-07
-1.065861996198431792e-07
-7.206841829956428082e-08
-1.927973541266133893e-08
-8.479720250938447813e-09
-5.713051390833665526e-10
1.121866167899994779e-10
-3.763865272901156058e-10
1.180300720885813708e-10
-8.411281165671218967e-11
1.420679361337890377e-04
6.155112848257995655e-05
1.862985433356917646e-06
-6.569858937813082329e-08
1.144389081041762636e-06
5.390397737368883944e-07
2.148847301893071072e-07
5.980181811154730073e-08
2.604631275877258130e-08
7.130350035450918633e-09
5.734606371706680887e-09
6.694557610664778788e-10
3.835989372007874429e-10
1.308050689391289698e-10
2.814596550780619563e-12
7.558323171712380211e-12
-2.576742284666649386e-05
-4.199896069847073357e-05
-6.522842157187167148e-06
-8.187759728864581786e-07
-5.042675733018233417e-07
-2.669664840244067434e-07
-1.175230084673326960e-07
-4.131122235964689699e-08
-1.278036895836296170e-08
5.528165320539353798e-10
-2.603215858649190687e-09
-3.336023887066132212e-10
-2.531235613704995032e-10
-6.030722255538288818e-11
-1.656119458433429160e-11
-1.276029280586382999e-12
9.837704641267438008e-06
3.182381920510743959e-05
6.412183441405872523e-06
9.730715788109830903e-07
2.844223290305458408e-07
1.321039605362524198e-07
6.190028952307965898e-08
2.118221662581011985e-08
4.875206148673120586e-09
3.418760718339115414e-09
1.926231032864738337e-09
1.905789691452157913e-10
1.374685436943819710e-10
3.308114803918834786e-11
1.023867564791022962e-11
1.434307144662956921e-14
7.740289333271934406e-06
1.743210330782509539e-05
-3.317386608754395613e-07
-5.971563742675609896e-07
-1.636148424352485241e-07
-6.613910424057233982e-08
-2.827041563860858014e-08
-1.077435001770170659e-08
-1.904145788159676939e-09
-1.998170113087907218e-09
-1.202285696316183057e-09
-1.288813216241370258e-11
-3.791149564912420039e-11
-1.204342362321400322e-11
-4.685634406095629455e-12
2.513768184671582179e-13
-2.182849138293264655e-07
-5.368366506251853785e-06
-1.702695324493101499e-06
1.355245144181927672e-07
7.189301589050869545e-08
2.328621330569455059e-08
1.002675415958987999e-08
4.259983494482355712e-09
1.630623534705585771e-09
6.557322371042116119e-10
8.998363831112756485e-10
9.682881885393974325e-11
1.418537729220352580e-11
2.417672283403780043e-12
3.930215818028532402e-13
4.305513571690622270e-13
-1.528474178774134329e-01
-7.646254629406226688e-02
-5.297043753816127985e-03
-2.570351675909493864e-04
-1.051722999868110390e-05
-6.984025118043774897e-07
1.356826094277371182e-06
4.956377931515378449e-07
-1.433633775974786416e-06
1.466666154640261526e-06
9.583315853966053219e-08
-6.241086748991055176e-08
-1.455293488491210530e-08
4.608752565226897693e-09
-4.211137527568131967e-09
1.113105263504161111e-09
7.234842535292160017e-10
2.823413126266259478e-03
9.064201139400162449e-03
1.817675585757021380e-03
1.748634384126299937e-04
8.863355342427640382e-06
4.810125489474484075e-07
2.851786994312228623e-06
1.122464901288247110e-06
-3.806923992402835768e-07
-1.185477551792547667e-06
1.693922597453989650e-08
-6.060312525852192684e-08
-1.063104088179623378e-08
2.343626007631039420e-09
4.600073120966385245e-10
-2.002980197627111858e-10
-7.073144125889157855e-11
2.124093496991214045e-04
-5.888913158457385845e-04
-4.867030515279497727e-04
-9.646931705282243280e-05
-5.068625643843392409e-06
1.456159486231375440e-07
6.568401650671557503e-07
-1.701194729451363056e-06
7.877906735668459311e-07
-8.087545749505973973e-07
-1.207125878397108117e-07
1.394958641713419904e-08
8.434854388841365632e-09
-3.565344581497918465e-10
1.266698264176539637e-09
8.429581847570669628e-11
-6.898023143571576054e-11
1.430916911597142620e-04
4.226483196211195791e-04
1.030866969759287893e-04
4.399651722891259657e-05
3.377643027027309590e-06
-3.880445542289324403e-07
9.796322919244428288e-08
8.356531658631190706e-08
-2.622841395693557702e-07
4.616114087408234606e-08
3.640585170384317635e-08
-1.300595351283095851e-08
-1.564311097361640319e-09
-2.941218197348848963e-10
8.409373835447887136e-11
1.067094540670267752e-10
3.863180770383559756e-11
8.451782622050375568e-07
-1.132552578902172775e-04
-4.728383953348961011e-05
-1.628553864563987884e-05
-1.487444230236311051e-06
-8.617786569230958705e-08
7.802577630215066282e-08
1.790026274467908761e-07
3.999920699255310753e-08
8.646591526765229741e-08
3.210483594523567635e-08
1.442956365686195110e-08
8.726797701995838324e-10
2.867147594976635982e-10
-1.358667310564627718e-11
2.182070701432982138e-11
-3.053857265955755531e-11
-1.322619358292556508e-05
-1.428409516961957350e-04
-6.212500314658212170e-05
-2.407519163544586263e-06
1.937631372137027399e-07
-1.275861237143300801e-07
-2.283531492309635091e-07
-1.066264654307324770e-07
-4.107694319837709108e-08
-3.617015626364902602e-08
-1.414000115978769973e-08
-8.163086742663849693e-09
-1.074456906711760937e-09
-3.212571529428003462e-10
-4.773001538847093957e-11
-3.538279774875177089e-11
9.903973310749884691e-13
3.204339114814143162e-07
2.547918836687041220e-05
4.219534238033738409e-05
6.642510155934526395e-06
5.949590719396734636e-07
2.392416178392797432e-07
1.722607753936948399e-07
7.669922825001314050e-08
3.591631436105526120e-08
1.714055199669272402e-08
2.432919065524012903e-09
3.524642353422625081e-09
5.947672307622946738e-10
1.905172276957133214e-10
4.559507274565526966e-11
4.666577657616511413e-12
7.819841225935852909e-12
2.962504777345612910e-08
-9.733925584912537122e-06
-3.188510110221153362e-05
-6.392192166851566409e-06
-8.705089074727127659e-07
-1.976307297661901914e-07
-1.084292336055577068e-07
-4.865682607861431996e-08
-2.139171866290375391e-08
-7.073963112251075093e-09
-4.767786159777167045e-09
-2.345409891380378943e-09
-3.001466852306744725e-10
-1.131798749638801142e-10
-2.530923055442701359e-11
-2.400446851243998594e-12
2.154083637498612489e-13
-7.312297262452877473e-07
-7.805608158711519972e-06
-1.740654401771950962e-05
3.088994870534258208e-07
5.441266657263689365e-07
1.409869231009352806e-07
6.016838169593344521e-08
2.692282750076538547e-08
1.230721136390730260e-08
3.239373315973016416e-09
2.858269515190144323e-09
1.226546271395784151e-09
-3.288611794239699490e-12
4.263169265857391969e-11
5.515026183047989541e-12
2.149273522872185921e-12
-1.671700585108709274e-12
-1.824977377825572985e-08
2.432321742144165303e-07
5.367837326904705479e-06
1.794445578694897232e-06
-1.181326869250288021e-07
-8.531879271949897932e-08
-3.057314632205447860e-08
-1.375127917544139789e-08
-6.733520413138142189e-09
-3.189579044208906224e-09
-1.220092698847270985e-09
-9.931624283495116141e-10
-7.863855196850042300e-11
-3.151833027629755357e-11
-3.569360381196425987e-12
7.256650411270953416e-13
-5.489737189257451420e-13
