1.290908443221312762e-01
1.030871770397507659e+00
4.153105772330558526e-02
1.157880114371687488e-03
2.520277288314181483e-05
3.472654792398319496e-06
2.782205606972195219e-06
4.616419077667338323e-06
-4.900754514185171259e-06
1.357485798858050376e-06
4.218671610767650800e-06
9.853087744639256357e-07
1.318891670772300232e-07
9.415623445856076246e-09
-2.189169570040323139e-09
3.717909449418333693e-10
-2.760249462708979211e-10
-5.283211036148992984e-02
1.445449003823203182e-01
-1.484048023146081891e-02
-1.153211596056288651e-03
-5.518781223912415005e-05
-2.812412136051077716e-06
-5.406320752221382346e-06
-7.249904472330047187e-06
-4.243315173669487617e-06
1.701012326390309530e-06
6.559758135714691390e-06
8.488966389879900475e-07
6.969989761637140240e-08
1.967491267912672867e-09
3.839767402725446320e-11
-1.127638181974899094e-09
-5.150298636599935128e-10
1.602707635505308884e-02
-2.238221823245309904e-03
4.306032067230228765e-03
8.955451198250130628e-04
7.240376690700925627e-05
6.170121550627461726e-06
-3.641734943278196243e-07
7.599324727312989518e-06
-3.871733111804500105e-06
-3.061448076500825213e-07
1.810672254778084277e-06
-6.497855198153398544e-08
-3.241108421827017829e-08
-8.593929283808759764e-09
-4.091251831798317194e-11
-2.623460911386558272e-09
4.072995501628366981e-10
-1.737778792279996752e-03
-1.166535067350788803e-03
-5.996224393911239216e-04
-2.900303430720281290e-04
-6.042450699371928769e-05
-2.324615055609642887e-06
-2.637092117375139260e-06
4.345017060740304634e-06
8.633363415876804207e-07
3.392808980041287890e-07
-1.071367721264948236e-06
-1.987860905025063719e-07
9.619869382813505467e-09
-3.000111071071867155e-09
-1.242357590070588756e-09
1.189890698851437519e-09
-1.628142338352077400e-10
4.616259942406733107e-05
2.534169498621068983e-04
1.091071200068947998e-04
4.918099533528254422e-05
4.097220578237139481e-05
3.749476103718655873e-06
-3.480128326019905047e-07
-1.378392984533095771e-07
-6.682571068918850230e-08
3.895914667797232696e-07
-1.281623688292832308e-07
1.676288728717538989e-08
9.544905380005254635e-09
1.907683234478833832e-09
-2.112567594674726541e-09
1.556075955884576907e-11
6.282428738400085208e-10
3.332998191994017222e-05
-7.768614568272311552e-05
-6.445443969548326661e-06
-1.309030026105705936e-05
-1.675892287082437812e-05
-9.670200036679338099e-07
-3.028760244013646557e-07
-3.041381766470354816e-08
2.489880265079354242e-07
-1.394751850156289814e-07
1.386797176258365672e-07
8.441754449307746177e-08
1.329734846193314008e-08
4.129559738366041222e-10
-6.429737213849602151e-10
-1.968837771923655549e-10
3.219361999085335011e-11
1.506253608916364691e-04
-1.113844259251496041e-04
2.395355764485973548e-04
-5.653888510400273106e-05
-1.026508526922960397e-06
4.619872028707635657e-07
-1.989702697209997228e-07
-4.351282811594280820e-07
-2.003339918218722235e-07
-5.537778555903436898e-08
-5.162139370524352859e-08
-2.297789802069684600e-08
-8.031943872262775262e-09
-6.768125576218377393e-10
-6.168049299221463500e-11
1.086332743333152393e-10
-1.271608846534687516e-10
-3.920862551725437528e-05
1.186555932339392890e-04
-6.595644049429473001e-05
4.735998828733321440e-05
7.848062244954152254e-06
6.911141402829909370e-07
5.633387950597726636e-07
3.492561666448809185e-07
1.637742882132056114e-07
3.545398085081269408e-08
2.866788830322856681e-08
1.785481696931926688e-08
1.815090626162475769e-09
4.685191857836083981e-10
4.049772197069628973e-10
9.960415025907330575e-11
5.173359673447856544e-11
1.369978072894324326e-05
-7.879675023792292944e-05
8.392561251557340119e-06
-4.433018145863985274e-05
-9.054714866823179048e-06
-1.636887147426736697e-06
-4.499895741345952935e-07
-2.445527957264344910e-07
-1.058250929602050582e-07
-3.779937440934850420e-08
-4.628464010018818190e-09
-1.461821222509047785e-08
-3.973701740602404140e-09
-3.783670800013518996e-10
-2.465556256670129334e-10
-7.459014279813237105e-11
-2.614981150618470593e-11
1.154025226674038274e-05
-4.203694835590899594e-05
4.485189609816360950e-05
-2.857579596602551606e-05
1.376428254609103368e-06
1.383549436107974615e-06
3.890166273989017678e-07
1.444006246492032769e-07
5.494852204735311658e-08
2.445704997655328557e-08
2.563033660083756336e-08
5.493198536301123466e-09
7.595461347829746666e-10
-1.801801463679586102e-13
4.975636107956332124e-11
1.088010035024818675e-11
-8.287045053564611948e-12
9.031896689913264820e-07
-7.820879388549570362e-06
1.543728589705176173e-05
-1.039467638551426925e-05
2.976072417365759811e-06
-6.309626466431682069e-07
-2.023228261688761172e-07
-7.186616612575873990e-08
-2.486874602383256665e-08
-1.175036785194741970e-08
-8.195090635701273087e-09
-6.495952535078328950e-09
-5.289733565743544124e-09
-3.123027379840745637e-10
-5.469887331704032274e-11
-6.803255132817666446e-12
1.029864791104251458e-11
2.762529162800618152e-02
-2.658874646793646726e-02
-1.804786641726739953e-03
-8.058981952663703350e-05
-5.716569372856164704e-06
-3.646597709366808892e-06
-2.489099057371860899e-06
7.009381804228839320e-06
3.448907633177791555e-06
3.416966860315679567e-06
1.101483440335218634e-07
-7.708757537154262661e-08
-9.804371445914692033e-09
-2.965527090745237472e-09
2.984776219199547475e-09
1.747471709466008729e-09
5.126459408888602541e-04
3.976571818717128740e-03
8.284585705587861051e-04
6.816869958844342498e-05
2.018114599078657085e-06
3.927941624586301298e-06
-2.005190760721359332e-06
-8.741040320682964123e-07
-7.549811707030684321e-07
1.330771601254514166e-06
-1.373333816037527849e-07
-3.842236560127953156e-08
-3.174682517464176604e-09
-5.045961308887463438e-10
1.003600291101728039e-09
-2.819257094172088601e-10
-9.979000660999476965e-04
-5.739446727369122443e-04
-2.953909127849764851e-04
-5.883182703443566564e-05
-2.694548939671435355e-06
3.389465382379753993e-06
-2.564362552178558000e-06
9.701246584612004567e-07
-3.824023946729590856e-07
-1.062250848845402387e-06
-2.343032924682035538e-07
2.159218663945970381e-08
6.669737990908611278e-09
1.960143707708250617e-09
-1.104647562264234039e-09
-1.321675849023595437e-09
2.201060247273917342e-04
1.116939326703424764e-04
4.835906019893942292e-05
3.894155092667203854e-05
1.643870382365851925e-06
-1.019966351666024116e-06
-2.435739217374521220e-06
-1.157961215366084239e-07
4.348917702717037778e-07
-7.857297482427720516e-08
3.023676167908782178e-08
1.260571105516417316e-08
1.043028532752926492e-09
1.618505592799303712e-09
-6.229537358987963549e-10
-4.139394512716171430e-11
-6.590897803206580965e-05
-5.698759145110128576e-06
-1.481023443959264797e-05
-1.510733106586187180e-05
-1.456719138223411855e-06
3.039363851384344502e-06
1.757754086752832745e-06
2.423686543918849879e-07
-1.221070798939892955e-07
1.096596198887939197e-07
7.921835185608594714e-08
1.107101308288962630e-08
-4.576711433262415089e-10
5.795275093149065131e-10
-2.481538413996738759e-10
3.840253775175894284e-10
-1.418598613946150185e-04
2.387496257766601594e-04
-5.557084872961772588e-05
-3.183385292479506934e-06
-4.227063202289269556e-07
-1.741324854235245518e-06
-5.773157540331922968e-07
-2.230388324543683672e-07
-5.225913917219598767e-08
-3.893065490051577408e-08
-1.928876313541935151e-08
-7.314265997306103301e-09
-1.501063121735938012e-09
-6.801160507775788375e-10
2.690269019247444866e-10
-1.692450073269434508e-10
1.236655881426084434e-04
-6.653646710520740644e-05
4.727014955518576728e-05
9.182890323135507843e-06
1.493801431904803981e-06
8.116911054171328322e-07
3.876169944285478236e-07
1.730873507627510704e-07
1.950958311995948614e-08
2.110441906725999069e-08
1.578585486075036094e-08
2.544807368716327455e-09
5.328475096202764819e-10
3.613396549816103572e-10
2.266486628971915677e-11
1.196828801258471508e-11
-7.945104924005227075e-05
8.487297154976499906e-06
-4.436521096455599115e-05
-9.674110315399883924e-06
-1.922251156072820331e-06
-6.129256935045005692e-07
-2.960795742885512280e-07
-1.071481849040183660e-07
-3.340201979727727871e-08
-1.497390176846672642e-09
-1.354435958957306664e-08
-4.144164208176113718e-09
-3.789863937344842522e-10
-2.493956639000772709e-10
-6.139227488141105332e-11
-7.299526332656649107e-12
-4.337978986051999286e-05
4.471264240647022459e-05
-2.859668434368658945e-05
1.704842964943563750e-06
1.515552965594574669e-06
4.827183975165706455e-07
2.050313978068884185e-07
8.054656836333332141e-08
2.834479834525660005e-08
2.460495577399837826e-08
3.569380841423063278e-09
-9.899876589222365283e-10
-1.739764917369241702e-10
1.154581502537114541e-10
7.440658069087377628e-12
1.675128575067988529e-11
-8.758368546342615413e-06
1.597406428124422713e-05
-1.111840690755957865e-05
2.772036284755524383e-06
-7.085958984729171573e-07
-3.474649041137510363e-07
-1.317266853949388999e-07
-4.379065878182921291e-08
-1.984917188831076149e-08
-1.411206113257870582e-08
-6.177834961252837132e-09
-2.503124104093049317e-09
-5.243075221943208828e-10
-1.673498904606823160e-10
-2.966829255742078354e-11
2.354638180721796420e-12
-1.023575615495738722e+00
-4.138183793554726930e-02
-1.153317076951865076e-03
-2.284468450819119071e-05
2.617034004081115470e-06
5.294403750409608112e-06
7.410878476017688498e-06
4.836698550371777828e-06
-1.048368109028413965e-06
-4.166835035796436066e-06
-9.819292988770749295e-07
-1.233511647925809742e-07
-2.367155508948545306e-08
5.165609387834866620e-09
-5.035726986243629295e-09
3.781214347870503497e-09
-1.518840247886172612e-01
1.449313946081655369e-02
1.143616330496180847e-03
5.326639306628898443e-05
7.003246750938215299e-07
-1.378933270022957799e-06
-7.535832622671935869e-06
7.028223359026673524e-06
-6.410628386556206229e-07
-6.413301222136237263e-06
-8.308135299710728783e-07
-5.497572913311329731e-08
-2.625492853109011145e-09
5.061422207721414581e-09
-1.710222214337251889e-09
2.086223699508898113e-09
7.859734449161522377e-03
-3.876963028124208021e-03
-8.718167284829348666e-04
-7.203906573359268801e-05
-1.781308824037078050e-06
3.746217222863801207e-08
-4.421798158978066666e-07
-2.896489470876585769e-06
6.852259798561972358e-07
-1.883853536561992054e-06
4.093198109166765529e-08
1.249909542615367643e-08
1.458739322836720930e-08
-2.794278037734181435e-09
-8.541686998920636912e-11
-9.162329685111544563e-10
-6.906686554319983566e-04
2.954925210402551132e-04
2.677197298718172569e-04
5.809178597518045749e-05
3.496641273357852588e-06
5.567617991027474573e-07
-3.399420398996874025e-06
1.468378295303391247e-06
-7.796072987704557920e-07
1.159816375935193087e-06
2.359436939213320401e-07
-9.262785177332833514e-09
2.287651003436824565e-09
2.273811073780379635e-09
-1.049398295475982751e-09
-8.933547178658718034e-10
9.019680744377674543e-05
6.015208497334120525e-05
-3.244590447271406296e-05
-4.172574927945151756e-05
-5.208965347157350127e-06
8.387572108149324287e-07
-1.871109255307169697e-06
2.265730261958828161e-07
9.505200450226935960e-08
5.124938573924589193e-08
-2.843065192501405570e-08
-1.077479537516393337e-08
-1.557549713026164805e-09
5.027089777854010502e-10
1.123510610324731265e-09
-2.902983666639006611e-10
-4.254283230986215133e-05
-6.564995560493806976e-05
3.289116352366238421e-06
1.653607692587554662e-05
2.171376287814079273e-06
9.014346987635380919e-07
1.034296338671726609e-06
2.067090126387241715e-08
-3.392302292361392309e-08
-5.500216791832641546e-08
-7.898746966474875553e-08
-1.089753871443165594e-08
-1.317293187503987931e-09
6.890977312459647329e-10
-6.733283935063406072e-11
6.947669834168549478e-11
-2.241104226263463479e-04
-2.472063337631728386e-04
6.005984222491084115e-05
1.610093269263269156e-06
-1.624145547240290953e-06
-4.497403529487796654e-07
1.190834415839524415e-08
-1.136403095900133458e-07
6.093667760060289534e-09
-9.411452547141047277e-09
1.913152162434171377e-08
6.626432652003230289e-09
1.037756536376513443e-09
1.742413796408799822e-10
-4.998010513228603947e-11
6.704927702212531708e-12
1.301974849544136495e-04
1.043857580399262103e-04
-4.545245291944321992e-05
-7.518204256435604960e-06
3.035072032545570260e-07
-1.499504974541912811e-08
-8.725005095661230244e-08
1.625372679103445744e-08
-5.560242986318919409e-09
7.017514042895390536e-09
-1.404112901153516390e-08
-7.450303586536887054e-10
-4.612758661433318020e-10
-2.849734111837774928e-10
-1.633278424476475822e-10
1.620540723128429682e-11
-7.765336794093448511e-05
-5.385952759828063671e-05
3.864070254628454437e-05
8.100743176148010672e-06
8.859435511168763270e-07
6.782069254585779983e-08
5.036322061671506354e-08
2.833965235099144066e-08
2.940662345071421400e-08
-1.376187635094043541e-08
1.126502908376194460e-08
3.211078044170775338e-09
1.827304632082011932e-10
1.687605302800588531e-10
4.302098112270340468e-11
2.606897067733013358e-11
-4.956762215294670954e-05
-4.735296039991010859e-05
3.297350749411329297e-05
-3.146580905210201235e-07
-8.948554134207377200e-07
-1.578174006645735120e-07
-3.966610401350865286e-08
-2.316585039585236660e-08
-1.473828210233633519e-08
-9.568593759694475608e-09
-4.356128366963738754e-09
-3.802120155195695181e-10
1.044595556409477885e-10
-2.119378385196166043e-11
-1.436047788488615067e-11
-5.935677052286433359e-13
-9.563798964439488838e-06
1.302137864327301237e-05
9.470274172319937577e-06
-3.624150931123330485e-06
3.850264689297906600e-07
1.005563087655125206e-07
3.079676708411394799e-08
1.866033238863616933e-08
4.070423992001652056e-09
1.673764233885051900e-09
5.343940131674185451e-09
5.252635280617553022e-09
2.636748010158945387e-10
3.651786337264265035e-11
1.582389055400368851e-11
-4.790346079149880149e-12
9.199082167481817396e-02
3.903307387615895241e-02
-2.608920672208301164e-02
-1.787531017724594985e-03
-7.758451386868217884e-05
6.493268870097206447e-07
6.493670730100073231e-06
2.833975947962545356e-06
2.673452406968851366e-06
3.735927233827523334e-06
3.465607204446680486e-06
1.424138908862038191e-07
-7.558644801889776484e-08
2.662827214279677368e-10
-9.374584315259200349e-09
3.514924149373634207e-09
-1.032590493641328217e-09
-1.483484709156170957e-02
-4.694906303385589647e-03
3.568133959538914712e-03
8.061979693120394129e-04
6.725599216465084429e-05
4.123203229898742968e-06
-2.230886854538810426e-06
-4.397821664447188798e-06
4.540959759847849962e-06
-9.746838420421833034e-07
1.349286124038848110e-06
-1.183883520461969858e-07
-3.921836217837550082e-08
5.731142644967248008e-09
-5.157092807219734219e-09
2.390687337978685204e-09
-2.970713378113092387e-09
1.621444542737432784e-03
8.691008081432799806e-04
-2.710709554467902530e-04
-2.742785752824985915e-04
-6.228144758734608798e-05
-4.704530872493764927e-06
-1.553504010677294713e-06
-4.281223103249777559e-06
-9.242687173807578354e-07
1.082715823630804982e-07
-1.076293623293211279e-06
-2.453383902306146012e-07
1.595158551204614661e-08
2.810775819512673654e-09
3.326904820531251087e-09
-1.282952592725992071e-09
-1.018263052098049710e-10
-4.735572748062359601e-05
-1.207207223148400844e-04
-5.707357379822596829e-05
3.078435594040398413e-05
4.022705188426577030e-05
4.973155066946059927e-06
3.492169656078243225e-06
-2.939605771542399303e-07
-2.078861952497353350e-07
-1.542382853119440060e-07
-4.218716399147817209e-08
3.153204928275339496e-08
1.804498689969946667e-08
1.469163087531266055e-09
2.591431392999263639e-09
-7.545304428960552513e-10
-1.601843836627636927e-10
-3.140054814557336247e-05
5.448625824734377706e-05
6.660670899882890417e-05
-3.183230663440252389e-06
-2.062605075387578140e-05
-4.719722021896368426e-06
9.950195969509428620e-07
5.343610713783602430e-07
6.298076839272186543e-10
1.250200752817769692e-07
5.278241498527061224e-08
7.560847005094266123e-08
9.535701251723889114e-09
-7.134361153991474552e-10
3.482071477385959987e-10
3.614727372867087780e-10
4.422767996310477565e-11
-1.490566377230777187e-04
1.916469959599650680e-04
2.446702480994147649e-04
-5.956887361260657495e-05
2.377648710655286067e-06
2.018769159661661994e-06
-6.502400991567244082e-07
-4.351446256451392555e-08
3.898607549533679750e-08
-4.546464666913747645e-08
7.133808227628520304e-09
-1.624104674320303754e-08
-6.630744826809583409e-09
-1.153844561416316082e-09
-7.288023007710629376e-10
-1.710188302373187682e-10
1.390416462357565032e-10
4.100938712148917518e-05
-1.235544210415576605e-04
-1.038827041913497826e-04
4.476483310338444274e-05
5.788343685350437107e-06
-1.504885837435453084e-07
6.063815709008414151e-08
8.986462767268094392e-08
2.964374191580687166e-08
1.087542577193739795e-08
-8.235776623999745522e-09
1.253308730971294517e-08
1.276584649368666168e-09
1.341371845335070331e-10
3.251127284512568546e-10
9.488742169366218351e-11
-1.643082866142878961e-11
-1.455266028770500422e-05
7.618703810210651986e-05
5.375014940383933545e-05
-3.831438438789392352e-05
-7.658953301028110236e-06
-9.199818472072205619e-07
-1.107949771545296235e-07
-9.294383079129917895e-08
-4.492601474243899545e-08
-3.170835807091153709e-08
1.279646861474434359e-08
-1.106108048036163022e-08
-2.995506323567273337e-09
7.894023631066261495e-12
-1.870936209120268732e-10
-2.394403102874347361e-11
-3.024185430524710196e-11
-1.103795913231401333e-05
4.851726734453666882e-05
4.738900162363928229e-05
-3.288915776868607830e-05
2.601400057260344135e-07
9.054962069856543924e-07
1.784813483460248839e-07
8.637249681286501465e-08
4.821943237648291973e-08
2.071546715717637719e-08
1.125003919599659877e-08
3.343919282697688543e-09
-1.666939654732203842e-09
-4.169698997937863317e-10
4.669225732088100817e-11
1.583003720337471016e-11
-5.936943533458596230e-12
-5.736131319526349682e-07
8.909803398095197670e-06
-1.518976525421597920e-05
-1.061726793608709163e-05
3.816070728502456865e-06
-3.092496545006295676e-07
-1.613858798088070364e-07
-5.887310298281187202e-08
-2.990011879051836072e-08
-9.079483264804697412e-09
1.485318668755947310e-09
-4.905989480458495969e-09
-2.082597363303022401e-09
-3.165489283644765704e-10
-1.231751273250220032e-10
-3.900077283615673144e-11
5.497511156784097485e-12
-1.479554670579023845e-01
-4.051781391555971633e-03
-8.940788840336093377e-05
-1.126143138277814629e-06
-9.460511072492266035e-08
4.401528641949281094e-07
-2.477456877818986579e-06
-2.067110432126154352e-06
-2.318467668096588800e-06
-1.430481326424296301e-06
-1.601229971085297223e-07
-2.433050798921654593e-08
3.161648956977398140e-09
-5.598122391597997341e-09
1.998505389728802061e-10
7.174011168019190048e-10
5.509669913702033156e-02
4.162096998039242941e-03
1.820184865232787137e-04
6.723361445901972014e-06
-1.361301584848879925e-06
-3.004004692200046027e-07
-4.599300927087329764e-06
8.063625859458178825e-06
-4.306190115885547736e-06
-1.456188887004144272e-06
-8.084360921569961704e-08
-1.456246796437401287e-08
5.644334156892894150e-09
-3.099551183037154916e-09
2.347639053047464152e-09
-1.212428065548600537e-09
-1.671663620104078124e-02
-3.110126760279168130e-03
-2.633314601038172454e-04
-1.141017372362602946e-05
-3.717036073691700802e-07
6.340689681990178408e-06
3.413101774859077610e-06
2.092114775789560671e-06
1.763475759681843080e-06
-8.040085360184565775e-08
9.203559502214598511e-09
3.374554443848095933e-09
-1.806536775639816402e-09
6.685313643596377846e-09
-8.913063034569093294e-10
-9.910250982672738199e-12
1.609932829226046235e-03
1.050214389949975574e-03
1.865580751853475024e-04
1.298072633270441832e-05
-1.294121343784963271e-06
3.005288613867605615e-06
-4.180193379317466288e-06
-2.233600784410558538e-06
1.618429955302827371e-06
4.759356293553168070e-07
-2.268703105115932413e-08
-2.574239877348106806e-09
-9.054687350415230884e-09
5.289126602532070234e-09
-3.688197006550662492e-09
1.533495524975331146e-09
1.114920484362907406e-04
-1.759153302306362243e-04
-1.140180037216580508e-04
-1.107130233011585714e-05
-1.455990989191866030e-06
1.014944415384025345e-06
1.262593279930507477e-06
8.285823458166743419e-07
-1.640836104916640497e-07
-2.939814216213844379e-07
7.120819823820146560e-09
3.401073988598358491e-09
2.458815700061651806e-10
-6.380663932281633273e-10
1.751631584495151931e-10
-1.642229699478719290e-10
6.950151669252338613e-05
4.739995476839249856e-05
5.569283896620072554e-05
9.059947984583633507e-06
-3.888133017230881602e-06
-2.688152255753493478e-06
-5.133543936707358259e-07
-1.158315617197709687e-07
-2.014721903862553290e-07
-1.422332143620980411e-08
-2.460694753987509977e-08
-2.207107529835120364e-10
1.475110125279841741e-09
-1.174216638119696902e-09
7.202295691223190298e-10
-3.168982997550359288e-10
4.398963480759295747e-04
1.960986988558670210e-04
7.461376480262357083e-07
-3.143729246582618978e-06
3.557848090634529545e-06
1.626475941218463862e-06
5.352016311551248350e-07
1.057222541583056075e-07
6.145788638750374642e-08
3.379366077864245049e-08
2.917235795571714372e-08
2.167444992475929636e-09
8.682061880511476173e-10
5.237858320501579893e-10
-1.643560749612727520e-10
1.118501179883072306e-10
-9.741766758276443816e-05
-1.542876381363577157e-04
-2.275104006593473761e-05
-1.575078702361257854e-06
-1.726301868928266047e-06
-8.934647670634706029e-07
-3.938870707941146708e-07
-1.477268968783152801e-07
-3.038960943497102648e-08
-2.107292092093134708e-09
-1.532759716077896390e-08
-1.200586501886184184e-09
-1.201756314724457472e-09
-2.563178353988564334e-10
-4.181385995379148178e-11
-4.097063200856982846e-11
2.849338311438388905e-05
1.263847245082239785e-04
2.788223537512408328e-05
3.964008278787717173e-06
1.093651450053570038e-06
5.515195997297460743e-07
2.665143105964179604e-07
8.694013004741660466e-08
2.368844153883162018e-08
1.388386393079064363e-08
1.180217690515498185e-08
4.791182153615659248e-10
8.241718045023036595e-10
1.778310401263011486e-10
4.697361622731990211e-11
-3.369855290134696819e-13
5.084686195490319209e-05
1.202183207620298862e-04
-7.854972197091505514e-08
-3.413183890484311837e-06
-8.350675659456437096e-07
-3.554231455616654452e-07
-1.573923095116843383e-07
-5.839438884635818418e-08
-8.365508508791422718e-10
-1.389835131473875470e-08
-8.584241498246208548e-09
-1.113616383664419186e-11
-1.787031867612057513e-10
-5.780748012206790044e-11
-4.310479931584199493e-11
7.062102833935070059e-12
-8.612699281502529370e-07
-4.122272455281320686e-05
-1.386475140135713027e-05
1.023195229865326908e-06
5.065563241806899258e-07
1.463568814057238948e-07
7.429413736563620837e-08
3.230752407096777635e-08
6.801392695222937100e-09
2.026200212987319973e-09
9.413080272086491223e-09
6.252137380736794374e-10
9.820755675828517932e-11
5.524015092614173096e-12
1.404724600177899333e-11
5.143757074955605497e-12
-1.998521825298310017e-01
-9.823606285654117032e-02
-6.409138365043230007e-03
-2.743160288272957284e-04
-1.072380944600440404e-05
-1.714992166042919850e-06
1.362891816932407800e-06
-2.876589843098598677e-06
-5.449687046151472217e-08
3.607417486262710741e-06
1.758227265382324064e-07
-1.432123533141449149e-07
-2.651403825348214070e-08
9.217791361899597665e-09
-5.912186523610052600e-09
-6.413243468745243497e-11
2.775923975365115134e-09
4.887524184189131690e-03
1.531742055990408143e-02
2.896485310164800819e-03
2.474808345956094283e-04
1.215325866043120386e-05
1.387186111761427083e-06
5.960437687245881544e-06
1.107454831961104074e-06
2.508297633445443269e-07
-2.800304709053357713e-06
-2.016992622512386832e-08
-9.295256332719600450e-08
-1.537289064274608640e-08
1.855916989758460955e-09
2.028081830408195822e-09
-1.939748776488220830e-09
-1.044386328125462386e-10
4.596279304967053445e-04
-1.482856660856873409e-03
-1.047771069798547443e-03
-1.859054586097856079e-04
-1.163738367330822271e-05
-2.076043320311003949e-06
3.934134232020423483e-06
-3.064128698148249127e-06
2.079242248739039930e-06
-1.906581897706774842e-06
-4.083368777066506988e-07
2.305714379259311256e-08
1.545418321299205549e-08
-2.982604105993435648e-09
2.490638897090361233e-09
5.722730986367638391e-10
-3.652026183051447974e-10
-9.360932680104024019e-05
-1.243549682834645803e-04
1.777557722141435493e-04
1.165811875899610758e-04
1.205572975321398368e-05
-5.405925529423094812e-07
-5.183514316992805258e-07
5.435084282887118579e-07
-9.556160212350370271e-07
2.105950403210530424e-07
2.412463404232815586e-07
-1.604281764417330906e-08
3.743764502640635131e-12
-6.274427979133536902e-10
-2.497138785950089015e-11
4.421299262803527822e-10
2.714690380397020015e-10
9.806131460921913411e-06
-6.346678730373737313e-05
-4.519227355566471675e-05
-5.408461825280044214e-05
-6.964777012868915879e-06
-8.848309754761855175e-07
-2.078559446075766145e-07
3.454980419471843273e-07
1.763299253674601878e-08
2.462916987441465376e-07
4.183170044940287645e-08
3.684413154490374718e-08
-4.515709779551481541e-10
2.458014302703744056e-10
1.608969910019764798e-10
-7.306050098901735752e-11
-2.322877467466383313e-10
-4.333588986199340189e-05
-4.443824912099267940e-04
-1.980607274774449401e-04
-2.844250620421566227e-06
3.057839165921338336e-06
5.074343133176421859e-07
-4.327647618725118349e-07
-3.103817786780999501e-07
-5.323003883820299909e-08
-9.629499125405311655e-08
-5.134466502463820645e-08
-3.519581294442204856e-08
-2.093369189631318663e-09
-4.609151763790905193e-10
-9.873571986922822287e-11
-1.958627934378635460e-10
3.081905364973592069e-11
1.227430039147705932e-06
9.671476385411802872e-05
1.552300327907407879e-04
2.353699452516234367e-05
6.898945324256547232e-07
3.802149148445727129e-07
5.781947728862074968e-07
2.509779973827834283e-07
1.329765561579673476e-07
4.833013782193205626e-08
1.129220054368857689e-08
1.712751688780456796e-08
1.863952961722041052e-09
6.632322577242281603e-10
1.743828602225484391e-10
5.235978114368835861e-11
6.408504208503963662e-11
2.167030375601455577e-06
-2.805191635521732242e-05
-1.268508429511999648e-04
-2.789812619973973466e-05
-3.405459414604293416e-06
-6.661266921414875506e-07
-4.820236118361895431e-07
-2.153411497218266879e-07
-9.543351624233759265e-08
-3.523579715250076157e-08
-1.963243649408309954e-08
-1.258599174637065327e-08
-7.697895053737952193e-10
-6.133946709361698351e-10
-1.615653047061600509e-10
-2.192717824801681194e-11
-7.542768543145227925e-12
-4.116064853450012248e-06
-5.089529208022649371e-05
-1.198792948491671988e-04
-2.146655117427806327e-08
3.031515914701963340e-06
7.287806830465084957e-07
3.447671014827213256e-07
1.699161820177890115e-07
7.477175962017006363e-08
1.259240969360304945e-08
2.253658479712465260e-08
6.532524849491301702e-09
-7.765245625424977783e-10
2.933349933152118969e-10
6.781270269632492294e-11
3.675917563481092670e-11
-1.264969422206181085e-11
-2.851583683276291706e-07
1.069927088184537057e-06
4.112207079503430118e-05
1.482904285350115312e-05
-8.827563869329607514e-07
-6.555774953948273786e-07
-2.216885860567348767e-07
-1.111351050176151148e-07
-5.855625431120353112e-08
-2.560209932656763518e-08
-9.369197641898732403e-09
-9.699639190267942130e-09
-5.267389285464513163e-10
-3.670842481136893678e-10
-7.086071141246157133e-11
-3.903647472264052049e-12
-1.493538342552261222e-11
