1.333244837859045295e-01
1.028475976916928269e+00
4.274473144216251602e-02
1.296422602650518013e-03
3.571451333261255271e-05
4.020554359943552586e-06
4.198956789589341602e-06
3.152636644968744429e-06
-3.931184624460255541e-06
1.023611224541000670e-06
3.209692514277272534e-06
8.234433837295156591e-07
1.185967713246462117e-07
7.103689245280231989e-09
-1.395268137733407939e-09
1.944692746281677387e-10
-4.829821388680852647e-10
-4.329598398050674840e-02
1.161730971305077742e-01
-1.215581413026998146e-02
-1.011060149150190502e-03
-5.305673265088002257e-05
-4.130901962841090841e-06
-2.648278670106777014e-06
-6.172086867720408786e-06
-1.825549239065086995e-06
9.009920478127078740e-07
4.329354343407409801e-06
6.366168303993129647e-07
6.378169957236734856e-08
-3.990010981704319811e-09
-1.755319195457250063e-10
1.022889323402563833e-10
-4.449633569676145606e-10
1.058105813392131410e-02
-1.400922942177362145e-03
2.868026940016019533e-03
6.211933580202551796e-04
5.715990410219576410e-05
3.402286098666613012e-06
5.856270082345299594e-07
4.731130284543735501e-06
-1.269422733453170312e-06
-2.282242165989101653e-07
1.201404792244700477e-06
-1.589521761675493136e-08
-1.734379850274376466e-08
-4.756110314564428078e-09
4.159705879040750206e-11
-1.508777684267882252e-09
3.660913313156762120e-10
-8.843467934514559524e-04
-6.143405829467413377e-04
-3.088092091699257960e-04
-1.570052212693018637e-04
-3.544612803125724634e-05
-1.518605338287173015e-06
-7.211619622055732589e-07
1.413981693022051987e-06
1.976824671483494657e-07
2.137479118052382082e-07
-4.247566223870771973e-07
-6.092318152011048680e-08
5.453085493169874606e-09
-3.810430445356046515e-10
-3.422119885304227797e-10
3.465999888435364452e-10
-4.458688282934056964e-11
1.938418585537951316e-04
-4.591057116957632250e-05
1.681689957098581316e-04
3.148073890731555935e-05
1.777626552216452475e-05
2.039511504956167140e-06
-3.669590329693802200e-07
-8.246801500423583558e-08
-6.022604300416577081e-08
1.322620824729707335e-07
-1.082811904810516130e-07
-1.124317860861087823e-08
3.357747023481853288e-09
5.291390457088988311e-10
-5.964819867356921498e-10
9.174597382254712320e-11
1.921716655645685447e-10
2.064823531475036778e-05
-7.127660606620863965e-05
1.366515958854601225e-05
-1.209220409761070310e-05
-5.905097827867361171e-06
-3.653318649566411166e-07
5.103209827560911705e-08
1.023870164199361653e-07
1.124287950820530523e-07
-2.321547027152082246e-08
6.946985691984059708e-08
4.166628282542413876e-08
5.800477695828474304e-09
6.214061284763906503e-10
-6.764108445409854679e-11
-1.767129764752363763e-11
5.420526038332046217e-11
6.340921615088259528e-05
-3.932827182033083824e-05
9.921833589162741671e-05
-2.331331086817294473e-05
-1.266999913611887183e-06
-1.102462140375312511e-07
-1.971652099588289575e-07
-2.061573718651819849e-07
-9.484436250189388978e-08
-3.033722453098892143e-08
-1.924890140975293010e-08
-4.130938212984363316e-09
-2.538685671444322690e-09
-5.165228249478566661e-10
-5.916144923152227840e-11
1.537513302361930981e-11
-4.091631010360579522e-11
-1.388594415540436642e-05
3.914590037918241075e-05
-2.318524769143020449e-05
1.679575101479540434e-05
3.046955866400478872e-06
4.153274811957435124e-07
2.318599537533992795e-07
1.285545060207842133e-07
6.691090013351027676e-08
1.908985209862800354e-08
9.886441187459463807e-09
5.632955317661840194e-09
6.689041163326182258e-10
2.801180799298591047e-10
1.242380860083207090e-10
2.826368912967054346e-11
7.680716445257026725e-12
5.135652974001349854e-06
-2.389475242919619785e-05
6.230791370769708531e-06
-1.416619054474343023e-05
-2.831267816658493193e-06
-5.337896131151395077e-07
-1.538155166977886241e-07
-7.708441240632402377e-08
-3.584082776687725089e-08
-1.348775681968270309e-08
-4.780308016332613564e-09
-4.400297120341174558e-09
-1.293367152851258043e-09
-1.672454941350775220e-10
-6.820034575414539167e-11
-1.518703682409609441e-11
-4.010345668518371955e-12
2.417285408379907122e-06
-8.424500795967347205e-06
9.864881419941927559e-06
-5.752178354049790926e-06
4.420502997654626591e-07
3.497636274905768178e-07
1.069719597047100875e-07
4.035640896671784099e-08
1.601858263206820945e-08
7.686488476119939607e-09
5.466131281344797089e-09
1.385488485551903086e-09
1.572194935758996981e-10
5.555507282548710103e-11
1.458226632626106766e-11
4.599347324533082653e-12
4.313099038622280041e-13
1.400160057268568850e-07
-1.382090114708708443e-06
2.786716874833988585e-06
-2.268625934014445327e-06
5.317319838546975409e-07
-1.270732814874209299e-07
-4.899132435053210717e-08
-1.626987165343716943e-08
-5.876451151582352530e-09
-2.518235324677808954e-09
-1.441012125624787741e-09
-7.132564058433007989e-10
-8.158395076752158535e-10
-6.808793660811930644e-11
-1.485596155291996789e-11
-1.692801804518124771e-12
1.625771961328324381e-13
2.203173633663332506e-02
-2.182141853279008156e-02
-1.570823560262668128e-03
-7.772350133266922698e-05
-3.560264807564779923e-06
-1.675092014164865752e-06
-6.997556293041031851e-07
3.818827670317745321e-06
1.744157472780601275e-06
1.957192424484984513e-06
1.064874511506425737e-07
-7.180743975015659134e-08
-5.429207523525901849e-09
-6.284220294480675962e-11
1.804119619714218335e-09
-7.374594098920819467e-11
4.368980305405739933e-04
2.648560479257417929e-03
5.782678303907049129e-04
5.345301714346433977e-05
4.463112706063372910e-07
5.663595776748569816e-07
-1.227622597190263533e-06
-9.535648678535072401e-07
-2.805352014258175494e-07
8.860512497190903685e-07
-6.620389274784662700e-08
-2.082672028976231344e-08
-6.314131797265070713e-11
-1.132200797846478005e-09
7.085986603906679324e-10
-3.646719870197299985e-10
-5.224735023505475227e-04
-2.961218646554357849e-04
-1.604508320462363772e-04
-3.488927277328747543e-05
-3.064320354406173229e-07
2.356118210272313015e-06
3.594409020469373622e-07
6.086899855830616721e-07
-1.120427839138787094e-07
-4.411484339221628471e-07
-9.582651632347782570e-08
1.173072200727294088e-08
2.285705874077323751e-09
3.726315373314546695e-10
-3.674078040102457433e-10
-4.669482110288479838e-10
1.924067080831305687e-05
1.757554543191350066e-04
3.167499547782428627e-05
1.748903490880261599e-05
1.984781507606419927e-07
-1.282138455524584682e-06
-1.292265671188645021e-06
-9.156240771354385385e-08
1.046116134427594572e-07
-8.438156520816197757e-08
1.935205686661441984e-10
5.901723325150895519e-09
2.131967330365517596e-10
4.713638161296541961e-11
-2.576132854470508016e-10
-8.669364814401974348e-11
-6.086923599603468816e-05
1.515135794750731209e-05
-1.273964188307013640e-05
-5.112243742358042109e-06
2.007696302516788715e-07
1.493468349849101652e-06
7.537846111947043547e-07
1.473482995071831618e-07
-2.491048709575262026e-08
5.269924681768129019e-08
3.772845718538945482e-08
4.430073291041921001e-09
3.219424056887408614e-10
1.502917969837459548e-10
-9.544040224404115244e-11
1.059410195521878154e-10
-5.251096207150031630e-05
9.852215679008951383e-05
-2.306969193671872602e-05
-1.984994362670522011e-06
-6.460412393166721888e-07
-7.235965019204741521e-07
-2.883609307955262051e-07
-1.182349155150567758e-07
-2.920274193821881707e-08
-1.293853242841712564e-08
-1.825553319664532014e-09
-2.045162356131924956e-09
-6.440090946068916505e-10
-2.265682730658214537e-10
5.708118853661075157e-11
-4.190608826817330287e-11
4.139463033826009395e-05
-2.316891457445411547e-05
1.685427669106065939e-05
3.411522771660590393e-06
7.107472791358327557e-07
3.367855721197981112e-07
1.682453768305255948e-07
7.316936991933131222e-08
1.416155446879102138e-08
6.591646434846982776e-09
4.483394336482081569e-09
5.271104153348438912e-10
2.639313336086323608e-10
1.314167035735876776e-10
1.419492424110794159e-11
2.560064139688617174e-12
-2.452726323570529165e-05
6.178906669183012253e-06
-1.422539562924077200e-05
-2.983391386018528403e-06
-6.323361498495895207e-07
-2.117857130111541856e-07
-9.525535193937940840e-08
-3.723971358993665563e-08
-1.150207971005739786e-08
-3.427986326497675779e-09
-3.837534695770064629e-09
-1.209261037372188538e-09
-1.604967144430903761e-10
-7.356407231037799305e-11
-1.751413533052589411e-11
-3.536073858065909338e-12
-8.727432697583432900e-06
9.855767426570125107e-06
-5.730463989263826352e-06
5.061864964318949560e-07
3.899094453445974880e-07
1.278883269798269658e-07
5.126008952312664395e-08
1.994609769265179904e-08
7.674043980754933882e-09
4.954000090595054958e-09
1.044395479189358200e-09
-4.517694258138664478e-11
2.812736744940639903e-11
2.046948830390598894e-11
4.219845802701376431e-12
3.616691828691880198e-12
-1.555029671922021297e-06
2.846558727853374135e-06
-2.387762912685830683e-06
4.926097956520513752e-07
-1.447111001855683983e-07
-7.340392726076684840e-08
-2.720791119572735008e-08
-9.057058866161358230e-09
-3.824193899784166872e-09
-2.311177981555618165e-09
-6.850740866323893356e-10
-4.054228873898862568e-10
-9.553903495224007044e-11
-2.591626865098980140e-11
-4.159599312643880327e-12
4.180347463266317107e-13
-1.020313973557599008e+00
-4.253290900325032431e-02
-1.289196661382538845e-03
-3.211948171041898532e-05
3.028563245241792835e-06
4.590146710176235086e-06
5.819881134247972631e-06
3.949221400341247491e-06
-8.932210145843909791e-07
-3.178838445345006657e-06
-8.217942049750016845e-07
-1.168384354422769102e-07
-1.555154320041853274e-08
2.567699554270197899e-09
-2.958940197862869474e-09
1.957896779987458038e-09
-1.225607338794824225e-01
1.182780592000461095e-02
9.987425303024355903e-04
5.127586062289179894e-05
1.745792131608973509e-06
-1.903461446174435401e-06
-5.315186850505217777e-06
4.232960297699932374e-06
-1.116890757692393858e-07
-4.196286528033735842e-06
-6.034968516585912341e-07
-5.607513396797637812e-08
3.991603504987056639e-09
2.963824789349165861e-09
-7.630707221608411581e-10
9.429517091240083931e-10
5.284062090641683355e-03
-2.544554133129184412e-03
-6.051078916371071571e-04
-5.844186275472409932e-05
-2.070617982920681119e-06
-8.771624434871198290e-07
5.003942340048446603e-07
-2.111066077116926202e-06
4.954532071701183546e-07
-1.251968221878695527e-06
-1.157751088356060997e-08
3.669497296960062199e-09
6.646077670950159239e-09
-1.713211845272783869e-09
2.860231214725195288e-10
-4.902929188120381007e-10
-3.917567109624206035e-04
1.278227413836947348e-04
1.454559237575218738e-04
3.503531978544225951e-05
1.158102135110234763e-06
8.519179143441917303e-08
-7.064578053650787899e-07
8.130509698702920608e-07
-3.950404045859148767e-07
5.068907616102765603e-07
8.288479593990178671e-08
-4.574370774678077469e-09
2.523664707985751765e-10
3.065406836395251995e-10
-2.669069471512323854e-10
-3.972114558552411483e-10
2.720282759794015004e-04
-8.797458244468317685e-05
-2.431533639489390821e-05
-1.889623881040502446e-05
-1.878663716271371776e-06
4.074914741360967058e-07
-8.344029419924385223e-07
6.670108571384094721e-08
1.262035316411185420e-08
5.702257070402582280e-08
4.387111037721129656e-09
-4.159276092629609533e-09
-7.546493935505885585e-10
3.023143145574216182e-10
2.025564908546085252e-10
-1.002090680615126922e-10
-4.501779045815306081e-05
-4.347003571085364219e-05
8.909118368494165475e-06
6.545908843175381005e-06
7.507136641480971267e-07
2.277653423026999539e-07
2.543099019458011351e-07
2.655608768168869900e-08
-1.401257208617129955e-10
-2.752108184356385905e-08
-3.756727408590452921e-08
-4.319275370896664044e-09
-7.658894844217857699e-10
1.785783795377443180e-12
-4.346145711492148080e-11
9.609454189899587957e-12
-8.598263417262418172e-05
-1.031406528036635749e-04
2.379897070464208225e-05
9.365587837157559125e-07
-4.037282799434182359e-07
-7.404722877900101568e-08
4.533465093867798427e-08
-2.413373477188795032e-08
8.310788348416042901e-10
-3.691479234289655919e-09
1.849251709335701555e-09
1.732045874390893312e-09
5.370077646173373156e-10
7.284744728391639934e-11
-7.873412401573384609e-12
1.679881109969382828e-12
4.450742891096848834e-05
3.653375139926194783e-05
-1.567740133190131154e-05
-2.658837571797859595e-06
-4.078057208855989751e-08
-2.232383196532837850e-08
-2.918014000942416023e-08
-4.789005743620612798e-09
-9.346988644503927237e-09
1.590318494273989326e-09
-4.292657362221825083e-09
-1.904017344398368916e-10
-2.276870794494090539e-10
-9.549078794576262081e-11
-3.506709152921869407e-11
8.835464151322108430e-13
-2.510858664151605288e-05
-1.997910748869220201e-05
1.235882469634313470e-05
2.453534971385380305e-06
3.042188772621778297e-07
2.938389109554535146e-08
1.809305643188103311e-08
9.285603266527331341e-09
9.297636095073455951e-09
-9.156672295861733981e-10
3.522967818914863623e-09
1.016269580480327897e-09
1.164991271659641013e-10
5.946737938298169781e-11
9.243883298121982823e-12
6.180451994874950410e-12
-1.021258616570062834e-05
-9.967676262133378840e-06
6.850620327556304814e-06
-1.478624574220682533e-07
-2.243914842412126391e-07
-4.481456153533847144e-08
-1.259766940647756391e-08
-7.562037639865455671e-09
-4.040015670909114319e-09
-1.496724657306123643e-09
-1.170354115941242434e-09
-1.249145642388990597e-11
-3.158609394245388958e-11
-1.195961407705221177e-11
-3.508770335312036189e-12
-1.219551068148338387e-12
-1.687680410489716797e-06
2.665460305048562981e-06
2.079287946565623026e-06
-6.732919766812991824e-07
7.459627658235468299e-08
2.589090634057115262e-08
6.405493324658291481e-09
4.513035981852530374e-09
1.617566110916936812e-09
1.052899975738683605e-10
5.699534526773999520e-10
7.802632490673339595e-10
5.131562417734206032e-11
1.096000765142818198e-11
1.343928361556192751e-12
-1.092242996058760004e-13
7.549648474628807560e-02
3.188141971751715098e-02
-2.134994966924291110e-02
-1.554384341359097473e-03
-7.828325476070590791e-05
-3.014232336091656869e-06
3.467964946343248013e-06
1.005857432914676718e-06
2.872746541626582238e-07
2.021606036713693579e-06
1.948254228710768669e-06
1.419057419951213722e-07
-6.450720039729099098e-08
-2.222869775223673906e-09
-3.729475704151250678e-09
1.991376617380989886e-09
-8.265512577456379750e-10
-9.785901350211814037e-03
-3.173248511807660530e-03
2.339945838393591923e-03
5.613246346943181336e-04
5.448959945136782983e-05
3.382477608555996552e-06
-4.194476618191742448e-07
-1.699730441301268231e-06
1.756314120945685391e-06
-4.975970137890336099e-07
8.744187863347701924e-07
-5.598897035655498177e-08
-2.005544277464199295e-08
4.708639310791258654e-09
-2.327047612196291960e-09
9.351342122309100348e-10
-1.368651787086816434e-09
8.356002944310220257e-04
4.949042136875749084e-04
-1.148107775645206582e-04
-1.485351347605295177e-04
-3.811800330468802884e-05
-4.175938810084073183e-06
-1.523525141024547796e-06
-1.346111276416144691e-06
-2.905248911193552447e-07
1.172443725223575427e-07
-4.467021791444625936e-07
-9.880187769288162374e-08
9.606945439557626863e-09
1.206732804875554000e-09
7.933751248423764964e-10
-4.345909521738493011e-10
2.299493884729517665e-11
-2.162530699755468324e-04
-2.094195057350197483e-04
9.272161822686174836e-05
2.350397882459221243e-05
1.993075497778645853e-05
3.738713910536854294e-06
1.054525791848020255e-06
-9.274760338826872642e-08
-4.213195520985982941e-08
-1.104949605343768058e-07
-6.612397204572537435e-08
-1.384564649376411550e-09
7.664715233331881054e-09
4.674010470528030225e-10
4.780149909549963385e-10
-3.833031899604209621e-10
-7.748983480245897891e-11
-2.182989461286946527e-05
5.602541488757529727e-05
4.619767761937902954e-05
-8.810836219360837496e-06
-8.322904136302421404e-06
-1.946221126750345699e-06
5.397139169775150618e-07
2.282095811578851601e-07
1.786590550028799182e-08
4.021094571975096813e-08
2.653392007823861573e-08
3.636520999539662325e-08
3.330096079572254379e-09
-2.873626317959102809e-11
8.737661268659893652e-11
1.246204511243931916e-10
6.398428664897947185e-12
-6.264049916471190762e-05
7.170159225258797894e-05
1.017796640181440205e-04
-2.347638952440269294e-05
2.436912129151173856e-07
5.549873377664436883e-07
-2.294863719403758359e-07
-6.848812098239265971e-08
-1.725610141572476138e-08
-1.882006885817397586e-08
2.657083242502661464e-09
-9.367134369951518450e-10
-1.364038861131065123e-09
-3.825038974492074544e-10
-2.072131530588775838e-10
-4.183102263868136449e-11
2.729338460451354575e-11
1.434114425859489923e-05
-4.171639375204250525e-05
-3.629860564902120685e-05
1.542536217358417538e-05
2.262454182847174788e-06
6.106102951625847427e-08
4.482838855731798755e-08
5.248778548580846855e-08
2.310990017070628643e-08
1.285190898612791046e-08
-1.679688118066162278e-09
3.755879814407121773e-09
-1.567393868918808197e-11
9.920390481404890918e-11
9.859884682311308778e-11
1.679742898084986901e-11
2.881717863440226416e-12
-5.295854395078913228e-06
2.428400048052661221e-05
1.993223508806711778e-05
-1.225600683611197762e-05
-2.364601514112669753e-06
-3.103980406230548944e-07
-5.591032561418741170e-08
-3.342421401178754619e-08
-1.604298050576561979e-08
-1.047884785993536167e-08
7.865268436199635879e-10
-3.245571297783093498e-09
-8.658931306421349123e-10
-7.137426061800474157e-11
-5.424067401724119656e-11
-9.583194495703906480e-12
-7.639725111415393155e-12
-2.290336077624985183e-06
9.955413220417104117e-06
9.949675437123894185e-06
-6.863205734566046325e-06
1.409252662769403454e-07
2.334385309404997962e-07
5.196855313760768234e-08
2.196206695405311789e-08
1.250110501824754571e-08
5.030144344933252296e-09
1.671198043931666311e-09
1.017119852413204366e-09
-2.381856860694737473e-10
-1.296792541540991056e-11
8.370191264194283416e-12
4.951383231584134013e-12
4.643637070164882887e-14
-8.482606345579980919e-08
1.564778161776003847e-06
-2.998715051503172982e-06
-2.251915118297388592e-06
6.959391735197741328e-07
-6.334803719269742239e-08
-3.627143208550640081e-08
-1.205579678727441057e-08
-6.038028815954876494e-09
-2.385377830012563155e-09
1.353265063953794069e-10
-5.839469746220564241e-10
-2.911166431087876724e-10
-6.012738590580116949e-11
-1.799332893323619113e-11
-3.761056089175000647e-12
8.179288742567396336e-13
-1.523179850666300794e-01
-4.567062516163641547e-03
-1.207081495380660224e-04
-2.935159358262467591e-06
4.840651944514088478e-07
9.016522826448506264e-07
-8.986346533092045978e-07
-1.030151189524851017e-06
-1.386831444568983935e-06
-1.252693740585528509e-06
-1.218416076949163026e-07
-2.539074611864698596e-08
1.243384818404339717e-09
-2.313044837626563388e-09
5.719422005924767682e-10
2.362393572962309682e-10
4.532602945694700486e-02
3.602730300590216515e-03
1.783412316591920113e-04
7.647324819505344899e-06
-8.495930852531286960e-07
-8.495510418112087987e-07
-2.959711905355072082e-06
4.315994741485278870e-06
-2.164604554158153118e-06
-1.066876458862074609e-06
-6.688489731356502261e-08
-1.641693884386131258e-08
4.400956789328099014e-09
-1.983628616114297316e-09
1.103111320773608070e-09
-4.343820903415441236e-10
-1.106223685492256463e-02
-2.159031245529483521e-03
-2.007740677299529116e-04
-8.463817275040383411e-06
5.418040714517669200e-07
3.381055408028039478e-06
3.556517126229445380e-06
1.914639977117790857e-06
6.525101649961129929e-07
-5.928629015854317891e-08
-1.010946459616567435e-08
-2.714202131775760497e-09
-4.994162715095513016e-11
2.518422917512436551e-09
-7.162321308256196128e-10
1.627293247988830100e-10
7.875725087989359809e-04
5.762191229843738717e-04
1.142318205794202746e-04
8.032650932126492161e-06
-1.522407223169632400e-06
-1.012183328230697368e-06
-2.553228333216663128e-06
-1.147123875888078780e-06
8.483152163265293209e-07
1.861327246477095457e-07
-4.675028177777845350e-09
9.953697338889702975e-10
-3.590226759155676855e-09
1.460882587236410856e-09
-1.196939529437275419e-09
4.426137205136619567e-10
-3.740156447279475191e-04
-1.169460690815150053e-04
-5.456661911095349521e-05
-5.805999333720605649e-06
8.735753162216997769e-07
1.580380152146018464e-06
7.360979127290752216e-07
3.851386104972539805e-07
-3.839280454740739244e-08
-6.918127130182123136e-08
5.566158478235495943e-09
1.507234607061871873e-09
3.779408122680441222e-10
1.096896848061666027e-10
-7.440464894770499367e-11
-5.620431317870244413e-12
1.159349567875432824e-04
5.121865909046410733e-05
2.245927884626111059e-05
3.081789570688092236e-06
-2.208933849028436597e-06
-1.341257196935641832e-06
-3.163217733226704140e-07
-1.016526520565861406e-07
-9.191106760530452727e-08
-3.062222140930974138e-08
-9.832266669025694828e-09
-5.300273127768381711e-10
6.582880105880459906e-11
-5.449061058491970092e-10
1.739941137549178567e-10
-1.243926208183780246e-10
1.730287527153115867e-04
7.507829418661727508e-05
1.842320543181825158e-06
-3.245214551576977163e-07
1.431591191753433797e-06
7.331665827527933675e-07
2.713444156752242461e-07
6.941408721522078838e-08
3.250424546863371642e-08
1.345350868660075748e-08
7.027064298951390225e-09
9.087088079729998349e-10
4.584423522735558499e-10
1.709908743819040118e-10
1.958090778104970491e-12
1.783357415170749615e-11
-3.273068061196703375e-05
-5.292185186275361947e-05
-8.353170923925117103e-06
-9.789589464685144777e-07
-6.458741698822775990e-07
-3.691385886155722429e-07
-1.671452935691567839e-07
-5.566695099999659106e-08
-1.630060311201106191e-08
-1.635250699648868788e-09
-3.280537683218178361e-09
-5.205816862740452256e-10
-3.854629584445292337e-10
-5.929444937996341011e-11
-2.497714236636308380e-11
6.226090660683648456e-13
1.213045640417862483e-05
4.110747753744851328e-05
8.503110083503950936e-06
1.306323860372401463e-06
3.753970036639445199e-07
1.860770352908856464e-07
8.962083604670024134e-08
3.066086194041022109e-08
6.744717627114089100e-09
5.546343919794527288e-09
2.657043112330272173e-09
2.842005236265869194e-10
2.383832825430584730e-10
4.237987603865590725e-11
1.370220988063301148e-11
-1.012300142480734083e-12
1.112846756808349324e-05
2.524443834476810075e-05
-4.086143370389973574e-07
-8.523681927962866819e-07
-2.358218776389993619e-07
-9.463998578848293722e-08
-4.318047206438916009e-08
-1.696868673220622983e-08
-2.876341066659504742e-09
-3.128033148724606375e-09
-1.705919569181817030e-09
-5.372551279557748466e-11
-6.987894749043077260e-11
-1.996882259376998462e-11
-6.976400457222558515e-12
-9.957467264413054706e-13
-3.310981068847817699e-07
-8.164020156592361428e-06
-2.593092724693145771e-06
2.071299370922956868e-07
1.102122005248322603e-07
3.418242345572778050e-08
1.607272321020280517e-08
7.448233413933890384e-09
2.535987321559946935e-09
9.354042162512173367e-10
1.364757300296170899e-09
1.637597534073324698e-10
2.279529917083403040e-11
3.579972015621795073e-12
9.901086227430467083e-13
1.369218312464010910e-12
-1.616697038932541075e-01
-8.063590838114241544e-02
-5.529028330159796271e-03
-2.627395935649543554e-04
-1.098801598686154246e-05
-4.796989182880670445e-07
1.362363684879117127e-06
7.407628912518798604e-08
-1.841575109596327391e-06
1.768088441864249059e-06
1.657141818557459969e-07
-9.554284613413789232e-08
-1.134932443140009577e-08
4.829535805165261669e-09
-3.475724230862480640e-09
7.183373998893318381e-10
9.184039477133170688e-10
3.174859844491853544e-03
1.013170723691310393e-02
2.011164998159121510e-03
1.909076578692183639e-04
9.109350952517342669e-06
1.386638647310014161e-06
3.297045053550888419e-06
8.404106123898334567e-07
-4.176567159756607145e-07
-1.242969161691167284e-06
8.577160589551530511e-09
-8.242143657128425715e-08
-2.618509095962352770e-09
1.659700813088395508e-09
5.400781864258565521e-10
-5.587888892446475214e-10
-4.449258031973092616e-11
2.363415645652784170e-04
-7.372981857731773867e-04
-5.757523166950256855e-04
-1.124056355466821139e-04
-6.120959291197227553e-06
-2.877669251879793795e-07
7.238649574788057087e-07
-1.770386789073624168e-06
1.091503035832898877e-06
-1.017768028267549207e-06
-1.432076237740803850e-07
1.722284063034376444e-08
7.807001048760886286e-09
-7.692758872708369390e-10
1.265792215191043641e-09
7.847435298827860561e-11
-1.364181416453155832e-10
1.267332869149180878e-04
3.959248737924020130e-04
1.191390353430545995e-04
5.338812036688012996e-05
5.234700197579564310e-06
-8.201478096722535104e-07
2.478893257480110550e-07
3.310581221037856415e-07
-3.420980143165276047e-07
6.045391829881959208e-08
2.982637168433739423e-08
-1.313576500434183513e-08
-1.682763424229022323e-09
-6.611800877625948059e-10
4.613718166541834456e-11
1.797986784489164905e-10
3.600361897463232249e-11
2.727725150169415606e-06
-1.131699357123042030e-04
-5.000615965199879686e-05
-2.130384883067145779e-05
-2.440088331601051047e-06
6.619393593056095015e-08
5.889249641371685315e-08
1.119889839453639589e-07
1.590861954791324901e-08
1.068536021318020429e-07
4.690385901277056260e-08
1.648730041869466943e-08
1.086772293264411447e-09
5.072420063032728266e-10
-1.680737081784214582e-11
3.038775241256056899e-11
-2.294967541095225156e-11
-1.590243816239761816e-05
-1.738934896019062688e-04
-7.583213728512208781e-05
-2.457476070041194591e-06
5.559118355460937801e-07
-1.373919076564377199e-07
-3.023506044587353871e-07
-1.286538369812368432e-07
-4.217233489791118160e-08
-4.626527849882551814e-08
-2.172290428654534780e-08
-1.006971723062028838e-08
-1.442701682797444005e-09
-3.719587077842529219e-10
-4.923594522264222881e-11
-7.023931090063049988e-11
-5.097725189743326320e-12
2.791538212872688934e-07
3.235686407388289269e-05
5.317824021547943680e-05
8.478648340807733196e-06
6.452551508688109367e-07
2.695479984283164161e-07
2.325476120118775138e-07
1.098591749266565197e-07
4.780410848256031850e-08
2.245035558669817480e-08
5.314173092105919510e-09
4.588068515785260299e-09
8.421825258914481618e-10
2.702898942535579041e-10
4.577989905797777644e-11
9.616260235464523182e-12
1.203485411678266755e-11
1.945037215593832314e-07
-1.198562909763781502e-05
-4.119442636428933223e-05
-8.469046712923380024e-06
-1.149879452407054171e-06
-2.483922537940392669e-07
-1.480814484076258426e-07
-7.010345561932734181e-08
-3.093476749545790732e-08
-9.792819281726163189e-09
-7.381554332529135398e-09
-3.267321140694053291e-09
-4.167330270228479573e-10
-2.006558796057410160e-10
-3.676781205920840863e-11
-2.326245691507224822e-12
-3.295911720720574865e-13
-1.030613595874733472e-06
-1.120565654040372007e-05
-2.520714893810728762e-05
3.740549770272112967e-07
7.679573692389721755e-07
2.005569859746820688e-07
8.516416538688226934e-08
4.124740703852731286e-08
1.940521584954081636e-08
4.929007493789925577e-09
4.570655778836672865e-09
1.684464774354312807e-09
2.557312035539267333e-11
8.031460530342660632e-11
1.194518965080611509e-11
4.116604110684633399e-12
-1.340728227863878074e-12
-2.991001845808608546e-08
3.700109866198296925e-07
8.159394909484864769e-06
2.739605134041606877e-06
-1.770472635524528991e-07
-1.319178199515404900e-07
-4.578076796171339308e-08
-2.213923336645114142e-08
-1.202476799245977290e-08
-5.510776115513814023e-09
-2.034684243073292078e-09
-1.429223767677411872e-09
-1.616119096931254300e-10
-5.671709827466637978e-11
-3.678783377766652710e-12
6.406583579221069137e-13
-1.491522819310291173e-12
