1.353354489387478266e-01
1.027379984821844561e+00
4.332079603817950292e-02
1.366585929118496355e-03
4.102849622168517599e-05
4.231401699867450009e-06
3.754220182744340931e-06
3.245370473742322547e-06
-3.260196308042559050e-06
9.942359117447768845e-07
2.841057246875001889e-06
7.789230710009301602e-07
1.120306449232651033e-07
8.152410940553210562e-09
-1.146901461188798881e-09
2.369138475856357216e-10
-4.835762141453349592e-10
-3.777036108484609078e-02
1.004164928205977803e-01
-1.060390077243975569e-02
-9.104533094724230353e-04
-4.942138861018983785e-05
-3.387044600921304962e-06
-2.813453564769930021e-06
-4.940295450998785000e-06
-1.106636047591018849e-06
6.390356145431966787e-07
3.462336011458554999e-06
5.475138506475178307e-07
5.380701193444523883e-08
-2.470449770696165433e-09
-5.911088955859986082e-10
1.557950888027470955e-10
-3.235809809115345842e-10
7.980296108034882693e-03
-1.001085032688355143e-03
2.171058991556941604e-03
4.791170504310290771e-04
4.586382671718959033e-05
2.342668503001775615e-06
6.869688068169079026e-08
3.593495726696146672e-06
-5.447329326630842609e-07
-1.851980917471606698e-07
8.685455513384560352e-07
-1.176150545493595055e-08
-1.356963311397048721e-08
-4.176691115291929080e-09
-3.195292246791105769e-10
-1.249464798424286720e-09
3.046905218146800462e-10
-5.412132496551998575e-04
-4.345143019375547594e-04
-1.838170671734581398e-04
-1.012686733726529052e-04
-2.357954528329203597e-05
-8.296334423551795927e-07
-2.537961382278347924e-07
7.460854634426902676e-07
1.129551209096917660e-07
1.573558318142307414e-07
-2.416053538404847823e-07
-2.811053520795746438e-08
5.256452797243042218e-09
-2.148127533676527134e-10
-2.817738276076182036e-10
1.299150815018924825e-10
1.044310408475630707e-11
1.727849104774462758e-04
-8.584603701651522369e-05
1.392792576554413814e-04
2.057487163136200351e-05
1.007023043899792958e-05
9.580482376505930265e-07
-2.257435015990310998e-07
-6.731998070519258537e-08
-6.801350912457115867e-08
6.157535263803533658e-08
-7.209805159516040914e-08
-9.417660073758515171e-09
1.267242409401767516e-09
1.224184276070406375e-10
-2.789648054934711253e-10
6.069651973564113028e-11
8.818313794000079179e-11
1.259876793324193634e-05
-4.960081623637329034e-05
1.223898876385328156e-05
-8.427228760779773137e-06
-2.788611372316139412e-06
-2.541407516084851519e-08
8.801684764682415106e-08
8.067827874562566532e-08
6.739825250475240589e-08
-4.441611155017088109e-09
3.864367569922735640e-08
2.387640291710394365e-08
3.408176313723386038e-09
4.937519070612171266e-10
5.163464899004728748e-12
-2.582959383840850422e-12
2.388831881417750396e-11
3.471486067092804077e-05
-1.998745755826811308e-05
5.354310425588566840e-05
-1.256742039547042910e-05
-8.968927335800607029e-07
-1.628134814104296173e-07
-1.349561247313251570e-07
-1.118780405965932871e-07
-5.082096623114841380e-08
-1.730074783155141766e-08
-9.677653815852207903e-09
-1.304708031320325478e-09
-1.278996448298708615e-09
-2.960620073237087947e-10
-4.034082009350167377e-11
1.613021959722737710e-12
-1.633084400046282633e-11
-6.670520854534647586e-06
1.828880126457391189e-05
-1.095852442657051107e-05
8.048342376061156698e-06
1.496526219087945436e-06
2.344849700223201341e-07
1.188663450170925901e-07
6.076056670344339054e-08
3.142233212755344911e-08
9.317436020617812604e-09
4.561814276145840059e-09
2.565042433503427050e-09
3.454081326260319303e-10
1.365534674938926649e-10
4.813601277901275430e-11
1.098760187868741772e-11
1.936895194934558795e-12
2.394285019654186486e-06
-1.028083914048713626e-05
3.376521452957099885e-06
-6.236250109149366722e-06
-1.220832293940673882e-06
-2.320526296583056133e-07
-6.781530831734320418e-08
-3.218928392520255950e-08
-1.464120739781038027e-08
-5.497354418305816323e-09
-2.235599471927701332e-09
-1.818447011893184791e-09
-5.428017004818118735e-10
-7.005279572210779903e-11
-2.290561331154207363e-11
-3.996004547949276018e-12
-5.926727697565329188e-13
8.405270331226064908e-07
-2.855732198615381448e-06
3.487559868357739257e-06
-1.948680948980588021e-06
1.745127006522431289e-07
1.295620898724862982e-07
3.995247950150696260e-08
1.504965068953249117e-08
5.951376092989166793e-09
2.727163598730956699e-09
1.866022560734630231e-09
5.035933447441509959e-10
4.338628963184578340e-11
1.734296430132802262e-11
3.566425836472274336e-12
9.370688263912441730e-13
-1.517263403624103899e-14
3.935470043203695772e-08
-4.227832538707295138e-07
8.531947098348336753e-07
-7.357292276953498203e-07
1.623545044708391201e-07
-3.999839909565369368e-08
-1.607432563718784014e-08
-5.370143794052505840e-09
-1.912400643159735321e-09
-7.442156430189636214e-10
-3.939025804465095820e-10
-1.728771722691486458e-10
-2.243496017899027119e-10
-1.930924241666372590e-11
-4.299188494668942044e-12
-5.354501791958265078e-13
4.223914179396580883e-14
1.896765421603095747e-02
-1.905062516582675322e-02
-1.408289476287511669e-03
-7.247480375109383597e-05
-3.057006427023440192e-06
-4.838508057176075736e-07
-1.797819066075118734e-07
2.917595940816787852e-06
1.369254327912039320e-06
1.448485033595272313e-06
9.136217551317800209e-08
-5.745752220295939477e-08
-5.025554619628147351e-09
5.543169590933620799e-10
1.350455596117623402e-09
-1.990973168788522761e-10
3.736415529202040029e-04
2.000993091506135958e-03
4.465663538050216501e-04
4.351799733678705326e-05
3.197965029197087000e-07
-4.448032225228480280e-07
-1.261363846000216459e-06
-7.491692347994673406e-07
-1.293245465226461647e-07
6.339692680189455826e-07
-3.718103653378727136e-08
-1.409986456625925522e-08
-2.626783847526088995e-10
-9.481820060411011671e-10
4.967238215436926015e-10
-3.166380608214609134e-10
-3.523243013176914433e-04
-1.733939622705081606e-04
-1.033625500818528749e-04
-2.354521345479242494e-05
4.082157050906227010e-07
2.018709274539832536e-06
7.240231870416380363e-07
4.946192771838039683e-07
-4.072411509225123328e-08
-2.521447013615083014e-07
-5.260274152283054879e-08
6.777556403513501353e-09
1.460325260574994586e-09
1.370110649486746721e-10
-1.530705831808582862e-10
-2.471008432601124306e-10
-1.971415329599774356e-05
1.458104933602787795e-04
2.098013020749566344e-05
9.789020241135201544e-06
-3.532486519923582777e-07
-1.043048337607988512e-06
-8.583839076618939638e-07
-9.788447018393000412e-08
3.362311488443821270e-08
-5.550852237820809641e-08
-8.052349617406198147e-10
3.448164229984041449e-09
1.883754473714924112e-11
-9.400525213845356148e-12
-1.487189160309944825e-10
-5.519141614208924903e-11
-4.252421888787740226e-05
1.347390347618482617e-05
-8.709326925039034598e-06
-2.286836962476002764e-06
3.868984768586280681e-07
8.931302878109446187e-07
4.284329649352041379e-07
9.674017046229665881e-08
-6.528975887116941407e-09
2.814943928701219124e-08
2.061968771078784476e-08
2.468250314576717503e-09
2.949729331438392351e-10
9.418825430333900857e-11
-3.847698653187929000e-11
4.078135083205289145e-11
-2.722187173627166481e-05
5.309558839030990981e-05
-1.250339567955247947e-05
-1.249761018598591119e-06
-4.491382007993751073e-07
-3.935459378331612000e-07
-1.613115773388742807e-07
-6.551538598010019040e-08
-1.702874777131381856e-08
-6.208090898669560315e-09
1.725505574025008836e-10
-9.055671096770667818e-10
-2.994581600194983434e-10
-1.075000304821280571e-10
1.701281492277771799e-11
-1.841211666393218669e-11
1.940972734006851769e-05
-1.091353652165698884e-05
8.091381684760714564e-06
1.651306699223700367e-06
3.696216780232355391e-07
1.700148569049493125e-07
8.246101414051246674e-08
3.486105573648446504e-08
7.114370202323009956e-09
2.861270705440266594e-09
1.892068180569045896e-09
1.987860175778066612e-10
1.137147133095616434e-10
5.399731042038431452e-11
7.218476867640175816e-12
2.020991823890758571e-12
-1.063192580711409103e-05
3.338049112605401041e-06
-6.266406923312824160e-06
-1.279743173295134250e-06
-2.732819026704342938e-07
-9.240968035851771516e-08
-3.987900347709889800e-08
-1.542696081169376680e-08
-4.576497209842866543e-09
-1.583927648773373254e-09
-1.522718335155944036e-09
-4.717612862218185242e-10
-6.092239907090787699e-11
-2.585539377546465529e-11
-6.259548111725401943e-12
-1.022622977099612636e-12
-2.965900245480530041e-06
3.488688017685295600e-06
-1.938725614220384548e-06
1.951157995544834080e-07
1.440785553881171169e-07
4.685143376947411355e-08
1.845304717186897871e-08
7.057576934090430997e-09
2.575773903172731156e-09
1.625238898232202250e-09
3.672338177682492230e-10
-2.073986849985820244e-11
8.053089665871817769e-12
4.919002195522079564e-12
1.162113615428457716e-12
8.243037812452449163e-13
-4.753802874781948273e-07
8.662154037906247193e-07
-7.678019478914549036e-07
1.510545010463671011e-07
-4.503443110881554328e-08
-2.270157126381234810e-08
-8.415269687712148810e-09
-2.737138494762980429e-09
-1.047323528278377273e-09
-5.893201099247878394e-10
-1.477038386213560493e-10
-1.105022345606697821e-10
-2.326474505529722564e-11
-6.070405251407102344e-12
-8.953562674404622212e-13
3.388594832314503057e-13
-1.018782287669963704e+00
-4.307549409564730841e-02
-1.358848217127166030e-03
-3.785621552856913136e-05
1.899512076973484544e-06
5.043926997049069143e-06
4.897012802867724626e-06
3.411681959474071821e-06
-9.385936193033473151e-07
-2.816813806181923802e-06
-7.811772103143972971e-07
-1.126890979997285877e-07
-1.507360594637488673e-08
1.840814207702440618e-09
-2.290257294148579227e-09
1.361626265239503932e-09
-1.061517150592715675e-01
1.029758493802462524e-02
8.986700748731432349e-04
4.848552413801867993e-05
1.647257543746667089e-06
-1.290446543293162045e-06
-4.475047612083788346e-06
3.171864751691263804e-06
4.122924945113586364e-08
-3.323632638788733209e-06
-5.181589705558029012e-07
-4.675176660450650883e-08
2.110873805598076465e-09
2.635804371258514113e-09
-4.346932929594478659e-10
5.556032630948288151e-10
3.991633918645426729e-03
-1.913022457653322690e-03
-4.674547289485008047e-04
-4.828397684250496818e-05
-1.897483779896972916e-06
-1.330794946138492655e-07
3.927528430501986228e-07
-1.672005133460857208e-06
3.805803690564848676e-07
-9.158573321574367499e-07
-1.372320291398116225e-08
2.093924477039387664e-09
5.253334634377167082e-09
-9.557831362578133090e-10
5.236847473486606881e-10
-3.902829231430512024e-10
-2.194667364390983180e-04
6.075885103710862651e-05
9.446935156361322924e-05
2.457023139396122282e-05
4.326521529420370335e-07
-1.914943222677281200e-07
-2.181026885585482003e-07
5.285705903269512737e-07
-2.474471681125683025e-07
3.050543098339982838e-07
4.609150269302574118e-08
-4.453667432468618707e-09
1.297145725537394300e-11
2.991306724193104853e-11
-6.724155756575478679e-11
-2.615719707587909168e-10
2.421237122925598269e-04
-9.195110937192564756e-05
-1.730742959820320118e-05
-1.126759519746703762e-05
-8.511772847378440182e-07
2.082316111918364188e-07
-4.560218541474735499e-07
4.296592610708111636e-08
1.326472757167446718e-09
3.864486789765434957e-08
4.250369445444399873e-09
-2.006861258870996965e-09
-2.804852814733978834e-10
1.816063264678599386e-10
6.200162276954124419e-11
-4.983270453661310577e-11
-3.441573273704611618e-05
-2.820476357749376520e-05
7.294394097190197931e-06
3.343859773750121741e-06
3.061641439632582856e-07
1.098240456116402767e-07
1.040640843630202539e-07
1.159304373547823706e-08
1.694751545638741757e-09
-1.480602144288550533e-08
-2.101855284900231270e-08
-2.428583204522436384e-09
-5.412331736319717696e-10
-4.480488460213743980e-11
-3.282817857302373380e-11
1.019327681866065878e-11
-4.475146035039389870e-05
-5.599293040173571181e-05
1.248458087496375297e-05
6.204549787546539251e-07
-1.240544517922954036e-07
-1.955858679429117722e-08
2.436758163755412143e-08
-1.016643146710380136e-08
4.132925485674413241e-10
-1.530960890597636637e-09
-1.333508097358089807e-10
8.451228826790279843e-10
3.093869487608881091e-10
4.967431190156451448e-11
3.549697322740120535e-12
1.508976938930986258e-12
2.087915173540940477e-05
1.734693748255026490e-05
-7.393822619587924974e-06
-1.264449207928994613e-06
-5.654189587235895506e-08
-1.961189999542574257e-08
-1.351886880923342809e-08
-2.971620064783532522e-09
-4.999432505315249558e-09
3.907097610007652955e-10
-1.885537144364588892e-09
-1.144044698660354720e-10
-1.173341626721298029e-10
-3.990233113114655287e-11
-1.355430253433408936e-11
-2.625555100340553218e-13
-1.109928437999293602e-05
-9.290045580024403605e-06
5.447273194587943659e-06
1.046034746070169124e-06
1.367237202135966332e-07
1.689644596916525559e-08
8.460170152737256248e-09
3.645541268128487608e-09
3.809595657083579390e-09
-4.384311998146421239e-11
1.443358656683330716e-09
4.299857704692357354e-10
5.636324965702282800e-11
2.135707798246607905e-11
3.419611338835490946e-12
9.764957608690030999e-13
-3.508360475115827977e-06
-3.453831151068301664e-06
2.354542302323182455e-06
-6.299835344343792364e-08
-8.350349517921462117e-08
-1.774594230230030858e-08
-5.263134367927072180e-09
-2.712973324611871363e-09
-1.321631858007057339e-09
-4.710653926598771661e-10
-4.214167804053858180e-10
3.494951305950426437e-12
-1.308767200312030183e-11
-3.622181385272706153e-12
-1.128987977433313392e-12
1.577781573100484957e-13
-5.179017032064164059e-07
8.449592830940399902e-07
6.768164575885748266e-07
-2.082751143576851727e-07
2.299916970776567996e-08
8.749914927044936419e-09
2.248018024701469327e-09
1.458461180656166430e-09
5.754472363398857685e-10
-6.570379764511219769e-12
1.373920504801943569e-10
2.138193737889572278e-10
1.464072518668732535e-11
3.050961314759969421e-12
4.134755334184281934e-13
-1.168045907313663104e-13
6.591404929411395774e-02
2.777742024231642445e-02
-1.861218086545584141e-02
-1.394512854490067124e-03
-7.407295046628780582e-05
-3.712430002408753548e-06
1.399964152243833598e-06
2.600864313061756946e-07
-1.312670351164732520e-07
1.553787226750876591e-06
1.457444547967920996e-06
1.252053643911168930e-07
-4.708384115572979219e-08
-3.199419036197882889e-09
-2.008894883497137963e-09
1.423203885106938576e-09
-5.763946565611584088e-10
-7.373135338354389924e-03
-2.412089506401609088e-03
1.754045501907786899e-03
4.335289374733002966e-04
4.479002665764271018e-05
3.126695702720024102e-06
3.794981540006538605e-07
-1.162616001271293658e-06
1.017467810630079343e-06
-3.008215191753753337e-07
6.185880506916731844e-07
-3.382155959793922371e-08
-1.295438487818352493e-08
3.238482333541268983e-09
-1.483221492115569209e-09
5.386556790278813869e-10
-9.054292156537472697e-10
5.081696865979459712e-04
3.099599945548521616e-04
-5.012029154904653000e-05
-9.610467036674669194e-05
-2.638867820282904598e-05
-3.083538072996282942e-06
-1.048373143885736506e-06
-6.397889890685777716e-07
-1.009802178932775461e-07
9.772048150656752670e-08
-2.578897662200730695e-07
-5.265306799644370923e-08
5.664910626806482869e-09
1.032299570711074636e-09
3.904552892127490209e-10
-1.917659025626277801e-10
3.138942854397588497e-11
-1.956724014502262039e-04
-1.790571421481532101e-04
9.675386870319463808e-05
1.677059996893188351e-05
1.193655172205584254e-05
2.326691746901069433e-06
4.962545060898092627e-07
-1.075530685399638820e-07
-3.714152015774429094e-08
-7.728943215243751867e-08
-4.715172614729657078e-08
-2.596004673963612560e-09
4.320169786879811531e-09
2.141088194598456721e-10
2.537332266617827990e-10
-2.078167137970314256e-10
-4.113728642364601464e-11
-1.354613623395199836e-05
4.172413934723791348e-05
3.007851726927769970e-05
-7.115912723971753906e-06
-4.334673879772843011e-06
-9.900943684520163362e-07
2.944638807353620264e-07
1.346399313823327601e-07
2.385722741715874297e-08
2.123713648768766376e-08
1.516506669422526708e-08
2.002645126258858302e-08
1.848459069421502592e-09
5.229804229837965707e-11
5.704347334098280175e-11
6.306881933232539949e-11
1.666704831294198545e-12
-3.428100577432125341e-05
3.705038837635877560e-05
5.524757339614756740e-05
-1.236271693887557082e-05
-6.584126369426571279e-08
2.061913954468077886e-07
-1.149382509765764988e-07
-4.131347734897912666e-08
-1.321205174585532741e-08
-1.066053417442512796e-08
6.104459942260205854e-10
5.843575052880265508e-10
-5.735381029349859961e-10
-1.759529983407856776e-10
-9.174422836541850868e-11
-2.143860136475251533e-11
8.224400972120757288e-12
6.844875661630101042e-06
-1.955414443237524908e-05
-1.721354880242353873e-05
7.296731639778302207e-06
1.102998430858921994e-06
6.038830432506465837e-08
3.087377480915854050e-08
2.692916964242751332e-08
1.178323298144110465e-08
7.031716989035749587e-09
-3.548651334920553536e-10
1.622813519278252933e-09
-3.581459910986668706e-11
4.515015285680620026e-11
3.576547813796376451e-11
6.442688250110264715e-12
2.278421944677207277e-12
-2.431175045096548747e-06
1.068518771474772924e-05
9.255686135941840876e-06
-5.409790516401271876e-06
-1.013328657534480312e-06
-1.390530416064826421e-07
-2.899477787644894000e-08
-1.477526903148278827e-08
-6.727351682164748595e-09
-4.423820184114640082e-09
1.012836175201705819e-11
-1.306612738677215265e-09
-3.475564364653572051e-10
-2.987006334086201498e-11
-1.778298018257459094e-11
-3.486530874825001004e-12
-2.330000670814834811e-12
-7.962133029434626400e-07
3.412384589571397029e-06
3.446879219830061462e-06
-2.363099262382526803e-06
6.052621838751142459e-08
8.755132634287167668e-08
2.025421123850239058e-08
8.390801995769428012e-09
4.453018008291208657e-09
1.673117518467631396e-09
5.019668843681863727e-10
3.629661723571134401e-10
-7.643038927297505602e-11
-2.815969787816339276e-12
1.355876758259721348e-12
1.271708668239717894e-12
-8.788740672105244597e-14
-2.355814524739624626e-08
4.778591427393483020e-07
-9.342275406332957686e-07
-7.225396580216551784e-07
2.133485956595193875e-07
-1.985809312803531795e-08
-1.159386283758686078e-08
-4.061756527625206537e-09
-1.940059311133377280e-09
-7.991710705463692884e-10
5.829731202817217633e-11
-1.375657911705817059e-10
-8.113972799200617997e-11
-1.419441409510769867e-11
-3.776798379006133140e-12
-7.972397125991566395e-13
3.070906869590240815e-13
-1.544019022083895076e-01
-4.827864133105832199e-03
-1.387126009721936499e-04
-3.548305232301451723e-06
6.727190860748541258e-07
1.416711238038866559e-06
7.847610223526171381e-08
-7.679081198390385490e-07
-1.097911198534293633e-06
-1.150903941575582040e-06
-1.323187255426094551e-07
-2.399941899144654211e-08
-1.653792806631009884e-10
-1.176835310472525307e-09
4.583603564472396837e-10
1.244541626758082464e-10
3.962042254464583774e-02
3.228096218985918985e-03
1.693617645288726171e-04
7.066859086031888327e-06
-6.006270787929314580e-07
-3.913330904974907030e-07
-3.258267623211575039e-06
3.121368858272789281e-06
-1.411011093902248512e-06
-9.090255948517076025e-07
-5.828679579961203459e-08
-1.342269458024104150e-08
2.756264586402304616e-09
-1.518736683435976088e-09
8.299005708787549661e-10
-2.953467260554350114e-10
-8.341332343111565115e-03
-1.664479603278690850e-03
-1.604393095242569872e-04
-6.854703078084661934e-06
6.054902639224774360e-07
2.603025359078910948e-06
3.039563863891551277e-06
1.686865230272527952e-06
4.308481382209581185e-07
-5.168302809054851288e-08
-3.591369194294890575e-09
-4.240524320369456049e-09
1.826077924255180909e-10
1.440656919449181668e-09
-4.436382404961494948e-10
1.586118894167862805e-10
4.494985588903037724e-04
3.765999108138441361e-04
7.874310127337692019e-05
5.277686092289777003e-06
-1.548141943535367226e-06
-1.454199145185846818e-06
-1.807934086682955746e-06
-7.376323934384145325e-07
5.145807872422410356e-07
1.091910873251369314e-07
8.985579378832647392e-10
7.721828659498887809e-10
-2.233893718267674989e-09
6.519161509297590444e-10
-6.873006624922724775e-10
2.064183177303321617e-10
-3.725255817567827907e-04
-7.970924005813300470e-05
-3.186957231905641392e-05
-2.914440268671863102e-06
1.066657343886975891e-06
1.323213382740443315e-06
5.582546488553216266e-07
2.384688953656855166e-07
-1.027307353398771715e-08
-2.726249759531039150e-08
2.318101770880565933e-09
1.026291212197084964e-09
1.739231865230558434e-10
1.384489922870188097e-10
-4.330867523009842834e-11
-1.846045155795150048e-12
9.312413288321567321e-05
3.751520865864617712e-05
1.160832159297689482e-05
1.232521396215925172e-06
-1.372982687219814588e-06
-8.247247691395037629e-07
-2.343662046207659571e-07
-7.974922422797783272e-08
-5.357032057657330758e-08
-1.907443136298962773e-08
-5.212609162078822582e-09
-3.562315095692171322e-10
2.522247640073716911e-11
-2.718161461546571671e-10
6.547397760673249076e-11
-5.853771577664832164e-11
9.071872629236244141e-05
3.923745532052157209e-05
1.439239021241125410e-06
9.807536364867773924e-08
7.611392472679018766e-07
3.940171824974580283e-07
1.549761608868175775e-07
4.272964663872447624e-08
1.806886445674386639e-08
5.828078797677530401e-09
2.822313212786512966e-09
4.391962659108236186e-10
2.346905566644166749e-10
7.947680119631787806e-11
9.396788926553381955e-12
4.641106096338302429e-12
-1.512382278168569466e-05
-2.510922656966173031e-05
-4.046519650411724135e-06
-5.576121280940866380e-07
-3.231728995276790622e-07
-1.789507844811086618e-07
-8.021159317866739571e-08
-2.696888596783898771e-08
-8.298972245989451845e-09
-5.238011323363653939e-10
-1.288454409461754642e-09
-2.250755415737347131e-10
-1.558835673438261324e-10
-2.626125861206250782e-11
-1.081747997651048799e-11
4.715619393409271773e-13
5.910049968690775010e-06
1.827315757905704447e-05
3.646085620103185183e-06
5.712475689671450802e-07
1.679664825114498870e-07
7.941928357146338959e-08
3.741730908261969232e-08
1.284783037236317692e-08
2.755721789460148829e-09
2.270326478954174036e-09
9.642210019330608253e-10
1.198371518911276063e-10
8.249951500256698437e-11
1.614015590633799823e-11
5.204234883460227122e-12
-9.048039113815597017e-14
3.913550095995380625e-06
8.725590791455928289e-06
-2.006969778843852040e-07
-3.146495132370734133e-07
-8.973276610661783544e-08
-3.550537413012431758e-08
-1.580438287980110150e-08
-6.089414443536330186e-09
-1.118374160695560107e-09
-9.940255427360226236e-10
-5.419634470445032358e-10
-1.274919637911209755e-11
-2.209793728337645971e-11
-6.393628688969928767e-12
-2.107602999026117352e-12
-1.438850972976961115e-13
-1.141796548655011867e-07
-2.540956595567897574e-06
-7.980640589525945248e-07
6.614638459792559218e-08
3.585477780940457812e-08
1.155540922268212585e-08
5.061232375142235193e-09
2.258168216463743118e-09
8.894103980772242040e-10
3.350227742839542591e-10
3.733527621540878638e-10
5.065610880390190025e-11
6.226508925634163264e-12
5.432852875402453925e-13
-2.162624631745114525e-14
2.203607448691598766e-13
-1.402031631166385239e-01
-7.041321054785436295e-02
-4.944397526905288179e-03
-2.463539379665193323e-04
-9.859011397365722266e-06
-9.835618561473371826e-09
1.470521021973507738e-06
5.057412118827520883e-07
-2.309042750367456556e-06
1.139161820514239872e-06
1.458225846170734494e-07
-6.872296542195231292e-08
-6.866805103422293809e-09
4.205268137615062811e-09
-2.992399117320740422e-09
8.118888903383110733e-10
4.981023288473933045e-10
2.365168743389455853e-03
7.638264435266271454e-03
1.551421241763307817e-03
1.532837232690554218e-04
7.113233274200113368e-06
2.351780115024357809e-07
2.482644694102141885e-06
8.788275518446634244e-07
-4.190101482675187322e-07
-8.367999554006865247e-07
-4.530131612086098515e-09
-6.337266813670653293e-08
-4.569158518534542830e-09
1.741093455679797311e-09
2.932519394978872065e-10
-1.472948820801996356e-10
-7.631548152448249790e-11
1.804024755619680859e-04
-4.174765729551391290e-04
-3.764189249158952835e-04
-7.713103816734782632e-05
-3.556720510872352289e-06
6.495079128617779844e-07
1.303889066056881079e-07
-1.268043123154016442e-06
6.764840955830459293e-07
-6.349026787384353039e-07
-7.345449666086332741e-08
1.308401522322734388e-08
6.327192095844845335e-09
4.684565091623581880e-12
9.198064774281888580e-10
6.856742940951788550e-12
-5.157114651055980913e-11
1.391283489169259239e-04
3.973429206016692965e-04
8.172640813236904309e-05
3.126348756243783319e-05
2.381710786744205638e-06
-6.813217287945959802e-07
1.456729678987071414e-07
1.475277901564929387e-07
-1.819232966006321967e-07
2.365542565967426100e-08
1.997175845980536510e-09
-1.013241288921865720e-08
-1.737547163638109106e-09
-4.931288717838156772e-10
4.340234466094899040e-11
9.149447004047074932e-11
1.399658271518374193e-11
-4.457667505328357802e-07
-9.158550604649816059e-05
-3.692666022968006884e-05
-1.104697778102896518e-05
-9.138646882853489531e-07
1.277589480383393278e-07
9.036064846268846973e-08
9.031279205591313056e-08
2.289926446578026801e-08
6.075306996424687555e-08
2.954875561812588661e-08
9.703455593698803364e-09
1.014818494421752809e-09
2.962220554174559180e-10
-1.907327855857407850e-11
2.155295096206669581e-11
-8.975239085522992606e-12
-8.097636217162154892e-06
-9.103710286375814981e-05
-3.951777759345075113e-05
-1.713986049472632869e-06
3.463610771815637904e-08
-1.467404142812402919e-07
-1.734303298208066508e-07
-7.272073734193017283e-08
-2.734161134401389767e-08
-2.479994637150702911e-08
-1.069517560020069110e-08
-4.685720485247720965e-09
-8.891276680747623235e-10
-2.213234147595464331e-10
-2.788448301747322559e-11
-2.821883099942132678e-11
-1.581246780965986963e-12
8.985231648508578745e-08
1.490808373262519703e-05
2.518518818524686573e-05
4.090676760887347526e-06
4.103102094319567763e-07
1.613213174896224495e-07
1.111587250047255882e-07
5.272885840131209017e-08
2.264935640052170709e-08
1.109463029234928313e-08
2.453976665542435030e-09
2.053625843488788242e-09
4.336322407403255433e-10
1.262656005991746747e-10
1.894430294582342499e-11
1.516212950703425775e-12
3.721113627500107515e-12
-3.120358968206032783e-08
-5.844891299760304003e-06
-1.829534622185612314e-05
-3.629603285456224123e-06
-5.096574525498693254e-07
-1.162955619877658769e-07
-6.231787703844605098e-08
-2.889523391237807804e-08
-1.264519377690971706e-08
-4.017202862542080359e-09
-3.103983008856283253e-09
-1.282777030758619535e-09
-1.985838491522079985e-10
-7.312619456859697103e-11
-1.241907681759345732e-11
1.196609579447807552e-13
2.992388848655101338e-13
-3.833661264031438492e-07
-3.957045079599152272e-06
-8.718922404236510262e-06
1.868572264395795960e-07
2.859711509992676924e-07
7.643913180650002438e-08
3.122591535456825033e-08
1.445943993950261754e-08
6.726689158406497392e-09
1.769343883171421355e-09
1.451874976436544517e-09
6.028937145977235380e-10
2.109049998163725224e-11
2.356894639454072266e-11
2.315848937424856079e-12
3.413053224156937081e-13
-7.140453889020352266e-13
-6.538466225021096932e-09
1.270511658743234028e-07
2.542084988530186243e-06
8.383934675443008393e-07
-5.690030449678027499e-08
-4.111470022456753712e-08
-1.443183412809158946e-08
-6.567815729501444984e-09
-3.400218415249433565e-09
-1.632416757512719675e-09
-6.243968325649389908e-10
-3.991957167242510238e-10
-4.636299182587556379e-11
-1.203577648425153070e-11
8.681392526768847456e-13
9.485542969592708310e-13
-7.326928807023151824e-14
