1.376591664194692366e-01
1.026151577083796118e+00
4.398698030008151016e-02
1.451927399863667126e-03
4.765041878417559744e-05
4.441413451284049252e-06
4.341586715372078124e-06
3.002136304830841066e-06
-2.427513243115992184e-06
1.003939601577835723e-06
2.421370253200882546e-06
7.291228624872228399e-07
1.035113644231663213e-07
8.814954353248865372e-09
-1.097346891440425168e-09
1.761967065140995181e-10
-4.821786362831805751e-10
-2.996976842901436996e-02
7.884246175836046033e-02
-8.412786694049882025e-03
-7.486645731546897383e-04
-4.236684920761661470e-05
-2.951707742173569724e-06
-1.901710018917412557e-06
-3.874152332099981640e-06
-5.274524684497090426e-07
3.878259441454032673e-07
2.470474734040411451e-06
4.294271672928514190e-07
4.262867811469623576e-08
-1.503056113034783205e-09
-8.387721885842042033e-10
1.838502920538092921e-10
-2.054438398052519412e-10
4.965108694546788333e-03
-5.682060936532880606e-04
1.353659251115331549e-03
3.048339788590761655e-04
3.048866348329648502e-05
1.419591491547125134e-06
1.458681756296996115e-07
2.297576571841186368e-06
-7.741143921497487928e-08
-1.423588295775496264e-07
5.134749470672787716e-07
-9.498129531045582281e-09
-9.460190238355992198e-09
-3.203806348052732877e-09
-4.063502327358247978e-10
-7.603305331887635629e-10
1.824732437169695063e-10
-2.314495078353485339e-04
-2.521194439729570070e-04
-7.170857936739882213e-05
-4.766883533661981330e-05
-1.157652386558762032e-05
-2.712436030463823390e-07
-1.341372850442297380e-07
2.507413303589847270e-07
4.930276836686495829e-08
9.468317966482189543e-08
-9.690308745829199577e-08
-6.318336043823632103e-09
3.695301705991277420e-09
-2.506004904043356200e-11
-1.608333642301424862e-10
2.301014727190663703e-11
1.572840815810562094e-11
1.023856468989894030e-04
-6.881172844370806580e-05
7.827842475975299000e-05
9.379089123321499984e-06
3.781244600579931173e-06
3.020264440520457575e-07
-9.528633367599560827e-08
-3.480715392156801617e-08
-4.044392901300036945e-08
1.702930625776765510e-08
-3.350958094509554512e-08
-5.080861920124471286e-09
1.023942171798196877e-10
-5.263078824702411874e-11
-1.021787978102935910e-10
1.841450735989861527e-11
2.515365091958262462e-11
5.143266415944275919e-06
-2.139935823761011493e-05
6.431462827712291292e-06
-3.587157505337942479e-06
-7.816230614358114415e-07
4.349404191267717553e-08
5.316185654805523513e-08
3.783052366225267662e-08
2.513747039907614490e-08
1.088324112900229777e-09
1.342122966233395061e-08
8.626732436785300027e-09
1.295862571137204166e-09
2.302463003109584563e-10
1.960119412494808065e-11
7.476156752015141285e-13
5.955582144584477997e-12
1.081065485251719304e-05
-5.918813353109825053e-06
1.649010895439625553e-05
-3.939067359848768494e-06
-3.453324820002561610e-07
-7.683808862271076783e-08
-4.931622580744745665e-08
-3.471217036593199882e-08
-1.633809651960276416e-08
-5.890477743277180786e-09
-3.007270824780852095e-09
-2.345463442986066596e-10
-3.839570921072728010e-10
-9.325363855697782063e-11
-1.497642430535318675e-11
5.286968697024818841e-13
-3.726602869508448825e-12
-1.635947881927960828e-06
4.492478369325211064e-06
-2.615829314751514145e-06
2.021048744572496022e-06
3.881847477969228357e-07
6.715003758269984291e-08
3.148210245050765133e-08
1.529190503578820913e-08
7.848125359778705485e-09
2.410888167313766169e-09
1.151701170855027342e-09
6.373914515074479050e-10
9.444983961484816859e-11
3.520824187357664926e-11
9.927521598281221080e-12
2.141810482495467243e-12
7.027689090255474123e-14
5.289327798913189346e-07
-2.113399194085670818e-06
8.377191463286553866e-07
-1.313993098323809675e-06
-2.531092777509586513e-07
-4.864646881278882921e-08
-1.427249476568909835e-08
-6.549675527522480960e-09
-2.933353066799334464e-09
-1.076325568328412799e-09
-4.763495603838144082e-10
-3.639687860031082295e-10
-1.070807604106016311e-10
-1.384749096894231662e-11
-3.725941867291021262e-12
-3.217477019144148163e-13
1.068302414695094484e-13
1.264063538968634824e-07
-4.153409640374576648e-07
5.328471491188318847e-07
-2.826783496062552894e-07
2.990272960576495222e-08
2.104386570608390174e-08
6.524711115281665758e-09
2.487075178403529105e-09
1.000054739102930997e-09
4.536531932172854642e-10
2.837716993087060515e-10
7.893799250207004735e-11
5.285049285933090481e-12
1.921038666093138989e-12
1.385470097689492253e-13
-1.319481699991360775e-14
-5.442077402693276784e-14
4.317318377953603924e-09
-5.001509951961314564e-08
1.020241704418628719e-07
-9.251169631159011953e-08
1.913966883858788455e-08
-5.023294663597832008e-09
-2.125727826963733380e-09
-7.124382233518096719e-10
-2.570021534332329377e-10
-8.933493964444326238e-11
-4.459242900977492041e-11
-1.460286188824528299e-11
-2.267909615286474251e-11
-2.001883667059296794e-12
-4.350050717518497138e-13
-4.710117074700366804e-14
1.676862556708335453e-14
1.482251587631836127e-02
-1.512895446989990199e-02
-1.152670775578192117e-03
-6.187384615885779316e-05
-1.398664860976067676e-06
1.088548243812597904e-06
7.508050854935017199e-07
2.283604904433109164e-06
9.351517802969002460e-07
9.499119215691326017e-07
7.605331647970150008e-08
-4.451647285507548998e-08
-4.040625467420598371e-09
8.981919424804010887e-10
1.008693991325641664e-09
-1.765693380928383671e-10
2.680803973776815633e-04
1.243793301556366882e-03
2.850532205372054780e-04
2.908169508976554248e-05
-3.867697784549681342e-07
-7.907497307808990335e-07
-9.982318528612082096e-07
-5.316973706509674965e-07
-4.837096164937425640e-08
3.697196651966344176e-07
-1.513342251548871669e-08
-8.322801425729556222e-09
-2.808049660820645753e-10
-6.211882233627304513e-10
2.922939538332276973e-10
-2.284386013570116453e-10
-1.870953123406438241e-04
-6.401453677201193054e-05
-4.846602819884643560e-05
-1.172763057537257571e-05
6.795477830279292422e-07
1.329688637774181678e-06
6.120360103948673827e-07
3.023773624366739108e-07
1.360780774996566630e-08
-1.031037843954724753e-07
-2.071585436207667555e-08
3.203733922536178097e-09
6.665110140612273254e-10
2.394786566697685066e-11
-3.226700955524868999e-11
-1.006736514090463906e-10
-2.544602038102766251e-05
8.233543946110344325e-05
9.698051545152461950e-06
3.579765158548641919e-06
-4.041860787760068875e-07
-5.781732070177852914e-07
-3.990059089970238508e-07
-6.060421859389487581e-08
7.684044836596221388e-10
-2.531691850286835116e-08
-6.082329674256557078e-10
1.375007751419815504e-09
-2.396172751181493663e-12
-2.969397496767463166e-11
-6.884078427691582731e-11
-2.325093508555797326e-11
-1.861188203050490690e-05
7.005186975429619500e-06
-3.652652842615466865e-06
-5.676227103800053244e-07
2.451755589298895605e-07
3.418953752127762801e-07
1.570252788757821661e-07
3.914623680101671216e-08
-4.593195207409354573e-10
9.168932473724655062e-09
7.101781499939770000e-09
8.571832614896759513e-10
1.394421420736222485e-10
3.926416799719674060e-11
-7.837318559014377170e-12
9.584132371357120043e-12
-8.155121799163664604e-06
1.633678147456322984e-05
-3.940480533111349481e-06
-4.536807167427692530e-07
-1.698106816473560127e-07
-1.242859321401074520e-07
-5.178996056030116045e-08
-2.119846210692882450e-08
-5.797685053241861170e-09
-1.868140535286497860e-09
3.098865284669133812e-10
-2.333058003558909420e-10
-7.145418621821952129e-11
-3.416382851321948173e-11
7.812104253774200400e-12
-9.185917495943061859e-12
4.765998792248783364e-06
-2.598279388524082525e-06
2.035871352460261728e-06
4.255679797735883014e-07
1.008198766752759198e-07
4.478255458937760964e-08
2.107369570473882964e-08
8.710704810094417126e-09
1.855282307171626067e-09
6.840215872520753288e-10
4.378738190436384013e-10
3.969517989512184657e-11
2.657138860797563541e-11
1.093928203888759162e-11
2.930145720890685408e-12
-1.650821003433630963e-13
-2.202189501203628194e-06
8.267071285860461946e-07
-1.321646013283216605e-06
-2.647875552344643335e-07
-5.699454729544923420e-08
-1.917163081839355469e-08
-8.039547820873323045e-09
-3.106162389943429998e-09
-8.658299624685752904e-10
-3.273169392711118942e-10
-2.932346898057596242e-10
-8.667287100812303579e-11
-1.096901427756740300e-11
-4.452745841796408015e-12
-1.132526397503540400e-12
-2.363574894124361016e-14
-4.330312054934541154e-07
5.337530864618569396e-07
-2.804248482175438185e-07
3.294939869527986834e-08
2.332568450568715481e-08
7.508651526792783064e-09
2.932598941215686066e-09
1.118805468202808744e-09
4.054271330071264020e-10
2.367952115561939244e-10
5.511899848876649272e-11
-3.576122668092713762e-12
7.536888179278659941e-13
4.204859128196340409e-13
1.145656995729401421e-13
9.478649369510839602e-14
-5.603393847484873895e-08
1.027237158316905062e-07
-9.575502271577140120e-08
1.788053999921693662e-08
-5.580300923777575677e-09
-2.792350261631674245e-09
-1.023904959914411952e-09
-3.262071511555241922e-10
-1.108190814741811869e-10
-5.842493134778755874e-11
-9.953056739661884328e-12
-1.125685436579683308e-11
-2.085035052418335363e-12
-4.799292287774142870e-13
-9.699489982604163013e-14
9.755649347748380814e-14
-1.017032085687613385e+00
-4.370190523405185351e-02
-1.442925545418509686e-03
-4.474913481704574598e-05
1.804916585930957599e-06
4.691177371125678774e-06
4.446689372781586220e-06
2.910893960828402940e-06
-1.028180339778016807e-06
-2.400365088291830712e-06
-7.390849348539294126e-07
-1.073773369094884820e-07
-1.442694572501183073e-08
1.413647084476575117e-09
-1.553861018221524711e-09
8.359830689392265484e-10
-8.354500651818226598e-02
8.151680561458507848e-03
7.382185016998499705e-04
4.172144864364736821e-05
1.273368418815715974e-06
-1.425400018410226743e-06
-3.098134463069077872e-06
2.111429151789405688e-06
1.436347114663269607e-07
-2.341049257109228677e-06
-4.032762361121162984e-07
-3.730254410043072470e-08
1.053105972856993052e-09
2.081386337638100136e-09
-2.107458131423557437e-10
2.806895602678680111e-10
2.472943623689463372e-03
-1.182885840931337425e-03
-2.983311002026486827e-04
-3.313101253636488891e-05
-1.225153603164230877e-06
1.214316007506798822e-07
3.330051967908879831e-07
-1.087489069256433736e-06
2.585875938322531141e-07
-5.516415163524252914e-07
-1.093477111439035670e-08
1.278192052724422476e-09
3.444382146083682695e-09
-3.518570078468820366e-10
4.270225866551702872e-10
-2.359829753859897326e-10
-6.085763361498911346e-05
9.531444363698546391e-06
4.471336621779301945e-05
1.243432813988352250e-05
-4.227709068803918948e-08
-1.066638170460765866e-07
4.335799748730583592e-08
2.595644728451165872e-07
-1.190309293983276687e-07
1.347462317931868231e-07
1.724715079258926303e-08
-3.095178753705200945e-09
-1.586026509034642088e-10
-8.376427106164816218e-11
4.982472167900224708e-12
-1.141066231124645646e-10
1.451864506089115144e-04
-5.945241071570894645e-05
-8.388378522605471679e-06
-4.366293679290272754e-06
-2.535709448338779399e-07
6.548966088464667308e-08
-1.792139280181971358e-07
1.441048631798215461e-08
-2.653747679098126908e-09
1.817640528659422983e-08
2.374702683889330474e-09
-5.254537593043882328e-10
-1.923347712460851831e-11
8.413613667753941206e-11
1.326655312514608102e-11
-1.555210572956895515e-11
-1.588757145772922956e-05
-1.177186749630992230e-05
3.364599708589661713e-06
1.023655321104435844e-06
7.882048209452169219e-08
2.935495526845264281e-08
2.338219106923572388e-08
3.418734946792513463e-09
1.357208367044810498e-09
-4.851324772317921071e-09
-7.358563185784469032e-09
-8.896107276208828059e-10
-2.318152015173581974e-10
-3.320477311243250346e-11
-1.412757589596675975e-11
3.923291387101431352e-12
-1.346928183491595084e-05
-1.736866633515991452e-05
3.833721437720954606e-06
2.377143738841305916e-07
-1.420480717983665720e-08
-4.771530881145045189e-10
6.724902629988361301e-09
-2.318346655186319591e-09
3.077452656239259448e-10
-2.345725102033538351e-10
-2.755049633267252081e-10
2.460465601200843662e-10
1.035396427965875949e-10
1.482705970212027824e-11
6.544850565289226215e-12
-3.253877552932251131e-12
5.105727031739597402e-06
4.236045667014439724e-06
-1.831013111775632244e-06
-3.207081841484844468e-07
-2.260916178401279852e-08
-6.781296499096051922e-09
-3.515117579591933327e-09
-8.746028421027382963e-10
-1.348941933372875075e-09
-1.099043494199563785e-11
-4.549526555572351870e-10
-3.543195040135630047e-11
-3.175968747364903645e-11
-7.778341968141388010e-12
-3.951891712468642479e-12
1.055247609803021443e-12
-2.348976008948923473e-06
-2.059578692397010209e-06
1.148698189463206536e-06
2.150426731165005214e-07
2.944875282392407681e-08
4.229364725395493476e-09
1.945912824553950739e-09
7.427827840184050246e-10
7.521718037626638198e-10
3.460716127685249770e-11
2.849637731955052147e-10
8.517908196316392524e-11
1.209824616756296157e-11
3.647315798960646603e-12
7.525805909626050508e-13
-2.520291901134662633e-13
-5.199989580339494276e-07
-5.175738654283520652e-07
3.482423330649788018e-07
-1.145660673253103982e-08
-1.358530170004931893e-08
-3.049747046145405378e-09
-9.389754701266329574e-10
-4.229321716481815712e-10
-2.016802646084444019e-10
-6.675352655575654116e-11
-6.415874958822270907e-11
8.112847267523619871e-13
-2.108991612414012803e-12
-3.700487480149258256e-13
-1.339270529182417339e-13
1.321060773447019968e-13
-6.100688896894765896e-08
1.040587190769779228e-07
8.510448274665821328e-08
-2.516153934918798507e-08
2.777643716323126303e-09
1.176328984143584072e-09
3.125724646092290809e-10
2.003136919049957892e-10
8.145669206546944462e-11
-4.126176685079975480e-12
1.171915382562919646e-11
2.153095103259673733e-11
1.454692192759283184e-12
3.048022774057615866e-13
1.530429637773379321e-14
-1.875803395875820130e-14
5.236199428650803456e-02
2.201642186605322349e-02
-1.475377489386938377e-02
-1.140270808133032367e-03
-6.427900024508757283e-05
-4.207493242924659069e-06
3.163863825110446176e-07
-1.487579865080855300e-07
-1.480012686235539936e-07
1.030340842849436440e-06
9.644310873024958339e-07
1.112430231053814630e-07
-3.293958226929829161e-08
-3.114511418507629637e-09
-7.691863466884689436e-10
9.675101425801780643e-10
-3.169951936619487533e-10
-4.579620437715118883e-03
-1.509320415395346568e-03
1.079471954381045363e-03
2.761686751339737672e-04
3.059890235456820334e-05
2.666329590887499280e-06
7.098444266430221736e-07
-7.055284791973959794e-07
4.086309723287752089e-07
-1.540562290007049664e-07
3.506023984792031654e-07
-1.553688941988917062e-08
-7.166322497186819631e-09
1.975835585274909911e-09
-7.090476379320057441e-10
2.914128220587982911e-10
-5.009546171414060949e-10
2.109263093045387477e-04
1.303427989273694444e-04
-1.150112994919082339e-06
-4.519591217429093876e-05
-1.371971628705768253e-05
-1.809506144909578545e-06
-5.384992632399027969e-07
-1.821781527229923314e-07
-6.683077634995287919e-09
7.146453378217523583e-08
-1.051389926772533292e-07
-1.992259443291026298e-08
2.880932497956802953e-09
5.897701274133491298e-10
1.244121659733308795e-10
-5.949006231253361510e-11
1.849709996434916871e-11
-1.170572190807747220e-04
-1.041701191596120283e-04
6.255574770102662215e-05
8.348858325314517027e-06
4.832802527550767165e-06
9.748955942682181507e-07
1.323630586066712060e-07
-6.776471926674038759e-08
-1.789452888472857116e-08
-3.747462376161803764e-08
-2.300160808687277164e-08
-1.655398630584889060e-09
1.635326336868564698e-09
1.034684196203977808e-10
9.824647484444192373e-11
-8.152917184022157516e-11
-1.611406633924462582e-11
-5.697688898753534758e-06
1.881749211615625940e-05
1.259074804256605094e-05
-3.339622195875990368e-06
-1.390841692347041815e-06
-3.034275262587158211e-07
1.086426431279573539e-07
5.308827400630491618e-08
1.340693468550592416e-08
6.935381709686777782e-09
5.157472730086383234e-09
6.919194991471800879e-09
6.285151596068965429e-10
3.390981763850357127e-11
2.103632604249213680e-11
1.894298810590451615e-11
1.111300128355489651e-12
-1.066937141911572974e-05
1.108793532809587270e-05
1.714580188395522232e-05
-3.787340020816365323e-06
-8.860785080921215215e-08
3.521920689008293894e-08
-3.542004642736228475e-08
-1.408558389385639484e-08
-5.184389511423999088e-09
-3.593570803396919214e-09
-1.136534611847820200e-10
4.284583894762009576e-10
-1.366714511008147267e-10
-4.413376292012740902e-11
-2.249960829677313281e-11
-5.568080537157878166e-12
1.364319224363486885e-12
1.675868919944373266e-06
-4.785114076986723888e-06
-4.205442550603430489e-06
1.806810580218556792e-06
2.873802950808703991e-07
2.357781267572310196e-08
1.029367118058772420e-08
7.329510024645064101e-09
3.088421117863989699e-09
1.906664489155963157e-09
2.755565754988767018e-11
3.782257032292328440e-10
-1.225001194550257230e-11
9.068327710909285926e-12
6.152634508569339902e-12
1.462481531968035100e-12
5.140186338645580563e-13
-5.305812809438597334e-07
2.250527616011215250e-06
2.051804547721129619e-06
-1.141798634667147860e-06
-2.098534624164926397e-07
-3.015530792398966539e-08
-6.830602459111376169e-09
-3.196854287615578328e-09
-1.403935008615714811e-09
-8.813997152724868890e-10
-3.509243516511346573e-11
-2.517862956555074488e-10
-6.497851383457862442e-11
-4.942832767934263435e-12
-2.739710806940681379e-12
-6.182332642612557878e-13
-2.954151828173337997e-13
-1.194223083619431352e-07
5.036790228642389065e-07
5.159601785677228598e-07
-3.499858764710526987e-07
1.123959594398478508e-08
1.438120076379392840e-08
3.456895583879070598e-09
1.396112647799501944e-09
6.784924402865881106e-10
2.512172577735007777e-10
6.525020495790925345e-11
5.306571156790886594e-11
-1.030813357393411847e-11
-3.836566342698114733e-13
-5.962577379393543089e-14
1.245623764672515813e-13
-3.192469809273033221e-14
-2.622747259959484343e-09
5.631784456235664669e-08
-1.125203618299400378e-07
-8.944670251195381828e-08
2.551235014386422438e-08
-2.475915965270987246e-09
-1.472450120813245653e-09
-5.246576118736680319e-10
-2.504487181956314154e-10
-1.059767287101263521e-10
8.142779170560065746e-12
-1.100265245037838543e-11
-8.541525044303354369e-12
-1.028628921931177513e-12
-2.340982411632070813e-13
-4.307206754770359577e-14
4.347522753275922785e-14
-1.568152640916378737e-01
-5.138308410007317445e-03
-1.612435216030089821e-04
-5.072858347650765199e-06
3.165568419028915400e-07
2.042503105868548080e-06
1.033970637285209408e-06
-1.606989956763103700e-07
-8.066605740989374345e-07
-1.040370227113310053e-06
-1.373570902535132149e-07
-2.604359501070641183e-08
-1.295924006595045099e-09
-2.458118786790771427e-10
3.752687983869085917e-10
7.429376075658193178e-11
3.151115624100652574e-02
2.640951774996147441e-03
1.478182582521183664e-04
6.271003251753033266e-06
-9.826758357684611532e-07
-9.534382001752847086e-07
-2.894845647691211810e-06
1.952849011781140328e-06
-7.357361131284945052e-07
-6.988275882893457172e-07
-4.173255444694949186e-08
-1.069546519103466435e-08
1.497213173674965248e-09
-1.144732952533504233e-09
5.085478184645217665e-10
-1.631885985605822778e-10
-5.179784107005279414e-03
-1.060383382803283458e-03
-1.064908838773194174e-04
-4.509837841390210237e-06
7.613920650474149361e-07
2.129993307382383186e-06
2.352337139289945364e-06
1.204293509976564524e-06
2.510149122376276287e-07
-2.902073871223390533e-08
-2.314769769191793121e-09
-3.850037916720353685e-09
-2.011452005938276364e-11
6.176639975505010179e-10
-1.996469343121060284e-10
1.318508092709367903e-10
1.592920122859167286e-04
1.811570538600132515e-04
4.053428227085193754e-05
2.492106311795514661e-06
-1.222104391826409030e-06
-1.212581610005871037e-06
-9.946397678992945822e-07
-3.732089934474654217e-07
2.274106587286806607e-07
4.786170240156513139e-08
1.985408106679307967e-09
5.015234574397578701e-10
-1.015493796663043132e-09
1.681731265176153325e-10
-3.182336479912452578e-10
6.313225254874507893e-11
-2.369495428218389350e-04
-3.824923079242059458e-05
-1.256335166259308660e-05
-8.991656738613581781e-07
7.265649328768358143e-07
7.178807037140725204e-07
2.807210021172912166e-07
1.098486665017640133e-07
1.711745131625317701e-09
-5.760659654503582499e-09
6.867220178956089761e-10
4.098439510372757728e-10
5.363401200220933714e-11
8.491795452754319613e-11
-1.657684897281647280e-11
8.681670362861785203e-13
4.397545404021697545e-05
1.669622832534465142e-05
3.695253405395360538e-06
2.345336113969898826e-07
-5.491929104759851660e-07
-3.207721671808586922e-07
-1.024612566732056488e-07
-3.752382287862464431e-08
-2.029314254799563226e-08
-7.284162822916576336e-09
-1.832939506149579889e-09
-1.112477848138631895e-10
2.385112139960484824e-12
-8.338966593936751585e-11
1.028618018576622116e-11
-1.562578483221397868e-11
2.745772121837770154e-05
1.190708355532339427e-05
6.013282956148794353e-07
1.121267321294152418e-07
2.378897266357023628e-07
1.232222893655946726e-07
4.970321767312449495e-08
1.428025486449618191e-08
5.512308646751312609e-09
1.464156692105446158e-09
6.076734978922307966e-10
1.354562190672184915e-10
5.382069234937254018e-11
3.670990307277733810e-11
-8.125426482603469260e-12
1.283791513740157188e-11
-3.598886768932351012e-06
-6.245448616901218194e-06
-1.045515051526990708e-06
-1.638606905932248461e-07
-8.508861902117196846e-08
-4.549783025410298904e-08
-2.013228381266652641e-08
-6.872806127892972763e-09
-2.182374482247791643e-09
-1.236461261280629720e-10
-2.769015698338319873e-10
-5.150284467865463719e-11
-3.165904386850703466e-11
-6.938321031939647956e-12
-1.764642143194743166e-12
-4.984972514211867392e-13
1.366997256919090673e-06
3.884702644446702419e-06
7.533482378381421882e-07
1.206815613926923530e-07
3.563679273187481778e-08
1.618093613348572927e-08
7.438549518515015228e-09
2.593223134253579380e-09
5.638320684974037982e-10
4.661738738773212615e-10
1.676304916611698317e-10
2.298855523737028089e-11
1.311923587238987660e-11
3.138621885916771146e-12
8.520086941678445257e-13
2.067779793977304610e-13
5.954031448131289919e-07
1.303752651712782241e-06
-3.988029289501027399e-08
-5.082901628692790758e-08
-1.491086654687789276e-08
-5.837242222990087062e-09
-2.530966639102906829e-09
-9.520727726744485614e-10
-1.671899046859239772e-10
-1.311561066438101064e-10
-7.453386815031679593e-11
-5.186125267671259678e-14
-3.236203950598649493e-12
-8.927419736406406637e-13
-3.401073792998139711e-13
6.016003463373187478e-14
-1.504636432027878918e-08
-3.061045563348743478e-07
-9.514810296213466511e-08
8.499509540578541871e-09
4.726854923343711844e-09
1.576303479443871811e-09
6.482355771934753237e-10
2.888867493026476802e-10
1.253391832911190599e-10
4.634520631105921947e-11
3.943117538255273148e-11
5.918540636845238387e-12
6.229548570365236176e-13
-6.010960753256354097e-14
-1.580071625783245003e-14
-3.432121701939769932e-14
-1.105418872196860663e-01
-5.595168453064701397e-02
-4.037290166869441678e-03
-2.112350291184937959e-04
-6.533663031934779690e-06
1.200220720845934082e-06
1.252383112990945123e-06
1.628066831685227617e-07
-2.530857000344259246e-06
5.957445270543582567e-07
1.043278645747085485e-07
-3.875462909350954172e-08
-1.317457984094510340e-09
3.777275545913820250e-09
-1.965555268540547141e-09
7.068048685137643313e-10
1.948760369858458896e-10
1.443612206350625106e-03
4.740241978885059021e-03
9.883211375627920080e-04
1.019792264059270540e-04
4.488747519272454087e-06
-2.895359874212618690e-07
1.632740149126883741e-06
7.342197651488801363e-07
-3.323366880487603778e-07
-4.597776306640385570e-07
-1.312464859784416604e-08
-4.370601628022917036e-08
-4.364689562633804131e-09
1.305311432544147079e-09
2.143186763111313223e-10
5.765528579215749131e-11
-6.749261185381089679e-11
1.202797941797574169e-04
-1.407470998513305589e-04
-1.808302483522563372e-04
-3.904890797663424380e-05
-1.444248285657225150e-06
4.914757618241223270e-07
-1.163297367341933012e-07
-6.869300705836217546e-07
3.198144987861836497e-07
-2.951592132563272125e-07
-2.354567768455125331e-08
8.477753637653548434e-09
3.916713660582063816e-09
3.318171363776116190e-10
4.891808637088763090e-10
-6.647416805388460632e-12
-8.999754109080100364e-12
9.259392205798970662e-05
2.539268828360340623e-04
3.938218093731138820e-05
1.218249956390461852e-05
7.030014872938840924e-07
-2.990871421901336666e-07
6.134285480496052486e-08
4.413676408768036835e-08
-6.867838918872203385e-08
3.559758757271531904e-09
-6.564998405445438210e-09
-5.327028914368393198e-09
-1.115167528979278506e-09
-2.689381235856976271e-10
1.848186960885606106e-11
3.563671013693555627e-11
3.868335328359865256e-12
-7.052571380276919400e-07
-4.336344102097903190e-05
-1.642677534090865535e-05
-3.503058518806207283e-06
-1.961717275975456199e-07
7.397293559579259813e-08
5.037570936951095369e-08
4.031250808768426876e-08
1.446923812478083249e-08
2.279416489464889263e-08
1.160638847548811846e-08
3.760456309842818273e-09
5.059322167176981057e-10
1.188603714149306019e-10
-7.787456527029428697e-12
8.331757143732286097e-12
-2.604422436316572849e-12
-2.403291401353147487e-06
-2.753080966347967298e-05
-1.198660457909735662e-05
-6.651597801004739939e-07
-5.349306149944504722e-08
-6.448091910183395786e-08
-5.649196350892820421e-08
-2.350323844078324871e-08
-9.570318395675922861e-09
-7.609724071207794739e-09
-3.095318162712611941e-09
-1.292190820746723023e-09
-3.051043310367121474e-10
-7.588308399660847922e-11
-1.118041753151401331e-11
-5.132259442652148025e-12
-7.463716942442510664e-13
-6.874861679003455000e-10
3.540233893410736041e-06
6.259063918072445573e-06
1.048535915946864829e-06
1.257445735556360953e-07
4.701635828375999844e-08
2.805661389424417162e-08
1.346753290049097327e-08
5.783533677283824698e-09
2.910914799654572800e-09
6.592982433757532436e-10
5.061532427025818820e-10
1.161611850978836505e-10
3.098408295852647988e-11
3.990038336965821139e-12
-5.628914254243047310e-13
4.333255125721678399e-13
-3.494763191381397227e-08
-1.357767072539218561e-06
-3.886973917667493672e-06
-7.482128606204132521e-07
-1.083041046698759351e-07
-2.546963036467909046e-08
-1.269054537232138192e-08
-5.769880677178141235e-09
-2.549593624552685540e-09
-8.332767456973772776e-10
-6.518746194855845953e-10
-2.437821662353509598e-10
-4.325102915890158829e-11
-1.271592057330977166e-11
-1.866014213142071941e-12
2.299790805679996523e-13
1.208976669887022416e-13
-6.152572376049642727e-08
-6.041412920492685550e-07
-1.303930735294253233e-06
3.721441214830460708e-08
4.660132769625765799e-08
1.281425546776253501e-08
5.075246585679963362e-09
2.254330640148073568e-09
1.036423817546910986e-09
2.659062220383963987e-10
1.994137904757274319e-10
9.420901159272457329e-11
4.261316415412240617e-12
3.235187613268350528e-12
1.451052502756849337e-13
-1.026623552587611193e-13
-1.518640603140055883e-13
-4.790621244464831525e-10
1.660315762173767829e-08
3.066431286558657268e-07
9.926748540540811079e-08
-7.465072581865217488e-09
-5.173143447539234922e-09
-1.819372414851176559e-09
-7.860489222589903795e-10
-3.986180674956442105e-10
-1.977673598120048595e-10
-7.675223190727918201e-11
-4.350898792235900940e-11
-5.273724972529008667e-12
-7.750020351782908172e-13
3.835092134717756089e-13
2.225915551900736927e-13
4.702243581456591400e-14
