1.290903298111552300e-01
1.030875093922872354e+00
4.152863876805093502e-02
1.158708049401329428e-03
2.560922302232690245e-05
3.675701504044009471e-06
2.770652155364998547e-06
3.732201902434772634e-06
-4.838746433070624891e-06
1.688035470052960204e-06
4.092283019777118954e-06
9.230568457638168820e-07
1.337914459882776066e-07
4.565655182094230815e-09
-1.934679462361676187e-09
-6.238249817281399226e-10
-6.520735154344286888e-10
-5.283151346212584115e-02
1.445474617333247780e-01
-1.484054551565087629e-02
-1.152836834026055648e-03
-5.493086463906349666e-05
-3.204815747130113847e-06
-4.529462152462572666e-06
-8.651290132698431884e-06
-3.914303311580425718e-06
2.005372136141923794e-06
6.347831707864510152e-06
8.212752806037002706e-07
7.748725431935502473e-08
-5.359019053566351652e-09
5.165503009196951106e-10
-4.644437023235213289e-10
-8.822468044325888036e-10
1.602947496650644968e-02
-2.243118649098123883e-03
4.307245471112980569e-03
8.953650002386937933e-04
7.194335492582637167e-05
5.112383796401823585e-06
4.751492232549706849e-07
7.969887486900974809e-06
-3.762160409470486583e-06
-4.738850948152458735e-07
1.873952298735125224e-06
-4.002855861801687606e-08
-2.902756806335382750e-08
-5.729296947789784069e-09
1.619945539645383701e-09
-1.704397588606352502e-09
5.772040468665271165e-10
-1.738140025544333356e-03
-1.164950109599099427e-03
-5.999497944723015432e-04
-2.898375873573391269e-04
-6.114135637190692225e-05
-2.402915544793975606e-06
-2.233228842349782125e-06
4.080909283104886474e-06
5.628815353832727519e-07
2.111452704064078399e-07
-9.761191566694157405e-07
-1.789485547735544206e-07
7.081558944415191012e-09
-7.972649584578149241e-11
-3.088397949361406820e-10
1.252075810911156640e-09
-2.886205043296376919e-10
5.127789445155900641e-05
2.511240791710555925e-04
1.110804310349660073e-04
5.042944342840970128e-05
3.974950835136000491e-05
4.010389009731517147e-06
-9.018316388630657809e-07
-1.714913548063192206e-07
1.573516195946842078e-09
4.079300817167975586e-07
-1.447039537066594293e-07
-7.509119209070487441e-10
1.265518957980717200e-08
1.557568472217404702e-09
-2.384659036418091410e-09
6.441135038128384110e-11
6.894172347117958724e-10
3.885338406664913909e-05
-8.103281164592338287e-05
-3.524582948555552048e-06
-1.140468130383923843e-05
-1.709241170117881291e-05
-1.221342618159115851e-06
-2.465544081123343529e-07
-5.417638012058321686e-08
1.967908284406265555e-07
-1.089789791536943293e-07
1.542894845529753960e-07
8.689657307205512087e-08
1.142952578714168565e-08
3.465346165573550399e-10
-6.280268585853842784e-10
-9.590548767729195126e-11
1.573048306340782958e-10
1.406009548413516316e-04
-1.047550298051654793e-04
2.256582735173006055e-04
-5.434758244146499197e-05
-1.140601570043667421e-06
5.233712198456432132e-07
-1.784541786310184508e-07
-4.344108089689057977e-07
-1.937534723637149081e-07
-6.163613898117295712e-08
-5.935085162223850482e-08
-2.404073636383699242e-08
-7.243727684994651133e-09
-7.813111855408746555e-10
1.943727432258375069e-10
1.783665315000272369e-10
-1.721958170457709466e-10
-3.731200798377200045e-05
1.125406418775304058e-04
-6.252322165633529235e-05
4.512072639668458503e-05
7.875121108424085799e-06
6.609319319114938418e-07
5.380134045747544161e-07
3.474887726313978298e-07
1.732693372947921284e-07
4.255641093568966804e-08
2.971784268546200590e-08
1.736067634659461419e-08
1.896657268018803980e-09
7.761274379937999391e-10
4.300121449589588530e-10
6.809294637812797672e-11
2.959965296823857145e-11
1.333074109941626187e-05
-7.556306896486854633e-05
7.925025197376264066e-06
-4.259578744827886599e-05
-8.881906359702356672e-06
-1.616495308282050354e-06
-4.503862206370329898e-07
-2.475263093505089552e-07
-1.119147509414455950e-07
-4.387294820517490003e-08
-7.980185633839099180e-09
-1.346169509561603420e-08
-3.897795697169780644e-09
-5.492131742846415789e-10
-2.987029755220981319e-10
-8.829424077750997219e-11
-2.093665729494203635e-11
1.121974363682785339e-05
-4.141198312077427689e-05
4.373452282457199804e-05
-2.815324810000043672e-05
1.336448799317107871e-06
1.363425297225345400e-06
3.882947462134995270e-07
1.425472703149790871e-07
5.753410869395046832e-08
2.951684103688023587e-08
2.668856734317088142e-08
4.904303751425459326e-09
7.537333605593486474e-10
1.502454816932494669e-10
4.370869531075652406e-11
1.530452963408813141e-11
-1.962246971891396607e-12
8.795504643388931178e-07
-7.537284730927205579e-06
1.521562729511600039e-05
-1.025508837253207988e-05
2.951864636852688691e-06
-6.293527957464779951e-07
-2.044199836886139547e-07
-7.176827147101977688e-08
-2.456449197307056486e-08
-1.235795490327867535e-08
-9.140062318789387226e-09
-6.033717449361962236e-09
-5.066768833383710745e-09
-3.476386197758601676e-10
-4.829604926345733308e-11
4.387535367939234212e-12
5.899530019314585318e-12
2.762561782929625828e-02
-2.658794407824422931e-02
-1.803747620853311763e-03
-8.063989473804226732e-05
-6.480055488991641280e-06
-5.900207947107818812e-06
-2.285150541442560952e-06
7.596982645236632951e-06
3.334510039459558680e-06
3.284618552755212698e-06
1.235362001091025150e-07
-9.518886412145845237e-08
-1.308812055819084733e-08
-9.851122206737407672e-10
2.839050289688900559e-09
1.446266737113000040e-09
5.113677669186882623e-04
3.977733465403914849e-03
8.282223039078593675e-04
6.782766433434090183e-05
1.301713801924167736e-06
2.479216766734723535e-06
-1.599447004289959630e-06
-6.710497035581099013e-07
-9.298227862201421081e-07
1.395174473182307793e-06
-1.518440462177400111e-07
-3.310035456796018052e-08
-3.119338941732739832e-10
-1.229673352934070003e-09
4.936950393348011696e-11
4.809803077409716995e-12
-9.977286855540360919e-04
-5.733228733258140340e-04
-2.959787952873066765e-04
-5.900394206603443875e-05
-1.748869432951219873e-06
2.471192017305988004e-06
-1.325455803787320229e-06
7.089887113125755200e-07
-5.190090342332144050e-07
-1.006247221883404415e-06
-2.243149402174462761e-07
2.363514753533083801e-08
7.237588913578502784e-09
1.109390792617004487e-09
-1.605768975229902249e-09
-1.426483612165190720e-09
2.190692737933531552e-04
1.165467065741212794e-04
4.886705738479880847e-05
3.967278386821180419e-05
2.086104043298032540e-06
-8.029303886722865383e-07
-2.110480451657953466e-06
-8.417755544013036467e-08
4.388096701879480519e-07
-1.104300401867196945e-07
1.463829848658351359e-08
1.542570504507193393e-08
2.933061825484178762e-10
5.416240705399010669e-10
-5.091946138799374378e-10
-1.359822369088017322e-10
-6.625417505988322187e-05
-3.092420246433465503e-06
-1.370632033202409218e-05
-1.596264970534349436e-05
-1.272926322745417690e-06
2.962833498794731202e-06
1.672449469784120478e-06
2.247579371231046349e-07
-9.276274719330321892e-08
1.252076827838982379e-07
8.125026959116671315e-08
9.040405332021692169e-09
-8.797359445921124151e-10
3.186891442878317989e-10
-2.578150802577251268e-10
4.821357560126317793e-10
-1.344640641928117569e-04
2.246854511447893808e-04
-5.304973107350360092e-05
-2.900769807284817888e-06
-5.774956281353391350e-07
-1.672855154087939023e-06
-6.242294768290101808e-07
-2.206927807776246578e-07
-5.818853775210779832e-08
-4.471393855219577277e-08
-1.994463453439565074e-08
-6.818825578778163941e-09
-1.647581083724939122e-09
-5.164665997348371505e-10
3.372015738280864589e-10
-1.881021909051089485e-10
1.177043798477868879e-04
-6.300906210552492540e-05
4.507963402777988293e-05
9.048439321556652547e-06
1.532639439587817328e-06
8.119705413176442254e-07
4.040458024027249251e-07
1.817393605049034153e-07
2.690055226655095515e-08
2.196625596781055945e-08
1.564035622037571915e-08
2.565849334442859344e-09
9.092816244758722955e-10
3.945363421350383564e-10
-1.914575202959107135e-12
-2.706985816463197248e-11
-7.632033060771313635e-05
7.996073862286400295e-06
-4.269899953289057489e-05
-9.459257012647774086e-06
-1.935236107037906759e-06
-6.100076405346582703e-07
-3.021319045943190174e-07
-1.138964063620781101e-07
-3.965931439788561280e-08
-4.889081961048609707e-09
-1.254183601747527710e-08
-4.161702919211554178e-09
-5.996853261184189978e-10
-2.846889028932849329e-10
-7.791136614409879743e-11
-2.265780712247762391e-13
-4.266805749419240945e-05
4.359371653385735450e-05
-2.811596693518756936e-05
1.660809710642951490e-06
1.511028368290499910e-06
4.871623772997545535e-07
2.042208995501423310e-07
8.285986775888129813e-08
3.398531157849068653e-08
2.532716130561131456e-08
2.934778820265726590e-09
-7.452369957802435480e-10
-2.360065729515748374e-11
1.049086283805335444e-10
1.904174526114167110e-11
2.813943936928983929e-11
-8.478510401758681636e-06
1.573308811870890693e-05
-1.100557798614144318e-05
2.752139231600014412e-06
-7.199870343205874299e-07
-3.516319208250102058e-07
-1.325688172341243258e-07
-4.475865179501914400e-08
-2.093389955419712861e-08
-1.421970312104277558e-08
-5.755173757855710337e-09
-2.403898469724130251e-09
-6.197951364098677396e-10
-1.619883986364050208e-10
-3.000404074149429672e-11
3.130126247533536405e-12
-1.023579914654336065e+00
-4.137951336111628242e-02
-1.153823033702928904e-03
-2.330243712526730302e-05
3.036978913132872737e-06
5.120426621503652604e-06
8.277627092926433577e-06
4.686214829758521843e-06
-1.295374802688171058e-06
-4.076508663167515628e-06
-9.158849545459403066e-07
-1.257235610026818821e-07
-1.670889584980794685e-08
4.653737639136570608e-09
-4.167974624130342274e-09
3.911486172096610241e-09
-1.518863443543572722e-01
1.449353348932026948e-02
1.142473624551108716e-03
5.375073009536047585e-05
5.436015325201780960e-07
-1.473096305835936782e-06
-7.178366634015275864e-06
6.971331905521259495e-06
-9.737821374567887730e-07
-6.218849738950687201e-06
-7.906808314173609068e-07
-6.523047859958027480e-08
4.130141170524359312e-09
3.895631497075327356e-09
-1.446346713345831324e-09
1.997980628931161338e-09
7.864960295608056096e-03
-3.878428703581111078e-03
-8.718985295147484204e-04
-7.234834842058308110e-05
-1.696267131497038566e-06
-1.183920174748467454e-06
-8.596695280142567850e-08
-2.709271590775661220e-06
8.255707851059392468e-07
-1.922684625529972267e-06
1.066682915646977145e-08
8.402175009697317175e-09
9.963366472330822383e-09
-4.222848837526986347e-09
-1.029278853675663318e-09
-1.157233787902401357e-09
-6.918591010070842791e-04
2.951388567519749396e-04
2.679526617555877312e-04
5.806882643621063102e-05
3.436749577561006664e-06
1.154125260772534954e-06
-3.390229561654648617e-06
1.512295773853404251e-06
-6.637043634750994485e-07
1.087143057203729375e-06
2.096839017879296070e-07
-6.311756413516351051e-09
3.644659711126903465e-10
1.486659134138490861e-09
-1.208278588384654004e-09
-7.295855570129007074e-10
9.702677510911144601e-05
5.598209550783480226e-05
-3.324371070806932051e-05
-4.034692455374958215e-05
-4.702451702663330775e-06
1.092293186171700737e-06
-1.811619944652772797e-06
1.740863863161706765e-07
6.181038781814342932e-08
4.869302019152773938e-08
-6.444096012967480171e-09
-1.302528981566976598e-08
-1.672984224668924319e-09
1.052395276232702753e-09
1.036870208631527349e-09
-2.664050119475486360e-10
-3.394786264754000847e-05
-6.826590437019285345e-05
2.098476979416258177e-06
1.757955861040476464e-05
1.865512847411871767e-06
6.372864124265168418e-07
9.973856996501167145e-07
7.125787531604057743e-08
-4.381465486615073347e-08
-6.186870436091517481e-08
-8.296283977495258562e-08
-8.854149813411172756e-09
-1.072667227022495809e-09
4.610346632825561280e-10
-1.160612016358333672e-10
-3.842660006133456865e-11
-2.145998747884285136e-04
-2.324836421097411544e-04
5.764725296543307762e-05
1.059021036705603871e-06
-1.540351670546803094e-06
-3.095468280634312770e-07
7.929021564869178147e-08
-1.032930298651259911e-07
8.274650105979386511e-09
-4.166431498077763899e-09
2.143056024057800394e-08
5.134906965894572700e-09
9.953287819977163067e-10
-6.324427765977092745e-11
-1.680661713812412507e-10
1.779374096322396218e-11
1.243936470104071242e-04
9.942187499751703732e-05
-4.335508953197756961e-05
-7.287950155644107638e-06
3.471184465670565049e-07
-7.277961077516632796e-09
-1.136215939155711104e-07
-2.383667395886561817e-09
-8.639028920633687603e-09
7.383637956050218741e-09
-1.484635615261059651e-08
-4.257340638479136483e-10
-7.005689853494055558e-10
-2.784419473102681999e-10
-1.153153768613989309e-10
4.612406040988628445e-11
-7.453618768549109678e-05
-5.163592540005972553e-05
3.709576010733974411e-05
7.892437758065380763e-06
8.506718858151378574e-07
4.603022364339130194e-08
5.840318887103922149e-08
3.561331823695213147e-08
3.055883865394445200e-08
-1.233115388225937713e-08
1.125853073497122866e-08
2.855817684842848189e-09
3.665068451424583027e-10
2.238738143241681686e-10
5.900571814597189867e-11
2.491412111787748491e-11
-4.877450526885135997e-05
-4.658298605686456698e-05
3.244916997511610211e-05
-2.768586748952748747e-07
-8.750862251134978627e-07
-1.447995125174428218e-07
-3.671677053895071590e-08
-2.840406115563725199e-08
-1.783014545298982684e-08
-9.671808888688403540e-09
-4.459986163900408338e-09
-1.165219017111456879e-10
-2.497958007485171305e-11
-2.921810440603270069e-11
-1.178793080123506456e-11
-1.361198675537682442e-11
-9.222657378186651324e-06
1.309010038098505902e-05
9.328595476668875695e-06
-3.592330128510958565e-06
3.863646630115505127e-07
9.824659640802378755e-08
2.855925936613258318e-08
1.907088355669137924e-08
5.036366083769955839e-09
2.316809555202875732e-09
5.205161284593314667e-09
4.897806584954323141e-09
2.758246539386177140e-10
3.295975369490094054e-11
-1.530937872673323016e-13
-3.344482967308094339e-13
9.198922868225706262e-02
3.903113984850523077e-02
-2.608953861252539738e-02
-1.787728984554774660e-03
-7.836604395296309681e-05
-1.548801168673413746e-07
5.567622995496917325e-06
2.933216371967236155e-06
2.941754380677639534e-06
3.734494608672550424e-06
3.288744624022150380e-06
1.487210415389915905e-07
-8.849430787417279619e-08
-3.524888194828129382e-09
-7.908373890071909104e-09
2.964141465176030935e-09
-9.986597123663909482e-10
-1.483738524064203736e-02
-4.696519008461606109e-03
3.569594137815546454e-03
8.068228314707720158e-04
6.777796095301053610e-05
2.968385512969106269e-06
-3.224401060004480832e-06
-3.789826463200222578e-06
4.558153321234656303e-06
-1.242622621570627645e-06
1.419760097355550481e-06
-1.321844222019531785e-07
-3.546792661968748434e-08
7.760524059541874589e-09
-4.567842815946858804e-09
1.348831565807755544e-09
-2.674961537135296387e-09
1.621067559759984148e-03
8.703800684216551941e-04
-2.700116479827828963e-04
-2.747988397890552791e-04
-6.212266765629804489e-05
-5.420031117251722837e-06
-2.440348472205261733e-06
-3.469831901025368428e-06
-8.951326984799925431e-07
-2.316536395304304397e-08
-1.023750020661613000e-06
-2.291456533598201166e-07
1.788337334108612747e-08
3.308371550689713431e-09
2.104652823165158964e-09
-1.699111034062075514e-09
-1.379430357421734758e-10
-5.318520354986415861e-05
-1.238737063523178208e-04
-5.406607935045581261e-05
3.050340687843405420e-05
4.021211674637168517e-05
6.419434393614442397e-06
3.571976622438400076e-06
1.799659122831898322e-07
-2.078198160563181735e-07
-1.259435103045167374e-07
-6.213377788623154501e-08
1.219265223655253757e-08
2.000527367862841479e-08
7.736633564580029701e-10
1.456251967198145394e-09
-8.167160228697925012e-10
-1.379118929578319537e-10
-3.647963421340485042e-05
4.847730502373800808e-05
7.036593470905334316e-05
-1.630125540947585043e-06
-2.079057736100825855e-05
-4.571455793946795879e-06
1.110489844597122020e-06
4.833795154961781549e-07
-2.799621352050135542e-08
1.355410509319687577e-07
5.979430091745567904e-08
7.869372614413037368e-08
7.089589348560965385e-09
-1.079916760490779048e-09
1.663041403210534777e-10
4.159067098389356197e-10
8.408920273230860110e-11
-1.395131924461640840e-04
1.823893604156862872e-04
2.298065097748383512e-04
-5.702848622957714655e-05
2.290048762606780262e-06
1.941143018129822112e-06
-7.104931338861129175e-07
-1.483310730833165231e-07
2.919033549247738929e-08
-4.811479806725161635e-08
4.559803121621998356e-09
-1.848656735638636266e-08
-5.242364558795024625e-09
-1.167990091889169474e-09
-5.299659684079978725e-10
-9.088693411597062801e-11
1.204610708341248202e-10
3.922986429728014834e-05
-1.174414108485487068e-04
-9.900574634652581937e-05
4.258611198137688449e-05
5.798269562151207609e-06
-2.147392620490987930e-07
7.577422028373207366e-08
1.296217034078942766e-07
4.772313024220056619e-08
1.436524166861865109e-08
-8.732067517131183504e-09
1.373442259173337845e-08
7.977914228645696922e-10
4.277372225423557803e-10
3.405502310651853094e-10
4.551120099410940932e-11
-3.915460363832663502e-11
-1.424981693231385656e-05
7.297068457025127628e-05
5.160032690029645833e-05
-3.671277730987875941e-05
-7.513139515698842405e-06
-8.786689786485481048e-07
-9.383443004250667071e-08
-1.022319076050908687e-07
-5.264977215327119918e-08
-3.250753660121777878e-08
1.103972875526096496e-08
-1.097702893459824748e-08
-2.623333465270539248e-09
-2.568253542410849689e-10
-2.272535180183416626e-10
-3.621362898949904358e-11
-3.023494960803556477e-11
-1.069197445721306125e-05
4.774999445252566357e-05
4.658037188723102294e-05
-3.237618957226413282e-05
2.538026890973065856e-07
8.866407721723469568e-07
1.736085760905115322e-07
8.095019604105329461e-08
5.044618279292078243e-08
2.292771253815409411e-08
1.134957189454491748e-08
3.218196280579795174e-09
-1.823009104205533283e-09
-2.245479172377623095e-10
3.912101544488761613e-11
2.748494603796223651e-11
3.914016266531497946e-12
-5.584429456511005207e-07
8.608823875095578302e-06
-1.524263104138929277e-05
-1.046168602584760189e-05
3.769097430050754045e-06
-3.190689730117479677e-07
-1.590840336409564330e-07
-5.276488364700902389e-08
-2.794203803588111490e-08
-9.241841055542461584e-09
8.826193420940896682e-10
-4.849263676147688487e-09
-1.672221000650977441e-09
-4.242812318074473407e-10
-1.136953845560302294e-10
-2.627527207203274539e-11
4.105642184525506493e-12
-1.479541284721589967e-01
-4.051422964493420729e-03
-8.949044319263260272e-05
-5.382367393500982620e-07
7.254129802483544465e-07
-2.693626337149547757e-07
-2.911469034311075497e-06
-1.940163084449227729e-06
-2.251946616150110013e-06
-1.432661408377002762e-06
-1.258868676553735994e-07
-2.095403827825556329e-08
2.113136154462700221e-09
-5.498682533476881010e-09
7.206573356574277338e-10
6.636581671996169257e-10
5.509530741412405758e-02
4.161109003006416805e-03
1.820279491149117692e-04
7.078938754891581664e-06
-2.771952202581898754e-07
-4.923932847884822499e-07
-4.232605651435297214e-06
7.715044114228618823e-06
-4.221028343316874936e-06
-1.370022544834397808e-06
-8.991044412277758287e-08
-1.731057441390551353e-08
7.335599716451343654e-09
-2.816134494862875933e-09
1.914352241663004603e-09
-1.129556683470245669e-09
-1.672152338992914308e-02
-3.110063431034849023e-03
-2.632961517620955607e-04
-1.018822954069993057e-05
7.830386200977194112e-07
5.889505266762263949e-06
4.245572281650950102e-06
2.575564469808305040e-06
1.369285793605507418e-06
-4.760733842989283768e-08
-1.495514359337715860e-08
-4.632655268084586186e-09
1.810375901738676979e-10
6.529694013738005506e-09
-1.213943967233173032e-09
-3.554969296648368189e-11
1.607307738742396776e-03
1.050533960004576247e-03
1.867625922765110236e-04
1.274826015447283631e-05
-3.378177533109998911e-07
8.780329705265807512e-07
-4.142439406715770307e-06
-2.316629189532078022e-06
1.748660180168963016e-06
4.020799717392575456e-07
-1.858408093275759352e-08
1.991495301881996935e-09
-7.999286051927739841e-09
4.187811213468496573e-09
-3.120300503074566047e-09
1.484085299057453067e-09
9.868958570818590740e-05
-1.774774826889520085e-04
-1.148099999553530494e-04
-1.260545965780865763e-05
-2.150710919531812936e-06
9.948343966610167102e-07
1.164858881979481246e-06
7.201849096204215648e-07
-1.934150314449293823e-07
-2.347062067753491216e-07
8.773011636229254111e-09
4.325752225436361931e-09
2.864376878693146186e-10
-5.951533377623383525e-10
-2.538268895350976046e-10
-5.920981888534970441e-11
5.513919846284890601e-05
4.259868516542084023e-05
5.703155979549343096e-05
9.235875514079553190e-06
-3.596928034883752749e-06
-2.363274807561009911e-06
-3.383787558965107093e-07
-5.091307445015197171e-08
-1.913550633913806512e-07
-4.059926133177060181e-08
-2.043763133495473763e-08
-1.037981897032639844e-09
7.582841641033098864e-10
-1.379793029842239393e-09
7.627175105274276270e-10
-4.220894031651733223e-10
4.185557914937667202e-04
1.871111504439180431e-04
2.545807297364238295e-07
-2.973198069010175676e-06
3.474789289863218652e-06
1.704934499130048008e-06
4.733270120668358008e-07
8.458716152943859554e-08
6.195105837622245052e-08
4.554025564484490695e-08
2.400073630969746643e-08
1.958396161677828376e-09
9.144606800029195273e-10
5.612680798279329853e-10
-8.908334467864811553e-11
1.293014939890697437e-10
-9.232249476279583849e-05
-1.463304394652597997e-04
-2.225931941050996842e-05
-1.552007000340853161e-06
-1.707191746755543287e-06
-9.762129938675513499e-07
-4.127738489625166702e-07
-1.401032772610160279e-07
-3.017494999596868680e-08
-1.041159504913073904e-08
-1.291263122325483242e-08
-1.309045464081443749e-09
-1.222545829614757914e-09
-1.580474136620729703e-10
-7.055830816481276976e-11
-1.368867660773645411e-11
2.668397484251503905e-05
1.208679969205917121e-04
2.707348057727494204e-05
3.909518561845114734e-06
1.066160186572409459e-06
5.756591126220054786e-07
2.769027289694361902e-07
8.937113055097413532e-08
2.220635654084895461e-08
1.734501544267254952e-08
1.073486134459834630e-08
7.358606230815599923e-10
9.695741912892408537e-10
1.307881337355198465e-10
3.641325502117462676e-11
-1.414176943281070979e-11
5.004324789243538109e-05
1.183946891738285519e-04
4.252195631653733841e-08
-3.354665048799837216e-06
-8.237740492057841607e-07
-3.528837680700195856e-07
-1.632680582326530857e-07
-6.147231114552064351e-08
-3.753618331666253099e-09
-1.454158989721906717e-08
-7.695759781406830485e-09
-2.167469569052481886e-10
-2.762572033944349799e-10
-7.636652403501062653e-11
-3.895182371876059971e-11
-2.915208828743858815e-13
-1.014359146116913428e-06
-4.133927076437388559e-05
-1.379626164919399813e-05
1.004911715629092790e-06
4.963527872137627065e-07
1.458976997227232329e-07
7.669093075752208459e-08
3.550975293547604335e-08
8.928559162894951001e-09
2.749185336375861194e-09
8.619587747666524025e-09
6.945077612987321498e-10
1.062536277039851673e-10
1.623547681087330528e-11
1.525243756541790242e-11
1.128717300145429537e-11
-1.998509691304206914e-01
-9.823130773589086595e-02
-6.408211402667033860e-03
-2.747551715399063109e-04
-1.155669712956767290e-05
-1.572129069232682962e-06
1.491758786162148207e-06
-2.582790671312143295e-06
-5.331349580066060056e-07
3.401946919773178914e-06
2.660383251501269854e-07
-1.613529648849507518e-07
-1.770698807171988154e-08
8.577628960681436973e-09
-3.284422970910184788e-09
4.843256544032273696e-11
2.560586710100804956e-09
4.890244672984924053e-03
1.532238096949707813e-02
2.896964466211886940e-03
2.475229400783082951e-04
1.161147298540466011e-05
2.363719983593537675e-06
5.677656294193535947e-06
7.668080565543733342e-07
-1.429620954265337709e-07
-2.435689028002277925e-06
-2.959978387936019196e-08
-1.041753716992890275e-07
-3.812482252007303005e-09
1.674951904932278722e-09
1.300085959719342788e-09
-2.135746411556864057e-09
7.271512737039673774e-11
4.596818319679216711e-04
-1.482111477249860006e-03
-1.048168187321269970e-03
-1.867683618973443112e-04
-1.120949944934979328e-05
-2.970348292125475666e-06
3.854945044339357458e-06
-2.535303670581260766e-06
2.160569497064398120e-06
-1.991947964608762863e-06
-3.742005429367499455e-07
2.634918524856182099e-08
1.114476397232980340e-08
-4.034152696164000992e-09
1.891306544305791950e-09
3.693444245965195497e-10
-5.040804339295884323e-10
-9.018557007268257302e-05
-1.122833507956933516e-04
1.812419430135001953e-04
1.140918639765860638e-04
1.183015975629907967e-05
-9.643414570053413460e-07
-2.007050171269018724e-07
8.009732050021541479e-07
-8.459396177572312060e-07
2.436369726071651321e-07
1.790139682865572883e-07
-1.573643503112873787e-08
-5.480162328088319703e-10
-1.160078021110628793e-09
1.225609126287396970e-10
6.052771647152737713e-10
2.449973484084527662e-10
1.156532599316162214e-05
-4.954408620998123681e-05
-4.041929889547342213e-05
-5.495214370359755642e-05
-6.626609870318501139e-06
-2.923452666696970975e-07
-3.094699308618883057e-07
4.407560046375447794e-08
-4.727853479371947567e-08
2.252187100269082053e-07
6.993592134160874794e-08
3.200313632399628544e-08
5.141087024124273770e-10
1.210961666886386418e-09
1.309489991859577705e-10
-6.829280449069733714e-11
-1.258137800416217517e-10
-4.006153929282263996e-05
-4.221548041097083950e-04
-1.894724476446521587e-04
-2.136064638515349688e-06
3.020515945134798364e-06
2.267549694970949051e-07
-5.122293585224226335e-07
-2.218935399005269261e-07
-2.851286738818722826e-08
-9.739110554408408178e-08
-6.381577099627240349e-08
-2.954748263653714483e-08
-2.238571866039620436e-09
-6.277432337067091950e-10
-1.184491108015504006e-10
-2.599253375725503711e-10
-2.461885483147992796e-11
5.662660290797450773e-07
9.154193639302190210e-05
1.473505613084676188e-04
2.291210374268302005e-05
5.683191239785967958e-07
3.959124743656264608e-07
6.347961832013329197e-07
2.700521192357289747e-07
1.238071330661066045e-07
4.910268029121600565e-08
1.946750337533431112e-08
1.493111812961037536e-08
1.924151430053441016e-09
6.414209367407092362e-10
9.415232693153807190e-11
6.012763823738731345e-11
6.589800576009795011e-11
2.355601385520680250e-06
-2.627299186924344818e-05
-1.213355198021980730e-04
-2.707198016998750798e-05
-3.312435301750308437e-06
-6.371781700822353825e-07
-4.915464799477222057e-07
-2.242563782091102675e-07
-9.632268067052553394e-08
-3.353907594200054175e-08
-2.275401903980334467e-08
-1.169916867127384399e-08
-1.020510692979398478e-09
-7.628203609353177369e-10
-1.333280464680653095e-10
-8.710601608030186766e-12
-1.994017848476758605e-12
-4.086460367964802377e-06
-5.006356917671151146e-05
-1.180748055758957664e-04
-1.463648649448654747e-07
2.956957794814605794e-06
7.152794197987255399e-07
3.398740913525555498e-07
1.721579636694737420e-07
7.875964447842782380e-08
1.559629096155160911e-08
2.291028019212118208e-08
5.665856809426495593e-09
-3.490387437613072271e-10
4.090373900713411445e-10
8.347421280251943625e-11
3.541028765703745234e-11
-8.437234000629665264e-12
-2.609430525470693707e-07
1.230655178607287856e-06
4.122968508571448430e-05
1.475451902711833688e-05
-8.457485450447356504e-07
-6.384127922298371232e-07
-2.194194343203267381e-07
-1.153285798457444329e-07
-6.647228187212063526e-08
-2.996555525454804395e-08
-1.084084298978651859e-08
-8.430648683069970365e-09
-8.093243452947403472e-10
-3.853128438781536063e-10
-4.757473924944896611e-11
-1.075192014432243117e-11
-1.875513374068227450e-11
