1.299276149146858517e-01
1.030387918038433881e+00
4.177302293917496689e-02
1.184837201438932591e-03
2.752114529361647280e-05
3.140643974798941917e-06
2.909133727645245424e-06
4.382841852951171815e-06
-4.691408774312193844e-06
1.102021698534690325e-06
4.037130409505720539e-06
9.682317805508373643e-07
1.268327190299376595e-07
1.056851973247773066e-08
-1.827648827111578307e-09
5.052729367107441287e-10
-3.283616015859184242e-10
-5.111192493092523575e-02
1.393009332553312163e-01
-1.435489616893254571e-02
-1.130917496359234910e-03
-5.506964380071369223e-05
-3.419140694220719031e-06
-4.376867888867450629e-06
-7.016794136087363193e-06
-3.556178253451978190e-06
1.439762754082228642e-06
6.116665037529612791e-06
8.132956414548055269e-07
6.638275072388310428e-08
2.609884582142192046e-09
-1.391858017043861279e-10
-8.500857871927722053e-10
-4.862141293586186415e-10
1.494981239588634436e-02
-2.077580916874611269e-03
4.023163082266553552e-03
8.432389930056920571e-04
7.018914376390891449e-05
5.293781819594272645e-06
3.322789207693239292e-07
6.944713534023103613e-06
-3.117754825837714270e-06
-2.220245833902681812e-07
1.666576760833291358e-06
-6.102905980044814589e-08
-2.767766442003600219e-08
-8.363629482891672209e-09
-3.625461088252390194e-10
-2.701018208439685006e-09
4.684202990770553583e-10
-1.561273460715501514e-03
-1.025588829883928308e-03
-5.430145060270149702e-04
-2.630296006776350380e-04
-5.556961047667293904e-05
-2.446000948533699376e-06
-2.203187097924290003e-06
3.692523184107413984e-06
7.633828136533553539e-07
2.796808969881281435e-07
-9.401117161876109652e-07
-1.702342182137172760e-07
1.008433748731370090e-08
-2.879690585956908620e-09
-1.310616962505521878e-09
8.568559811836908625e-10
-9.534515702967798821e-11
1.094447990854298966e-04
1.615392352686894446e-04
1.427337354190743831e-04
4.698099395919777229e-05
3.606236952432169261e-05
3.191670928274458444e-06
-2.550410519687823796e-07
-9.460202360578822935e-08
-1.091334540155345257e-07
3.241431734917810410e-07
-1.226059812882369376e-07
1.267726121958958129e-08
7.511295164941620667e-09
1.397782115776147826e-09
-1.669547965646564094e-09
1.016687587640736238e-10
5.020155367472309151e-10
3.125361236995265917e-05
-8.624369685951466691e-05
1.537369085292623702e-06
-1.488632025458773423e-05
-1.418166050408129481e-05
-6.613565736831148636e-07
-1.976073868396803054e-07
5.366139336923078163e-09
2.213325183849480585e-07
-1.080171055739267783e-07
1.244029573820474166e-07
7.551823033221396061e-08
1.186361929820596334e-08
4.630680813307353537e-10
-4.089602722760793918e-10
-1.502531849251607515e-10
1.993853446389050153e-11
1.358458132185824782e-04
-9.601870838645996595e-05
2.148220358363597154e-04
-5.027560355691035798e-05
-1.183216916606215670e-06
2.262325744594243193e-07
-2.453828235783473871e-07
-3.935025983509405971e-07
-1.726664009308475068e-07
-4.805469335700791041e-08
-4.189755166291454844e-08
-1.621343583810421482e-08
-6.645958342549482028e-09
-6.428125967972102051e-10
-8.658354826839753520e-11
4.311301989891867011e-11
-1.028662012873493877e-10
-3.417583866363847902e-05
1.016897804863027387e-04
-5.765010601245550625e-05
4.118459681837133887e-05
6.824618163953338740e-06
6.825493369511205454e-07
5.067612061477516100e-07
3.023832398135279588e-07
1.405807324861413125e-07
3.147913083427717561e-08
2.295028062083057882e-08
1.445005779408252749e-08
1.517534724812664361e-09
4.175118412061213217e-10
3.115738007445017513e-10
8.327847116245491031e-11
4.156660916425057131e-11
1.213633618174569056e-05
-6.662951818872383874e-05
9.307234222710727834e-06
-3.785617148572250468e-05
-7.652479183658832793e-06
-1.385920969840025106e-06
-3.906805153285206338e-07
-2.063863207668482048e-07
-8.991842040335114679e-08
-3.070878081771657769e-08
-5.329949109940423712e-09
-1.220717393865638563e-08
-3.382536599826704769e-09
-3.289767543617861668e-10
-2.034513574294158295e-10
-5.211883598645930238e-11
-1.722521498207276856e-11
9.094746739370858729e-06
-3.283180092865844914e-05
3.570988333361193098e-05
-2.235636996740902793e-05
1.183514382971439060e-06
1.122998594633763464e-06
3.196859265955532767e-07
1.213509465938824091e-07
4.526847972294486637e-08
1.973438345283328272e-08
1.976704075550665037e-08
4.661475195919425845e-09
5.938954703610297715e-10
9.021344367272465500e-12
4.669207469065612385e-11
1.160567426597269263e-11
-5.094998749726111618e-12
6.912650900186435643e-07
-5.933447152325670366e-06
1.187114112143498967e-05
-8.363347450631082749e-06
2.282824756006632265e-06
-4.896586984399335012e-07
-1.625990626269630927e-07
-5.715326360371336627e-08
-2.013910366393078361e-08
-8.883774056768746440e-09
-6.158383320522331356e-09
-4.640895251865202642e-09
-4.021112952297241544e-09
-2.455122339009790855e-10
-4.432768036750547850e-11
-8.290642406596418513e-12
5.582852202762974131e-12
2.658435480162327572e-02
-2.573038413193386165e-02
-1.767330056706785217e-03
-8.091220194067735611e-05
-5.515734294638505795e-06
-2.983040226811855333e-06
-2.097389647887949568e-06
6.426029378642459691e-06
3.092108984418920035e-06
3.134111046640520631e-06
1.021227075175249182e-07
-7.193939755786580272e-08
-7.373528993259498712e-09
-2.224551500706751592e-09
2.688487321859432681e-09
1.385133236833163129e-09
5.019502402272896973e-04
3.716182518169991456e-03
7.815946432160242102e-04
6.536309767922128305e-05
1.279943618635170374e-06
3.320502559359923231e-06
-1.741662985994782249e-06
-8.340942556084619912e-07
-5.737115918398531993e-07
1.240304432190737836e-06
-1.175171922727740048e-07
-3.707067483376631045e-08
-2.714481217016896758e-09
-6.047558988132486531e-10
1.053922945934698173e-09
-1.960627089539612978e-10
-8.850933036511080465e-04
-5.222345642828669617e-04
-2.676114591160059651e-04
-5.470331530892837547e-05
-2.870561430219069133e-06
3.127089370323311493e-06
-1.938524789279668446e-06
9.157254802241523107e-07
-3.421865065465567444e-07
-9.261915814267499970e-07
-2.019753207012045288e-07
1.900319902225689124e-08
5.208496661881482238e-09
1.581207259437641630e-09
-7.660483607914986165e-10
-1.023386688943796918e-09
1.622011133298876032e-04
1.482745086608533978e-04
4.659264925401444639e-05
3.434940988343363735e-05
9.584085572487589889e-07
-1.152538251470449012e-06
-2.256886220366164648e-06
-1.237689395137734906e-07
3.482625800707795139e-07
-7.477460297274418248e-08
2.501225905284430017e-08
1.079910045466267091e-08
6.477918948976604472e-10
1.302413783146666951e-09
-4.256425723901137846e-10
-9.557575650940400703e-11
-7.367403088466753091e-05
2.306283622054491256e-06
-1.649120179727598390e-05
-1.260907311779423305e-05
-8.593845299111192228e-07
2.751939374744205440e-06
1.509435533327448899e-06
2.229222162140482751e-07
-9.677508667456574881e-08
9.655526044850905112e-08
7.002215319806407226e-08
9.842528487523260382e-09
-9.164834788939601725e-11
5.762643377282557034e-10
-2.073131173642843598e-10
2.847163651470041236e-10
-1.231013475901180103e-04
2.140115611858137287e-04
-4.945364637310659133e-05
-3.069916576983376900e-06
-5.846897468286736752e-07
-1.539897783330111791e-06
-5.024832041769197841e-07
-1.962618215527087445e-07
-4.448759310919172565e-08
-3.107965235823964723e-08
-1.280798563128675173e-08
-6.050759399274807567e-09
-1.249264083944266474e-09
-5.554851369042342405e-10
1.695265399148463583e-10
-1.261681089365933776e-10
1.061961419607438035e-04
-5.803166499850140184e-05
4.112623459167208932e-05
7.924213354072497795e-06
1.357412689390536495e-06
7.154120967463823563e-07
3.462328927871371360e-07
1.490291885882866406e-07
1.797087178715063071e-08
1.635522925859506930e-08
1.244168326800413589e-08
1.946901348695807473e-09
4.469146338686563695e-10
2.924884643030956055e-10
2.402895652989123957e-11
1.564410644097644587e-11
-6.742543265594276916e-05
9.334888730404685838e-06
-3.790895781188170484e-05
-8.147833675042789159e-06
-1.622580085463484999e-06
-5.322535923149859022e-07
-2.502241937855416804e-07
-9.082857494611101522e-08
-2.653440912034934876e-08
-2.492291682122367113e-09
-1.120830990370388783e-08
-3.434143172498375532e-09
-3.240155583455721920e-10
-2.097753516077614778e-10
-4.880492414226062312e-11
-5.080974123789887539e-12
-3.388134795184256687e-05
3.562537538367734730e-05
-2.236320090219931164e-05
1.433025724672380909e-06
1.231398305470450431e-06
3.918382308330979633e-07
1.664419229207774197e-07
6.414489124262624623e-08
2.223168308451898733e-08
1.881652583717994549e-08
3.233316976655094546e-09
-6.642352937295747628e-10
-1.221563101134366255e-10
9.232262556075061705e-11
1.023630340069492891e-11
1.042222475611136335e-11
-6.682331829555846426e-06
1.224425192576199149e-05
-8.904892096862906543e-06
2.125270509976438265e-06
-5.494777774707730277e-07
-2.694529832259196636e-07
-1.023186313030501800e-07
-3.413729527034049256e-08
-1.498413363889326472e-08
-1.047370803439653850e-08
-4.391426243171798213e-09
-1.940541784402982384e-09
-3.891689675271817887e-10
-1.264630131500388498e-10
-2.112939955560295933e-11
1.488734138339275932e-13
-1.022925468245884817e+00
-4.161216804723183449e-02
-1.179693522750396026e-03
-2.473921745649346025e-05
2.725335201185960240e-06
5.004744009286286546e-06
7.189396448949964360e-06
4.571282626530239282e-06
-8.443027716112178131e-07
-3.972814274828568691e-06
-9.669515407575167989e-07
-1.193626145651138705e-07
-2.358293015099066149e-08
4.588099511567890655e-09
-4.769740591375644428e-09
3.405210035020968120e-09
-1.464863568109501246e-01
1.400949952334714851e-02
1.120141754376916465e-03
5.321430561570565074e-05
1.605097126873874624e-06
-1.713019058651939918e-06
-7.081903718811573660e-06
6.288153403201697019e-06
-4.695139072498473611e-07
-5.964452143756261469e-06
-7.969997209443238860e-07
-5.238173223516008235e-08
-3.434830417925121686e-09
4.844658215703326557e-09
-1.526297947672957262e-09
1.866321840976747017e-09
7.368308606853341512e-03
-3.611966394619328408e-03
-8.212072435270414278e-04
-6.984048492657366370e-05
-1.582282938715690346e-06
-5.475360873822457311e-07
-3.642246568536231980e-07
-2.941394281920554369e-06
6.145624411246430481e-07
-1.749574341257816646e-06
3.876460316853005515e-08
9.418255086507811319e-09
1.389750041990309150e-08
-2.479957267762879511e-09
4.550888245776419565e-10
-8.882902593265261514e-10
-6.547658946754503391e-04
2.631795575692748713e-04
2.422576429716579935e-04
5.332509697138854219e-05
3.242815224995421959e-06
2.408857037373387512e-07
-2.731918540761542725e-06
1.320809076117099992e-06
-6.681318389125092143e-07
1.024028326977067441e-06
2.054854766664735771e-07
-1.001515565898633781e-08
2.339129675724698173e-09
1.905277352406314563e-09
-6.842530682107726797e-10
-8.782430088847353621e-10
1.684004909429496783e-04
7.117255116082816792e-06
-3.244301819067694554e-05
-3.676967402658186260e-05
-4.362297084806909575e-06
5.816720285218196677e-07
-1.623499279256548099e-06
2.186050502069490356e-07
8.141177407300180135e-08
5.374809681109900062e-08
-2.346636210961337506e-08
-8.779185489442060190e-09
-1.218538277355303820e-09
4.781759626055387876e-10
8.024340347780147844e-10
-2.206670035916707965e-10
-5.102937673329621324e-05
-6.400214177359950772e-05
6.927093374845542198e-06
1.399521954628763781e-05
1.750195220984403070e-06
8.312911214055070356e-07
8.296170313623528763e-07
2.063986470987424993e-08
-3.020828903145292511e-08
-5.012646325292863752e-08
-7.053182336708548998e-08
-9.614661185791973503e-09
-1.257555943172883322e-09
4.486240027731359602e-10
-8.275959178263133708e-11
8.925911047209960911e-11
-1.957801065960836030e-04
-2.220132018858216353e-04
5.275280301105710951e-05
1.566185632650617344e-06
-1.264053990378492081e-06
-3.520883203717121689e-07
2.250834847515168203e-08
-9.542975979481645060e-08
3.856299298206873639e-09
-9.460904410673325300e-09
1.268374503820183714e-08
5.403736577220521623e-09
9.775551472576466552e-10
1.552427401824124828e-10
5.924096486926278112e-12
2.150119418633100960e-13
1.122777925279274086e-04
9.066087828194199544e-05
-3.925445459455354982e-05
-6.415337214502818144e-06
1.749757056441108323e-07
-3.517836507581136085e-08
-7.136435846579517486e-08
1.331281183908597244e-08
-9.048793014312586054e-09
6.238406036027519606e-09
-1.126172774179576818e-08
-5.872669654171286789e-10
-4.091153770793451727e-10
-2.229912842333379719e-10
-1.248711274175943665e-10
2.399505183094463714e-12
-6.654347023884322869e-05
-4.765660339025191289e-05
3.303060845930253523e-05
6.788676930535618603e-06
7.534165006998448678e-07
7.131322037151516425e-08
4.543060630515596585e-08
2.307685785828986245e-08
2.444942155563371271e-08
-9.523090729870470741e-09
9.463168359428409760e-09
2.764651425903994260e-09
1.771065492579302836e-10
1.448630929570326198e-10
2.919657628007250603e-11
1.874517727477424305e-11
-3.887008326733643840e-05
-3.730577083350962827e-05
2.592377606297909011e-05
-2.992445539968680169e-07
-7.198910477395822741e-07
-1.323584732092214740e-07
-3.774749196632408606e-08
-1.961764128645121883e-08
-1.173683182608461334e-08
-7.128433412263976021e-09
-3.712558203719741149e-09
-2.907123783586210394e-10
6.231345836975355486e-11
-2.317167136991735191e-11
-1.540160683671542286e-11
8.627104409523887548e-13
-7.313249315784968282e-06
1.023875648625441401e-05
7.650407770514829666e-06
-2.796500217356734358e-06
2.935343228052823392e-07
8.283679874710509326e-08
2.539579135702321345e-08
1.529793049332598430e-08
3.443624506839907198e-09
1.167116933403294187e-09
3.752768426889715587e-09
3.980247282056571660e-09
2.112520206557111610e-10
2.913242382210224390e-11
1.464504723383324093e-11
-2.897054780629950374e-12
8.902045216768907088e-02
3.773497245201375833e-02
-2.523358251913843803e-02
-1.750038023064633737e-03
-7.884635497071026619e-05
-2.028273110600951448e-07
6.261516009530053786e-06
2.368625896288366428e-06
2.423858192288761744e-06
3.347033470096676491e-06
3.183408738662278991e-06
1.362946552615622750e-07
-7.014995123570131425e-08
7.060520765888170843e-10
-8.130986568659260669e-09
3.296594519181479928e-09
-1.035157808332481367e-09
-1.383741059425200141e-02
-4.403503103875681078e-03
3.325359375108365764e-03
7.607181530784656648e-04
6.510378178971684303e-05
3.075102016520478990e-06
-1.677649926625664579e-06
-3.818666044619042625e-06
3.997403316353449702e-06
-7.974423720169795704e-07
1.252802267654723182e-06
-9.934037979403884694e-08
-3.768178524245494292e-08
5.671939224008938695e-09
-4.585093947510307488e-09
2.284743880029121336e-09
-2.589912712484203373e-09
1.464506563517079321e-03
8.060333366193477922e-04
-2.417944060686960932e-04
-2.479473158789647388e-04
-5.825646199553950727e-05
-5.155575411141306360e-06
-1.681335239423179918e-06
-3.551620388966908293e-06
-8.264170167205919316e-07
1.080998614844783155e-07
-9.405029935736299708e-07
-2.117257382251068428e-07
1.412195804646480181e-08
2.251105251686081772e-09
2.666975421295042751e-09
-8.903126343181918843e-10
-1.757909717115439742e-11
-1.191358799784184112e-04
-1.657333550235454134e-04
-3.061478963890530060e-06
3.096778953147337243e-05
3.614167840788470393e-05
4.702319030824895382e-06
2.930676907495511665e-06
-3.759923223456641662e-07
-1.696529692033953057e-07
-1.597726405370377103e-07
-4.369183532871560195e-08
2.497039421394792728e-08
1.568116884373718561e-08
9.973996244219345207e-10
2.170646700377462705e-09
-6.241928973288078643e-10
-1.202851168246114191e-10
-3.043126077903121957e-05
6.379110113356557875e-05
6.583254782625334411e-05
-6.833643826929029595e-06
-1.786003563024986791e-05
-4.088764587440390326e-06
8.940128547080634010e-07
4.573873811481819261e-07
1.319096881195614181e-08
1.072318781408295485e-07
4.758245331512891776e-08
6.723325863489447216e-08
8.373804917897943574e-09
-4.384544215224963450e-10
4.172288902375778352e-10
2.875149447407276582e-10
1.960940710065853683e-11
-1.342179580512988359e-04
1.667947510008840146e-04
2.194987657983095766e-04
-5.232470625559539740e-05
1.842873347811162745e-06
1.604143385575113944e-06
-5.549281193074263856e-07
-3.333756639991297190e-08
2.536009668453751562e-08
-3.735805080474082923e-08
6.567185129477980339e-09
-1.026321566993982964e-08
-5.333486791029671454e-09
-9.471384935679459580e-10
-5.897521141842844906e-10
-1.555634254541922179e-10
1.007499387331405078e-10
3.555043961694580280e-05
-1.063642227060212001e-04
-9.012522922309652666e-05
3.869198509089061342e-05
5.013641501556377230e-06
-5.428061532407274875e-08
6.773927665473356252e-08
8.518921931352393462e-08
2.607411013274709390e-08
1.418019816771655408e-08
-7.026152024625406714e-09
9.885019078683663122e-09
8.464860414474042331e-10
1.300282149076548741e-10
2.415435718458636243e-10
7.082376892320844738e-11
-3.682525379823840478e-12
-1.277168306413011826e-05
6.509975056550446385e-05
4.752264865609075108e-05
-3.278170176287165973e-05
-6.439754462483993709e-06
-7.819713627295437312e-07
-1.158193608624117125e-07
-8.227042715621231285e-08
-3.717044827767086514e-08
-2.683262782884424450e-08
8.916709457597014251e-09
-9.183556930120101921e-09
-2.550529615187098248e-09
-2.122719873183135019e-11
-1.510967501803560034e-10
-1.970489441161585680e-11
-2.214538348130533354e-11
-8.693975327834978049e-06
3.803664738270428789e-05
3.733641449601026493e-05
-2.587230259466993140e-05
2.565761359063607701e-07
7.342991671365529872e-07
1.486353085868400028e-07
7.315613350635705303e-08
3.922322310750997597e-08
1.649679140053478394e-08
8.275850814040730355e-09
3.005147498690657605e-09
-1.161771631239118660e-09
-3.023386276488758106e-10
3.775018724344915803e-11
1.622005272230687491e-11
-5.225038047788730748e-12
-4.349163654982185613e-07
6.781641055247923114e-06
-1.187307234489534128e-05
-8.511435791032915984e-06
2.931438115624921309e-06
-2.361878823625450229e-07
-1.271041311132856770e-07
-4.804307147044748709e-08
-2.367070089020759068e-08
-7.172417298537162829e-09
1.149688529201033127e-09
-3.477738245483559411e-09
-1.617093521016049740e-09
-2.378269402781762505e-10
-9.052092742554406130e-11
-2.922474560460051011e-11
3.333887606802784927e-12
-1.488167284332564400e-01
-4.150882585059860637e-03
-9.491615826130587238e-05
-1.333156086475094584e-06
7.415380679780046697e-09
4.532201522250230904e-07
-2.331586007757615917e-06
-1.826934190085338960e-06
-2.138620586027253368e-06
-1.377358727547583541e-06
-1.624263247191092790e-07
-2.511829916035964860e-08
2.692954714477570411e-09
-4.748030863365187760e-09
2.559126863092221474e-10
5.928399673345728752e-10
5.334109600478467023e-02
4.069741579573419622e-03
1.825075562309074362e-04
7.334978850331468779e-06
-1.487162214006484747e-06
-6.678480709332182865e-08
-4.441861866979058422e-06
7.253580068997385115e-06
-3.850120037789256344e-06
-1.389534864599249808e-06
-7.674468168736031241e-08
-1.592956687913887250e-08
5.322913263401065813e-09
-2.944208707460443387e-09
2.073779514057773721e-09
-1.032400220575345496e-09
-1.560115734615867902e-02
-2.930821180307975268e-03
-2.523431681206909590e-04
-1.003551601427620109e-05
-3.874543657025452700e-07
5.281816117268288263e-06
3.555380601442583735e-06
1.935503294718536591e-06
1.600216735340892625e-06
-1.041838386343120406e-07
1.151368377953034357e-08
4.168267326596606746e-09
-1.492679885972982428e-09
5.442368498713091462e-09
-8.194899086480597729e-10
1.982528252885687577e-11
1.446951397826576292e-03
9.520998678954092735e-04
1.737885039212100412e-04
1.290652564985634627e-05
-1.392539374377824664e-06
1.924793450488334757e-06
-3.856972507367829128e-06
-1.892804368475670911e-06
1.428177688021070261e-06
4.241739223241725903e-07
-1.909960726872756462e-08
-1.857287139237724716e-09
-8.038510179323736590e-09
4.409304275009461066e-09
-3.026289038317536724e-09
1.255125616759026865e-09
-6.890038863373365498e-05
-1.692886152372262594e-04
-1.017779131023510117e-04
-9.860916053912640309e-06
-8.590271293653078382e-07
1.516198854874119006e-06
1.186346905391280281e-06
6.966722418817756253e-07
-1.371791919179668132e-07
-2.443881659108269101e-07
6.049649380661542471e-09
2.703110057149567914e-09
1.042384466678232478e-10
-2.855873179668570528e-10
1.062419199272757375e-10
-9.672705011763658760e-11
1.025693290542957741e-04
5.741932531815198128e-05
4.819831577011871341e-05
7.446834916415315955e-06
-3.603002397301698918e-06
-2.463908394683964271e-06
-5.173512791173414771e-07
-1.308662011966518442e-07
-1.734009370342119405e-07
-1.740851696405052094e-08
-2.160068005537268440e-08
-4.458112647126158804e-10
1.119187820233679916e-09
-9.787141802035667013e-10
5.682018812358234088e-10
-2.706714611473207549e-10
3.886440003864821886e-04
1.713451709872888828e-04
1.268710473851835629e-06
-2.242435798765267969e-06
3.124016096461419098e-06
1.403261293828937424e-06
4.884289131970681587e-07
1.079595872885688050e-07
5.931340780260209590e-08
2.501088105626610231e-08
2.373201913344380369e-08
1.852607670572042375e-09
8.746255911774053770e-10
4.169597874217096400e-10
-1.013857525397790111e-10
7.445283296452513082e-11
-8.414186269644148466e-05
-1.333577166672197814e-04
-1.960993693801496370e-05
-1.572954667321523544e-06
-1.505515892818594317e-06
-7.776780811665005120e-07
-3.408764186329573296e-07
-1.249412814422510099e-07
-3.029965225441058906e-08
6.721045834016488687e-10
-1.209461012889784080e-08
-1.010989163942089084e-09
-9.729921538698228725e-10
-2.213022273639888866e-10
-4.672932797091319181e-11
-2.534968316468346206e-11
2.624302851636684217e-05
1.086154861836252628e-04
2.348343515264980636e-05
3.357492541647476203e-06
9.534067290823971466e-07
4.724987828108369047e-07
2.233905265830581926e-07
7.315379882080981596e-08
1.934132880377401803e-08
1.125480286002083458e-08
9.406107749102807239e-09
4.629567842768668908e-10
6.363046270800451092e-10
1.447379926369508240e-10
4.155299514604311689e-11
-2.418258179789086348e-13
4.036422284281624350e-05
9.460755646457744432e-05
-3.486939257559100210e-07
-2.758077364680985642e-06
-6.946150366012932323e-07
-2.948518452931627542e-07
-1.271962610414340626e-07
-4.733757566338693684e-08
-2.408970401083795953e-09
-1.083147528173348020e-08
-6.779214945906204285e-09
-1.835857600328038548e-11
-1.504376681898439969e-10
-4.830297071531896137e-11
-3.184116805911625798e-11
4.683841038731923717e-12
-7.952470458667735845e-07
-3.229869734299717072e-05
-1.072288532481171505e-05
7.955741524176252499e-07
3.996114199983887636e-07
1.192409053498944361e-07
5.757832875298752745e-08
2.488434994868405944e-08
6.092344306565099878e-09
1.992408323860559981e-09
7.032752612236563595e-09
5.050507769729319163e-10
8.280321516980831710e-11
8.209305974651715748e-12
9.086834444385085996e-12
3.731098705896509116e-12
-1.928415445798613292e-01
-9.506543097555002209e-02
-6.264090945799051860e-03
-2.741494829827409939e-04
-1.163902647317132646e-05
-1.355237532449906366e-06
1.442357250213145342e-06
-1.945952651256888959e-06
-1.052527623221850815e-07
3.201082943389817906e-06
1.444507845722337389e-07
-1.194340883132881430e-07
-2.742976973833334869e-08
8.131353071619562434e-09
-5.960509708823223368e-09
4.485018216690215469e-10
2.272121477269445969e-09
4.548233199550934421e-03
1.429580222828879220e-02
2.729615447990874771e-03
2.383592330923434946e-04
1.105141894617615288e-05
1.843884410653351268e-06
5.391003496182938479e-06
1.150154340777667281e-06
8.180376037129190164e-08
-2.504242994173990723e-06
-2.162413014719655328e-09
-8.600112037254380648e-08
-1.615512656138608939e-08
2.278290793394080046e-09
1.571359615839239749e-09
-1.454226574451637153e-09
-7.072246787513221929e-11
3.931072357284931106e-04
-1.342327180559469216e-03
-9.513415847908745495e-04
-1.715620398143839894e-04
-1.099891945964747984e-05
-1.660788340806527512e-06
3.266665365072113880e-06
-2.895349041123468139e-06
1.774787727540327173e-06
-1.694410282353827745e-06
-3.479823923769977067e-07
1.883442411361231871e-08
1.451173292807518041e-08
-2.358682654693048479e-09
2.416611066543620022e-09
3.957767185061082165e-10
-2.806306067712320211e-10
-1.718158689819875847e-05
6.671209905078852081e-05
1.714599901888126708e-04
1.029519602902415147e-04
1.034915199027818051e-05
-4.229543987602876459e-07
-4.080992254368787386e-07
3.837558808402746568e-07
-7.735418331431817170e-07
1.728203265628087651e-07
1.969801280184204739e-07
-1.632813381226340455e-08
-2.547932213071732858e-10
-4.319557395110022775e-10
4.468358580852649035e-11
3.543284989124765869e-10
1.949974084851016746e-10
8.607904974808575782e-06
-9.659035873687479574e-05
-5.525478263575458749e-05
-4.641634932182393293e-05
-5.620067768717404463e-06
-8.106984576028608121e-07
-1.152012930079345723e-07
3.549610002131534833e-07
2.895058142396900867e-08
2.152380899111231294e-07
4.203102613519063000e-08
3.314872867100717307e-08
-6.306480423975666630e-11
2.433363393076496111e-10
4.813146465636228879e-11
-2.893312631389567363e-11
-1.789897333114814915e-10
-3.813856364127881184e-05
-3.922106564021162964e-04
-1.730528528980004985e-04
-3.077319196089654121e-06
2.219536217661054234e-06
3.155176983167650930e-07
-4.227859742665815938e-07
-2.699241430339615393e-07
-6.308941941905196270e-08
-8.930096283248049227e-08
-4.082528084610063517e-08
-2.912231829477696807e-08
-1.976706027295467420e-09
-4.957850757435584251e-10
-9.686989221021550587e-11
-1.541756593631451224e-10
2.231519401343165361e-11
1.170403042071960606e-06
8.340839742958258240e-05
1.341188977787559518e-04
2.023677998743315601e-05
8.301443722827107174e-07
4.189237422461916781e-07
5.094858871286891869e-07
2.162089211925341411e-07
1.124361579432629200e-07
4.495632296162509564e-08
7.458326313311340614e-09
1.382109481410798614e-08
1.595306859814875342e-09
5.553401455773879825e-10
1.666110901357880592e-10
3.988546262934036962e-11
4.867392603378433389e-11
1.554486794931825666e-06
-2.581548340891675006e-05
-1.089616866220460335e-04
-2.347921002671792752e-05
-2.910158498476238039e-06
-6.011578038567610038e-07
-4.078750659200151212e-07
-1.790667573071313838e-07
-7.908161467670603901e-08
-2.855491908735502790e-08
-1.608044034616632852e-08
-1.022824698615760228e-08
-7.132764371302983910e-10
-4.757719651771977704e-10
-1.275689920323321039e-10
-1.753286201299243623e-11
-4.121721816203995398e-12
-3.371267388690639417e-06
-4.045741656661991896e-05
-9.436756607864028835e-05
2.638351260818524070e-07
2.460212869686081186e-06
6.022769752647273916e-07
2.816914179564538097e-07
1.344420634041468656e-07
5.946986781436234693e-08
1.111415973311005212e-08
1.708744359882463445e-08
5.464998670055115580e-09
-5.260066446656103472e-10
2.277878930072616776e-10
4.499532138042871947e-11
2.611914598662774404e-11
-1.046353571488934716e-11
-1.987492248595622789e-07
9.540345363852807881e-07
3.223626187487809997e-05
1.144118040127993951e-05
-6.865350792248861837e-07
-5.081989662348841611e-07
-1.761928776006078741e-07
-8.551626842009096880e-08
-4.413630816901026856e-08
-1.955903888704917474e-08
-7.098426801886143515e-09
-7.394915754091282282e-09
-4.060677497364054366e-10
-2.722941436205668362e-10
-5.397183885276845286e-11
-3.217630633827894701e-12
-9.934102539608559415e-12
