1.293668445287498581e-01
1.030708821410145637e+00
4.161380294337142793e-02
1.167462514573263310e-03
2.671063083798259344e-05
3.440824281803087224e-06
2.954988169073353736e-06
3.688119613586603131e-06
-4.944575608618762318e-06
1.658985711814629557e-06
4.184499738764965643e-06
9.488262907934847903e-07
1.345949993479272185e-07
6.482704879274505304e-09
-2.159310914671054779e-09
-2.075121200889419735e-10
-5.628145199586514299e-10
-5.226717512548353928e-02
1.428179684610693112e-01
-1.468074263867686149e-02
-1.145903733887609953e-03
-5.553601602852633695e-05
-2.832128613138139944e-06
-3.952942692739446372e-06
-7.657412482327318002e-06
-3.899044867270453893e-06
1.897651697331080897e-06
6.403882170994017851e-06
8.303923867490670614e-07
7.663141064817635706e-08
-2.926336703502358226e-09
1.255798770557431531e-10
-6.913047242656615582e-10
-7.481505035829967235e-10
1.566797715605467226e-02
-2.189468083259378094e-03
4.211163847778105936e-03
8.777650882529122170e-04
7.109928563346996553e-05
5.202840794286917947e-06
4.887992945956695305e-07
8.319917286457870415e-06
-3.597572403741728145e-06
-4.486593793235293356e-07
1.828144601089981182e-06
-4.930522208054355074e-08
-2.991842606061042235e-08
-6.951829683455094327e-09
1.200359574181487876e-09
-1.826867881280561807e-09
5.559694453930923603e-10
-1.683307460714724606e-03
-1.098952129477318235e-03
-5.841854689398222810e-04
-2.808749084601227966e-04
-5.895738320784652263e-05
-3.081521263466068236e-06
-1.755921852735217039e-06
3.993475184924753881e-06
5.675361302660175286e-07
2.450718077186838981e-07
-9.715706802004104196e-07
-1.776755961661032396e-07
8.482491449797582064e-09
-1.291638152549602597e-09
-4.559187318812486902e-10
1.376673592286425265e-09
-1.828662242896433683e-10
1.019515130102315991e-04
1.970421734735819093e-04
1.425954963458234365e-04
5.177065193929086259e-05
3.797211750035995486e-05
4.142550913774892921e-06
-8.374343422397270294e-07
-2.603025021948564802e-07
-4.407930077519479609e-08
3.758642329065176138e-07
-1.432359995431285861e-07
3.419044428374010138e-09
1.210181764407021057e-08
1.742237605249748941e-09
-2.204233447564231660e-09
6.317546280801863705e-11
6.355632467020965835e-10
3.563133950450969513e-05
-9.093155041461037467e-05
-1.490372324014336387e-06
-1.483453527848585162e-05
-1.611951548303858822e-05
-1.104218687514379894e-06
-2.576944866193643552e-07
-4.658346955133946937e-09
2.309853834001118810e-07
-1.023123822793144142e-07
1.497710084630526107e-07
8.606852498732180814e-08
1.179075128546247904e-08
5.110294642893549055e-10
-6.196825830104951877e-10
-1.547707919145450993e-10
1.137729189994707564e-10
1.394011282445962194e-04
-1.000136368908411381e-04
2.226623397253398094e-04
-5.214486681443195330e-05
-1.042483996657499523e-06
4.153369772063462832e-07
-1.710774356605508157e-07
-4.213983760991586398e-07
-1.973209318592614941e-07
-6.012948575018106367e-08
-5.320344741195245250e-08
-2.051817185782064678e-08
-7.310397580341108066e-09
-8.457539373301923461e-10
9.366197402715784371e-11
1.498918528588161303e-10
-1.465072914727621415e-10
-3.614449534911332208e-05
1.083612068367899794e-04
-6.096278969001112645e-05
4.353440273288846095e-05
7.446699442193460298e-06
6.628900792035745724e-07
5.186325254132838195e-07
3.251931419420562012e-07
1.667129890831069868e-07
3.971620340680581550e-08
2.725431734615389947e-08
1.629931311804615419e-08
1.688447769173046954e-09
6.646160061430685994e-10
4.066623113116251132e-10
8.508307859098610158e-11
3.416620842350817449e-11
1.282560296968170878e-05
-7.224404145442661033e-05
8.502010894166881587e-06
-4.077538983689951181e-05
-8.415019261237878398e-06
-1.528444819905055873e-06
-4.274140692902015647e-07
-2.255931933862456599e-07
-1.039749722402634306e-07
-4.088282020830487529e-08
-7.361894206703313894e-09
-1.325296858362516026e-08
-3.757087955933585806e-09
-4.531732429435267659e-10
-2.528454046925578153e-10
-7.900829731970568115e-11
-2.049816088121560241e-11
1.038876791136227654e-05
-3.778910109928251712e-05
4.054207112417413560e-05
-2.572534514005984441e-05
1.311661478467728095e-06
1.268697540223999340e-06
3.681609277707513936e-07
1.326737132701229414e-07
5.162693186236881378e-08
2.593710333081491379e-08
2.449901527805003432e-08
4.790330326363158950e-09
7.113242884979912400e-10
1.121971986250210529e-10
4.022070748357546536e-11
1.082118881081337104e-11
-4.651404020478841659e-12
7.802837216241498802e-07
-6.980769390540637695e-06
1.383808255458645823e-05
-9.582461488030719559e-06
2.656245586254785030e-06
-5.814140608105517942e-07
-1.923591657630717048e-07
-6.686958734502538465e-08
-2.214700901858784945e-08
-1.066100792389534324e-08
-7.858927183027381493e-09
-5.609428084895329583e-09
-4.744594789862859749e-09
-3.165879671952951308e-10
-4.876208404178466923e-11
1.973832672391435361e-13
7.748872740094915508e-12
2.728129701128212403e-02
-2.630615637415035027e-02
-1.793035380758681643e-03
-8.051272079457889429e-05
-5.101035817064621588e-06
-3.973902303448646848e-06
-2.466025208460014853e-06
7.159874097071557557e-06
3.267745640808596745e-06
3.300161545244421440e-06
1.261137561079175580e-07
-8.645055908163168796e-08
-1.355995774972223367e-08
-1.894881525897607644e-09
2.810374429334001910e-09
1.405199081370399947e-09
5.065098462172410668e-04
3.891641418562932515e-03
8.127267907199028007e-04
6.722045929808279910e-05
1.279571887783894031e-06
2.709965655283241810e-06
-1.679034536610618492e-06
-6.361738117157294125e-07
-8.234817378452523389e-07
1.367924123023735567e-06
-1.507435255001248206e-07
-3.362593252466049023e-08
-9.808228242511172036e-10
-9.714864994017790968e-10
5.747036860047261078e-10
-1.375731465170572527e-10
-9.501745248476417202e-04
-5.600961549711775452e-04
-2.866126243412294859e-04
-5.766771439302165625e-05
-2.070094872098351028e-06
3.237695900083716810e-06
-1.507970575468075162e-06
7.471741784644993700e-07
-4.694599767640012079e-07
-9.820115976861726155e-07
-2.222473407505237411e-07
2.188461929296659889e-08
6.933701480679774266e-09
1.453926150697734887e-09
-1.267807642687288355e-09
-1.316951604381227441e-09
1.885983405980007029e-04
1.483055256243835066e-04
5.087229207906472065e-05
3.746134120377306624e-05
1.968257133831829659e-06
-1.004032672862013337e-06
-2.203667862226704410e-06
-1.154136738951876789e-07
3.954329283923077249e-07
-1.067408262480099170e-07
1.998982715056836174e-08
1.492056980941300460e-08
5.272163873044331531e-10
9.149906844253764596e-10
-6.066763035703515893e-10
-1.326352097909541218e-10
-7.538364848509197997e-05
-8.335174216733263193e-07
-1.682677662489705987e-05
-1.480415344235011679e-05
-1.177303557017164937e-06
2.869357966007091988e-06
1.653654731672433143e-06
2.466974041153850633e-07
-8.906944840103238000e-08
1.199647636659284521e-07
8.064713150124588755e-08
9.662493426127718131e-09
-7.177808174535782609e-10
2.904806108257691756e-10
-2.699123347074683120e-10
4.070270015047126353e-10
-1.287367893951988751e-04
2.219189512722442837e-04
-5.108472531160320503e-05
-2.844968146737410091e-06
-6.101543694641201235e-07
-1.614490092208837683e-06
-5.850560811991409902e-07
-2.249598133643648085e-07
-5.695760448053618298e-08
-3.951675021864545059e-08
-1.671506160172321994e-08
-6.705914695716698218e-09
-1.581962918142804126e-09
-5.478595346796396747e-10
3.026374490656105918e-10
-1.607211205329628751e-10
1.132311164437846418e-04
-6.147951345597718381e-05
4.353629293796097531e-05
8.604341672907015912e-06
1.487606640303185390e-06
7.769176814483944698e-07
3.831091810996058743e-07
1.754789289519743831e-07
2.441882647570708293e-08
1.968221199173671241e-08
1.443851286897730054e-08
2.227644428511169256e-09
7.510839612444206635e-10
3.668879906139155649e-10
1.260476936650384038e-11
-1.079962834805285516e-11
-7.295064293994829488e-05
8.573094190065170311e-06
-4.089113864222817618e-05
-8.971690955708646736e-06
-1.829932283410857512e-06
-5.901784815079938788e-07
-2.782762171178764562e-07
-1.058944286724473859e-07
-3.648544087568476986e-08
-4.288217268730567627e-09
-1.228386964379219478e-08
-3.928379411885424712e-09
-4.726873052150906760e-10
-2.442003993241476528e-10
-6.936139697377386908e-11
-3.610095501079125330e-12
-3.899775172567224228e-05
4.042472525749128150e-05
-2.568656537122874687e-05
1.619166004920495926e-06
1.413647427948295200e-06
4.616998041353888352e-07
1.889753849020785742e-07
7.514031034888316589e-08
2.949329592867028334e-08
2.323070815905620179e-08
2.975473958004215143e-09
-7.295282949315053268e-10
-6.208539230909670713e-11
9.076863292705328726e-11
9.543976127947115756e-12
2.128630356833457007e-11
-7.822842847910042014e-06
1.430183305712823144e-05
-1.025580220323813037e-05
2.460316760889230220e-06
-6.684782849045105219e-07
-3.273996839053045739e-07
-1.230576573068129515e-07
-3.996651458834234900e-08
-1.770358655266461739e-08
-1.243842178265339462e-08
-5.256594408158414654e-09
-2.254610922182575496e-09
-5.355359335829068277e-10
-1.419838537726195516e-10
-2.594768618099260475e-11
4.593789430332169836e-12
-1.023356676370789975e+00
-4.146088238757301980e-02
-1.162249849686206558e-03
-2.322268379036789043e-05
2.930091466556859231e-06
5.276499446646302347e-06
7.802382037347635021e-06
4.812406990934049513e-06
-1.285573752041600006e-06
-4.162323952834919113e-06
-9.439916560712277380e-07
-1.262395224365244750e-07
-1.958286196766342180e-08
4.963619763090881163e-09
-4.467224627180290550e-09
3.844902925923549564e-09
-1.501072028801864466e-01
1.433380491257951750e-02
1.135682532239267253e-03
5.306703086793584408e-05
1.542173905867546737e-06
-2.467271220573539848e-06
-7.110612470862827435e-06
6.833672633100299331e-06
-8.442317336793799507e-07
-6.270408417897434444e-06
-8.022426861337210566e-07
-6.240364015878096996e-08
1.658529155437123925e-09
4.483714065199349113e-09
-1.665905427842046462e-09
2.000595528176248771e-09
7.701919921605349974e-03
-3.788365454471218606e-03
-8.552098963808457471e-04
-7.128348282073451248e-05
-2.138347675490836287e-06
-1.491032001788960935e-06
-1.020801070276004732e-06
-2.758670911928105847e-06
7.793760374930532254e-07
-1.883863259917371727e-06
2.221252959679662137e-08
8.703127784096901443e-09
1.205300505601490132e-08
-3.854029355828261219e-09
-7.569065843173727277e-10
-1.167177739800254038e-09
-6.978567000623061472e-04
2.873370653341262692e-04
2.592817993778658080e-04
5.696821539491716733e-05
3.407390874076315459e-06
7.427538217859229024e-07
-3.058718844136141698e-06
1.475434634000270996e-06
-6.630636154559867343e-07
1.078513483102396141e-06
2.109722982347904793e-07
-8.594125246254309581e-09
1.197609930645736955e-09
1.541681863763516079e-09
-1.313012067496424466e-09
-8.210959194028808667e-10
1.580932099057005065e-04
1.956182428023197229e-05
-3.501285974999544267e-05
-3.931172611384171211e-05
-4.610791225909193949e-06
1.042968220156136471e-06
-1.712841898925091566e-06
2.147069619599339512e-07
6.249963670208982101e-08
5.461371905915927082e-08
-1.233899166714958028e-08
-1.265979738448639352e-08
-1.864920937735214077e-09
8.960657482379915353e-10
9.799085473000731059e-10
-2.509673883658747851e-10
-4.370519203091742869e-05
-6.839383337582075235e-05
5.616193917934565723e-06
1.658700260348096393e-05
1.886553961491619230e-06
7.583609782627418083e-07
9.228741696089824770e-07
3.375525723775070611e-08
-3.541763603982391875e-08
-6.309903178527554483e-08
-8.187238421551213810e-08
-9.126126453192902177e-09
-1.085023704953256132e-09
4.460065118186044058e-10
-4.083373221751563225e-11
1.143430097744814444e-11
-2.053963744863287436e-04
-2.286822082049554637e-04
5.532927273516144586e-05
1.168702547343888340e-06
-1.469010085844677442e-06
-3.970064955736561048e-07
5.518992125208547328e-08
-9.364662340142368416e-08
4.815117418878660209e-09
-6.076773025552862322e-09
1.764783447882668313e-08
5.464862448362492210e-09
1.031866417905462730e-09
3.153021496989046542e-11
-1.319777826952467704e-10
7.838072695867209655e-12
1.195542818363789969e-04
9.607916929007131351e-05
-4.176951655503012692e-05
-6.985618219309774135e-06
2.795853194756556836e-07
8.543430631668221722e-09
-8.706891752295415827e-08
5.815200437353636722e-11
-9.290916242055473726e-09
7.104894063040097769e-09
-1.348220900064212543e-08
-4.160964086612862681e-10
-6.289891700609861038e-10
-2.737864925232996422e-10
-1.257063467167419150e-10
2.539249438590337005e-11
-7.142598325796009314e-05
-5.009966704553634945e-05
3.553705135047039354e-05
7.491699792483297389e-06
8.319943274783928799e-07
5.193963017624919463e-08
4.593720253645413716e-08
3.027559001474950474e-08
2.928446167619031345e-08
-1.103322120537998069e-08
1.083013101958663810e-08
2.844901792307923948e-09
2.932831822561028037e-10
1.923724849493721104e-10
4.511950361636633005e-11
2.758958571286811771e-11
-4.469271061564855782e-05
-4.278483978778657460e-05
2.975283400272207300e-05
-3.106852035430408702e-07
-8.231238180703268238e-07
-1.452942279358183917e-07
-3.444751763477785287e-08
-2.394679165645090355e-08
-1.509698877796120776e-08
-9.018940790286876870e-09
-4.225313621899862803e-09
-1.888737602503456586e-10
-1.582734339656183937e-12
-2.490228761504426170e-11
-8.795639354283211792e-12
-6.912645998250286163e-12
-8.512701245381716248e-06
1.195544637406388302e-05
8.715971440756133411e-06
-3.258281330684628393e-06
3.573428269447546386e-07
9.541879939291632424e-08
2.697481604001625436e-08
1.711593419076293505e-08
4.119133852407613407e-09
1.707433746826641028e-09
4.764726666323125308e-09
4.633698295277983339e-09
2.577271523995435989e-10
3.141552881944588251e-11
5.077823560140976518e-12
-3.300261853595727236e-12
9.101535274659661168e-02
3.860746862438873411e-02
-2.580732243999396894e-02
-1.775429640187436943e-03
-7.887930019581125812e-05
-7.867103650597567274e-07
5.853628406637211956e-06
2.302617130553751045e-06
2.713433213323391912e-06
3.650970880709243237e-06
3.321111309629687365e-06
1.479485650195284841e-07
-8.017128447019862481e-08
-3.563950638602880199e-09
-8.516211580116547999e-09
3.097351545095840472e-09
-1.083987945100976567e-09
-1.450538311779808048e-02
-4.601033526548799386e-03
3.488281012978185994e-03
7.911106494537049330e-04
6.666260989608620985e-05
3.331018652309068624e-06
-1.985426573586668381e-06
-3.552966454028275845e-06
4.408997897079506690e-06
-1.091300749634473313e-06
1.396259084028658403e-06
-1.339370399557229174e-07
-3.565452882034914532e-08
6.852496649382184830e-09
-4.757447024896911612e-09
1.681349863309736146e-09
-2.678365622640753897e-09
1.576085037552072852e-03
8.592641820697120543e-04
-2.641127464855390133e-04
-2.660804663678608068e-04
-6.053966863427116433e-05
-5.086179880791499318e-06
-1.956086088097062496e-06
-3.676256425095611882e-06
-8.292015376642846398e-07
-1.255188588724915696e-08
-1.002932363856859737e-06
-2.262221735699059134e-07
1.687726534343941605e-08
3.576424618519513635e-09
2.576560099125107686e-09
-1.339544434221723045e-09
-1.294857829541978581e-10
-1.095724896888483770e-04
-1.639028818465986502e-04
-1.578739034577169683e-05
3.335642044791321061e-05
3.854375497208019358e-05
6.006931227997240602e-06
3.308469236476370019e-06
1.025499180670824133e-09
-2.288662841276662656e-07
-1.391790909574154361e-07
-6.475593389518774584e-08
1.824392918082810908e-08
1.955556740282624880e-08
7.513979925014735309e-10
1.761479479495072783e-09
-8.052219098292555137e-10
-1.470882053251058370e-10
-3.375312320663423978e-05
5.925725506758331167e-05
6.986924427639200623e-05
-5.365211397869404408e-06
-1.978345227088548343e-05
-4.534593412689351826e-06
9.836851572990774313e-07
5.086852912870617972e-07
-6.726756290493469079e-11
1.244583928884622628e-07
5.997387017772778469e-08
7.797782062468157814e-08
7.823827821750792770e-09
-9.754786376450490218e-10
1.891609421479156458e-10
3.383143215798286381e-10
4.960609195626284759e-11
-1.385088165700541914e-04
1.745900629600827248e-04
2.264904127492553283e-04
-5.478326093810426790e-05
2.147051275411289253e-06
1.858459954520390651e-06
-5.966084685780593766e-07
-1.058143243205260762e-07
1.873526751004467545e-08
-4.439139496849985098e-08
5.977926513711998040e-09
-1.502944218636621438e-08
-5.509463548110080496e-09
-1.126602372002233508e-09
-5.875301873967501730e-10
-1.119701084353524587e-10
1.261186727792126243e-10
3.797318912001598393e-05
-1.132016382176788085e-04
-9.576324629452021746e-05
4.108022415593672505e-05
5.538976710809374963e-06
-1.469565364961102359e-07
4.874355678738083095e-08
1.073982867846492471e-07
4.449405264973090722e-08
1.482880572191137178e-08
-8.502029791667902533e-09
1.235622312039772622e-08
7.401815846580654040e-10
3.475292698823155080e-10
3.271782439257546938e-10
5.670654712965043535e-11
-2.240402454537668388e-11
-1.365616751415013522e-05
7.004166415795077931e-05
5.006648512998406820e-05
-3.519355224947398814e-05
-7.118396024570527809e-06
-8.605923119981851538e-07
-1.047035435345610692e-07
-8.974198537504657066e-08
-4.735187210249558408e-08
-3.129420374893520028e-08
9.989233340331046198e-09
-1.059233558722202087e-08
-2.605932341580795914e-09
-1.693235933280940971e-10
-1.993617400850266124e-10
-2.601399376958307696e-11
-3.049442303924788814e-11
-9.914078248473945801e-06
4.369256940626146815e-05
4.278194400654603138e-05
-2.970613389417006006e-05
2.788606122541919340e-07
8.390019126289035232e-07
1.724789474384358854e-07
7.802686383639353233e-08
4.600950115984875849e-08
1.988324596220118031e-08
1.056363286293943984e-08
3.156999929307695792e-09
-1.602208976151173895e-09
-2.482580666044160001e-10
3.613076305046225984e-11
1.737334813870214366e-11
-4.850473143310878800e-13
-4.885835033275513992e-07
7.950428038096469852e-06
-1.388298329658741679e-05
-9.722555634148144038e-06
3.417763042827325558e-06
-2.959487010962040427e-07
-1.530939678097737086e-07
-5.291298903506497219e-08
-2.557984993286981982e-08
-7.726549279038146999e-09
1.229244328035225231e-09
-4.349788845787213576e-09
-1.684711822749087728e-09
-3.701205857807491866e-10
-1.031468206185833690e-10
-2.583256867311636444e-11
4.627117208691570577e-12
-1.482432930240211721e-01
-4.085613018277573991e-03
-9.117008372359931151e-05
-1.017169983238477507e-06
3.727236825520094998e-07
4.327570279447480781e-07
-2.795976589151119242e-06
-1.853284981883084521e-06
-2.294022534214532036e-06
-1.454583390615569661e-06
-1.421013013827239655e-07
-1.972434775297814400e-08
2.574714411940316005e-09
-5.471430976934056939e-09
6.631011527487438919e-10
6.253914559512222566e-10
5.451837266869920262e-02
4.132166328227375451e-03
1.824324366750274407e-04
7.507936651384838206e-06
-1.007203477449967916e-06
-6.243310999105671374e-07
-4.571919881437378828e-06
7.644394565167490289e-06
-4.162681859705542363e-06
-1.403883726258820934e-06
-9.090260843553638488e-08
-1.539969767912459195e-08
6.541348517593997518e-09
-2.932849433965456712e-09
1.971383694043383291e-09
-1.105150554376324166e-09
-1.634626780253332565e-02
-3.050079703743984773e-03
-2.599546821776091182e-04
-1.069484512416551730e-05
-3.481758258553485683e-07
5.224289847517650016e-06
4.027844809085796836e-06
2.546872215063831797e-06
1.406805771297225867e-06
-4.492956549315624985e-08
-1.635298439007807616e-09
-5.081228459738872320e-09
-9.147970425469300848e-10
6.282988973397244213e-09
-1.238089800739428899e-09
-1.106379559169347214e-11
1.561197951450604346e-03
1.017971414230725352e-03
1.827234841217374956e-04
1.262010847111234919e-05
-1.065118126383887696e-06
1.636154143764654854e-06
-3.963241486279621195e-06
-2.247932035267957982e-06
1.678139929198967375e-06
4.015992132617640446e-07
-1.831554577189888209e-08
4.098889987734615092e-10
-8.242747057935677341e-09
4.523199684477759930e-09
-3.201979198483517679e-09
1.417644304704375704e-09
-2.751352143363265337e-05
-1.836752557500370394e-04
-1.096783881496173220e-04
-1.202750279464786269e-05
-1.398677848243652155e-06
1.121611531253497682e-06
1.170684083894184769e-06
7.042151097711041014e-07
-1.689618397698753391e-07
-2.365818919777007980e-07
6.598937138565199022e-09
4.140431155882946045e-09
4.170105813631997904e-10
-4.199183745786563050e-10
-1.564629117472970944e-10
-5.803622868738573945e-11
8.282601792846865584e-05
5.481393113924854914e-05
5.402707542699277960e-05
8.856562563567220566e-06
-3.565568414465062793e-06
-2.474460973047781525e-06
-4.472799954633762037e-07
-8.023217058950516070e-08
-1.885801304539196958e-07
-3.802593115749931164e-08
-2.079559057041841153e-08
-6.961349226040863199e-10
1.022147501863631779e-09
-1.335131060447964507e-09
7.191085094345517327e-10
-3.730844373914964816e-10
4.055557850875569654e-04
1.788966086499701080e-04
3.702899758200381439e-07
-2.764965308729727926e-06
3.252881969724425290e-06
1.617968261589623413e-06
5.150936642718892566e-07
1.012468989881610048e-07
6.289219319307813311e-08
3.981844410984541853e-08
2.407688156239146891e-08
1.929278462550411599e-09
8.255398981059215170e-10
4.784533116708268731e-10
-1.007913653604223431e-10
1.041418516617438219e-10
-8.910976869284962458e-05
-1.410691631605420304e-04
-2.119518949402367897e-05
-1.585412040793669814e-06
-1.595068893668200902e-06
-8.941412943902135935e-07
-4.008577396806509617e-07
-1.378775103655545466e-07
-3.068458040198977144e-08
-6.847525668055712151e-09
-1.252446294802172612e-08
-1.261602245379721643e-09
-1.164353149168674993e-09
-1.531910829614287503e-10
-5.484337986451245655e-11
-1.814550514442223866e-11
2.657995178230998637e-05
1.161095587450279023e-04
2.570238942295323704e-05
3.738468325225547989e-06
1.030452644461669671e-06
5.272240804763880674e-07
2.614385338560783751e-07
8.384014872524534161e-08
2.042577414256698516e-08
1.579175494168499241e-08
1.023102342796049467e-08
6.313136505691684933e-10
8.710596957043730101e-10
1.352879757322592393e-10
3.659002626630256705e-11
-8.372955115008803563e-12
4.606686462939255371e-05
1.086526190221325059e-04
-1.917407793987618450e-07
-3.147354213823336313e-06
-7.939776148384830433e-07
-3.275096502051063813e-07
-1.511015893846719563e-07
-5.728534459461142167e-08
-2.969146366707375301e-09
-1.335015577122064656e-08
-7.299373299609788724e-09
-1.584522646885722784e-10
-2.209079725828574207e-10
-6.115753134517953732e-11
-3.676450100413341312e-11
1.355082312490919229e-12
-8.821417212076073842e-07
-3.772087508217334783e-05
-1.254575687166134231e-05
9.327554252855804106e-07
4.700392768674900235e-07
1.353199493473850170e-07
6.941284211302337496e-08
3.187633703700437328e-08
8.164222767630435146e-09
2.351911637511687135e-09
8.037951521601798538e-09
6.398382625370467307e-10
9.836914215312466452e-11
5.241211969994568119e-12
1.169005720792840295e-11
9.008635858768704889e-12
-1.975409667752752729e-01
-9.719527972266539528e-02
-6.362961814915939728e-03
-2.749493366109550651e-04
-1.079471915070559663e-05
5.293390062997468362e-08
2.712826748457330594e-06
-2.196353352579037685e-06
-6.430889654784387526e-07
3.356178380955458750e-06
2.618014304336592971e-07
-1.569419482587506718e-07
-2.220294506440649540e-08
9.614375235151319474e-09
-4.364432289486496263e-09
7.891646304570309005e-11
2.529730692007223325e-09
4.778922877244166749e-03
1.497977393705929826e-02
2.841634612769379509e-03
2.441954884232048779e-04
1.123298823146061063e-05
1.960657824210974337e-06
6.565663659916594763e-06
5.568198869989075851e-07
-1.403366979679442607e-07
-2.462851527323303782e-06
-2.678811842763964402e-08
-1.031986176861484193e-07
-8.339829560652010063e-09
2.365668071610147641e-09
1.715041761065152086e-09
-2.003434846293053647e-09
7.507219165469316023e-11
4.238293730014500095e-04
-1.448243578319198619e-03
-1.015883233374982077e-03
-1.819873726516612288e-04
-1.167215813041878090e-05
-1.897466649841789049e-06
2.795746108114737965e-06
-2.706968517113905728e-06
2.158912402778377200e-06
-1.927566073221611814e-06
-3.656833151623922409e-07
2.669020175221378023e-08
1.346314366861374570e-08
-3.681510589330436978e-09
2.152935939070193074e-09
4.065666595888884267e-10
-4.431250614743223312e-10
-3.954126290460034524e-05
2.145053833250693185e-05
1.859435659107743692e-04
1.101070001190014287e-04
1.206963812965649983e-05
-1.204808966075447138e-06
-1.707115984228285749e-07
6.989008238101856500e-07
-8.419794044733852024e-07
2.206144167811667319e-07
1.799677704494343319e-07
-1.545604566702948993e-08
2.968990945579056877e-11
-1.257743100651364198e-09
-1.131152817688081077e-10
5.477309952467369302e-10
2.187915428754798691e-10
1.144781868848083597e-05
-7.595960032502373693e-05
-5.239431975675450819e-05
-5.243079184302426040e-05
-6.549461729347648702e-06
-4.616852436915141008e-07
-1.755013438873728429e-07
1.957457059082419831e-07
-2.274404710623757230e-08
2.234282763683032423e-07
6.759726858918883806e-08
3.206219882694295670e-08
5.520869770636254756e-11
9.431893694509166954e-10
1.561558405182884268e-10
-6.954957733207932416e-11
-1.470250502504178740e-10
-3.908990042847072859e-05
-4.096157966382772101e-04
-1.809633012577796767e-04
-2.106663016782539621e-06
2.800045587451231989e-06
3.711453891531571498e-07
-4.873152330038822345e-07
-2.676483178369928811e-07
-4.694416106421799651e-08
-9.789900814044634563e-08
-5.751624187542137995e-08
-2.946196441914658878e-08
-2.251777722076323458e-09
-5.579570973008081357e-10
-6.631659515678475914e-11
-2.238659043158921195e-10
-9.950625146927837480e-12
9.470228179617464808e-07
8.861234573361420738e-05
1.419405677051039413e-04
2.180084126034753496e-05
6.554410650487590249e-07
3.471694805029929109e-07
5.660019982205113769e-07
2.613724732508994586e-07
1.227904313172534952e-07
4.907292678835335182e-08
1.553234974094937805e-08
1.450447865588780535e-08
1.920757147144329556e-09
6.385633730738954224e-10
9.261897880090687847e-11
4.885680827920173493e-11
6.266029768684665915e-11
1.925591831833293594e-06
-2.624681073410428688e-05
-1.165041709071173103e-04
-2.568183765861341568e-05
-3.170398796815752908e-06
-6.164370439025050820e-07
-4.438085856348106461e-07
-2.112794716196481537e-07
-9.113891781992683056e-08
-3.132957638706183702e-08
-2.090174108195589140e-08
-1.119771883424062375e-08
-9.032500240867100574e-10
-6.666133957483094202e-10
-1.365317277246320991e-10
-1.113349199110844576e-11
-2.642835162460482042e-12
-3.742534181320191969e-06
-4.610710923780275407e-05
-1.083816288666786525e-04
8.805235387300235202e-08
2.774449421301769129e-06
6.848402684222937313e-07
3.138484688086396132e-07
1.599916213000554617e-07
7.239500450281520386e-08
1.346076371611837989e-08
2.089729174107352142e-08
5.526785000281427273e-09
-4.198791892478029088e-10
3.232842089203289495e-10
6.752272988060254248e-11
3.256807556399256721e-11
-9.133532899721812674e-12
-2.549217814521355043e-07
1.092479890080289006e-06
3.764224109993702204e-05
1.340803757130251381e-05
-7.883373959456789904e-07
-6.001476566749676847e-07
-2.054079106500218451e-07
-1.031407684910028467e-07
-5.689097900497535203e-08
-2.634462582593074089e-08
-9.404315127534268961e-09
-7.983722154905456148e-09
-6.699918156268189589e-10
-3.425858462831758179e-10
-4.029084670267261878e-11
-3.252587846167331281e-12
-1.536168914552571551e-11
