1.353377155872368398e-01
1.027379954307354071e+00
4.331826346025497571e-02
1.366202764723648076e-03
4.119838404115890777e-05
4.193470411807905198e-06
3.701543580509782286e-06
3.216990480730709122e-06
-3.253429202105627444e-06
9.911395077531029010e-07
2.842754920971807751e-06
7.783959145566717832e-07
1.118117838969947515e-07
8.249021954855050080e-09
-1.153722061690795530e-09
2.314132917800803526e-10
-4.856550221289322174e-10
-3.776965521993783104e-02
1.004154818353313605e-01
-1.060377574064936060e-02
-9.104057893736244985e-04
-4.940127920843094235e-05
-3.334126017171307982e-06
-2.886004192500063630e-06
-4.931597961212950909e-06
-1.096856949506098414e-06
6.410855976985195319e-07
3.462611420755675385e-06
5.473965327622057320e-07
5.374234861456693616e-08
-2.446629454019550275e-09
-6.146684848092541991e-10
1.440186096923164156e-10
-3.261056862116872832e-10
7.980953439742441077e-03
-1.002215081145614844e-03
2.171397635332231093e-03
4.791981033120132024e-04
4.584687857860114159e-05
2.414751759940597658e-06
-9.171434480047516294e-09
3.604443435024485891e-06
-5.346699550191723838e-07
-1.805382731615938845e-07
8.682919534377997177e-07
-1.184775584107318962e-08
-1.361643589430474827e-08
-4.258317475876937859e-09
-3.504777875440634267e-10
-1.262323854572268988e-09
3.021353641267858909e-10
-5.425656654460296125e-04
-4.338491072161439351e-04
-1.844878839376272201e-04
-1.013918670235353428e-04
-2.343756262073659616e-05
-8.117767508182061364e-07
-2.485897223560751564e-07
7.458236117890464618e-07
1.096127934278992409e-07
1.558959450231183027e-07
-2.411240100241647041e-07
-2.804946058446811217e-08
5.262383087163613491e-09
-2.065907658317735876e-10
-2.827575333881804088e-10
1.270442231607718285e-10
1.200707458698495958e-11
1.700909752236266727e-04
-8.322043539682247022e-05
1.374242306782482088e-04
2.045527434177833904e-05
1.003535200329392058e-05
9.417114680027582682e-07
-2.249175203651176368e-07
-6.585097380041566167e-08
-6.742912002247200877e-08
6.158678718422426862e-08
-7.211230305535512985e-08
-9.563511620593068618e-09
1.231063495245704120e-09
1.130722382792049572e-10
-2.805582308218531923e-10
6.064350475011505460e-11
8.805001700272175940e-11
1.241620627919791203e-05
-4.893583008934368885e-05
1.196213589381384945e-05
-8.292662156961087385e-06
-2.771390885399322801e-06
-1.588452644708374668e-08
9.007724060407790823e-08
8.062901370690960472e-08
6.700691668396557763e-08
-4.431940496718571671e-09
3.860358456240148071e-08
2.381360540018604679e-08
3.413162329231690315e-09
4.981269422228946941e-10
6.605396521110826697e-12
-1.939789392166212882e-12
2.408374615702616749e-11
3.443442065441369590e-05
-1.987077025003481290e-05
5.309759807781360921e-05
-1.248335886865966679e-05
-8.974889542898006124e-07
-1.662825330503063000e-07
-1.360222782282305672e-07
-1.117735988673865168e-07
-5.059422758269644968e-08
-1.727516734392168537e-08
-9.704409092391951841e-09
-1.380816681192303399e-09
-1.287646513325581796e-09
-2.991677945838124625e-10
-4.073602293379387705e-11
1.618372688624570860e-12
-1.635270883032097765e-11
-6.625349517719560272e-06
1.814970576135401667e-05
-1.087353900411086961e-05
7.991473308974617927e-06
1.489834086240584349e-06
2.350979622404098936e-07
1.193576409010424085e-07
6.068675542917067403e-08
3.132663806994092356e-08
9.353588404403042763e-09
4.575712537650948771e-09
2.566078422681543653e-09
3.507487953587558956e-10
1.377564425779541432e-10
4.835474618444230904e-11
1.100744652449486843e-11
1.926057849583059718e-12
2.378119220939449316e-06
-1.020309243892864338e-05
3.349199640730821315e-06
-6.190859323450587887e-06
-1.213227979868008705e-06
-2.312503586067082706e-07
-6.798913635682964037e-08
-3.220224045812998186e-08
-1.460122436891456904e-08
-5.510765792127286488e-09
-2.242591621487043253e-09
-1.807981854337991110e-09
-5.403582645542820074e-10
-7.051966341342236130e-11
-2.292929665702827390e-11
-4.017997741522818376e-12
-5.843858884888689221e-13
8.348057792826390490e-07
-2.839168057313707041e-06
3.464470619500777599e-06
-1.936644067841429499e-06
1.735345449069281677e-07
1.289601360870174169e-07
3.989816586339341574e-08
1.506152020357384911e-08
5.966224490458877664e-09
2.727901681904456489e-09
1.861864701380607113e-09
5.018656616751886474e-10
4.326751599201782696e-11
1.757198969077564568e-11
3.590088003069509491e-12
9.286279435703659733e-13
-1.438477208797984877e-14
3.916862730407662418e-08
-4.200108912011771175e-07
8.483467264432588842e-07
-7.309824315445554459e-07
1.613645929003630598e-07
-3.978600461685173490e-08
-1.601098267421324627e-08
-5.376210171855902251e-09
-1.923723215446408286e-09
-7.483547925695055086e-10
-3.925071188252499995e-10
-1.722562845428363289e-10
-2.231058717831428805e-10
-1.928783895896382685e-11
-4.269245378804957273e-12
-5.356463032618429880e-13
4.126414618561888632e-14
1.896813272241705886e-02
-1.905060532139404850e-02
-1.408106097812242144e-03
-7.226509724552611206e-05
-3.076132206921643221e-06
-4.249329256180402932e-07
-1.850560843985637564e-07
2.909358939959500992e-06
1.369067796039724166e-06
1.447749841877660159e-06
9.123498787632631304e-08
-5.752758220019277265e-08
-4.998674629965056390e-09
5.762115018672609516e-10
1.365116339851747488e-09
-1.971026393322253071e-10
3.734301147891338265e-04
2.001111466707609053e-03
4.467091760343502860e-04
4.342047459334839995e-05
4.046773720310458659e-07
-4.867535989124252306e-07
-1.285492854541717521e-06
-7.467141885431941747e-07
-1.283856272214584242e-07
6.344824623811610527e-07
-3.686987285417801841e-08
-1.410336927719008356e-08
-2.149510536482535349e-10
-9.456502741969809418e-10
4.991740517285220952e-10
-3.193401493243761965e-10
-3.524256823561005658e-04
-1.740408256959754944e-04
-1.033896221488275822e-04
-2.350945966770599634e-05
3.815083496718064733e-07
2.004878289428792619e-06
7.283669492792512516e-07
4.937572036265910485e-07
-4.146674641126210563e-08
-2.516266514861062380e-07
-5.248348295171085612e-08
6.743909467822041353e-09
1.478512854259106418e-09
1.410982151139538678e-10
-1.520932676081298421e-10
-2.475812963823668858e-10
-1.847877303328793690e-05
1.438144351383556887e-04
2.084467413616168405e-05
9.773487281491679359e-06
-3.625072697599533822e-07
-1.043504501968381603e-06
-8.573346561230702509e-07
-9.825294516150173264e-08
3.378594813323826826e-08
-5.550253460894063588e-08
-8.858786466636929677e-10
3.468668019342303366e-09
1.685126116714533898e-11
-9.238752153490888399e-12
-1.485663474030278836e-10
-5.575692161367491433e-11
-4.189432158993769932e-05
1.319901463805173351e-05
-8.582303955366671274e-06
-2.276878662051130357e-06
3.923422122240822569e-07
8.954748710005452229e-07
4.289095288464480998e-07
9.702916217346391055e-08
-6.216482705577415884e-09
2.812937066500835824e-08
2.052494778025856050e-08
2.460776343816346325e-09
2.953639970397036373e-10
9.448817378826033026e-11
-3.839486655121164106e-11
4.071517353233483111e-11
-2.706823461562514777e-05
5.264834994243188567e-05
-1.241754434022519432e-05
-1.246161426151769743e-06
-4.506919149014636839e-07
-3.947008992457712544e-07
-1.618309657072522025e-07
-6.556748326489728471e-08
-1.704556842143226354e-08
-6.226212091098224283e-09
1.120336255191870768e-10
-9.070720324303573463e-10
-3.005189516777626699e-10
-1.076052477709810893e-10
1.684403838334382179e-11
-1.848373304265557177e-11
1.926871463507105558e-05
-1.082755551697284729e-05
8.033292803232507223e-06
1.642983235554013170e-06
3.697358062299986750e-07
1.706897251045205935e-07
8.252016003890266003e-08
3.487654706641756045e-08
7.176525159147312631e-09
2.873681264195581016e-09
1.885745652753348306e-09
2.008897310325936532e-10
1.142796429144758570e-10
5.408466381517595924e-11
7.302326401623759165e-12
2.001492650384219439e-12
-1.055316870657230439e-05
3.311034475130974538e-06
-6.220632620649025819e-06
-1.271678888565100260e-06
-2.724078582279852714e-07
-9.253780824427990423e-08
-3.995477669092514979e-08
-1.542164154297674834e-08
-4.598760898635990985e-09
-1.588247514163258590e-09
-1.509316604210996036e-09
-4.681143907529396668e-10
-6.114488578075980923e-11
-2.579953720488377303e-11
-6.313276295724683702e-12
-9.980789895975738721e-13
-2.948232375233455214e-06
3.465554849451080958e-06
-1.926805671492615568e-06
1.940025567637785794e-07
1.434269596683347121e-07
4.681685001408450365e-08
1.848459060255065934e-08
7.078832152398667760e-09
2.578580419689710709e-09
1.619813475621693113e-09
3.647644601711372630e-10
-2.102825565376769482e-11
8.198809203921730151e-12
4.919718047738098494e-12
1.175866813327557342e-12
8.151419776140416187e-13
-4.723283488523938033e-07
8.612733219856595361e-07
-7.628661500769959945e-07
1.501146860222593545e-07
-4.481936991549960739e-08
-2.263623244198791914e-08
-8.417356188093386492e-09
-2.754520542338717569e-09
-1.052363832038627745e-09
-5.858498040285260617e-10
-1.467409039903753210e-10
-1.098349902022671619e-10
-2.324333919751760567e-11
-6.048132340454883155e-12
-9.015460696224966029e-13
3.386750462902757439e-13
-1.018782558852534992e+00
-4.307365297953562322e-02
-1.358102245532145100e-03
-3.782645809764776697e-05
1.963559824425973384e-06
5.105322331680156303e-06
4.932163508646775884e-06
3.397312708293762886e-06
-9.365281883594435404e-07
-2.819085863709317144e-06
-7.811292834844862761e-07
-1.124886351464150399e-07
-1.516158269058906165e-08
1.844990331005951793e-09
-2.283476023232121090e-09
1.363788303185168114e-09
-1.061504769724601616e-01
1.029764490469404180e-02
8.985966414331663342e-04
4.837352168599088037e-05
1.676248175534093120e-06
-1.301585632066217999e-06
-4.450707495520281716e-06
3.159387738403035187e-06
4.232426830308935432e-08
-3.322734614327307888e-06
-5.179379271317879392e-07
-4.659026620992093737e-08
2.069746128505357156e-09
2.656132117167831543e-09
-4.256437067911289247e-10
5.549563282852825107e-10
3.992871923921864630e-03
-1.913229434542243132e-03
-4.676124934364779919e-04
-4.844440244293144322e-05
-2.027913374585149963e-06
-4.618189937132606918e-08
3.660637748802277604e-07
-1.670861662073370008e-06
3.756068559974712262e-07
-9.159715102805200412e-07
-1.367674893488613720e-08
2.054921810152729978e-09
5.314488320655626952e-09
-9.322547349161543481e-10
5.393788932494579272e-10
-3.893534244861374232e-10
-2.207265618266057738e-04
6.151544745567813759e-05
9.462740843880293473e-05
2.457648720303751291e-05
4.130318955949734438e-07
-2.076735092695494713e-07
-2.216212671708470340e-07
5.278091466839562203e-07
-2.450862697772182664e-07
3.048052695929287062e-07
4.624384977463458143e-08
-4.398843977127308054e-09
9.819430741122504525e-12
2.829510905523409280e-11
-6.518997193582260400e-11
-2.630399349825265059e-10
2.383857380785390980e-04
-9.020001084021804310e-05
-1.724317446667519775e-05
-1.128350992530525537e-05
-8.387308990907168835e-07
2.098875291967826068e-07
-4.548248102954170046e-07
4.326769554490424858e-08
8.117916201761609589e-10
3.857005850748994283e-08
4.315747847160400056e-09
-1.993411200924331337e-09
-2.766429378055725576e-10
1.826006909726095034e-10
6.189751187837305507e-11
-5.055645225981676949e-11
-3.389688723722637125e-05
-2.783232522594206732e-05
7.198121519613290376e-06
3.342754072906085377e-06
3.005237600834688248e-07
1.084659103089074013e-07
1.035878639273252321e-07
1.153817047707170344e-08
1.854703519204658583e-09
-1.475021295140581391e-08
-2.091496482008837337e-08
-2.426788482017594744e-09
-5.408829319070875679e-10
-4.622412628754418867e-11
-3.336276226717189307e-11
9.852123540218479254e-12
-4.447407452076805037e-05
-5.555017676285064202e-05
1.238651627159841539e-05
6.143668326525569992e-07
-1.223974366298839553e-07
-1.860832297241960204e-08
2.457040327502093767e-08
-1.007217909121097105e-08
3.572506956275106651e-10
-1.519788044148563410e-09
-7.489449177268375706e-11
8.494068637927952015e-10
3.110303136766400780e-10
5.047451224255284130e-11
3.405192821107440678e-12
1.632973797380633464e-12
2.073239366859714152e-05
1.722547153836133786e-05
-7.335175113125454390e-06
-1.255595603933741941e-06
-5.649141083239123937e-08
-2.013232285834070272e-08
-1.355965283865632434e-08
-3.029836638217220926e-09
-4.937410714957628287e-09
3.856521836639439964e-10
-1.879275899647004896e-09
-1.176936862636212766e-10
-1.182043841377172876e-10
-4.037566990316136000e-11
-1.348621052930831130e-11
-2.684923383474343564e-13
-1.101758263886770404e-05
-9.221370936426084625e-06
5.405125064639030033e-06
1.037923328154524189e-06
1.358969927696177754e-07
1.706766900998068988e-08
8.480211390287627459e-09
3.657409144352051957e-09
3.781741490314392358e-09
-3.575653954253338511e-11
1.431363520933133839e-09
4.268701690251959044e-10
5.670751897157872010e-11
2.143056766398686836e-11
3.437386349033312702e-12
9.628658608131710779e-13
-3.486624668396254204e-06
-3.432508433575643329e-06
2.340242478849123199e-06
-6.219006811429371396e-08
-8.296656699003260133e-08
-1.768925706017179747e-08
-5.269753351549271400e-09
-2.720385592014891568e-09
-1.316186987701989288e-09
-4.739405681135539961e-10
-4.188726316959030139e-10
3.726363676518657548e-12
-1.328225776561407562e-11
-3.688829255708124724e-12
-1.114129617268838805e-12
1.454314382202494835e-13
-5.146390654666073204e-07
8.400625929962704633e-07
6.724829706337522458e-07
-2.070867668409046952e-07
2.282517733889998762e-08
8.683695679204420475e-09
2.245307788356279061e-09
1.457419788538839022e-09
5.762177964201817426e-10
-4.264829209781130496e-12
1.368756209720797290e-10
2.125692625564339772e-10
1.466449402153714705e-11
3.042075965225485792e-12
4.086648524609952753e-13
-1.125606947679539614e-13
6.591458002251535109e-02
2.777721477328706778e-02
-1.861227024300584482e-02
-1.394425000553067709e-03
-7.399065593781383192e-05
-3.631829292319912548e-06
1.376810547270826639e-06
2.273596509632472903e-07
-1.400610223519316014e-07
1.549954231986587423e-06
1.456835984063718746e-06
1.252720339714645479e-07
-4.705563086399189265e-08
-3.138512346919694042e-09
-1.968224079446946660e-09
1.432996069898441021e-09
-5.706310200353594045e-10
-7.373625625838236240e-03
-2.412501805531821423e-03
1.754247939373064372e-03
4.335034991171346258e-04
4.480844331697147255e-05
3.188031954137597420e-06
3.810885192318609831e-07
-1.164396117999318904e-06
1.016171138446465797e-06
-2.999962937429610655e-07
6.188569756020374645e-07
-3.362365178951714212e-08
-1.302654199199732804e-08
3.278711864250178226e-09
-1.472990333103190939e-09
5.348741195492614103e-10
-9.052433949124828388e-10
5.091279481234841893e-04
3.101882926046769032e-04
-5.080692310999130679e-05
-9.609854946078429929e-05
-2.640151320957529751e-05
-3.115055668949050606e-06
-1.058416082810477122e-06
-6.406100834884119032e-07
-1.003196072438193915e-07
9.630092068137246442e-08
-2.575061125593359956e-07
-5.252595473070484550e-08
5.649122200017887685e-09
1.053446197737569151e-09
3.952997109534294882e-10
-1.883046201989659563e-10
3.008106651820711727e-11
-1.925661687305368658e-04
-1.765766724766044970e-04
9.481409430797518368e-05
1.662457693322179315e-05
1.192701999898870622e-05
2.328320308408881636e-06
4.986795712631666730e-07
-1.050051961703099526e-07
-3.751277020347964047e-08
-7.654330406691503723e-08
-4.716591652033761358e-08
-2.725424303284819008e-09
4.327777973597105709e-09
2.145959477195996546e-10
2.522565784815025506e-10
-2.076670326969043297e-10
-4.087513887479888324e-11
-1.335839017717603475e-05
4.114494388082392808e-05
2.972362428285741683e-05
-6.996527533890831838e-06
-4.328160599535886645e-06
-9.899661849188460858e-07
2.930407097744515542e-07
1.342190968994048056e-07
2.416180436407462162e-08
2.133776353891845535e-08
1.521494856817167267e-08
1.994627310748065231e-08
1.845660780287347629e-09
5.065990599938467464e-11
5.761284935301696726e-11
6.299322086122644048e-11
1.728454278984961397e-12
-3.399398726084129353e-05
3.682008037637979011e-05
5.479530863439839952e-05
-1.227286908429497153e-05
-5.933296550460748856e-08
2.067061595307764072e-07
-1.148164681606028111e-07
-4.159851987121112190e-08
-1.343545013869852536e-08
-1.065087922621573764e-08
5.645107647612283641e-10
5.198070942770319141e-10
-5.756179145210493360e-10
-1.768040350473263721e-10
-9.191253001171217544e-11
-2.143016602293619274e-11
8.020039454514210874e-12
6.795246265672771351e-06
-1.941091137845563631e-05
-1.708771235650239666e-05
7.239724272666611824e-06
1.093376919669807405e-06
5.987285054819974465e-08
3.114116971220271751e-08
2.692846729108612939e-08
1.189416841629099087e-08
7.005248911621441384e-09
-3.327545389335608832e-10
1.617421134689675308e-09
-3.371104571627005313e-11
4.566806985360160701e-11
3.597322369037677077e-11
6.494055623143893338e-12
2.254898807290105235e-12
-2.414144046320793191e-06
1.060447545590707093e-05
9.186052784828042315e-06
-5.367886107915223751e-06
-1.005052848056460858e-06
-1.380881786888981918e-07
-2.897882064812812752e-08
-1.479987957775052716e-08
-6.755426811115268764e-09
-4.412515357279993147e-09
-2.237711096978067685e-12
-1.294520774339167923e-09
-3.440107730611439340e-10
-2.996891039559652219e-11
-1.775409137474070222e-11
-3.515330970181156635e-12
-2.322777653020501484e-12
-7.908690724216913914e-07
3.391831708045001703e-06
3.425757185472498587e-06
-2.348820508761051190e-06
5.966483756115933043e-08
8.691347023442474887e-08
2.017559813954952745e-08
8.397834246112399447e-09
4.464259981333085891e-09
1.673117160234438157e-09
5.059774952268788418e-10
3.603903659244155963e-10
-7.656925115543543225e-11
-2.725253193793406333e-12
1.380113371517087159e-12
1.272437046612981241e-12
-7.410855211654860220e-14
-2.349559618248169213e-08
4.747382415264454819e-07
-9.288724112240450747e-07
-7.179485625614677715e-07
2.121287470512193828e-07
-1.967343875123261850e-08
-1.150840245214111528e-08
-4.057187912565032199e-09
-1.946338765462422398e-09
-8.017207109273587581e-10
5.451058517581473445e-11
-1.366695330646265486e-10
-8.051644636841379876e-11
-1.418297715879864524e-11
-3.777005492814625034e-12
-7.988122465871710257e-13
2.993494472177332451e-13
-1.544012088266227545e-01
-4.827099316082386453e-03
-1.388582304828174605e-04
-3.609749316445516984e-06
7.302120123957060176e-07
1.430689255326394199e-06
1.151043878549179212e-07
-7.702419062915252609e-07
-1.099859496074711140e-06
-1.150658124824135085e-06
-1.323196304440506608e-07
-2.402428674904496887e-08
-1.689842778140385750e-10
-1.169505140429895782e-09
4.573687832625889717e-10
1.260055064118194063e-10
3.962053141554489066e-02
3.227769993746818465e-03
1.691889500110897542e-04
7.118995224528828484e-06
-6.906803841203733391e-07
-3.096479100170252685e-07
-3.301003846939271031e-06
3.117876671142565821e-06
-1.409459913704214482e-06
-9.084039749735678882e-07
-5.821659335593212214e-08
-1.348458543976379115e-08
2.758221719035807904e-09
-1.519080519566268602e-09
8.315791342996397308e-10
-2.947046575877945635e-10
-8.342450458437346630e-03
-1.664801106551010894e-03
-1.602394881606822958e-04
-6.946465772588270562e-06
6.973767090744198796e-07
2.573255604191337004e-06
3.020908026577003770e-06
1.690854645727716808e-06
4.299580309068167650e-07
-5.160454123976920656e-08
-3.401499300232943650e-09
-4.232439910602133439e-09
1.853522208842181800e-10
1.441745699793744773e-09
-4.378021928517556850e-10
1.569505958811851143e-10
4.516657903206878198e-04
3.767574459453281073e-04
7.866513838185704599e-05
5.367678396104214127e-06
-1.555862201808643720e-06
-1.477493359960107385e-06
-1.807645970860140103e-06
-7.381614265930183790e-07
5.142044017905494703e-07
1.088984415398799393e-07
9.968391839015184480e-10
8.399957580160572702e-10
-2.228217477327196559e-09
6.452483580256027556e-10
-6.843832044274052897e-10
2.038734578973115842e-10
-3.655848997356507448e-04
-7.915093864756918903e-05
-3.182693262631861031e-05
-2.918454159945235760e-06
1.064722473389205967e-06
1.329730436138172491e-06
5.616916266729140666e-07
2.381817876806430953e-07
-1.041087125410584088e-08
-2.700715182898126900e-08
2.297031426232214063e-09
1.029619936309272255e-09
1.741081504309626875e-10
1.416511941785953780e-10
-4.429389973890848417e-11
-1.774226062660567099e-12
9.167602435687413729e-05
3.697420777639608640e-05
1.156541260699533025e-05
1.223230531362432371e-06
-1.375237421223107300e-06
-8.260430134981192989e-07
-2.357725504363143062e-07
-7.986085722754996205e-08
-5.348208488071285233e-08
-1.905066086670543020e-08
-5.166846754808852538e-09
-3.541033613973028797e-10
2.559040588152328671e-11
-2.708847716283595779e-10
6.510270462330390483e-11
-5.849338957760601231e-11
9.002100970606132381e-05
3.898476149200889249e-05
1.428537821330508698e-06
1.003146131935274220e-07
7.626958688650282285e-07
3.952006517503391840e-07
1.555092057284128607e-07
4.287477722995497630e-08
1.806098711960251913e-08
5.903665571916852164e-09
2.816626306544938054e-09
4.378370951352007522e-10
2.348884915149652105e-10
7.935623141724667721e-11
9.509853728812249305e-12
4.664198761928708952e-12
-1.501147780841790334e-05
-2.491998321215519585e-05
-4.019376247938775855e-06
-5.564727898935731311e-07
-3.243127980250321088e-07
-1.793267000871511921e-07
-8.053389040884339770e-08
-2.703869158794226009e-08
-8.267189163825685774e-09
-5.651473268970500537e-10
-1.285570059210371936e-09
-2.252649421008128463e-10
-1.560544469890542372e-10
-2.645095400981939762e-11
-1.085973514111410028e-11
4.507119547594551940e-13
5.861900645459299650e-06
1.813461588391962801e-05
3.619597355124243507e-06
5.685538355232281140e-07
1.682327142574730449e-07
7.952460285809004049e-08
3.751163909953051984e-08
1.288946126050487558e-08
2.773067542396546570e-09
2.259572501374732256e-09
9.569594131744605213e-10
1.199360029593883800e-10
8.246697400670208736e-11
1.620130785426194807e-11
5.205403017417668043e-12
-1.047785959462093386e-13
3.889508840308155324e-06
8.673254222915898203e-06
-1.984751651102179373e-07
-3.128269035545433300e-07
-8.958968200886835033e-08
-3.551389110805800932e-08
-1.580838685800072588e-08
-6.103850556241272046e-09
-1.130391350316578645e-09
-9.921234429845262797e-10
-5.358286771659120404e-10
-1.294665659890214245e-11
-2.216752334244999898e-11
-6.396316887702272895e-12
-2.100647417677785978e-12
-1.353684603330435258e-13
-1.137978414785210759e-07
-2.526542664757262747e-06
-7.935093084087126612e-07
6.564439066482661856e-08
3.570069900087484924e-08
1.156759282874505964e-08
5.052496777182436928e-09
2.249336705856407916e-09
8.900700367798595779e-10
3.352275868364357598e-10
3.706044781481261324e-10
5.049012589908702839e-11
6.259536993495377697e-12
5.567235414920504746e-13
-2.686328934544474601e-14
2.139109240671906327e-13
-1.402058529400119213e-01
-7.041284398294038460e-02
-4.943406261669342459e-03
-2.462950288643539400e-04
-9.703241197100429262e-06
2.058318305737491010e-08
1.537287308865814208e-06
5.189142204781737505e-07
-2.303705839908082602e-06
1.129730712225995147e-06
1.459408455638818138e-07
-6.806268475655688204e-08
-7.042069724519481453e-09
4.249417095963026394e-09
-2.979635780701106789e-09
8.181097178127343596e-10
4.958115807298153273e-10
2.365823793681935249e-03
7.639420037660485038e-03
1.551593997396080640e-03
1.534063127758447491e-04
7.232358947375499701e-06
2.633640030202411619e-08
2.525355106408163139e-06
8.848917971401361865e-07
-4.173890343371956078e-07
-8.347957844262196637e-07
-5.126423694102965829e-09
-6.343960960144167548e-08
-4.700054971041596302e-09
1.737581295557705425e-09
2.954764338866237754e-10
-1.423897504585560867e-10
-7.617953361100979121e-11
1.803416225635831648e-04
-4.194039478555007354e-04
-3.767237726906469040e-04
-7.701249142874157293e-05
-3.583320803064439549e-06
7.362657334693648262e-07
1.339697836639002764e-07
-1.269781156725538078e-06
6.722570283326598863e-07
-6.349048828429114722e-07
-7.321399124150287420e-08
1.300441021318877969e-08
6.383371328905542837e-09
2.854932713521992576e-11
9.270952364716533694e-10
8.633020920327016030e-12
-5.061104810728403719e-11
1.364398576142023369e-04
3.901225208676895994e-04
8.125441766794870720e-05
3.120922213779649839e-05
2.341849434045499785e-06
-7.017535280774400734e-07
1.395594592457004980e-07
1.464993358831034662e-07
-1.797635671562941341e-07
2.419532447180751269e-08
1.851314993846995953e-09
-1.018886981386029886e-08
-1.776898591874900461e-09
-4.996585653536586171e-10
4.085027749794598297e-11
9.093513898632206777e-11
1.419978882235761530e-11
-5.047021099195380546e-07
-9.024039408271908389e-05
-3.641618239308869491e-05
-1.100253364983097033e-05
-8.885892334512985869e-07
1.359238793830818781e-07
9.226031748272124975e-08
9.035045723132217183e-08
2.248305054892538216e-08
6.051385013477929388e-08
2.951616010780789096e-08
9.701567028772047314e-09
1.032481871909264781e-09
2.989990371484000612e-10
-1.808198414808333895e-11
2.116400786585740088e-11
-8.875455628969483580e-12
-8.017591910038371217e-06
-9.031481470018730699e-05
-3.925702077683468019e-05
-1.707190301143986293e-06
2.663757091120132969e-08
-1.500385896824681858e-07
-1.743234597081971957e-07
-7.284644013685683110e-08
-2.721030746201514221e-08
-2.470368733573178243e-08
-1.077482702738415826e-08
-4.700085905821606974e-09
-8.959650896411639889e-10
-2.235269381002948277e-10
-2.830598451973589195e-11
-2.808738067454621813e-11
-1.715759835314153682e-12
8.325149003941179404e-08
1.478906720611328244e-05
2.499510978232462950e-05
4.066200016092770628e-06
4.109412431174402793e-07
1.628002373725070260e-07
1.113530005803653939e-07
5.282706589851045284e-08
2.262764163204757835e-08
1.103242556667913416e-08
2.503771500900187151e-09
2.059627907730851515e-09
4.370895694835862163e-10
1.273354463731722884e-10
1.917623237708403867e-11
1.515736051485185123e-12
3.736418516641434728e-12
-2.794609714983367509e-08
-5.794969069237129336e-06
-1.815687419436655091e-05
-3.604117697852621743e-06
-5.073424201947430713e-07
-1.168031037459700253e-07
-6.227770005738036157e-08
-2.891054954377786913e-08
-1.264765512813566782e-08
-4.026368766158753276e-09
-3.098062293220106609e-09
-1.278867944837389523e-09
-1.999705809466303082e-10
-7.340892708526257483e-11
-1.245643328627782080e-11
1.486033165791802394e-13
2.939033833618755316e-13
-3.813514093122547646e-07
-3.932970803414073267e-06
-8.666386667899941764e-06
1.848766834565412658e-07
2.843039826453487547e-07
7.634006414310861317e-08
3.116785650143556913e-08
1.443584098836233968e-08
6.727272457186866551e-09
1.780220402056609442e-09
1.451156171084920455e-09
5.984035270958071572e-10
2.196663215293048654e-11
2.369636688014232029e-11
2.293736097204157852e-12
3.167701343323064430e-13
-7.128638313676324584e-13
-6.403362280662481017e-09
1.265647038877652298e-07
2.527573365034630940e-06
8.335565458347795252e-07
-5.643048340825660086e-08
-4.087970097587101589e-08
-1.440715674863673595e-08
-6.558236988189474852e-09
-3.387096591677706668e-09
-1.632744732211802859e-09
-6.256187838174013043e-10
-3.968598908069329255e-10
-4.658520853974101437e-11
-1.200349944704757871e-11
8.735143050925055729e-13
9.602728950962283297e-13
-6.707803828459694767e-14
