1.364960195808082588e-01
1.026761440894475186e+00
4.365252908299645240e-02
1.408782680200792743e-03
4.413364053254343396e-05
4.085058395160001163e-06
4.180294977097878377e-06
4.270716467008071540e-06
-2.222752660942200840e-06
1.222830811812631580e-06
2.655724155179015223e-06
7.306505466808193708e-07
1.129958406516445123e-07
7.681374180905860301e-09
-6.843633987498847843e-10
7.049234450810538760e-11
-3.534430008843239000e-10
-3.412619856459080808e-02
9.024902301202158972e-02
-9.580299013157317703e-03
-8.375800448069104474e-04
-4.637084147258395937e-05
-3.930856434095030390e-06
-1.838993740208408055e-06
-3.690841764357703046e-06
-9.214825228774141199e-07
7.730976568625238313e-07
2.957140269047435848e-06
4.943962057342173483e-07
4.199217815564464687e-08
-1.257699906924340983e-09
-5.689196171242861265e-10
4.979334347877893523e-10
-2.673275629989295423e-10
6.475170076860090052e-03
-7.760124444534612000e-04
1.761948938193367989e-03
3.941245939964482022e-04
3.744826246422053480e-05
1.023063275823668257e-06
3.353064831172086771e-08
2.730322177093909076e-06
-3.241503069066227201e-07
-2.323305835670491054e-07
6.901321451756103632e-07
2.669665857875356103e-09
-7.953777428098173775e-09
-2.903729318828811237e-09
3.279108712250228538e-10
-5.750049855986323221e-10
2.573350017447480479e-10
-3.676283499451594907e-04
-3.460077386603072460e-04
-1.193888480824438605e-04
-7.269943849819679481e-05
-1.670682931536201807e-05
-9.198148794795539955e-07
-1.161170963844000927e-07
5.104493997079652368e-07
8.619533547620858951e-08
7.318247452947517210e-08
-1.411511700976379369e-07
-1.262109905239027599e-08
5.080610509118687750e-09
4.562543743999030580e-10
-1.115248839850332993e-10
6.239838820800504605e-11
4.007650142865427508e-11
1.529619092469141576e-04
-9.560290074104546868e-05
1.183404308285466750e-04
1.514013917538985837e-05
6.520346757546632030e-06
2.779667120408075900e-07
-2.065338172540908917e-07
-5.073623091444755740e-08
-7.036617181668197781e-08
2.717540756048911027e-08
-4.958295445651941827e-08
-9.798827002441418654e-09
7.079177463666788266e-10
-4.056779548239321418e-11
-1.485474772645218434e-10
3.471620730674080671e-11
5.654047699937807338e-11
8.952245100960554144e-06
-3.742977598110064819e-05
1.059439179933226323e-05
-6.309436449647085393e-06
-1.701771001780029573e-06
1.350275937886205386e-07
8.875865046342921717e-08
4.872866774475947822e-08
4.217993153022592157e-08
6.778533390671919810e-09
2.543660633314576239e-08
1.572278907813231105e-08
2.259062607369819698e-09
3.955868069872025848e-10
-9.792564211561044221e-12
-4.580514007162498485e-12
9.479858588478567943e-12
2.300502073743149734e-05
-1.271947056846449413e-05
3.519928128797906742e-05
-8.295501870748148450e-06
-6.707079551332372719e-07
-1.429890953836153832e-07
-9.289251751002797685e-08
-6.716527159725621556e-08
-3.091717666838665907e-08
-1.118172749118161737e-08
-5.731882057182486283e-09
-4.060497134821132683e-10
-7.279786945158745350e-10
-2.115481639778648106e-10
-1.402612057287923285e-11
2.025026057858130645e-12
-7.457028529169784085e-12
-3.989457853875032453e-06
1.082213312617309055e-05
-6.475417124356027159e-06
4.817785543521211165e-06
9.115917867846141819e-07
1.468697701243253292e-07
6.947575237417530220e-08
3.422671196985894158e-08
1.816004841929044153e-08
5.494187435877814692e-09
2.274561789536775510e-09
1.458207253155424816e-09
2.170417114266500598e-10
9.336413952499415700e-11
2.330141941613319974e-11
4.188563855164596947e-12
-3.021056124966317066e-13
1.382699699316513535e-06
-5.695916589827254623e-06
2.091376504499389345e-06
-3.499538836686831033e-06
-6.758563934949890707e-07
-1.253358776881852144e-07
-3.690222101749239119e-08
-1.651371722800719141e-08
-7.108459156681451118e-09
-2.727948039546392588e-09
-1.278316108844780471e-09
-9.109259568117068488e-10
-2.858825764687827305e-10
-4.378922867274650762e-11
-9.668649427083222541e-12
-1.699786357277134650e-12
3.269854573183160350e-13
4.036703632404289330e-07
-1.357266987544942782e-06
1.691144824044555168e-06
-9.281691278453883157e-07
8.766414978117655370e-08
6.298176937854391797e-08
1.867444282799257728e-08
6.998315423008240977e-09
2.730809889359113002e-09
1.151458720472679703e-09
8.624690681197300770e-10
2.262238957732588553e-10
7.841386985210614734e-12
7.815320852790280892e-12
5.021543922072541847e-13
1.102984683969055500e-13
-3.607134113888160933e-14
1.756025213978388257e-08
-1.814727839165436011e-07
3.705368541199077883e-07
-3.248864364213446629e-07
7.023419615999808006e-08
-1.755958447443283126e-08
-6.743360436608293614e-09
-2.286168485708763451e-09
-8.235356398359203993e-10
-2.748248249607039327e-10
-1.481438279622605612e-10
-6.716309004215255930e-11
-8.432904800137473629e-11
-7.346968181029315751e-12
-1.322609869383775729e-12
-1.183764291206270327e-13
1.784825691498617285e-14
1.700755418016457882e-02
-1.721847226290360716e-02
-1.291810723360242589e-03
-6.823706038871764443e-05
-2.010855184681314916e-06
1.247859156640313723e-06
2.959858015080694270e-07
2.677409447372625937e-06
1.493559742311784839e-06
1.174314023360195540e-06
3.381041467863762510e-08
-4.972458087692004359e-08
-7.475473204378539353e-09
5.932228172339050271e-10
5.602408583028204178e-10
-1.525372985411511226e-10
3.265133058033220189e-04
1.624759249130285988e-03
3.682177618076017578e-04
3.647303618999482274e-05
8.577256337023960952e-08
1.286820929199916702e-09
-1.179046761290060890e-06
-3.638013338154624742e-07
-1.799427459612939730e-07
4.867152875383542458e-07
-2.835828010654156912e-08
-8.353710139302335499e-09
-6.755412158790805716e-10
-1.128788737352055643e-09
1.873139515513914200e-10
-1.094123737401845734e-10
-2.654580491580850379e-04
-1.097334401509808495e-04
-7.358525461108639970e-05
-1.718478141866777909e-05
7.935370145034638024e-07
1.552150123189952599e-06
9.224796954170059579e-07
4.831661988552395091e-07
-7.649689473874077688e-08
-1.579678113656493579e-07
-2.739021653475731567e-08
3.265709125582193720e-09
1.198976689877161889e-09
-2.332800748797065026e-10
-2.168335566465039265e-11
-1.614888030012166696e-10
-3.157636425892134942e-05
1.238697581407147879e-04
1.557710070456353390e-05
6.583781346905276053e-06
-5.705772654588777661e-07
-8.192314444484832542e-07
-5.507471147890933442e-07
-1.066813776241141698e-07
7.210330337172169879e-09
-3.809604870101970171e-08
-3.582145968578536563e-09
2.379082647300444409e-09
-3.540996386133412491e-10
-5.205976786721649701e-11
-5.942387693552474367e-11
-4.645923655884530793e-11
-3.273586773241143492e-05
1.181297243698868712e-05
-6.592562491695647602e-06
-1.354545437540774296e-06
4.204012257313303403e-07
5.782037285978615827e-07
2.679454063415366795e-07
6.479802052713940269e-08
5.015663756364438871e-09
1.873492634652738083e-08
1.301930881868231897e-08
1.657287976356894615e-09
2.435174137310400747e-10
6.575159080539304290e-11
-1.899480093802270700e-11
1.982874457075010515e-11
-1.750063409285879844e-05
3.481758626606538005e-05
-8.261146715459892869e-06
-8.675180154085538231e-07
-3.280922549426600476e-07
-2.388710616529059708e-07
-1.005544578237344905e-07
-3.990640230481458920e-08
-1.125652098004734052e-08
-3.757564376049708893e-09
5.373750297092412036e-10
-5.166239821214721515e-10
-1.967361710928869839e-10
-4.790678812731148413e-11
4.926663710325819227e-12
-6.682919512932222554e-12
1.150726029576064702e-05
-6.434243170399380965e-06
4.852140438946846500e-06
9.891234858580627404e-07
2.227332637670241882e-07
9.845678855063764778e-08
4.695898012905005282e-08
1.977980937827975704e-08
4.240349687697891223e-09
1.292368754546464409e-09
1.065432081011250294e-09
1.217572406887780299e-10
8.176347501911783065e-11
2.823766993311159394e-11
4.381989181054819023e-12
1.104583534004778762e-13
-5.917327708360152697e-06
2.066502957846111443e-06
-3.519022021086346374e-06
-7.030709945988496610e-07
-1.465740114522420737e-07
-4.904199647579851893e-08
-2.012658081234565828e-08
-7.514362281765246766e-09
-2.246771570637715153e-09
-9.245019341093276909e-10
-7.573705283776441764e-10
-2.462934879725080648e-10
-4.013786109779755348e-11
-1.187809294841173206e-11
-3.435522515356457939e-12
-1.362180137916203757e-15
-1.412331699072887096e-06
1.692386668580370047e-06
-9.216620466432381629e-07
9.661613715935192824e-08
6.971074994094957558e-08
2.166312563559806557e-08
8.377570856948514339e-09
3.157657783098758852e-09
1.048240080626954551e-09
7.384800330741858792e-10
1.599366468267575694e-10
-1.822040262720180463e-11
4.470187498984063204e-12
1.265905378581006398e-12
3.214316587839003120e-13
3.044396302205930162e-13
-2.026031675936121522e-07
3.745199897782230158e-07
-3.375919462737438555e-07
6.600276833774379085e-08
-1.951330201993529206e-08
-9.096232255266000135e-09
-3.372151679435153743e-09
-1.092031664928460328e-09
-3.783401308572277606e-10
-1.983774292836502614e-10
-5.121178919757002990e-11
-3.939378670876979230e-11
-7.779213486447074935e-12
-1.571335713580954410e-12
-2.600068211673938914e-13
2.707145748090443965e-13
-1.017905250217638002e+00
-4.338787817879898034e-02
-1.400467648910819251e-03
-4.126244205527268241e-05
1.853041639436533297e-06
4.070487003763560183e-06
3.952128215509478668e-06
2.548324299442391301e-06
-1.100791585307786552e-06
-2.652616564289713401e-06
-7.320258574974727505e-07
-1.150285088210808165e-07
-1.288497286540232438e-08
8.239689183569772975e-10
-1.619248458235492989e-09
8.120174773618145532e-10
-9.551580478391213935e-02
9.293498132526766334e-03
8.255651728045018288e-04
4.627721906460281325e-05
2.302636402069995734e-06
-1.608613387427922217e-06
-4.554700117942007459e-06
2.479914920270603822e-06
-1.575365414152661534e-07
-2.810993488815937892e-06
-4.755801397705209398e-07
-3.508313368261148081e-08
4.614198633380892663e-10
2.003441896591443102e-09
-5.110139600828116745e-10
2.748075569871638216e-10
3.233561686506982585e-03
-1.547259748006401658e-03
-3.850977201696841306e-04
-4.024929429074819057e-05
-7.739617317270875853e-07
7.149480829290789511e-08
3.974116725923697785e-07
-1.117143974944233498e-06
3.521099290764295844e-07
-7.248457308277314000e-07
-2.285181389066222639e-08
-1.581969969528091742e-09
3.082624648880932666e-09
-1.019963551907299776e-09
8.883825183882800584e-11
-4.220075714432838142e-10
-1.250654471594162074e-04
2.914374121333050850e-05
6.736619640840479050e-05
1.810864341732634907e-05
6.542663538292917896e-07
-1.520565538930067352e-07
-1.911259491013021897e-07
3.076573397156487392e-07
-1.109824882125597459e-07
1.855522376610565725e-07
2.715565885935043282e-08
-4.543270904831725786e-09
-6.143329254578488004e-10
-1.814310196884993246e-10
-2.674237357534380393e-11
-1.886799405520796559e-10
2.154160369311240513e-04
-8.674649396870800480e-05
-1.325601591544684041e-05
-7.596728646565193305e-06
-2.904918157082090866e-07
1.696173044158803595e-07
-2.328358314923868998e-07
4.566712846364059871e-08
-8.837361099820380121e-10
2.763701763671304853e-08
5.959503930771116253e-09
-1.259087806296843926e-09
-2.163066610137637414e-11
1.113129080894439571e-10
3.285074759131225791e-11
-2.872356245120189852e-11
-2.808551719799172596e-05
-2.095693135701809281e-05
5.940907378350814394e-06
2.168423754494039427e-06
6.683931800793972549e-08
3.884526731025408385e-08
4.922676862959337609e-08
8.225146150326779653e-09
-2.970256554422891489e-09
-1.087566849406478004e-08
-1.364776137076811964e-08
-1.613423838140138926e-09
-4.140799002636886876e-10
-2.328585523368828709e-11
-1.754052111210536043e-11
1.094512744629117737e-11
-2.896147102378087126e-05
-3.692878701564429432e-05
8.097049029886249321e-06
4.424920387270406402e-07
-2.702883484303825390e-08
3.903969848828922425e-09
1.656561661469191000e-08
-6.135498634549532719e-09
3.683428226710474594e-10
-3.848062953546028942e-10
-5.508804835465771312e-10
4.589162087477636598e-10
2.220775527124259554e-10
2.436588480304718951e-11
-1.756136141112495664e-12
2.900541198339779004e-13
1.237317852991178259e-05
1.030057807919454388e-05
-4.394924706341685991e-06
-7.577497549430410879e-07
-4.878955453585833322e-08
-1.534300248247444126e-08
-8.818586207187547574e-09
-2.515521424342475014e-09
-3.210190097285484073e-09
2.660641899888707100e-10
-1.082005465805399739e-09
-7.620458318322131521e-11
-8.440843950722932900e-11
-2.026724592994209131e-11
-5.015205827911065071e-12
1.947329421625897177e-13
-6.250045125143317535e-06
-5.362699526243538594e-06
3.066512912032616727e-06
5.772500428388108026e-07
7.695176731175300572e-08
1.147920204865510406e-08
4.854940722888843182e-09
1.676908965034367900e-09
1.833927221066856936e-09
1.138008553461235877e-10
7.271342614221668749e-10
2.198748934680315986e-10
4.006073712926735366e-11
8.459411230562616044e-12
2.553188237569167871e-12
-3.885934922248705091e-13
-1.684726545485381205e-06
-1.663681207298882527e-06
1.126278759647213477e-06
-3.311375300541628462e-08
-4.150603948869954708e-08
-8.833492515669314020e-09
-2.682015295064281072e-09
-1.151741535532378725e-09
-4.675380630697709221e-10
-2.064133515218351258e-10
-1.867048774752505236e-10
1.521619932008758694e-11
-6.987664995181519646e-12
-5.704394823281600990e-13
-4.452610667836970954e-13
2.849864511299820825e-13
-2.203314190481271951e-07
3.681960184050551617e-07
2.991702667358011731e-07
-9.003220138329769129e-08
1.023089353395620906e-08
3.746182234414693318e-09
1.042533858151239282e-09
5.959498253856311267e-10
2.323746306002963105e-10
-1.121625111502001849e-11
5.376304940456548088e-11
7.886040044052051316e-11
5.515880629332713965e-12
6.457770562060310065e-13
3.935124012205731297e-14
-9.235171504132523532e-14
5.958391971478556315e-02
2.508028876649753824e-02
-1.680660228718316995e-02
-1.278088578529961491e-03
-7.006183252681188556e-05
-3.220256002737139489e-06
2.053734052668351548e-06
5.822055524444489160e-07
9.702508158201527680e-08
1.479971653099085065e-06
1.237679509149279732e-06
5.972614104913173272e-08
-3.638200369104044679e-08
-7.113113801851971808e-09
-9.971995590925532280e-10
2.425584913122544016e-10
-3.407606477576001827e-10
-5.978660630439690260e-03
-1.961973898100011562e-03
1.417272156702823046e-03
3.574057274560748544e-04
3.789799363765120321e-05
2.661376897601221861e-06
9.503874512251058286e-07
-6.553956702665222738e-07
8.135295742777729633e-07
-3.199952935965232494e-07
4.738480828289045384e-07
-3.036580752367090340e-08
-7.258752636698535808e-09
1.831413189520318924e-09
-1.044135689875030076e-09
1.260880224903747260e-10
-4.965048109641605998e-10
3.424481452586733876e-04
2.123586237949508357e-04
-1.822409869168324742e-05
-6.850250875203827544e-05
-1.898017841102842104e-05
-2.358526013107758870e-06
-6.503263525629859830e-07
-2.573478702141763182e-07
1.163610906035196448e-07
1.910599957249928438e-08
-1.633473229061192560e-07
-2.538902669545993002e-08
2.306126657684717937e-09
1.113069254461225063e-09
-1.359712735752527288e-10
-4.971146944990521886e-11
2.110922023696175880e-11
-1.729072259206712527e-04
-1.551398506932830351e-04
9.073845472784683236e-05
1.337203977736804155e-05
8.118890276023350348e-06
1.458801533388733981e-06
2.625565917239523484e-07
-6.924836398795661688e-08
-6.446427491774595965e-08
-5.120388115665604192e-08
-3.529734335305142737e-08
-5.097447750746071125e-09
2.929811321417284980e-09
-1.139206075846559235e-10
1.125406595301463673e-10
-8.431824932293652296e-11
-2.217589549019347039e-11
-1.003614339947184555e-05
3.344416224289776000e-05
2.242753880300994018e-05
-5.941561517067974451e-06
-2.674417734810947995e-06
-4.858236044541006523e-07
1.810810417897416721e-07
9.882270536520930583e-08
1.911384175359347439e-08
1.627204818046267937e-08
1.198430296369082987e-08
1.247710083961334919e-08
1.226969873023063684e-09
7.750731324696540140e-11
2.952551381215360525e-11
3.439744813487411792e-11
8.086174955241752964e-13
-2.268126966907434153e-05
2.376703892191837990e-05
3.647027728061504861e-05
-8.011249765736459203e-06
-1.769811160816076927e-07
6.830820760666763023e-08
-7.457062113911625596e-08
-3.136274963677378378e-08
-7.682770708281255576e-09
-6.699767742666210921e-09
-3.975025878573456127e-10
8.553471210605075223e-10
-2.881484967733911180e-10
-1.310209125131715947e-10
-3.179232269310725979e-11
-1.044632795139351338e-11
2.841489611510683526e-12
4.089192540759073023e-06
-1.156841414407428449e-05
-1.023603623271798923e-05
4.344497076210614378e-06
6.858815913344448172e-07
4.987216979096870578e-08
2.330576452341449843e-08
1.715106379078618373e-08
6.943407128445318949e-09
4.353375892014449704e-09
-2.733962907900105519e-10
9.240218884402408601e-10
-2.229633159287558253e-11
4.258331013714177092e-11
1.581776737089390579e-11
2.764825144432519191e-12
8.265793156765156278e-13
-1.395882314663261162e-06
6.002333924353481177e-06
5.344416412808100616e-06
-3.048220817891655397e-06
-5.631659021292183076e-07
-7.797510407246455718e-08
-1.820756497586713496e-08
-7.802800463621593965e-09
-3.208310413301259238e-09
-2.168907567855529547e-09
-1.022901693129956477e-10
-6.546884505745476207e-10
-1.742867996672988725e-10
-2.508712240079994869e-11
-7.097566964036508063e-12
-2.327627384579395656e-12
-6.478219587753048404e-13
-3.821161569477173866e-07
1.633882713871518563e-06
1.660138237398664843e-06
-1.130743963607736348e-06
3.278983832674170782e-08
4.377285160900160107e-08
1.023713150217755115e-08
3.983059761913566399e-09
1.923269287208489246e-09
6.127603015054151074e-10
2.074380877365706769e-10
1.535726279028064438e-10
-4.537716109166891022e-11
-1.239524355417449775e-13
-3.740343247095441866e-13
4.046201273632356917e-13
-4.018747225488830854e-14
-1.045256509838012033e-08
2.040592686976121337e-07
-4.032114420970838047e-07
-3.165750897226451194e-07
9.157691235230256087e-08
-9.172557728749009713e-09
-4.786249544960514564e-09
-1.723102769002813205e-09
-7.607246701131077000e-10
-3.074936571054688632e-10
3.810128823890771004e-11
-4.746242145311482984e-11
-2.606958438768264675e-11
-4.288496766111602934e-12
-4.421695885840170497e-13
-1.185531260193996824e-13
1.555167134412507812e-13
-1.556051344665465019e-01
-4.981359303749560534e-03
-1.498190916663721213e-04
-4.509717154219210821e-06
7.100923315792060656e-08
1.444195319765897079e-06
9.325051868098048013e-08
-7.658524504993129379e-07
-1.084217941425412873e-06
-1.000797914331153319e-06
-1.624189141430182300e-07
-1.753246302108778498e-08
-2.198585443505054501e-09
-7.201861027245285925e-11
2.060321416727144300e-10
5.345148266525630744e-11
3.583831117934765248e-02
2.959878065460687206e-03
1.606257017622891902e-04
7.115805763903964956e-06
-1.125578791606912983e-06
-7.935217012271204009e-07
-3.261247585353705644e-06
2.275286888446551457e-06
-1.032277385397996926e-06
-7.910295890562985755e-07
-5.838092803801166429e-08
-8.792771558392737143e-09
2.068689638253010125e-09
-1.266130118377951104e-09
4.277750722354775313e-10
-2.442669655723366051e-10
-6.764698707948021798e-03
-1.369401780894338467e-03
-1.345441298536602186e-04
-5.566136536392452737e-06
8.724457699072773103e-09
2.116986793747951764e-06
2.262046370744392430e-06
1.849447996004255352e-06
2.517966950640708362e-07
-5.909177131724695290e-08
-1.770270761979653933e-09
-6.671857870003067164e-09
5.832108784023576050e-10
3.739491680477632921e-10
-2.651732753260806825e-10
8.403466154862190800e-11
2.799730292294530434e-04
2.725002645841782529e-04
5.837336383673397323e-05
3.851512855575125243e-06
-9.488922742862031807e-07
-1.580537950405373205e-06
-1.331359858324604353e-06
-5.210514730927735270e-07
3.745078951986665722e-07
5.826165006560020380e-08
5.595249580775743502e-09
3.765859132433278964e-10
-1.515433519107858798e-09
5.908622664387355549e-11
-3.550589674528479794e-10
1.116919771862842679e-10
-3.441380363936426745e-04
-6.075857594301005020e-05
-2.157197127384363779e-05
-1.436393754564906309e-06
9.045783896187583590e-07
9.720223479746071553e-07
4.740219864971152822e-07
1.322897163596121036e-07
-6.805262671753666153e-09
-4.323916521488604883e-09
-3.235036522470228938e-10
1.286313992869063410e-09
-4.825722787792776694e-11
1.619641799184613285e-10
-4.889585421173605621e-11
9.606062594945911767e-12
7.655154658685820520e-05
2.956611029267888779e-05
7.391517168337845761e-06
4.445350040138893992e-07
-8.912674920050578132e-07
-5.213351335693248926e-07
-1.651144501485416499e-07
-5.671452128319674227e-08
-3.500334058254186866e-08
-1.473244956491732822e-08
-2.624747411917938502e-09
-5.572079914004415122e-10
-2.146767604521131472e-11
-1.353106081656689331e-10
2.445053346182233632e-11
-3.556549283018192279e-11
5.886480769177751201e-05
2.534529332499025538e-05
1.152141961650869446e-06
1.946081376485657016e-07
4.573414697129776214e-07
2.414629481652935493e-07
9.114438429799912339e-08
2.695462264347745106e-08
1.209633950351609360e-08
3.230986367258423170e-09
1.149043893018714327e-09
3.266870924680388367e-10
1.398564665482658673e-10
4.711223053044894261e-11
9.453429788930487616e-12
6.072646004120581331e-13
-8.829865785109007023e-06
-1.497852675416393147e-05
-2.459041218505873381e-06
-3.596485439198465231e-07
-1.881918599833281850e-07
-1.017313811431401162e-07
-4.411249561438992249e-08
-1.518242752437752105e-08
-4.525313511688163632e-09
-4.131517112305444667e-10
-6.131668699793282170e-10
-1.612637348477327592e-10
-7.919628218890962878e-11
-1.540283526482188096e-11
-5.718140361509689834e-12
1.025099445603237200e-12
3.499132738892747791e-06
1.032601001424069205e-05
2.016959992491163966e-06
3.126715591550980298e-07
9.180913001135046003e-08
4.103756584697040933e-08
1.831675290715985054e-08
6.491712507438681892e-09
1.326059995832651324e-09
1.238745690613998507e-09
4.477924718187569126e-10
8.632818502539991828e-11
4.044882529504261968e-11
8.741007338530527102e-12
2.122748647429113008e-12
5.107609856098623122e-16
1.899879486757931994e-06
4.194350656680848225e-06
-1.093993964664598988e-07
-1.540681297261207063e-07
-4.349250694909551299e-08
-1.662884898461387917e-08
-7.121763774791827164e-09
-2.645361858314572008e-09
-5.250729690449372886e-10
-4.617109682314088857e-10
-2.044725659523735648e-10
-1.526903037655270791e-11
-9.540338343924225898e-12
-3.368175728293927558e-12
-7.907553551496880249e-13
-5.175456535324373335e-14
-4.944105909732881853e-08
-1.098550549592620917e-06
-3.442070592144091409e-07
2.983885954904740965e-08
1.548218650696065288e-08
5.013783364989064286e-09
2.106004415028695606e-09
8.790325681346831985e-10
4.000734267952476618e-10
1.672910950624030388e-10
1.420132855813730487e-10
2.254809502878809338e-11
2.307162369815692962e-12
7.703930673707418521e-14
-9.270769705631330414e-14
6.393152644788002150e-14
-1.262608348726509122e-01
-6.365937062191930063e-02
-4.530266094696384221e-03
-2.325176334511101252e-04
-9.182612709628360607e-06
1.202768079713295216e-06
1.614799033926054735e-06
1.135732435666431002e-07
-2.121708139115660162e-06
6.946111407967104587e-07
1.813425762223043613e-07
-7.090259184985021359e-08
-4.794936271408216385e-09
3.189457941884482242e-09
-1.670697428555481425e-09
3.319904399677811641e-10
3.257556522573014236e-10
1.895791184026077332e-03
6.186832008880551424e-03
1.277354440362256068e-03
1.275683918123716326e-04
4.856413082694739406e-06
6.107214242309853381e-08
1.946211710524117747e-06
9.582222753295138233e-07
-4.953401147198373750e-07
-5.370270937341418006e-07
-4.716198491634854904e-08
-3.877098592601028808e-08
-5.929530369261623523e-09
1.876619776040637474e-09
1.774128097188810965e-11
5.112547488693352289e-11
-6.684954185192345279e-11
1.524931423717001413e-04
-2.572192428685005300e-04
-2.728678458963163054e-04
-5.661132157284101847e-05
-3.060305961754043630e-06
7.632694111910743927e-07
1.326664816024867824e-07
-8.805068055254425870e-07
4.285570936480959410e-07
-4.546990922432428786e-07
-3.620926911454380875e-08
7.534470029095549414e-09
5.294993428057459297e-09
6.001119485700778817e-11
4.765493968695642214e-10
1.343802750494314209e-11
-4.814524778497489728e-11
1.316086178029767905e-04
3.686119517714156663e-04
6.227600361318865797e-05
2.088808866224489810e-05
1.081400869853897949e-06
-5.604449441345058100e-07
4.498630285944374044e-08
7.304635422868337597e-08
-8.903355094120592197e-08
1.251879721909265303e-08
-9.495878315326906049e-09
-7.282443655313946659e-09
-1.805466883427953638e-09
-3.762345421949504445e-10
5.148260431894282420e-11
5.145471456869130591e-11
2.154182019425237237e-11
-1.105189447193015903e-06
-7.581863452267302269e-05
-2.891239810501988384e-05
-7.150234622055594347e-06
-2.511870608333959191e-07
1.503028829984696679e-07
6.641054744997113510e-08
5.379162935567454800e-08
2.157453007924780237e-08
3.875270035047260064e-08
2.175759342300589273e-08
5.772690247004093605e-09
1.006930657955380338e-09
1.793260661144374198e-10
-1.130488927773101585e-11
4.572772459969841834e-12
1.448364929708361237e-12
-5.153373951005165763e-06
-5.898318851534177910e-05
-2.554958178858447363e-05
-1.252719658805386495e-06
-9.628180555765668308e-08
-1.322269571808261682e-07
-1.069930339920966944e-07
-4.021296035132762548e-08
-1.820972523458266516e-08
-1.575643621461504630e-08
-6.449748315739226937e-09
-2.286174309497516051e-09
-6.333116124962576850e-10
-1.320989515066606460e-10
-1.811051340153922649e-11
-8.879105648393213001e-12
-3.179805508138706975e-12
1.128263367016109049e-08
8.695918935709150182e-06
1.500739630595650192e-05
2.467503998438270077e-06
2.751330447472547757e-07
1.046465129096621140e-07
6.287375205472375279e-08
2.978144159934359143e-08
1.275693598859037269e-08
5.948388764918433529e-09
1.555009365444552870e-09
1.047443928199389298e-09
2.809801290787125026e-10
6.762951123627124196e-11
7.227694078105457963e-12
-2.442836484659831858e-13
1.100573752992567364e-12
-5.565956101783804317e-08
-3.470738007899532882e-06
-1.033127273874461531e-05
-2.005959330399769484e-06
-2.806802953158792928e-07
-6.616629595511360662e-08
-3.239321214349378599e-08
-1.427840331577775059e-08
-6.361324354072800609e-09
-1.971739973232339484e-09
-1.670397908489891357e-09
-6.146145802828487674e-10
-1.281590679183841617e-10
-3.597519480508313458e-11
-5.299107748514703444e-12
4.808542366939274760e-13
4.813016823747648359e-13
-1.904643792633646480e-07
-1.924675754039823575e-06
-4.194906772470971346e-06
1.021909115074497887e-07
1.408765455328040414e-07
3.734236069706674340e-08
1.475873900532221194e-08
6.435379161646316214e-09
2.907843406288038428e-09
8.177548379996871783e-10
6.460820216544404370e-10
2.428204449674701011e-10
2.219836053184907591e-11
8.970192378550743388e-12
1.119627578706594467e-12
-1.268935389304794709e-13
-3.322408756181142026e-13
-2.970507921641988414e-09
5.593532526141677945e-08
1.099851111171380016e-06
3.604278876662712626e-07
-2.598987269301640914e-08
-1.722226889913762614e-08
-6.074264528180010527e-09
-2.618741753099735409e-09
-1.300268605959275554e-09
-6.637646671576835563e-10
-2.783959874009947041e-10
-1.462208403448361980e-10
-2.119836727174867968e-11
-2.707664099950566406e-12
8.738823611036934371e-13
5.057501741185516549e-13
3.102247433241340102e-14
