1.310531403779973403e-01
1.029748551964803749e+00
4.209515272610533931e-02
1.220698520289896765e-03
2.997524162563852760e-05
3.287949784864651724e-06
3.613504402676882965e-06
5.047883424417834147e-06
-3.799901858628155818e-06
1.723081381071294738e-06
3.728979689352430623e-06
8.573148572793928995e-07
1.262398598091562963e-07
5.020403791268131036e-09
-1.022352108627061523e-09
-5.774636953789198669e-10
-5.776780962561535907e-10
-4.868865859818576058e-02
1.320119672250433807e-01
-1.367218606598749088e-02
-1.096748904068839793e-03
-5.454476931469529993e-05
-4.315763240171557942e-06
-2.583854566319254433e-06
-6.332178119615241587e-06
-2.661282650730388248e-06
1.896732801700441469e-06
5.387645589912253616e-06
7.626079043840618819e-07
5.990875511226105701e-08
-3.320318570663565948e-09
2.191970904998693188e-10
3.230846771095805603e-10
-6.905526456507572094e-10
1.350338088515911153e-02
-1.857510446577633747e-03
3.641318732843595862e-03
7.728401607125951487e-04
6.556406412523746636e-05
3.446086118512116718e-06
2.853567393902591394e-07
6.448870189051604171e-06
-2.259767777363808963e-06
-4.730477094709796125e-07
1.588240791921626213e-06
-3.591524070209896828e-09
-1.403519306225924593e-08
-3.552043686760217849e-09
1.659653862535537481e-09
-1.097981139230489880e-09
7.249925749684419115e-10
-1.329415325383448291e-03
-8.652904242132741048e-04
-4.669005949215445012e-04
-2.271486148225330146e-04
-4.838209591060175873e-05
-3.882719140704438001e-06
-9.070124385046313892e-07
2.830374767057287048e-06
4.119067382796475698e-07
2.054856425473553470e-08
-6.428438368929024247e-07
-1.183220662372885975e-07
7.677493333920946400e-09
1.611023347218375150e-09
-2.823573839554902741e-10
7.271492146823399330e-10
2.118023646287771317e-11
1.717799076611515577e-04
5.536067021596271658e-05
1.724432912203152939e-04
4.311505947425831210e-05
2.874189283156002175e-05
2.034278207194239884e-06
-8.085556052883180251e-07
-1.728483508983074906e-07
-1.683512398906374522e-07
2.276642746639472597e-07
-1.248125104243366827e-07
-1.760993913359277973e-08
8.663845075317259025e-09
5.708145532983764053e-10
-1.372782150705170182e-09
1.246749725484581455e-10
4.122017551729997529e-10
2.998356638358371759e-05
-9.115787783995931467e-05
1.058764564344203065e-05
-1.498875735725771630e-05
-1.171164001964803974e-05
-1.666853155085470584e-07
-1.372222050292962180e-08
-5.393431662372915661e-09
1.542582565758786752e-07
-1.539285367335819556e-08
1.211302648800477023e-07
6.785556760904016765e-08
8.617845820983459809e-09
7.087252333116939326e-10
-3.507047006987186753e-10
-3.907729802289158364e-11
8.165030945746744382e-11
1.167216412274483866e-04
-7.706535502053768873e-05
1.837122888634276088e-04
-4.297146106490028119e-05
-1.759013146746036183e-06
-4.815069339793397783e-08
-2.507639857805325559e-07
-3.236680440031184422e-07
-1.386314912910847518e-07
-4.780273171610244388e-08
-3.725966948612508051e-08
-9.939397592772226383e-09
-4.339373497119238421e-09
-9.521279878628666385e-10
1.112759894232937364e-10
6.370125940504869079e-11
-1.011819732411296252e-10
-2.837509746171657592e-05
8.159972092588474739e-05
-4.765939176429615995e-05
3.375511381417755600e-05
6.016949143108067862e-06
6.663985338965026994e-07
4.145547364457227036e-07
2.387080685226608109e-07
1.269685782703881449e-07
3.269716784324601699e-08
1.686955296153746600e-08
1.067521386140892911e-08
1.226932033164545042e-09
6.694387787888345578e-10
2.291897079214452665e-10
4.021992237197475725e-11
7.202640759819846493e-12
1.040698180789671675e-05
-5.321753588482355839e-05
9.807686909536073575e-06
-3.069527565877039707e-05
-6.239913012487021441e-06
-1.120858809738216650e-06
-3.225739056499766481e-07
-1.568611572683755647e-07
-7.004782653805149825e-08
-2.755481575880867371e-08
-8.594758874552902940e-09
-8.661905546377945414e-09
-2.746545846046204588e-09
-4.385502166541405505e-10
-1.532919855118189574e-10
-4.647198212668883308e-11
-3.412850515902274069e-12
6.663092212197813441e-06
-2.406430287782026532e-05
2.658608252008044906e-05
-1.644464126235212179e-05
9.564230394425710058e-07
8.558735081081736977e-07
2.417394683548771276e-07
8.827329774016914421e-08
3.332226424567496827e-08
1.497928485592094589e-08
1.492992671124818409e-08
3.149437075479362055e-09
3.179272777038965860e-10
1.314359205754744482e-10
1.939218860209330695e-11
8.022555068812757763e-12
6.344250788338716110e-13
4.915752709050478811e-07
-4.174184164869670257e-06
8.483323567993082809e-06
-6.239788559522801929e-06
1.635857917254055674e-06
-3.611153038084684920e-07
-1.177214242696877352e-07
-4.100110273344425781e-08
-1.370406051661627271e-08
-5.656256309022111185e-09
-4.315053554231088182e-09
-2.942545514849170972e-09
-2.623644395737079638e-09
-2.072420916173234162e-10
-2.163870682099356502e-11
1.968516975741679751e-12
4.227580838762307023e-13
2.514251239927823428e-02
-2.451928445639466742e-02
-1.710777528559879156e-03
-8.062718816816831534e-05
-4.428317828715090943e-06
-2.568147933080013006e-06
-2.146682517190730777e-06
5.755241271980276175e-06
3.088795308022807948e-06
2.631180623046847291e-06
4.770988186888599381e-08
-7.884808163321699779e-08
-1.356770276925749242e-08
4.333895471398590444e-10
1.074840032811507401e-09
9.122326134789962424e-10
4.842008894050361164e-04
3.366557089900401416e-03
7.176055734661704495e-04
6.256953116966072238e-05
1.603496229554175922e-06
2.541560686556072315e-06
-1.510609809146658137e-06
-1.645280141952044077e-07
-7.461961798852583343e-07
1.150506536096439602e-06
-1.093480785219444145e-07
-2.224448884468550521e-08
-8.170813188904514854e-11
-1.470495817379096045e-09
-1.871661921814816272e-10
3.268271137546961501e-10
-7.471476237827773649e-04
-4.490439562974701294e-04
-2.310011324523380714e-04
-4.779320396234271022e-05
-8.684254102159270955e-07
2.429759743732914939e-06
4.448490419785710545e-07
8.910359515729037502e-07
-5.841193746288726478e-07
-6.904694192791948955e-07
-1.402326912950795972e-07
1.155803811955189830e-08
5.014934965257639734e-09
-1.424039852970321186e-10
-5.731083303019605291e-10
-8.521972174359942904e-10
9.918359689089202113e-05
1.790872359851405015e-04
4.299111087675873145e-05
2.953987289593811727e-05
3.456424211624296428e-07
-1.190331947523166314e-06
-1.531774081897944913e-06
-2.251161195829658968e-07
2.331997467122368408e-07
-9.425849663793285401e-08
-4.452476143599570407e-09
1.202897420141449185e-08
-1.381959514179112022e-09
2.892958239764233995e-11
-7.424308307996796648e-11
-2.245976242651304408e-10
-7.947510017363538528e-05
1.319083310918418278e-05
-1.715644224047091780e-05
-1.063079273126958425e-05
1.490660486470296831e-07
2.159175380983275720e-06
1.126825298561974202e-06
1.901236130930294050e-07
-8.173232156221235494e-09
9.888118524026916057e-08
6.006532219908055466e-08
7.335520630688520359e-09
9.375301590522757019e-13
2.628500811538657436e-10
-1.817823645146765714e-10
2.521199821777227598e-10
-1.010969920030879867e-04
1.821789554586075667e-04
-4.216207813911673248e-05
-2.872307845235163439e-06
-9.456355986041543583e-07
-1.172541245022594610e-06
-4.637600303701882003e-07
-1.661558129696003108e-07
-4.689986477885169794e-08
-2.804721088862028012e-08
-6.691288658175578078e-09
-4.223806095054311637e-09
-1.241160604310247991e-09
-2.292325001991600064e-10
1.297672572458364960e-10
-7.720228587793732911e-11
8.592128581538297752e-05
-4.776650162718435339e-05
3.385911589839778765e-05
6.662488833650597318e-06
1.258154549220357802e-06
5.995465910708161503e-07
3.007710568727887096e-07
1.331873177835936456e-07
2.220931603552298556e-08
1.103086756152933398e-08
9.133801633345826524e-09
1.282511656329847910e-09
7.294854949437986834e-10
2.328722421210865573e-10
1.520258821502127794e-11
-1.688426786374061450e-11
-5.418269890303341248e-05
9.783855540731299993e-06
-3.082638236520790216e-05
-6.544060474286896129e-06
-1.329991449623937573e-06
-4.348603366790803615e-07
-1.915925979504948001e-07
-7.130987467537298629e-08
-2.393724365336273101e-08
-6.092996162287367607e-09
-7.909706647028207387e-09
-2.771796856351733510e-09
-4.753923492676004033e-10
-1.536102452321486324e-10
-4.935872351503068067e-11
3.222758169689426604e-12
-2.486728554198059467e-05
2.653205337499587622e-05
-1.639223280169553541e-05
1.122822279485028536e-06
9.489754519213925211e-07
2.961169058549820107e-07
1.187205717486756671e-07
4.557856169898718181e-08
1.650550101175008285e-08
1.388239692395628109e-08
1.986785146285140168e-09
-3.574366329447373787e-10
3.194653825109717784e-11
3.905340435478734583e-11
1.023967978052565385e-11
1.147484119568103142e-11
-4.679149299278067383e-06
8.711075802265833256e-06
-6.629090128188519423e-06
1.532610288935284883e-06
-4.101682977535523159e-07
-1.873374544600443040e-07
-7.099846867179451132e-08
-2.314932031541511511e-08
-9.847567001246209649e-09
-6.239831649744897559e-09
-2.580863956733285482e-09
-1.198535381651888549e-09
-2.912139404596946602e-10
-6.439369911057165544e-11
-9.438669189493695657e-12
2.818222689543321923e-12
-1.022057818801122009e+00
-4.191813316483423979e-02
-1.215365201488141211e-03
-2.752119097072608606e-05
2.764782130179248645e-06
4.295577320529389558e-06
6.005043799118658576e-06
3.472204199185757781e-06
-1.308213703376855201e-06
-3.726861826551843303e-06
-8.507344070812340004e-07
-1.220014383919996837e-07
-1.339736656132956297e-08
2.539370044956313473e-09
-3.062216782470803303e-09
2.669694581092241378e-09
-1.389663866463733688e-01
1.333018584412816281e-02
1.085127301803065361e-03
5.357537882998091554e-05
1.973502500709786504e-06
-1.904967740653392585e-06
-7.455273419255824109e-06
5.302972076375204061e-06
-1.036087278535772408e-06
-5.214731564437024914e-06
-7.480064479948723456e-07
-4.706718222186162494e-08
1.996515627882395526e-09
2.905401076978002927e-09
-1.229387812546808452e-09
1.086257734810457014e-09
6.695851834283563300e-03
-3.257030703042706685e-03
-7.527599986701351753e-04
-6.615677548543264560e-05
-7.485958870953671507e-07
-1.542412275427402449e-06
-4.058935489949471837e-07
-2.269555556697864491e-06
7.431743169842344337e-07
-1.644130240887201013e-06
-1.555376758410159546e-08
-3.378786145688367054e-09
5.805889802804538119e-09
-3.505931414014552342e-09
-6.664198576611175122e-10
-1.343716273245317317e-09
-5.828614389347331259e-04
2.196867436278786181e-04
2.080643706011276860e-04
4.837611315265255026e-05
3.952238830757976403e-06
4.934324082772549985e-07
-2.160299827916755825e-06
9.548771709946999490e-07
-2.955697219795247683e-07
7.286637897926855612e-07
1.440502627758089050e-07
-7.274934773948115045e-09
-1.461069647964621283e-09
5.759581693608409117e-10
-6.278714363977304113e-10
-7.217746683881012647e-10
2.487950722840298959e-04
-4.757249229955498100e-05
-3.117325416480081325e-05
-3.079556368183088621e-05
-2.408658382997488793e-06
7.582401194646667639e-07
-1.001111419708725869e-06
2.434733879293535913e-07
3.591868865452214983e-08
5.467619201079968433e-08
1.156158887451061559e-08
-9.196445335850626243e-09
-6.671474148623713942e-10
8.057034020944813512e-10
4.673097665023191211e-10
-1.057961169426224359e-10
-5.911930086321610966e-05
-6.304767807102595824e-05
1.007998279880774217e-05
1.269511633965638181e-05
7.228904781515681518e-07
4.276463479967339816e-07
5.358590627885284552e-07
4.981674983042563356e-08
-4.512839550557090676e-08
-5.561582235362576949e-08
-6.403910019792531596e-08
-6.572220335794443513e-09
-1.084006392655617355e-09
2.038559627103100373e-10
-9.864470845314619797e-11
3.811250995620874125e-11
-1.640312065222602870e-04
-1.901266485657620924e-04
4.400280903555671132e-05
1.240573792442628755e-06
-7.030980922149258786e-07
-1.439845388364027303e-07
7.458817859734768833e-08
-6.679189653209392144e-08
2.152022385722960357e-09
-1.796873449590419124e-09
7.557647742515853411e-09
2.783361854586261922e-09
1.053015986292891933e-09
-4.529261809913685181e-11
-9.272503894796153604e-11
1.187277706298120600e-11
9.155448980217373908e-05
7.459621541456981024e-05
-3.182248719405241584e-05
-5.318217088519600831e-06
3.337049594565129361e-09
-4.570809342650550196e-08
-6.810759104851602439e-08
-8.626044432851567239e-09
-1.377764038085429315e-08
5.288330810224319147e-09
-9.150823620746353528e-09
-1.153933938852336236e-10
-6.485118938177332202e-10
-1.619083197658921437e-10
-3.975656897105681176e-11
7.938482906770821043e-12
-5.410461894579415598e-05
-4.030584850977681909e-05
2.679750637578019233e-05
5.447692898000625769e-06
6.473669826456051409e-07
6.858324191939033988e-08
3.842794509228144446e-08
1.923624262251136525e-08
1.919961662943100025e-08
-4.162146602074652414e-09
7.471617397629132748e-09
1.992418937828776897e-09
3.855725670806089396e-10
1.151799083241942044e-10
4.009343256952047998e-11
8.872628515215242049e-12
-2.875364056109544573e-05
-2.768847875683930432e-05
1.915731159818362942e-05
-2.583136489388554875e-07
-5.659588559692658325e-07
-1.039709009047083268e-07
-2.806635768904790488e-08
-1.553167862122149381e-08
-8.083913489219636663e-09
-4.967434174516443207e-09
-2.880395556849590584e-09
9.629560084543990015e-11
-8.084411447626554745e-11
-7.604369313523081706e-12
-1.161096185787365628e-11
-3.185559064262041191e-12
-5.088998872884111854e-06
7.594242608832865095e-06
5.711252841108350960e-06
-2.005338013830710438e-06
2.248166212460392441e-07
6.227650633976560501e-08
1.830398854140825545e-08
9.923277728030750247e-09
2.794634173865038285e-09
7.853039591121335177e-10
2.513173500279413956e-09
2.491823897140732946e-09
1.751198908572046448e-10
9.081097944602222994e-12
-5.568151583132502487e-13
-2.856736782200638594e-13
8.482940356312815289e-02
3.591163797313783046e-02
-2.402828934128517502e-02
-1.693668068498052669e-03
-7.886625601792918746e-05
-1.386007373777622099e-06
5.243267394429607000e-06
2.189880107097614549e-06
1.995147001695017951e-06
3.173794820175605872e-06
2.710352188731416460e-06
6.046290889561685191e-08
-6.798754092021144420e-08
-9.310997166506782577e-09
-3.789970145343037609e-09
6.712775433279965688e-10
-6.114206605135408015e-10
-1.249866923053082751e-02
-4.004664448890144467e-03
2.999851000085506682e-03
6.982157568089300548e-04
6.224779799544206667e-05
2.904488877236547595e-06
-6.961614541685816208e-07
-2.008083281128079967e-06
3.431513086220335635e-06
-1.038756076181059882e-06
1.183238093218759563e-06
-1.018516350781524913e-07
-2.281314718437983677e-08
4.814253325534635183e-09
-2.662572505969400806e-09
2.869956113281728159e-10
-1.483330118779122157e-09
1.256130574766018467e-03
7.135099977289662606e-04
-2.027351492621223047e-04
-2.136550121271656318e-04
-4.952360631497882819e-05
-5.286401864590876520e-06
-1.467841548453234093e-06
-2.008550993645825483e-06
-1.515215173233034432e-07
-1.900409598333511791e-07
-7.181543073282491047e-07
-1.360394515777591215e-07
6.759590351003753822e-09
3.816274266242389267e-09
1.964532767412148416e-10
-5.478243890450200757e-10
-7.680499158599219553e-12
-1.854289838653790470e-04
-2.069259801041926851e-04
5.170954485421187390e-05
3.079424916233578684e-05
3.089302142378156236e-05
4.973265260903796934e-06
2.175747625000961010e-06
6.472071612819026050e-08
-2.895277210044373052e-07
-1.082660786775971516e-07
-6.620861079786250821e-08
-9.255249207466298491e-09
1.529496788208841664e-08
-8.926420691567971564e-10
5.147897955429222228e-10
-3.583501996143544603e-10
-5.606900839701744793e-11
-3.087206751740022498e-05
7.359586260486549640e-05
6.572301407124671172e-05
-1.018402356092786630e-05
-1.450232209333517733e-05
-2.800672376855756421e-06
6.733459601037011190e-07
3.924949669628354843e-07
9.630738336628304937e-09
1.034734399648350541e-07
5.825106355447705835e-08
5.807592233539831759e-08
5.538105977776688127e-09
-2.432566598628002624e-10
1.689827896396116396e-10
2.456313569746916182e-10
1.407509253160425666e-11
-1.153920454984136125e-04
1.373318479544536729e-04
1.882123513065791164e-04
-4.354773514205254021e-05
5.939098519822820773e-07
9.787714235722432260e-07
-4.325778692768521087e-07
-1.335122681285475241e-07
8.409285667062660104e-09
-3.222927379373019086e-08
-2.759257121010556251e-10
-5.544625188445240408e-09
-2.745155106784956987e-09
-9.712245337288623715e-10
-1.764240769895361308e-10
-7.066989250151937500e-11
4.428021518475810121e-11
2.957512258609663582e-05
-8.607846217270007918e-05
-7.439781886328219389e-05
3.138060101306392309e-05
4.556432221465506439e-06
4.861332288782465442e-08
9.661231382941224228e-08
1.033276502091469515e-07
3.739789718447634322e-08
1.908685831379130470e-08
-6.323636885757089848e-09
8.298235237949386971e-09
-1.955533620047196872e-11
4.763095831186789171e-10
1.700250610266715522e-10
2.055402335537925611e-11
-1.022047413074026462e-11
-1.092187454006799892e-05
5.272786686383642830e-05
4.027509107370678645e-05
-2.657859559013096425e-05
-5.253714592229750679e-06
-6.543042380614291026e-07
-1.213161714281167467e-07
-6.670250964462454213e-08
-3.053931323285170991e-08
-2.136142185999362374e-08
3.870780075604799071e-09
-7.164324301850510207e-09
-1.784884810940845016e-09
-3.197736024944901434e-10
-1.161100247200576225e-10
-3.038837511747581916e-11
-1.143900130555661320e-11
-6.349275988057219682e-06
2.806347608226391531e-05
2.768602408060067153e-05
-1.914664694247071401e-05
2.544517848562805535e-07
5.825419657757983315e-07
1.250464809414467478e-07
5.132731062487421110e-08
2.854844584302426607e-08
1.085038624208305047e-08
5.736957014633353484e-09
2.131604238012995358e-09
-9.688380490696866484e-10
-5.505641726615068834e-11
5.426450772865920679e-12
1.741289674947028572e-11
1.375433061855970703e-12
-2.995675381425276312e-07
4.737982188131582725e-06
-8.722502964880643299e-06
-6.284663352275109722e-06
2.079294588796944077e-06
-1.931115470541450593e-07
-9.177151684994086501e-08
-3.294097157643702027e-08
-1.436892503239200607e-08
-4.443507668031674778e-09
8.795005506960906651e-10
-2.202923147666231756e-09
-7.688838022831958254e-10
-2.173218333995206334e-10
-3.644209834979457834e-11
-8.823796891387485382e-12
2.458148569141095844e-12
-1.499719883459662562e-01
-4.285509666899226661e-03
-1.029821550276860935e-04
-1.610201571322260819e-06
2.405231083696518855e-07
7.219638628086752929e-07
-2.585254705352463075e-06
-1.967749925998026278e-06
-2.071691442021430867e-06
-1.208828197223151124e-06
-1.595190887032591254e-07
-1.276844526933424773e-08
-6.281175577700001532e-10
-2.378926538462442951e-09
3.133971161073588289e-10
3.905131628109140351e-10
5.086207993816463380e-02
3.932345927467032279e-03
1.818147278260924765e-04
7.695039198433785172e-06
-8.921148592288493595e-07
-4.423230366722228248e-07
-4.154128809391421088e-06
5.528602536128071152e-06
-3.123256508006000396e-06
-1.231885630669679261e-06
-9.808025830605182218e-08
-1.216016762023844096e-08
5.320684014422554388e-09
-1.743853587912011877e-09
8.766754532283289871e-10
-8.358295251898688159e-10
-1.410291211294006399e-02
-2.685291443931452603e-03
-2.378871897169267872e-04
-9.835010371112424456e-06
-7.511404727403125726e-07
3.533019716538742855e-06
3.050490021639898204e-06
3.333932724838513997e-06
8.278455352253042466e-07
-1.279956368308668270e-07
-2.576473298610157604e-09
-1.108970712769188236e-08
1.752908547992201923e-09
2.464724486896770812e-09
-6.981687557948647499e-10
-1.578895100326918307e-10
1.229702287404169092e-03
8.242226464728113697e-04
1.524423657958048624e-04
1.171744907324771930e-05
-2.587555422803468859e-07
-9.413628610653149841e-07
-3.165929310761469344e-06
-1.614973864308753305e-06
1.340546407014803819e-06
2.460428821440900688e-07
1.603633429698542247e-09
2.229902009913832991e-09
-5.371656666780089752e-09
1.570649004236503777e-09
-1.495958672102524519e-09
8.705425362009269689e-10
-2.488244152142461522e-04
-1.577538509312963785e-04
-8.637962618644015090e-05
-8.286179493616713262e-06
-3.357409266029241777e-07
1.496690020607477429e-06
1.285772257051601340e-06
3.291772511554351721e-07
-1.473168366562447404e-07
-9.695803702904150624e-08
-1.725508355558288580e-09
5.437108369218524044e-09
-4.316118902632599640e-10
3.151594566607021615e-10
-3.881005533741917313e-10
9.053989456870239577e-11
1.361443730047018222e-04
6.515811211668402140e-05
4.056032746125687273e-05
5.068951905291970145e-06
-2.733607179883500960e-06
-1.787273286546278121e-06
-4.364145154103184246e-07
-8.179118521818641325e-08
-1.303819943321344702e-07
-5.167534358456618770e-08
-1.082486818116231845e-08
-2.713492387144514211e-09
1.291732059980015647e-10
-7.556545741495243082e-10
3.821897366529345028e-10
-2.846988331735087863e-10
3.268646285219803447e-04
1.417869027224762796e-04
2.393925244423024509e-06
-9.206016551947099977e-07
2.323348127511546111e-06
1.212446337401249971e-06
3.778393151810028449e-07
9.632171798131176978e-08
6.203641286976197731e-08
2.837272930847288720e-08
1.185163284021973948e-08
1.872960181514588472e-09
7.254301713605853201e-10
2.908429254915045703e-10
7.845307080664510366e-12
3.998768516073030207e-11
-6.767155343644133832e-05
-1.079698096414377921e-04
-1.668434787736346989e-05
-1.650527140612211378e-06
-1.199723845360122751e-06
-6.807900119050954514e-07
-2.898699127433476832e-07
-9.797595360670543218e-08
-2.617542928683115626e-08
-5.420663168615831564e-09
-6.409412862924727445e-09
-1.222036961829626894e-09
-7.091562877252394352e-10
-1.048676158134737986e-10
-4.727576630695691136e-11
9.944898209366369977e-12
2.289008554298849410e-05
8.840505485258383790e-05
1.886550388316795800e-05
2.777698392983675232e-06
7.896585268072848061e-07
3.768859408273112390e-07
1.761764402465938532e-07
5.864200803251086409e-08
1.266422894327919670e-08
1.164238576567754158e-08
5.883850871037762653e-09
8.846306234686925071e-10
5.423319449343785289e-10
8.815904259683636276e-11
1.774979274772806930e-11
-7.535790935999364595e-12
3.021847870499077217e-05
7.016664779895668050e-05
-4.472401024846725959e-07
-2.117836779060946118e-06
-5.473426251785068692e-07
-2.154107465813303063e-07
-9.534377108167319294e-08
-3.472559775936104356e-08
-4.733243061435694032e-09
-8.728909550846634310e-09
-3.809228927247286931e-09
-3.214491324105419408e-10
-1.535698027984061993e-10
-4.975619669414667257e-11
-1.544764103088512509e-11
-3.048651502214561214e-12
-6.888043605124603467e-07
-2.373384848791221203e-05
-7.756033548448717485e-06
5.854845456487090718e-07
2.867848396171527136e-07
8.666704761572017683e-08
4.099302237044774415e-08
1.721597208246471018e-08
6.378393378461569065e-09
2.410830925382626374e-09
4.241404743248121416e-09
4.449836375620789944e-10
5.788789428918204399e-11
1.121265138768710628e-11
2.953160575653008040e-12
6.560460814123163593e-12
-1.830570660932999416e-01
-9.059247705449713362e-02
-6.047182086379980330e-03
-2.727606741288226264e-04
-1.255911358441508500e-05
-4.643971106425684065e-07
1.619020359446993613e-06
-7.845841914651128962e-07
-7.082786398098266806e-07
2.296591604256871418e-06
3.150045828738056468e-07
-1.365515702660779760e-07
-1.807046019983125529e-08
5.045543965491414884e-09
-1.969447236516756261e-09
4.797078688266199140e-10
1.483191537334178616e-09
4.090638645077477285e-03
1.291900765988668667e-02
2.501580546869012090e-03
2.237363310599583513e-04
9.332574245530475429e-06
1.980451922473599215e-06
5.035254918521383547e-06
1.037259107277325365e-06
-8.575586900088491882e-07
-1.593466405858167271e-06
-9.091036311145492919e-08
-5.904135932143924709e-08
-6.670998843519677105e-09
2.401039817730165773e-09
4.012994639210523319e-10
-9.505028867674722854e-10
1.403961763641830641e-11
3.170809101512005743e-04
-1.150666854307402223e-03
-8.237496376972868253e-04
-1.520485599114901700e-04
-1.143186942941947500e-05
-5.310696647024333610e-07
2.091631437682474795e-06
-2.084088929871916713e-06
1.478675298025535601e-06
-1.522834014003831541e-06
-2.233999123113333129e-07
8.842247691453062265e-09
1.004875202770303463e-08
-2.512740492580939232e-09
1.220029254325626804e-09
1.172385151548884092e-10
-3.554006161895211683e-10
5.679938305084048671e-05
2.594263874735814788e-04
1.594988312852960481e-04
8.523138687110300821e-05
7.576823932311254985e-06
-1.260914553206378974e-06
-1.205973256740859376e-07
3.821693968328551704e-07
-4.143901320561437220e-07
1.632932219372593595e-07
7.003034749103467474e-08
-1.316774820119447030e-08
-2.636803390813557195e-09
-8.521496292933369195e-10
1.617586541141686353e-10
2.531014441116593696e-10
1.934459317180637525e-10
5.723073739378727937e-06
-1.327102042175311455e-04
-6.213448600015567230e-05
-3.972432897779540513e-05
-3.210720503063787475e-06
6.548805222700563607e-09
-7.738327255617376392e-08
1.297635601042925878e-07
7.258969085461159153e-09
1.523035846611721190e-07
7.462488426832404757e-08
2.061534077334575821e-08
2.139071279995807488e-09
8.363506587055332258e-10
4.231304420321046245e-11
-2.081130934893428293e-11
-2.060044117089947071e-11
-3.070388121883829105e-05
-3.289611389037572133e-04
-1.435512822309124230e-04
-3.199583449675140983e-06
1.094091038640388174e-06
-1.409105677427504343e-07
-4.239568857950124938e-07
-1.602307128771426009e-07
-5.897551762989347676e-08
-8.323133527651703921e-08
-4.376331801469084181e-08
-1.563751999243292197e-08
-2.436292652130778884e-09
-5.058928515050336965e-10
-8.246853321256728438e-11
-1.076860294781029046e-10
-5.144581643632587827e-11
4.735856523679362872e-07
6.709904838083414504e-05
1.084475399114130499e-04
1.694631356972939643e-05
9.915217171461731725e-07
4.537754273547582687e-07
4.269100356210330397e-07
1.920717150086512499e-07
8.516307222896083023e-08
3.708624759803249950e-08
1.225089345458115281e-08
8.007136501833979195e-09
1.664228050965231421e-09
4.328101869771593856e-10
4.351263175734046775e-11
2.393106430298263121e-11
3.309400898944651278e-11
1.045704690554925449e-06
-2.259719845244001512e-05
-8.856960015499824716e-05
-1.881582073962867661e-05
-2.405421700533940587e-06
-5.147401187783370599e-07
-3.105577481109427671e-07
-1.405432167250965253e-07
-6.080260537144984976e-08
-1.943523942151279907e-08
-1.490964136390946204e-08
-6.721626658032089026e-09
-1.070522740765398436e-09
-4.209194317402046068e-10
-7.157220942841310523e-11
-1.750668904078319925e-12
5.460514698509979944e-12
-2.590902810666082432e-06
-3.035016993946253576e-05
-7.006243680646902770e-05
3.671693961364505534e-07
1.881127480994388544e-06
4.676922640716032765e-07
2.036795624363139312e-07
9.595617876903427524e-08
4.283067462069925550e-08
1.048092870240094148e-08
1.220550810867765297e-08
3.024028797820528784e-09
1.077646542074640542e-10
1.820779197111356257e-10
3.884239923915904091e-11
1.253016350647341369e-11
-3.796684796251902350e-12
-1.362868131896216574e-07
8.393274715681172501e-07
2.370501110463023368e-05
8.250437707233465481e-06
-4.938175242825516382e-07
-3.507679200264365160e-07
-1.250124850076469808e-07
-5.877797280565132101e-08
-3.094128437846215932e-08
-1.558982664614115063e-08
-6.204022482194743151e-09
-4.045411596023203149e-09
-4.973266662871314038e-10
-1.430639478617927497e-10
-1.319490538405135329e-11
-3.506425469895223524e-12
-6.990399854582050373e-12
