1.285344832579330965e-01
1.031194041926597693e+00
4.136981983943572444e-02
1.142091497555582048e-03
2.446087040692892186e-05
3.537535613839334608e-06
2.140091931550300059e-06
3.676881578550376797e-06
-5.239906259534916926e-06
2.164294492377463400e-06
4.479207839186287521e-06
9.718111766931506146e-07
1.368135550242474800e-07
3.509519050447154196e-09
-2.350299441417562192e-09
-1.182680950365683300e-09
-9.152569021698817366e-10
-5.393680292840612872e-02
1.479467919548927979e-01
-1.515304347862347911e-02
-1.165806811277153663e-03
-5.545616905322535618e-05
-2.936811320688813514e-06
-4.537197032412812284e-06
-8.584567359112200323e-06
-4.568839049518610188e-06
2.561364683935647471e-06
6.943242046353327219e-06
8.880399227873462260e-07
7.843339027220356361e-08
-5.978157768818945891e-09
7.792234130368122750e-10
-6.966399742560472791e-10
-1.154745192644540099e-09
1.674030662412587592e-02
-2.344359357106952802e-03
4.492274061463631153e-03
9.290172448900855043e-04
7.307685428403156607e-05
6.222586217819724411e-06
5.120230512319059790e-07
9.297609649827065300e-06
-4.184867579349021379e-06
-5.636151710113547609e-07
2.015598585512396142e-06
-4.741913503822367464e-08
-2.778258679608385434e-08
-3.714503049932543095e-09
3.026650105600180373e-09
-1.181645279242526739e-09
7.408362013212268750e-10
-1.861520071601892572e-03
-1.255262699863771364e-03
-6.398510963222990783e-04
-3.080611772392117956e-04
-6.440082684972109057e-05
-3.389793560576773604e-06
-2.235437150514415493e-06
5.003289956418698983e-06
5.966205480862135884e-07
1.149463341023374583e-07
-1.096062826424533565e-06
-2.152967559640676849e-07
7.715333098272246583e-09
1.182548754784726196e-09
-5.029857054085553954e-10
1.667455583675372021e-09
-2.110907339399410413e-10
1.273808844850004218e-05
3.109798521216418756e-04
8.990794676456571725e-05
5.285583916617726249e-05
4.237627994737134401e-05
3.629701598053098620e-06
-1.128098485729671192e-06
-2.951393616954053603e-07
-1.371122547119261650e-08
4.761635856567284451e-07
-1.324019718055417504e-07
6.433335325265292740e-09
1.688062087234241949e-08
1.455703566477097978e-09
-3.281137450709602387e-09
5.892193338879517932e-11
8.243673873240464956e-10
4.031012919154384111e-05
-7.911411870504153924e-05
-8.241670210639984580e-06
-1.068385000469479636e-05
-1.912067277327962841e-05
-9.115332890892065751e-07
-2.986822855086087175e-07
-1.434211303690303044e-07
2.129772323923914106e-07
-1.096913564049865099e-07
1.698951212576959992e-07
9.520644393867878004e-08
1.191700366539889564e-08
1.067097013522599055e-10
-7.688113436770197877e-10
-9.508121049821098323e-11
1.674896191317326497e-10
1.605565189283391953e-04
-1.215856253601902629e-04
2.576807920265783143e-04
-6.215400551015423766e-05
-1.109671730595602531e-06
5.834120110184168754e-07
-1.621249026382782027e-07
-4.531653822521130084e-07
-1.979484147420016953e-07
-6.843552353861743327e-08
-6.889167574062885838e-08
-2.815541404353111355e-08
-8.231434862939035289e-09
-7.853734365695685401e-10
4.150968749185257395e-10
2.430958284180418448e-10
-2.134100212360061015e-10
-4.325741898675594416e-05
1.314047414830983682e-04
-7.247268888548463338e-05
5.208945157594516438e-05
8.989340947025984476e-06
6.583661002636818588e-07
6.042514021260354101e-07
3.875459497484291753e-07
1.918370757275158373e-07
4.102035407365628414e-08
3.203522093817509459e-08
1.974561833553478842e-08
2.065949166531557772e-09
9.621518500425284593e-10
4.836812423247177726e-10
5.024112729096575354e-11
3.054705339834605148e-11
1.521252602635226216e-05
-8.891136824583398908e-05
7.506412009301463766e-06
-4.970751136876494980e-05
-1.036784102549227451e-05
-1.839377125652952550e-06
-5.113633572262097264e-07
-2.792574281450614477e-07
-1.234609972475203238e-07
-4.910780796106351379e-08
-5.694794787201255051e-09
-1.528184589176890073e-08
-4.458065669027655019e-09
-6.815926081135335135e-10
-3.663769288985962488e-10
-1.098266941771345000e-10
-2.090885476473232423e-11
1.380250596418651202e-05
-5.125568475247836199e-05
5.342935277748842092e-05
-3.487879399569466615e-05
1.502531950502709688e-06
1.595921156792043910e-06
4.393199498416464193e-07
1.602308286801474839e-07
6.287964670591000972e-08
3.311266340306242977e-08
3.390354110428141539e-08
5.527767797882342722e-09
8.314940616700802228e-10
1.449169712005164565e-10
2.925189826866808145e-11
1.430522862010389335e-11
-4.768197743915606091e-12
1.130557040697482335e-06
-9.398523777349697609e-06
1.901075870238965005e-05
-1.247883055360742261e-05
3.704527437189865148e-06
-7.558021280213655804e-07
-2.261082175339058789e-07
-8.225478790058841782e-08
-2.629326345691597904e-08
-1.384325359426185972e-08
-1.160537551471115005e-08
-8.548765330012435958e-09
-6.666536343775452337e-09
-4.408224547873632567e-10
-3.093207308019827322e-11
1.347497959084793494e-11
9.307634136753997349e-12
2.830157306389889660e-02
-2.713893339268870844e-02
-1.827267143923419664e-03
-8.139046887522157208e-05
-6.441623263288451648e-06
-5.187275135301373886e-06
-1.915523391822461747e-06
9.016471234365593430e-06
3.905896171623934563e-06
3.681262460309870910e-06
1.196707778922330854e-07
-1.035476620965828391e-07
-1.573956337369991198e-08
-1.231787569723250259e-09
2.473892740899829228e-09
2.569528200333175697e-09
5.177285846141924108e-04
4.147978051921694456e-03
8.585827509330928213e-04
6.851161989380910350e-05
1.909814841622141740e-06
3.287829491070010695e-06
-1.552502040728808059e-06
-2.358732863745287093e-07
-1.155201366914661169e-06
1.512929679157343923e-06
-1.844952549967754355e-07
-3.606535366065348749e-08
8.602587193791703139e-10
-1.376337786857248759e-09
-4.235720322036643788e-10
5.301851620256848294e-10
-1.071474610157979691e-03
-6.105999316732260620e-04
-3.132805242809451915e-04
-6.216177634910467602e-05
-1.529861379851114311e-06
2.506845503971090951e-06
-1.648025762966783289e-06
5.548886276645430969e-07
-7.417924680164638121e-07
-1.139176816208499706e-06
-2.550513930792274598e-07
2.482240514168053318e-08
8.483469093343324809e-09
9.495913947491214304e-10
-1.802359649393998033e-09
-1.760796264164404239e-09
2.571094396587450602e-04
9.575220773984123980e-05
5.096091417597797292e-05
4.311205457303002433e-05
2.002101939137563452e-06
-4.530531588108088598e-07
-2.195945605266203991e-06
-1.417445804703099765e-07
5.238143512345804119e-07
-1.015281077663646912e-07
2.197953824585839418e-08
2.005292587742158786e-08
-5.367954222598514522e-10
5.247153068544065804e-10
-4.883520628141403560e-10
-2.195555687660948653e-10
-6.444134315757810648e-05
-8.135278521335402357e-06
-1.366351424735440392e-05
-1.803999158609104995e-05
-1.349536519289466705e-06
3.129480030590749198e-06
1.806620530058550018e-06
2.476933145207119896e-07
-8.496411723500512875e-08
1.409317843148397559e-07
8.838292425464270129e-08
9.365825500821353872e-09
-1.542312983407492841e-09
4.470052635694531591e-10
-2.427342397880294006e-10
5.902083230426916877e-10
-1.554178089282588565e-04
2.565972911471400982e-04
-6.053415749147479056e-05
-3.007999329064594140e-06
-5.923936487124242423e-07
-1.828487145042286641e-06
-6.571564869337846335e-07
-2.196686666627309783e-07
-6.565871537700297387e-08
-5.340848599689463852e-08
-2.411266509500327625e-08
-8.163620109286282775e-09
-1.878560391999547060e-09
-4.664902574284437779e-10
4.115810399233660280e-10
-2.240284175480884374e-10
1.371700080465217716e-04
-7.312532862702738029e-05
5.206204400777898555e-05
1.029495944912261339e-05
1.661593081105304086e-06
8.915704540641150354e-07
4.353697263927879965e-07
1.957354022741434057e-07
2.267468885602123343e-08
2.370489342397203688e-08
1.833876078881124681e-08
3.132128246187518228e-09
1.171413082742435699e-09
4.211855499721193588e-10
-3.371941302014857332e-11
-4.659387326304558410e-11
-8.958733498505748265e-05
7.623926941935830135e-06
-4.984607232756705514e-05
-1.101934777398944891e-05
-2.197511004282728829e-06
-6.821431708260296043e-07
-3.368535041069225115e-07
-1.233242437730497092e-07
-4.496939429583866824e-08
-2.642995722949377029e-09
-1.448703346701233169e-08
-4.854405546239121828e-09
-7.200807360886133465e-10
-3.311653939091007823e-10
-9.371289364624312684e-11
6.432132711515732951e-12
-5.277319294750469842e-05
5.324594671830472587e-05
-3.482832751292015114e-05
1.883921040366039318e-06
1.760316746845889960e-06
5.531700402586594130e-07
2.339300152844080202e-07
9.456791100979238735e-08
3.958006681892054801e-08
3.207933441796122080e-08
2.619189417631316442e-09
-1.278119522550022528e-09
-1.373029985119016968e-10
1.061543425153939855e-10
2.411825422835209709e-11
3.864285632463943517e-11
-1.057211811672315187e-05
1.968146622982395696e-05
-1.341801455932586806e-05
3.474567805882410280e-06
-8.572880232190084128e-07
-4.001966425714875098e-07
-1.509764494102316112e-07
-4.922390011446645669e-08
-2.308192143919627353e-08
-1.668164742209517556e-08
-7.721171554076350403e-09
-3.099655452813068613e-09
-7.840406066938746297e-10
-1.775937439318735538e-10
-3.191193335425947208e-11
9.601970873531884296e-12
-1.024007661514611867e+00
-4.122741185910022699e-02
-1.136839823173733770e-03
-2.082511436247438345e-05
3.309371800924008984e-06
5.474574783306685820e-06
8.849495528370883980e-06
5.048794175744871872e-06
-1.629012231078607615e-06
-4.458142786663069803e-06
-9.657071943002098329e-07
-1.263566620457960962e-07
-1.639303333166494267e-08
5.757746787728733953e-09
-4.318081088975322301e-09
4.714878270106445845e-09
-1.553799205417309148e-01
1.480497691634591155e-02
1.156373709287319669e-03
5.317718704562052450e-05
6.848453304205170191e-07
-1.417065381555137608e-06
-7.638454101615304272e-06
7.603820903800618146e-06
-1.486214249153623374e-06
-6.806608157621390172e-06
-8.621164106393068986e-07
-6.457021999230079391e-08
3.807485762309469021e-09
3.909649773566902525e-09
-1.893757007595793347e-09
2.452656603668713767e-09
8.181238361183187924e-03
-4.053441123679756182e-03
-9.059214907808380230e-04
-7.356504298334786980e-05
-1.837216460348512718e-06
-1.527267979769094870e-06
-1.235798086439958369e-06
-2.760549320436476344e-06
8.848272613175107038e-07
-2.072753481196066954e-06
2.185470904113598240e-08
5.282101208059380105e-09
8.425519652375191608e-09
-5.610801869263070539e-09
-1.856542834217463975e-09
-1.747005889055107286e-09
-7.210798109638797207e-04
3.193790757054941259e-04
2.840661620430141800e-04
6.233766357625950244e-05
4.312036996578217214e-06
1.179663056374280921e-06
-4.339052904340895119e-06
1.587720893306817716e-06
-6.013985342169904134e-07
1.206699157823099011e-06
2.462949008824225172e-07
-7.629717635352487204e-09
-7.307213649788057885e-10
1.859804247863409682e-09
-1.568182813497408513e-09
-9.416526833052783766e-10
4.987603508885723639e-05
8.888292178897462547e-05
-3.439462308094281461e-05
-4.372350933938640372e-05
-4.667139720321982473e-06
1.304652377334666866e-06
-1.833984379159443700e-06
2.482449925593962363e-07
6.038791481475530448e-08
3.390772779364591373e-08
-1.148699420876734061e-08
-1.644618733912194281e-08
-1.463093819069755597e-09
1.725002200475944439e-09
1.230415255900777181e-09
-2.412743014441783650e-10
-3.235198366617509383e-05
-7.061425880709044890e-05
1.299912690914997933e-06
1.980103683887373379e-05
1.616467593467106879e-06
7.026231046254408808e-07
1.182999376513186351e-06
7.182288009603942331e-08
-7.484955051616400505e-08
-7.209224717974984503e-08
-9.314579362625659808e-08
-9.581449593615073204e-09
-9.642807854989611208e-10
5.401385636486458648e-10
-1.775907311506525885e-10
-3.827404039309056053e-11
-2.471415706649638896e-04
-2.655042498917638684e-04
6.551466449492383078e-05
9.789741978791229644e-07
-1.608491735910900839e-06
-3.205185814177594042e-07
7.482087775641091313e-08
-1.276489470420594210e-07
1.435220077306958458e-08
-2.293874223512319455e-10
2.641724784390729665e-08
5.926317566556403677e-09
1.023627714193887849e-09
-2.166752394366259613e-10
-2.337455617383334116e-10
2.187487271790699938e-11
1.443214437317023044e-04
1.150759763977665315e-04
-5.013186742481848181e-05
-8.307353210844439930e-06
4.278635891161051523e-07
-4.116141058439881346e-08
-1.415731693267968229e-07
-4.470774347630123410e-09
-5.354086369369854871e-09
9.050244750489870659e-09
-1.762962210196393855e-08
-3.393865104189968286e-10
-9.103249714082523777e-10
-3.093620083492724392e-10
-1.037543982856505486e-10
6.481334079262299310e-11
-8.682836671686915435e-05
-5.881914245175252925e-05
4.335618273227892337e-05
9.231648399451489490e-06
9.828190751779387408e-07
6.417631118399632990e-08
7.031606435377019225e-08
4.221681642615313600e-08
3.639189851897033018e-08
-1.747268864105187566e-08
1.321576978118033421e-08
3.231068377756838701e-09
5.045836730628324048e-10
2.796491129739241751e-10
7.664179812835199733e-11
2.390009282842430540e-11
-6.017588456608576319e-05
-5.730460707336726916e-05
3.995449074747228573e-05
-2.777606343857854876e-07
-1.040098963461231198e-06
-1.675147214237406150e-07
-4.310696875107573443e-08
-3.254267268798486629e-08
-2.124908811341491790e-08
-1.371638590985639546e-08
-5.265780373642803930e-09
-8.790005935076084965e-11
-1.513932348353758005e-11
-1.641499883770762432e-11
-1.738929897061519397e-11
-1.541651579441835186e-11
-1.152926720500687561e-05
1.603914839732144604e-05
1.138064939286270513e-05
-4.450164980514579920e-06
4.737518064884371058e-07
1.061074764809737936e-07
3.439967263045736109e-08
2.177529358647357442e-08
5.027371497605189128e-09
3.400362028008061174e-09
7.547120680468239255e-09
6.452184680171267858e-09
3.677814027387854204e-10
1.332177158104108721e-11
-4.289234558246575190e-12
-1.902538498804483728e-12
9.389609286886020645e-02
3.986756974279537236e-02
-2.663897245720445520e-02
-1.810585290597167829e-03
-7.778253173905011161e-05
6.972083158435374108e-07
7.009908901775718277e-06
4.063811453806232953e-06
4.310913451101251220e-06
4.272345718195067224e-06
3.703414106567401655e-06
1.417984798952739890e-07
-9.734168871653671432e-08
-4.586416652265161456e-09
-8.841948043672425505e-09
2.528125172590105805e-09
-7.976699036448659721e-10
-1.549572255500148918e-02
-4.887058419040812146e-03
3.728544654786995760e-03
8.362811244981728639e-04
6.883912096021999928e-05
3.352019932924489173e-06
-3.437865004729677639e-06
-4.045935710603365106e-06
5.436673277437220957e-06
-1.479543750206973847e-06
1.559607166172825867e-06
-1.633962961650787320e-07
-4.048548174094652351e-08
9.545816619349388392e-09
-5.235262763991532195e-09
1.202100476793246051e-09
-2.759701490810690056e-09
1.730552975982758805e-03
9.136612059231399418e-04
-2.915237838969264497e-04
-2.912898925922359863e-04
-6.563594414352481323e-05
-5.495801119188585428e-06
-2.105293839079861420e-06
-3.929401179135684682e-06
-1.066338445774083799e-06
-1.893101930343865774e-07
-1.164473176575794923e-06
-2.578892372018891119e-07
1.848744403220304912e-08
4.288611155198641237e-09
1.935057237738434278e-09
-1.933245999856630249e-09
-1.882879842485012921e-10
-1.064365034377299488e-05
-9.655800867690632696e-05
-8.653172250335774886e-05
3.248684371413219679e-05
4.318502682417238708e-05
6.487723116918714113e-06
4.077461977971565382e-06
2.594122572054537702e-07
-3.497498698065235632e-07
-1.015503545856936565e-07
-5.005624583710195946e-08
1.729557352306076600e-08
2.517473076430456483e-08
-6.524776631415985933e-11
1.555056768729948013e-09
-8.182619786440498219e-10
-1.371265471806894100e-10
-3.613708616457837801e-05
4.729094171312280860e-05
7.191907834316267319e-05
-1.070782553855749664e-06
-2.279248744319453655e-05
-4.616477591953395191e-06
1.206161081504317222e-06
5.377834802352396441e-07
-1.783351211247198879e-08
1.727307703085228302e-07
7.169384388296759828e-08
8.651607646306588752e-08
7.546354283836324034e-09
-1.593635346463840990e-09
2.986564129724726666e-10
5.175430686482903885e-10
1.078221608065991717e-10
-1.596968357792904721e-04
2.102649985536280406e-04
2.628827558727664317e-04
-6.487041450018357354e-05
2.576866079934106806e-06
2.010953792994578869e-06
-8.662946970809624815e-07
-1.634362434084717555e-07
5.588712128961604779e-08
-5.734613114184449620e-08
7.668434525866899089e-10
-2.293916797646996248e-08
-6.452284589016973132e-09
-1.455126254612375187e-09
-4.833301944948564801e-10
-1.058276316514466153e-10
1.318680523269613796e-10
4.568761831580415436e-05
-1.365440353617241817e-04
-1.148092967002519777e-04
4.929431877941514316e-05
6.653132407807996814e-06
-2.418266002380130193e-07
1.213094562032068612e-07
1.495696155500616756e-07
4.873823090135773282e-08
1.031405494208330488e-08
-1.102939299902197000e-08
1.655549600090236898e-08
1.090138778475234056e-09
6.624162059208240998e-10
3.618199524530707279e-10
2.850504285443356521e-11
-5.847762895048748494e-11
-1.636316665537922358e-05
8.527112571617172969e-05
5.882797283139036624e-05
-4.292447655486613002e-05
-8.810196294266430244e-06
-1.018137731717910621e-06
-1.155905824505600237e-07
-1.161462454019642119e-07
-5.810956402132228977e-08
-3.804848864616257883e-08
1.570381966740781328e-08
-1.309084180794356143e-08
-3.032213635863660081e-09
-3.505241552036456591e-10
-2.791583006721604223e-10
-4.189536173556191614e-11
-3.141035698429219292e-11
-1.317363087577905415e-05
5.891684789205158966e-05
5.733465004282624502e-05
-3.983579988862109904e-05
2.684099874907083268e-07
1.054023755321386826e-06
2.015054197488015186e-07
9.484517226033434732e-08
5.933898309087709028e-08
2.752988465492956249e-08
1.574145438559434959e-08
3.277641193170811168e-09
-2.572170431585754734e-09
-3.428338352890414282e-10
3.331296979899607522e-11
3.833583818692739444e-11
4.863010076121636654e-12
-7.211273200310587580e-07
1.076154468500929915e-05
-1.877307319216957773e-05
-1.281693291892557009e-05
4.659430301391554884e-06
-3.943955383383547206e-07
-1.779671390183457503e-07
-6.033679346725816469e-08
-3.226971775248902514e-08
-9.145201005807952434e-09
1.919258847579381972e-09
-6.662439404110705297e-09
-2.175732756299520865e-09
-5.698893401108195996e-10
-1.233284130754841702e-10
-2.605663243562141791e-11
6.228233723141730411e-12
-1.473852375757060407e-01
-3.987104183220162128e-03
-8.586884509883376600e-05
-6.959868053006761338e-07
-1.626624483014409883e-07
-7.210353103809305526e-07
-3.794153803053763142e-06
-2.015729757294229894e-06
-2.641488662081698645e-06
-1.495173233175828041e-06
-1.366416811190842772e-07
-1.978667532867579865e-08
2.707121796398688681e-09
-5.835417512604645720e-09
5.557686612484700696e-10
7.516088645067491638e-10
5.622234924744627660e-02
4.219028386505873848e-03
1.821575895239357012e-04
6.849852240415263642e-06
-9.257890661820988822e-07
-6.180717728321402526e-07
-4.810544385770637676e-06
8.447136954244918719e-06
-4.795375072912987235e-06
-1.453549857917698841e-06
-1.028710677205224223e-07
-1.747464074241819132e-08
8.555224238980029251e-09
-3.125620949842420129e-09
1.907522982877590212e-09
-1.326432507857792830e-09
-1.745256049908100113e-02
-3.226571862799191594e-03
-2.693286413106450445e-04
-1.072320611999207713e-05
1.275939370874510292e-06
6.606906408310085804e-06
4.200363003892389226e-06
3.081112833000408157e-06
1.492083709633711470e-06
-4.875362814509736744e-08
-1.253364446642040693e-08
-6.847765258010100197e-09
-1.830379743258507439e-10
6.948353537346182032e-09
-1.242899771824017962e-09
-1.391628704392625835e-10
1.725481549309292777e-03
1.113582608268200679e-03
1.960301092570917146e-04
1.311930816657051320e-05
-4.611820466363535274e-07
1.083640072160575613e-06
-4.103097863745487380e-06
-2.636804720176489978e-06
1.971215644172082651e-06
4.334178438170372175e-07
-1.924540191041228685e-08
4.331245398060300849e-09
-9.282674638633506882e-09
4.776015320683967992e-09
-3.580498645885085173e-09
1.818507881428647031e-09
2.144699412558180888e-04
-1.852462310778447876e-04
-1.234684627684879495e-04
-1.265954147747611985e-05
-2.964681281099473362e-06
6.899862189405169480e-07
1.193382378023209027e-06
7.149961683977895480e-07
-2.514819053974663999e-07
-2.632577977141921799e-07
4.009844402477437405e-09
5.197382265594291379e-09
-2.177403519807911201e-10
-6.310134263040795298e-10
-4.166726295410088521e-10
-3.353100315117718646e-11
4.326262729859386784e-05
4.134722003680147838e-05
6.314477191985609628e-05
9.592491985500017205e-06
-3.581362196499801327e-06
-2.371083563265712364e-06
-3.162141211423153166e-07
-1.384224791794594188e-08
-1.980511678400072339e-07
-4.194244478754171580e-08
-1.929835595756538260e-08
-1.598959783551752333e-09
9.015305744367752700e-10
-1.541604521431345892e-09
9.459900620729584723e-10
-5.231870734334125929e-10
4.797295898763465267e-04
2.147361644947563429e-04
1.193684027186301537e-07
-3.194608916873597200e-06
3.846101414360121725e-06
1.822148716764055266e-06
4.673828192313240648e-07
7.969577131377474357e-08
6.580133348990966724e-08
5.218134554477528505e-08
2.634983354379170188e-08
2.140713983115928663e-09
9.768202353420781188e-10
6.409922239264422587e-10
-8.661534104474908753e-11
1.545500145698982262e-10
-1.069596465473738028e-04
-1.699084295851859732e-04
-2.560725771124915139e-05
-1.690704273657580378e-06
-1.946091065183681612e-06
-1.066369270721228211e-06
-4.362830491377641208e-07
-1.531802713934650445e-07
-3.041070535225788346e-08
-1.247689305543856163e-08
-1.478365092810512374e-08
-1.506332721813869179e-09
-1.315848436772559873e-09
-1.594830567525449667e-10
-7.900731834401857146e-11
-1.626871414377930940e-11
2.954919393859689624e-05
1.409716309013567270e-04
3.176310561169452058e-05
4.498720491069390336e-06
1.214036300182170856e-06
6.370662208778187559e-07
3.009030984682442761e-07
9.410339187202132699e-08
2.238972243052333005e-08
1.994099246726164946e-08
1.259007065741635820e-08
9.235040526690125155e-10
1.119273145552320337e-09
1.322189915289420151e-10
2.587350100804795536e-11
-1.946637195648978393e-11
6.118885886227591977e-05
1.456141081749801687e-04
3.487239496361004021e-07
-3.976998552749101577e-06
-9.425203485177649730e-07
-4.041611572548338878e-07
-1.828248640680343023e-07
-6.759041409110624642e-08
2.101698694311151664e-10
-1.757392655902381387e-08
-8.840042664538880092e-09
-2.855027680968931885e-10
-3.206889260458473838e-10
-8.443425032286439718e-11
-4.635510455019252796e-11
1.459676485368639994e-13
-1.012690558250386443e-06
-5.085880522886045070e-05
-1.711808645440598273e-05
1.211317904929870960e-06
5.815871991349943001e-07
1.693841270131764320e-07
8.993756320937632464e-08
4.193056303260324085e-08
1.021333758323906618e-08
2.547849062946077780e-09
1.106545102371136551e-08
8.228450289334233865e-10
1.236954907690934479e-10
2.123141248435481104e-11
1.916457998845666781e-11
1.697847941398331400e-11
-2.043827799236724863e-01
-1.002691232597965887e-01
-6.498503939278725203e-03
-2.736672927063963463e-04
-9.900425842529455352e-06
-4.263064656631880974e-07
2.512710116744893429e-06
-2.912879679987887507e-06
-2.217698715616181698e-07
3.663000755440701293e-06
3.287412509860276648e-07
-1.660256209026734350e-07
-2.050061356508766962e-08
1.041288845866022567e-08
-2.490662461313608264e-09
-6.351090927753215942e-11
3.020313486733286250e-09
5.114250312428532570e-03
1.599312756131356789e-02
3.005851431655905820e-03
2.525910115584662418e-04
1.198310986066470939e-05
1.952842093166813693e-06
7.185222832926953964e-06
7.495706167530624958e-07
-2.892937060896078423e-07
-2.630029223730126347e-06
-7.542697305548949799e-08
-1.044756385652526530e-07
-4.077896814101138530e-09
1.636165271202000517e-09
1.666122635590004857e-09
-2.430194885005017685e-09
1.855556304090769514e-10
5.017590967253750560e-04
-1.585692652319166873e-03
-1.111714283337169457e-03
-1.966464424244213451e-04
-1.318873088227916050e-05
-2.646868404115993292e-06
4.509681412825714094e-06
-2.656456908911669885e-06
2.381229022827218512e-06
-2.207414492572879174e-06
-4.217186420579341858e-07
2.254265076483695247e-08
1.070058242094082189e-08
-5.682553826904123413e-09
1.802703318601656234e-09
3.515985351776580718e-10
-5.827346821329839290e-10
-1.397877576496340526e-04
-2.370044526025734714e-04
1.885572695029344046e-04
1.224981783334248961e-04
1.218470650331905272e-05
-1.174629124882336992e-06
-6.021795336747735604e-07
8.523823524054740585e-07
-9.139581982189339170e-07
2.979914231512109028e-07
2.166410954036171961e-07
-1.178113582404788743e-08
2.282403245752075666e-12
-1.224813865275258601e-09
1.757145764598531592e-10
6.919663467977421205e-10
3.282253210709609237e-10
1.152910334069909538e-05
-3.691924942499136590e-05
-3.821848160661605009e-05
-6.118706038300656010e-05
-6.333156743783935859e-06
-3.243001380062397045e-07
-4.067730967290307655e-07
1.732951335166550158e-08
-6.203585959413357092e-08
2.326181329717445210e-07
7.209218711260605357e-08
3.211608922882079548e-08
4.420359827098109990e-10
1.550581261064590407e-09
2.209174152357234285e-10
-1.126414220865820982e-10
-1.664322471856383793e-10
-4.607038997053033248e-05
-4.843772455519689771e-04
-2.176355053106942606e-04
-2.025523193610514333e-06
3.135137593404343623e-06
2.540216608928679984e-07
-4.887928806698486792e-07
-2.076190159195870922e-07
-2.404819717515466879e-08
-1.032462777347525320e-07
-7.271352004261347750e-08
-3.197562223337200948e-08
-2.238921292756623352e-09
-6.698146005312843599e-10
-1.537041039500153501e-10
-2.984130513903901555e-10
-4.218168440473017394e-11
6.069582176973871278e-07
1.062469396075382990e-04
1.710228043918520402e-04
2.629892684478129077e-05
5.356311346672694446e-07
4.518852112776979491e-07
6.962211064683864676e-07
2.860697684161081370e-07
1.360929186290071630e-07
5.113834269521466034e-08
2.222775269366393994e-08
1.640414544953348674e-08
2.066340452348521951e-09
6.455325027150920586e-10
6.323471112074882389e-11
6.593545502109243412e-11
9.022671261017610882e-11
2.958567329038196422e-06
-2.911105439598481694e-05
-1.414579383711214180e-04
-3.174830726829661005e-05
-3.767088873912490045e-06
-7.270896146885817865e-07
-5.580329912489783719e-07
-2.466737487998070106e-07
-1.030565830815290160e-07
-3.511537456807687413e-08
-2.542328509101523231e-08
-1.319625241823872095e-08
-1.185593296953280862e-09
-8.631552005128520474e-10
-1.309455841773399828e-10
-1.915564349572756019e-12
7.708199033605364339e-13
-4.887664875032404492e-06
-6.120556040199644915e-05
-1.452587848379740675e-04
-4.853339267835128543e-07
3.486312526561459488e-06
8.216651674441801232e-07
3.943362356463392606e-07
1.976634744315392389e-07
8.874923446825851212e-08
1.352511380864159579e-08
2.748810286966786505e-08
5.709745847830592674e-09
-5.387604500882899989e-10
4.772877989447477373e-10
9.659778570442169967e-11
4.285245502452834923e-11
-1.263792570319754662e-11
-3.570221180162587017e-07
1.325426565752865076e-06
5.073848346343674576e-05
1.834161528729100234e-05
-1.010471755743286904e-06
-7.466742588098257438e-07
-2.580709135528487802e-07
-1.357615465059452095e-07
-7.857307996009140467e-08
-3.619831337673178153e-08
-1.298977191843958062e-08
-1.045497669648716660e-08
-9.834672682245990435e-10
-4.372531402357111568e-10
-5.032351973003676966e-11
-1.264462059385285356e-11
-2.536612225849005685e-11
