1.364935952513958162e-01
1.026760888724070675e+00
4.365303082362220755e-02
1.409643554570716960e-03
4.524864518510001831e-05
4.781808127367061778e-06
4.003588598058547362e-06
4.139316735283852333e-06
-2.239881165477924901e-06
1.313300525957055208e-06
2.697566111670560629e-06
7.333577485614807572e-07
1.154115043279427837e-07
8.121406743307910505e-09
-5.501443163085989173e-10
-5.973974683985185701e-11
-3.806076259680459653e-10
-3.412467446278992511e-02
9.024594112534835288e-02
-9.579453415393223217e-03
-8.377022241743337832e-04
-4.660955444785344046e-05
-3.145881059983758286e-06
-2.179379917192068256e-06
-3.757896019770736149e-06
-9.077496706378344237e-07
8.273114112197856716e-07
2.990983040795358990e-06
4.985360935459175302e-07
4.239581930563215523e-08
-8.080683048181113375e-10
-5.923083427198139460e-10
4.816842656857006851e-10
-2.962932531613971571e-10
6.477692087062466783e-03
-7.800057926901076289e-04
1.763327848469283194e-03
3.938346265518561577e-04
3.746103801021044338e-05
9.463204232315592387e-07
1.589873394331258821e-07
2.905962903900806416e-06
-2.834343018190353076e-07
-2.406322779853689977e-07
6.899007257269777132e-07
4.145466608145501341e-09
-7.755883018399341524e-09
-3.000974682047327428e-09
2.885293286944042278e-10
-5.451152609154856110e-10
2.696326868791920654e-10
-3.679781260050849802e-04
-3.465958117861404225e-04
-1.194482376331570066e-04
-7.285647027859159012e-05
-1.667147415035709639e-05
-8.731204092924234877e-07
-1.443778646347594304e-07
5.096721900448040067e-07
6.852047634562009480e-08
6.401332286478902987e-08
-1.404683474338120522e-07
-1.267621274431965939e-08
5.374305855525978164e-09
4.001599383393305229e-10
-1.066328100322285895e-10
7.873984985225316879e-11
5.366652450758038086e-11
1.512931748561939125e-04
-9.403648361783232352e-05
1.171098487219655708e-04
1.510633647145298174e-05
6.503091353462590016e-06
2.353910859771873522e-07
-1.927128280030430433e-07
-5.055859381219920261e-08
-7.318164605454190675e-08
2.621274141423615701e-08
-4.948527668044557268e-08
-9.980297052429843306e-09
7.008914504273902568e-10
-5.377040267703633076e-11
-1.363102299132663477e-10
3.544341336976278295e-11
5.891852727272894232e-11
8.868142544253217974e-06
-3.698748936163182748e-05
1.045739628373776167e-05
-6.232469519521180337e-06
-1.698698096231534986e-06
1.487050894170486482e-07
8.268714458116358301e-08
4.587244244166093582e-08
4.175521910592130396e-08
8.073943574195343349e-09
2.596734085552639746e-08
1.589357922375683377e-08
2.275662117447822223e-09
4.086958954012988258e-10
-1.081231828243039131e-11
-5.803906640141291631e-12
8.390674274336286387e-12
2.283375906730609450e-05
-1.271703166103478673e-05
3.492709670942504066e-05
-8.246097581781788681e-06
-6.701312291294417128e-07
-1.475772150753645027e-07
-9.140001601885058887e-08
-6.693752750049018741e-08
-3.022254754568595788e-08
-1.121801160247571550e-08
-5.851610031253912492e-09
-4.994202802461266859e-10
-7.524780020125076356e-10
-2.162407185271109535e-10
-1.345382101223115287e-11
2.487878932220024452e-12
-7.786320313096379112e-12
-3.966642024816886448e-06
1.078660106630662216e-05
-6.442542299309355873e-06
4.802243054411283684e-06
9.104694685213537572e-07
1.491829035537526187e-07
7.004094785183339196e-08
3.446416853593662271e-08
1.840688315065761748e-08
5.656035441363949068e-09
2.315627201650267645e-09
1.484400606537221355e-09
2.322550864687734133e-10
9.760823912510891966e-11
2.343139314164426552e-11
4.292654837886882486e-12
-2.540050677544122264e-13
1.375898398113298642e-06
-5.688579129925011692e-06
2.082372497052772518e-06
-3.493948314780225177e-06
-6.755162612927817483e-07
-1.262422069304420345e-07
-3.750715238452638415e-08
-1.673796271292923705e-08
-7.183572727344954342e-09
-2.828051162489000285e-09
-1.332565130657619443e-09
-9.170996753575403070e-10
-2.919735608156222249e-10
-4.616261279786310302e-11
-9.886793302449526967e-12
-1.859790280211662205e-12
3.590051030550100921e-13
4.054833848219701376e-07
-1.358283964248314951e-06
1.693172490326158606e-06
-9.289268598578603926e-07
8.805668912450350921e-08
6.336614730057410510e-08
1.893456378552924651e-08
7.150047231738009039e-09
2.809284041515970855e-09
1.194234974969358598e-09
8.845833791980071630e-10
2.326323803113639201e-10
9.221695343642523584e-12
8.657975038090012616e-12
6.631986294061432872e-13
1.313199076219276006e-13
-1.479284798882956641e-14
1.725465865007326094e-08
-1.825642303505734968e-07
3.719967321101933745e-07
-3.275857811815585268e-07
7.038427117399988419e-08
-1.774606086344495986e-08
-6.870479281201543260e-09
-2.390398442676782121e-09
-8.573422486016490573e-10
-2.900151974400550552e-10
-1.540085449316333932e-10
-7.201417020531298310e-11
-8.608676295431019654e-11
-7.707589797298221085e-12
-1.382640881391228929e-12
-1.449736172854232405e-13
3.736702043394688354e-15
1.700741494092612022e-02
-1.721842880647904070e-02
-1.292648921744111784e-03
-6.840038562955349979e-05
-2.238189323221300419e-06
1.249406972557978444e-06
4.009909086168836707e-07
2.732340091070428176e-06
1.576524667270146838e-06
1.181497447858957889e-06
3.070231721110703825e-08
-4.883128520528669053e-08
-8.503637852906903699e-09
8.514295474344552690e-10
5.752191975481451144e-10
-1.492585852814224453e-10
3.259097885360167962e-04
1.626241684514381433e-03
3.690422487534368839e-04
3.652329422663633669e-05
1.908581404020799019e-07
5.618486177234748659e-08
-1.064018919395380809e-06
-3.004841323341531824e-07
-1.882049464289728741e-07
4.885131796975135424e-07
-2.992764440057076209e-08
-8.250142652326744318e-09
-8.088985893731061737e-10
-1.080115513526462696e-09
1.563100820875930598e-10
-7.111278107866602333e-11
-2.663084100897951151e-04
-1.097095328503940736e-04
-7.404596372897470223e-05
-1.739250537927123695e-05
6.365255753828767710e-07
1.482831041760175927e-06
9.304398728313181810e-07
4.804776452229212895e-07
-8.776860511172603443e-08
-1.572279236456799762e-07
-2.689777661805349345e-08
3.017165476191398203e-09
1.379665630978360304e-09
-2.347088879865716412e-10
-2.735856200848697976e-11
-1.524331010040199271e-10
-3.092470518634210443e-05
1.230476592693050984e-04
1.560067220704929061e-05
6.630625357245483769e-06
-5.517234050013827117e-07
-7.839760463748687905e-07
-5.471559177164849433e-07
-1.120582072924864917e-07
6.173138745754433943e-09
-3.843337976530019954e-08
-3.800882713598010760e-09
2.390407526797850857e-09
-3.911178180693269471e-10
-5.036880076538869730e-11
-5.377440168063372774e-11
-4.961470152912307156e-11
-3.237571620599810732e-05
1.151792611354045323e-05
-6.575715338428051427e-06
-1.377384739780103740e-06
4.202371703700515034e-07
5.684642065519089934e-07
2.672070200340741881e-07
6.463591069246807074e-08
6.388202470811701961e-09
1.930964126991549605e-08
1.309442398697748467e-08
1.700570494180746553e-09
2.510281408341990303e-10
6.465061858004790545e-11
-1.831646959069800058e-11
1.839470517187573249e-11
-1.740168762305418753e-05
3.458387273030852344e-05
-8.190168345879914557e-06
-8.573578296514390191e-07
-3.285944049489713447e-07
-2.365266239706567110e-07
-1.009659183696089403e-07
-3.935876841623518726e-08
-1.139747903327457420e-08
-3.920400290223835153e-09
4.468387283472785655e-10
-5.481468328571529288e-10
-2.027311490329721349e-10
-4.834835223622726524e-11
4.493839942366645370e-12
-6.418685246349946873e-12
1.144987699197483447e-05
-6.412412507355237525e-06
4.831398944348846713e-06
9.851707506146017009e-07
2.237844311037466227e-07
9.881098498033353182e-08
4.728190256385203338e-08
2.006081023936285437e-08
4.441947971677763616e-09
1.335951249679807596e-09
1.091127672900439021e-09
1.368106759186543022e-10
8.652341080768452731e-11
2.916218456014745941e-11
4.527072025757951061e-12
3.483174300869909306e-13
-5.903079434646150621e-06
2.060168870974428113e-06
-3.512363125692250799e-06
-7.022542420139336529e-07
-1.471420169783602839e-07
-4.953591124883177282e-08
-2.035657676122475305e-08
-7.614883175428495533e-09
-2.362450154734949218e-09
-9.783906561785920534e-10
-7.643530152853135582e-10
-2.517848678772755303e-10
-4.296239002414745980e-11
-1.238781883461842763e-11
-3.719359462648542846e-12
4.260548856865765286e-14
-1.414029551232932448e-06
1.693929164720605140e-06
-9.225677740701618107e-07
9.696190264917153680e-08
7.005428570929040948e-08
2.194034290348783522e-08
8.560878475608335343e-09
3.258293892287254570e-09
1.100051201413253701e-09
7.618746860412594641e-10
1.664879665386657926e-10
-1.677753896272497356e-11
5.512536720697282298e-12
1.584485791067214815e-12
3.850438597939743004e-13
3.307835938836043957e-13
-2.040380218528158666e-07
3.759715372091416606e-07
-3.403445969065959715e-07
6.604784989779705294e-08
-1.977361074701403986e-08
-9.261869329489126328e-09
-3.516007199705580857e-09
-1.148271682786641041e-09
-4.007230593666851090e-10
-2.042346799875211685e-10
-5.696204617934481688e-11
-4.168518794457316168e-11
-8.481633209103557546e-12
-1.761763940279163491e-12
-3.402045967786702460e-13
2.526189774752278222e-13
-1.017906034905568857e+00
-4.338990260833353041e-02
-1.400961843969600416e-03
-4.152892463402383294e-05
1.103774772051907545e-06
4.469978381987309026e-06
4.329131238865051672e-06
2.562795304122302410e-06
-1.160625740566468043e-06
-2.699869401163883980e-06
-7.339656725305216932e-07
-1.173872218114213911e-07
-1.316818937155189059e-08
5.877497224288778906e-10
-1.528462870524437345e-09
8.383007124211961677e-10
-9.551204379123734434e-02
9.293108138706377558e-03
8.254852045214020268e-04
4.590217465527102170e-05
1.946053360451757503e-06
-1.494947134238705487e-06
-4.708019399433315193e-06
2.454809282482224101e-06
-1.942924557611039824e-07
-2.842631610086833796e-06
-4.811955217152110088e-07
-3.489837451225350401e-08
-1.591358096534970697e-10
2.101261215089480237e-09
-4.638842906224829696e-10
2.847641362059022283e-10
3.238110705150636440e-03
-1.547961304063756854e-03
-3.846600584409111748e-04
-3.998957520573033606e-05
-1.064036059055594943e-06
-4.068660142746922650e-08
2.666584675387950947e-07
-1.150412223129107945e-06
3.514038543631809811e-07
-7.228811441204421485e-07
-2.407296225426539184e-08
-1.831168605092155246e-09
3.176925409232749175e-09
-9.844091866806445831e-10
5.226333061245804357e-11
-4.544311977847157845e-10
-1.244730983952933498e-04
2.914893146849410898e-05
6.731902775047205617e-05
1.786478930052934496e-05
6.804645257257078088e-07
-1.742670315503007767e-07
-2.124698971534461524e-07
3.248796676305859508e-07
-1.022690136823675006e-07
1.846568283261320586e-07
2.779147631668532662e-08
-4.859167031537553900e-09
-5.921952156532434174e-10
-1.777819062522591781e-10
-4.161824138869901988e-11
-2.055571823800260319e-10
2.131550183068606945e-04
-8.567220313577168800e-05
-1.320738008116566526e-05
-7.508687018277530260e-06
-2.640459294110641774e-07
1.780995522098669209e-07
-2.278285336031653539e-07
4.743421766488950961e-08
2.809535610643952130e-10
2.722230965561675897e-08
5.996148315987861542e-09
-1.271218050466409799e-09
-6.382353975062977237e-12
9.722933737052526255e-11
3.204467330671242173e-11
-2.855744722164578753e-11
-2.780170917917902516e-05
-2.074797132207079604e-05
5.881462242298366057e-06
2.140661579752280205e-06
5.313881788682698009e-08
4.141036156063990197e-08
5.280779156460766651e-08
8.740391915929010471e-09
-4.003924860264818256e-09
-1.120800001588032276e-08
-1.375739446257821382e-08
-1.616730348157047559e-09
-4.191495486787672134e-10
-2.270389376128662768e-11
-1.764795215624910454e-11
1.416928713705532788e-11
-2.871903650834534518e-05
-3.665984394422965460e-05
8.035112268543569396e-06
4.467909592561496757e-07
-2.097684488986072283e-08
3.203364958428433514e-09
1.565626234887155172e-08
-7.036759760931582979e-09
1.224103365521493473e-10
-3.496355459204977017e-10
-5.066949593355085506e-10
4.713739120302914893e-10
2.243405267777800721e-10
2.438004272403790690e-11
-2.445310341721878553e-12
1.684265081274274842e-13
1.230091849175858798e-05
1.025486506427502500e-05
-4.373584172464560843e-06
-7.556154545063330679e-07
-5.092711412814426612e-08
-1.597794003084024786e-08
-8.711844013452475122e-09
-2.608588104270175775e-09
-3.176932064097452589e-09
2.705863224216316675e-10
-1.083148593553208556e-09
-8.320333831655415779e-11
-8.767400001475126840e-11
-2.043741238130796546e-11
-4.819514513575064699e-12
-1.376902285180477346e-14
-6.230087771157707872e-06
-5.345788110230440382e-06
3.059000358655306282e-06
5.754297727604567883e-07
7.728057053519075740e-08
1.183968190253969759e-08
4.864452332112632030e-09
1.696796796580636339e-09
1.835674203495537702e-09
1.379624250326580262e-10
7.230952538172981653e-10
2.215031972700050012e-10
4.197176219738481774e-11
8.316919635001842919e-12
2.739292017670186683e-12
-5.043154019407997611e-13
-1.687314834101832788e-06
-1.668009653897350229e-06
1.127651212884678551e-06
-3.274243198633292656e-08
-4.139375810395024132e-08
-8.915508763002175741e-09
-2.727945057522798577e-09
-1.181593053130659613e-09
-4.772077782410687575e-10
-2.111029392440250761e-10
-1.881471198764413009e-10
1.525999972414531871e-11
-7.343227358502646959e-12
-6.251880148089062030e-13
-4.445693238390614080e-13
3.025093888173785673e-13
-2.218446414526894864e-07
3.715100362002679645e-07
3.018306166492023223e-07
-9.049162256994498411e-08
1.014718508183930184e-08
3.761437024855450677e-09
1.087348365243591693e-09
5.949355450985742053e-10
2.340885173298993834e-10
-8.483390959042207339e-12
5.653726108761398975e-11
8.017766344981201821e-11
5.768006199105191722e-12
6.593882161807095284e-13
5.436927374222942915e-14
-8.626792815342554675e-14
5.958321159216416196e-02
2.508090585974218426e-02
-1.680472009729083033e-02
-1.277074825497819194e-03
-6.943062172473910595e-05
-3.083263882999770182e-06
2.031431441780956078e-06
9.169982382165064188e-07
6.466584528108425558e-08
1.543465627495829432e-06
1.252949682368586722e-06
5.376653199260293804e-08
-3.468984261837369416e-08
-8.230818865557009494e-09
-8.127138372737724736e-10
2.002014515038793787e-10
-3.342563541159551539e-10
-5.981223419399083960e-03
-1.963839639852350567e-03
1.418929830963463600e-03
3.573204006458298269e-04
3.753663257069921223e-05
2.534870571018448530e-06
9.595813681267540930e-07
-4.909055359686161584e-07
9.036175836138627314e-07
-3.325558065580094117e-07
4.785062763709479732e-07
-3.280599375067283523e-08
-6.994509018373987341e-09
1.723528633916664053e-09
-9.441491327358841012e-10
7.680226199506791892e-11
-4.793282230550907482e-10
3.425102146872764999e-04
2.124570153070464448e-04
-1.799079495979088547e-05
-6.851382885227896564e-05
-1.892739950940116757e-05
-2.337986266019494722e-06
-6.591476167154243600e-07
-2.809896914336824780e-07
1.154495733700025245e-07
9.721421100010831163e-09
-1.643146689679469660e-07
-2.461605323330991868e-08
1.940743210842450873e-09
1.251900116365409443e-09
-1.482211074123360733e-10
-4.598165884530549024e-11
3.085027355356132920e-11
-1.714038654697641725e-04
-1.536749636294147540e-04
8.982147867592420816e-05
1.329320897901272044e-05
8.061204136410061113e-06
1.427612659927979618e-06
2.901060147893128284e-07
-6.094802821467185136e-08
-7.014817680820244603e-08
-5.108467647750495720e-08
-3.560891417349406322e-08
-5.205281962161217473e-09
2.978469144339024964e-09
-1.254719951646338111e-10
1.158179067279968363e-10
-7.786062857866684156e-11
-2.312130088025565574e-11
-9.803672325247840281e-06
3.305310382416739304e-05
2.211519681873188955e-05
-5.902282948820097924e-06
-2.647031391523014757e-06
-4.739141680916126666e-07
1.693195897980614742e-07
9.604044059201133768e-08
1.839798090588028725e-08
1.701885343557091170e-08
1.253414535084011684e-08
1.245936000084930591e-08
1.252907786332288244e-09
7.253726563502328015e-11
2.531946313897790057e-11
3.497581520478536864e-11
-3.511661953457538137e-13
-2.254518734083193964e-05
2.360701467390462829e-05
3.622733757307157790e-05
-7.942829806184091088e-06
-1.816750736831882051e-07
6.484247545992238158e-08
-7.210827994749488546e-08
-3.067939642582379812e-08
-6.634757534567438544e-09
-6.555169454229482883e-09
-4.929885854459092602e-10
8.159789782525600845e-10
-3.084814871193736294e-10
-1.311484976603872538e-10
-3.045089288716338208e-11
-1.112095096296548654e-11
2.814010791627582074e-12
4.074274272144145478e-06
-1.151251989742937875e-05
-1.019679212282018576e-05
4.322225484461812105e-06
6.828379946942261069e-07
5.093024299736740984e-08
2.363633668560477811e-08
1.695143629050450175e-08
6.972420298037714477e-09
4.375028460894432157e-09
-2.756034110812637693e-10
9.288171180459536130e-10
-1.599308140588483384e-11
4.445247379970722864e-11
1.579717441789697378e-11
3.012125115996818410e-12
7.967110762962868947e-13
-1.390658245542379680e-06
5.987913951402611046e-06
5.328694146017909722e-06
-3.040892038647210776e-06
-5.609979204004430641e-07
-7.795059728922159840e-08
-1.846872983168164748e-08
-7.734091032237778695e-09
-3.228614945998524547e-09
-2.191459128128416442e-09
-1.265595447998707232e-10
-6.530874405709236121e-10
-1.747752244752656153e-10
-2.644218085113580785e-11
-7.146740504341478231e-12
-2.490333937732955753e-12
-5.930097657313780123e-13
-3.834173971633311486e-07
1.635815020214830776e-06
1.664375607027919719e-06
-1.131912003049034038e-06
3.226796876901892107e-08
4.361615470663995044e-08
1.031124273698706520e-08
4.018257593970562433e-09
1.970302335135126436e-09
6.296174259540560041e-10
2.140956004189448102e-10
1.549534984358482196e-10
-4.587811902210806979e-11
7.726794938776759949e-14
-2.549033987389939009e-13
4.302660098437295498e-13
-2.447021868432216625e-14
-1.014002123655877112e-08
2.054141097814072571e-07
-4.068548102696752246e-07
-3.194060862861054048e-07
9.202797295305455209e-08
-9.066981162921634029e-09
-4.775374768382903854e-09
-1.775576867398706914e-09
-7.695235975921438826e-10
-3.082633563062962718e-10
3.650322727159401859e-11
-4.960949333037058765e-11
-2.720191873053087101e-11
-4.651304767218418054e-12
-5.148780802607825878e-13
-1.688748660693069071e-13
1.347793893619443628e-13
-1.556045944979826956e-01
-4.981466918411244990e-03
-1.503975639719715846e-04
-4.992968799027241737e-06
-4.138893613586681280e-07
1.288139510553714082e-06
3.732400786731490383e-07
-9.212492756622931403e-07
-1.092356471430330092e-06
-1.006003495889877205e-06
-1.686557593114275689e-07
-1.597095626598347994e-08
-2.825910928510837106e-09
-4.449121221819620427e-11
2.256712178415354331e-10
5.875405254245645441e-11
3.583623936541033977e-02
2.960042282869709829e-03
1.604920874512080124e-04
7.275781802065278842e-06
-1.058977321443552979e-06
-8.445920844372717696e-07
-3.473025253731709891e-06
2.297584167763603258e-06
-1.054636976590151692e-06
-7.921065977163035837e-07
-6.220267216026287461e-08
-7.985358813884031624e-09
1.786608137446741689e-09
-1.204051310091928756e-09
4.296350736780387281e-10
-2.579178453683079479e-10
-6.769708739869972729e-03
-1.370641714611671620e-03
-1.346199716831971674e-04
-6.111241180982114288e-06
-3.266694642244982087e-07
1.890454682481101037e-06
2.163973178951867947e-06
1.893262489445303991e-06
2.477309007110611747e-07
-6.078549501171578284e-08
7.115998127389356132e-10
-7.668088135619027025e-09
7.857943333956893118e-10
3.487608756079201712e-10
-2.775948593482709696e-10
7.214708102415313686e-11
2.797756580165553712e-04
2.731857648628577902e-04
5.849073491648728933e-05
4.006965560547718113e-06
-8.850165958726221862e-07
-1.531039360462518620e-06
-1.299015074434505051e-06
-5.157016737898659784e-07
3.751231378098898485e-07
5.674657487298023496e-08
6.013788144032769108e-09
2.239452058011556532e-10
-1.517857568776696344e-09
2.874637922791372805e-11
-3.500439830000469869e-10
1.080331279534777179e-10
-3.402167259092106814e-04
-6.062331340414168763e-05
-2.161847762065500329e-05
-1.475349851143316256e-06
8.230662767152518410e-07
9.567399364275876405e-07
4.760344918321027679e-07
1.270493067825425188e-07
-6.178501187470511716e-09
-3.629577316035383962e-09
-5.548606726603348296e-10
1.440613851464879416e-09
-4.061507688271569524e-11
1.699941402401308271e-10
-4.798415437554939350e-11
1.287757807948128029e-11
7.571938302044211591e-05
2.933927462323680457e-05
7.381952890869696801e-06
4.426579845112203963e-07
-8.531046547188317351e-07
-5.172604296400740342e-07
-1.659549643274600335e-07
-5.712048380695802161e-08
-3.588324870040581081e-08
-1.498672725787913063e-08
-2.662715211748144116e-09
-6.271873098356308299e-10
-2.403473639273973941e-11
-1.359193901913918910e-10
2.252071747001622221e-11
-3.553378844726126326e-11
5.837949910959436376e-05
2.514260545807599977e-05
1.143337267637347935e-06
2.001603271832257818e-07
4.495919350158819431e-07
2.410163551266629078e-07
9.013784498518363659e-08
2.725269552568965213e-08
1.269035296671544479e-08
3.383286535260262225e-09
1.199271836568984958e-09
3.479944296159906449e-10
1.440542831812746991e-10
4.974644628983838650e-11
9.895422861449606529e-12
2.913629782691427700e-13
-8.796670325491706672e-06
-1.490002221955105156e-05
-2.446300557931211919e-06
-3.614377976230282966e-07
-1.882504920617424744e-07
-1.019428157031800636e-07
-4.403320461006260947e-08
-1.532660416717040761e-08
-4.686212565786784671e-09
-5.115338895179074033e-10
-6.456435410719334370e-10
-1.712505389429336990e-10
-8.279159189017640033e-11
-1.717458139217883173e-11
-6.028203383299444006e-12
9.048343380679507433e-13
3.493791741213070624e-06
1.030089521761771724e-05
2.011207490172614060e-06
3.133523716729708611e-07
9.284091421390628230e-08
4.133166548950502359e-08
1.847677254365624938e-08
6.654933330768734967e-09
1.430043710047824212e-09
1.263528843501746164e-09
4.632223055898255401e-10
9.300923159099499481e-11
4.231744516798522894e-11
9.610124093982266086e-12
2.283695565567773700e-12
6.896463215866894811e-14
1.900025649882547550e-06
4.201439633285269056e-06
-1.082639086013753464e-07
-1.542290306575667123e-07
-4.405074453654645558e-08
-1.693252719920215285e-08
-7.260072114027162545e-09
-2.750489812245082191e-09
-5.899605963633648357e-10
-4.746339173708572247e-10
-2.072278476889392895e-10
-1.917149059216959921e-11
-1.021911893771175861e-11
-3.718632942257549446e-12
-8.645342343530642380e-13
-5.986820911619702974e-14
-4.987400860838526210e-08
-1.106862496141425969e-06
-3.461572157758464253e-07
2.978956069339574168e-08
1.563667317945826457e-08
5.163399250405523170e-09
2.151497907849657413e-09
9.126365615305211654e-10
4.171454746694957023e-10
1.736190719738884910e-10
1.449532405615836296e-10
2.368983464755263520e-11
2.647249958085424749e-12
1.501715574059531446e-13
-6.987808901385783556e-14
7.238381801815183816e-14
-1.262617066660878251e-01
-6.366022515100991375e-02
-4.531141479406438841e-03
-2.328224507639169573e-04
-9.021467791233911209e-06
1.717088253280632280e-06
2.335030819441272585e-06
2.992129926747765598e-07
-2.164637005630463008e-06
6.605759112719154101e-07
1.987697607363530599e-07
-7.428064659872040956e-08
-5.572255272555491960e-09
3.023552413854172119e-09
-1.472151042519717473e-09
2.965838785469672358e-10
3.515019588464474396e-10
1.899085211290621944e-03
6.191857614756625210e-03
1.277094642152589886e-03
1.275102148254518650e-04
4.987751514916462548e-06
1.858363888377264922e-07
1.983882342899136352e-06
1.004246929123104314e-06
-4.623623570352830971e-07
-5.397048944959820087e-07
-5.118570924737831062e-08
-3.773856215599445535e-08
-6.728406419414659813e-09
2.033755348058339905e-09
6.848317847436714800e-11
6.202459443392095680e-11
-6.935445783165230490e-11
1.532431251992237738e-04
-2.569284013307347758e-04
-2.730096506725467140e-04
-5.630077050658330003e-05
-3.091815217072413503e-06
7.269996116584330710e-07
1.355060584541540469e-07
-9.213057149108079102e-07
4.119120877576630708e-07
-4.500996387467688607e-07
-3.738093602823378044e-08
7.518915747379266634e-09
5.448105634498248176e-09
8.815796616463468582e-11
4.575948806155960250e-10
2.148583381018253893e-11
-4.750603113174335237e-11
1.301885154435727195e-04
3.639325254820047770e-04
6.206124981641989791e-05
2.075837244065624739e-05
1.050858935665570302e-06
-5.363742273546006674e-07
3.659708883489500648e-08
8.400931613185284395e-08
-8.369294180279762248e-08
1.193322749555245311e-08
-9.199505525367648312e-09
-7.528154531557852842e-09
-1.837296122975851052e-09
-3.745183323500998091e-10
4.021240105461369437e-11
4.864979295031942715e-11
2.162334751252252141e-11
-1.043004569808977199e-06
-7.474878849165161974e-05
-2.860963505522924551e-05
-7.098765323502071374e-06
-2.201253190882671460e-07
1.397095933328090960e-07
6.551236311956031963e-08
5.221383309794195971e-08
2.217436273947266712e-08
3.911605695153904079e-08
2.200913684339645854e-08
5.829676463144226029e-09
1.067271398475948474e-09
1.766083961468395283e-10
-8.557241362147692929e-12
2.443328429116075921e-12
2.017202079094758010e-12
-5.152008615193611813e-06
-5.856588694795237214e-05
-2.537882325660027752e-05
-1.256664973246793285e-06
-1.106449399113484364e-07
-1.305392043566984655e-07
-1.061031765606349054e-07
-3.902723234853169464e-08
-1.837841605871333393e-08
-1.616615321224171704e-08
-6.649946706341429163e-09
-2.324537522914026225e-09
-6.600037242333522001e-10
-1.369275814352612802e-10
-1.853075347788172839e-11
-8.302267944495609364e-12
-3.407287357736636223e-12
3.075789648929190705e-08
8.683751079921321836e-06
1.493712139431213333e-05
2.459282959175360830e-06
2.795844918533331833e-07
1.057113172480772737e-07
6.303517676214992090e-08
2.971962433602231455e-08
1.277773115062155493e-08
6.062674111823702902e-09
1.661666572101666518e-09
1.077014488840321454e-09
2.938695307310509702e-10
7.059323207731586427e-11
7.680634459565730571e-12
4.561286925404211709e-14
1.174247852011018181e-12
-6.124331704275142013e-08
-3.469963281586795118e-06
-1.030745824300905248e-05
-2.001433299085836835e-06
-2.821997664499975002e-07
-6.742944094694219973e-08
-3.273315085863839136e-08
-1.442975854093282411e-08
-6.470793258494205160e-09
-2.072507721249029995e-09
-1.695447831303215428e-09
-6.314016376030686855e-10
-1.356589976795353963e-10
-3.729716044831196715e-11
-5.791743569394405562e-12
3.722028576083629453e-13
4.710866396593615955e-13
-1.894857718716325806e-07
-1.923838898848295847e-06
-4.201977183246623478e-06
1.013945136446966510e-07
1.412888553258857808e-07
3.795654047901031953e-08
1.511692444167112722e-08
6.570315981332621461e-09
3.005270525653887997e-09
8.852269425410756488e-10
6.590381744805690065e-10
2.470907032111254132e-10
2.648138022749566179e-11
9.411722161583461105e-12
1.393357179086171471e-12
-9.783623103228934499e-14
-3.216366621330366720e-13
-3.012428455107619043e-09
5.632810481849200660e-08
1.108216949923596471e-06
3.622453896176194804e-07
-2.597094754652541501e-08
-1.743892035479049916e-08
-6.319001389376176762e-09
-2.687979905212059690e-09
-1.348265468545496800e-09
-6.861118779909123172e-10
-2.903735146250055739e-10
-1.512499682900532103e-10
-2.316319631897073544e-11
-3.076470683857572887e-12
7.550978284405682343e-13
4.811824505254428320e-13
1.871603078260333210e-14
