1.341803871524283320e-01
1.028009432527174027e+00
4.299223716599810674e-02
1.326138708103565293e-03
3.962455669334812247e-05
4.402024500426562290e-06
2.885669669097577926e-06
2.827187329051491449e-06
-3.629617827787303490e-06
1.874927662537675138e-06
3.364554182759940985e-06
7.921510088331530019e-07
1.230550550293518358e-07
8.872447496382779230e-09
2.912477888357803362e-10
-1.294825021289100920e-09
-7.077062677520400701e-10
-4.103555572793887024e-02
1.096786578642595239e-01
-1.151978370282935073e-02
-9.723852813367607267e-04
-5.146612925823132738e-05
-3.415110961639249814e-06
-3.580310728365823157e-06
-6.402770264672098248e-06
-2.165097672954176954e-06
1.902715848741295185e-06
4.084394601165276902e-06
6.136154414458827400e-07
5.025377426139726130e-08
-1.655526833805479473e-09
-5.813697799250136802e-10
1.041482550759027694e-10
-7.953884214000391417e-10
9.470126393523469605e-03
-1.228708004887703320e-03
2.571642341235670214e-03
5.616238469625759464e-04
5.221654034666753244e-05
2.781453612835095118e-06
3.699744300450249887e-08
3.622004259099440926e-06
-8.431009192218658520e-07
-4.999190647650288142e-07
1.032123050563577189e-06
-1.024513309108010564e-08
-9.779210881194036015e-09
-8.343954155262661607e-09
-9.391977251484887654e-10
-5.487060916822005211e-10
2.972827959844857801e-10
-7.412241803580365196e-04
-5.297725111133809710e-04
-2.587915296720805789e-04
-1.331011655986743386e-04
-2.987077361173001496e-05
-6.824470779915632488e-07
-5.713686181889059528e-07
7.380291713441408132e-07
1.242323372277955105e-07
-1.230943676689970887e-07
-2.622613352813745439e-07
-2.746839839495163017e-08
7.701571360009657922e-09
2.437477012730033058e-10
1.045338771323846432e-11
1.866735051627866766e-10
1.839239684314753595e-10
1.585655472414405551e-04
-4.207717320261306982e-05
1.367707916442985696e-04
2.448562351138269550e-05
1.403434121327230408e-05
1.238158806763709391e-06
-6.157876003231286827e-07
7.113106025573541592e-08
-1.215819265506745744e-07
5.608375033460153341e-08
-8.738526395514844351e-08
-2.256876691756659836e-08
2.573858281279078409e-10
-8.935094937466107234e-11
-1.919739945732505649e-10
3.321406299602128756e-11
1.383339364817027872e-10
1.510355911097492626e-05
-5.326037871013480706e-05
1.072911378152318623e-05
-8.594963715592419568e-06
-3.941089728214170012e-06
-7.110832891153060442e-08
1.248553155541095979e-07
3.127771192323582406e-08
6.140523256121073926e-08
3.239728439308319531e-08
6.596461966815592368e-08
3.329043397747615815e-08
5.222774231792632087e-09
9.008094712283712034e-10
-1.070600317850722483e-10
-1.025418025035089864e-11
3.564843520545144575e-11
4.420033260747611081e-05
-2.697469680442517761e-05
6.818551234151530799e-05
-1.611533655665180428e-05
-1.431950266310807960e-06
-2.830057133830879659e-07
-1.838876432083627338e-07
-1.628462540617966083e-07
-6.402883140087276124e-08
-3.002767566285438932e-08
-1.759905813312555071e-08
-4.750076883433407890e-09
-2.142214913875715409e-09
-5.634839859378890912e-10
-3.579029618532244552e-11
3.655501341433725145e-12
-2.860637243131667185e-11
-9.651863787290626220e-06
2.603244150354481782e-05
-1.588648932476106258e-05
1.143278624528989958e-05
2.281684973543121464e-06
4.081104077471742879e-07
1.920105452443250408e-07
9.943202898486148230e-08
5.075125188084713736e-08
1.845338947609730259e-08
6.982204911679870539e-09
4.477372825370522619e-09
8.911388793202860043e-10
3.354066026989972650e-10
6.707436585332781779e-11
2.167250241183415452e-11
-1.767431370368170917e-12
3.656490533612166721e-06
-1.620844671526491194e-05
4.829442698788620250e-06
-9.791468714967466622e-06
-1.954518273861867661e-06
-4.065182650385635268e-07
-1.263533899930362561e-07
-5.752223476601084348e-08
-2.624704121464128207e-08
-1.038308694846025936e-08
-4.855532816247923043e-09
-2.744989759488871260e-09
-9.351858392902116514e-10
-1.926118549118507863e-10
-3.669921108067521924e-11
-9.589499073831067934e-12
1.086500777383823361e-12
1.566814563823855976e-06
-5.445663018780944588e-06
6.362484175686956794e-06
-3.709219153544108887e-06
2.915804088568784533e-07
2.400690068022170684e-07
7.822124288613693843e-08
2.837615439977073700e-08
1.283204235873225435e-08
5.348390659822672761e-09
3.880184471441787795e-09
8.831637270274229145e-10
2.453053798872983728e-11
4.567628969858724465e-11
8.181827623197396060e-12
1.110297773850534748e-12
-2.164622593530822485e-13
8.488420660872505871e-08
-8.358780020068321111e-07
1.732359996064283734e-06
-1.429017866833555391e-06
3.291305793208779634e-07
-8.175147676776421077e-08
-3.372251261940560796e-08
-1.188878703406811484e-08
-4.757769923801655359e-09
-1.741115239240573931e-09
-8.450502193961220056e-10
-5.352271965678564723e-10
-4.659766712358287536e-10
-3.971758753695860382e-11
-8.210162166511549162e-12
-1.817528669746541673e-13
-3.163999415006081508e-13
2.076475962131391073e-02
-2.069036912231844022e-02
-1.507277816327277486e-03
-7.595919769332485434e-05
-4.884383384797855968e-06
-1.234073578092221183e-06
2.355503921749024643e-07
4.338218459252812620e-06
2.343573625577647917e-06
1.756945795943677990e-06
-1.888458569869060980e-09
-4.042218128369744420e-08
-1.584040175960606805e-08
4.164401109044139443e-09
4.250324669054723722e-10
7.865138450718891262e-11
4.105033675840290210e-04
2.372826056770711584e-03
5.235820680042465236e-04
4.972194294022695173e-05
3.559107395106152265e-07
8.162379435375908589e-07
-1.399344327495693695e-06
-9.477132702097166269e-09
-4.853355334998795369e-07
7.600719961849227411e-07
-5.031816173142167442e-08
-1.095949356679035367e-08
-2.296834980523315477e-09
-3.277632227381203246e-10
-4.340202710971563686e-10
1.002099584831979657e-10
-4.486412191604287401e-04
-2.469616116616836195e-04
-1.350301123277140110e-04
-3.049220615749965990e-05
-4.121955006924323680e-07
2.528500910672390141e-06
8.852514120045511636e-07
9.167973905987031223e-07
-3.914713725186733177e-07
-2.818204940093203902e-07
-3.842034722116394612e-08
6.171285492609814044e-09
4.306898316107909713e-09
-1.059711450144740762e-10
-1.813973763328110521e-10
-3.831727600975365596e-10
1.050109302476882833e-05
1.443207632670634585e-04
2.363498479598971806e-05
1.366378242497359590e-05
-5.996159265137675564e-09
-1.277019173404737965e-06
-6.770969223573149193e-07
-1.573043342861249610e-07
5.282552242886594909e-08
-6.315859327802713918e-08
-1.519840341803931797e-08
4.032494449696524568e-09
-7.976348616527449177e-10
-7.293483357021534477e-11
3.930350227960001196e-11
-1.962842362952150308e-10
-4.547580922487516592e-05
1.219634702139753523e-05
-9.384511032586063679e-06
-3.280608584984489657e-06
4.719986796290191244e-07
1.107259071593336040e-06
5.744243692279328050e-07
9.885923904571090602e-08
3.290437592590517300e-08
5.209514133887947865e-08
2.737533456598820205e-08
4.547887576641758870e-09
5.075580022641642903e-10
1.228156720922097308e-10
-8.211885310884144618e-11
7.982478030875988029e-11
-3.584634915196995887e-05
6.739197626540688682e-05
-1.589574042660277407e-05
-1.838631898068448464e-06
-7.144984852462476274e-07
-5.422657231661269252e-07
-2.557193294745059685e-07
-8.690325086545550455e-08
-3.020693419382754780e-08
-1.327001824051033328e-08
-2.428067533585532476e-09
-1.889966308249210341e-09
-6.060309671388708771e-10
-1.178525636155108567e-10
4.153735916504526034e-12
-3.740722081333368768e-12
2.759786952677031237e-05
-1.581954743940612237e-05
1.150693106247514919e-05
2.484518110356211595e-06
6.203854832843572037e-07
2.800402340769901201e-07
1.342614073377949206e-07
5.638721471559123741e-08
1.477208401328854752e-08
4.349766437928422343e-09
3.490154719917526292e-09
6.847644497125162660e-10
3.458080004244524817e-10
7.268051571512855030e-11
2.599180200336773209e-11
-7.993134574920251899e-12
-1.669279235403768331e-05
4.787162372644009283e-06
-9.850953523042540818e-06
-2.050863092322186851e-06
-4.743129826226328838e-07
-1.662932538121253266e-07
-7.003721914438684496e-08
-2.763425425776364953e-08
-8.870784551231513579e-09
-3.690900596797613611e-09
-2.325490418620408539e-09
-8.381914639148075779e-10
-1.977528424835563845e-10
-4.431233937845716646e-11
-1.457587500126790615e-11
1.690594337670067656e-12
-5.639986581313337524e-06
6.358566180380167148e-06
-3.688157960104346913e-06
3.330662495404981850e-07
2.670872108006348469e-07
9.312577932027815440e-08
3.607205942562503240e-08
1.543750642250912681e-08
5.276223907018671139e-09
3.488150447138277613e-09
6.024180545192911157e-10
-8.339191186510237857e-11
3.460701260080368176e-11
1.312438336914224637e-11
2.075828577597000213e-12
8.190504504725238815e-13
-9.451244580301663971e-07
1.761621724766742087e-06
-1.499993276328156445e-06
3.038299749044359994e-07
-9.395716130556689805e-08
-4.922090769415656440e-08
-1.921783112232017961e-08
-7.163541443540801269e-09
-2.851268885885545768e-09
-1.160679379938755440e-09
-4.759845821215411267e-10
-2.496674524387481564e-10
-5.533600109422530504e-11
-1.281885525712768190e-11
-3.192212174127011262e-12
1.741146932677123193e-12
-1.019664904596053079e+00
-4.276648547772884945e-02
-1.318244288900258633e-03
-3.416414397541581139e-05
2.756820068191152857e-06
6.917505595865037814e-06
6.462352436465455612e-06
3.737005479770273592e-06
-1.678571778003154370e-06
-3.353503836477387872e-06
-7.988925923710103914e-07
-1.239673883309232710e-07
-1.317716368737162090e-08
-7.187118171692560435e-10
-1.196338998691105917e-09
1.740940498115652106e-09
-1.158079939614993087e-01
1.119985987624384435e-02
9.601638926661762094e-04
4.981932096606943560e-05
1.522735549078168372e-06
-1.309782760404774890e-06
-4.649914247102307874e-06
3.954261094864970661e-06
-9.732012182364156079e-07
-3.907327614584579216e-06
-5.975874175360684052e-07
-3.952854406536495320e-08
1.071671156839165531e-09
3.230909371137398001e-09
-5.981165935944125466e-10
8.248600900689968626e-10
4.735199621588005725e-03
-2.274454951988315841e-03
-5.468926390393570158e-04
-5.503345935896889916e-05
-3.322174828701525703e-06
-9.333599840794107511e-07
5.063630000963603402e-07
-1.365710900521986225e-06
6.362183826082974745e-07
-1.078120650129211538e-06
-1.022355855683730140e-08
-2.032106743542932728e-09
7.080524057622435758e-09
-2.724642601997192164e-11
-3.095162445274199335e-10
-8.189669746849622493e-10
-3.241587281936289945e-04
1.040477147965195021e-04
1.225737747143823607e-04
2.988355210414180471e-05
1.481622958886884986e-06
5.774120481974306195e-07
-2.853479448830002994e-07
4.506124407522940524e-07
6.896292346604800180e-08
3.184120477287225792e-07
5.321988604469348782e-08
-6.938904192200018720e-09
-1.060920851758043279e-10
-3.532405219162182271e-10
-1.411353679354808476e-10
-4.474417980335009947e-10
2.262917969545495190e-04
-7.363176577179745435e-05
-1.915390135747793522e-05
-1.522595403523861407e-05
-1.349847726055334006e-06
5.195747636359994590e-07
-4.517410613135500287e-07
1.317538025255441327e-07
-1.292156884666736926e-08
5.011525324670817313e-08
1.376592757951711948e-08
-1.421548183266739597e-09
-8.129295407018929648e-11
1.549490810047476529e-10
1.032262769592479048e-10
-1.409906004509055739e-12
-3.525872987289539853e-05
-3.240614930539512231e-05
6.848182704298141910e-06
4.817674428166108708e-06
4.366959754161550131e-07
1.450404499159471984e-07
1.264211772745056412e-07
3.694463219574894959e-08
-1.980253988454784855e-08
-3.467921584024056499e-08
-2.813837324902307746e-08
-3.835241934599760099e-09
-8.785404097205675471e-10
-1.350198573102365914e-12
1.215076348798694262e-11
2.243284585818683928e-11
-5.818578612858966027e-05
-7.144632973317779391e-05
1.591854556215148764e-05
8.887612116999660820e-07
-1.441219314849587477e-07
-4.308116194139727029e-08
4.701288845279518277e-08
-2.361740591729306535e-08
2.948255192966164820e-10
2.008730440200178376e-09
1.985410070909547715e-09
1.379139263921621582e-09
5.164177146231096469e-10
7.135690656525496740e-11
-4.377955227771341463e-11
1.817596948349838197e-12
2.971336197321160577e-05
2.503677728170987100e-05
-1.035308472726613627e-05
-1.850501978939330192e-06
-1.118145359636903809e-07
-2.865250987197250645e-08
-2.297112228353255318e-08
-5.396879304337163410e-09
-6.815046639327766321e-09
9.332140581705087346e-10
-3.093955431350371570e-09
-4.106130846373506633e-10
-2.916981553750092449e-10
-5.421590441923966100e-11
-1.489089477159367681e-11
1.185136336032110491e-12
-1.720213078423260444e-05
-1.405221752551258352e-05
8.466989237385561161e-06
1.628388965587861448e-06
2.334012673233157606e-07
3.330415707471557064e-08
1.523358865070121228e-08
7.790206181236248379e-09
4.663694994768609532e-09
6.581135946928947254e-10
1.972691690689093169e-09
6.674722068322508326e-10
1.652852672470427568e-10
2.575294292303046034e-11
1.001512996127335167e-11
1.881537953330371223e-13
-6.629134940202322173e-06
-6.501938432942987410e-06
4.436852624729750136e-06
-7.487228322094009174e-08
-1.482919414434978350e-07
-3.279432006846809359e-08
-1.002704388114120036e-08
-5.694149619087970293e-09
-1.987000589982312610e-09
-1.378123125273149056e-09
-6.042057424460074735e-10
8.253551399372756884e-11
-2.566799933807047281e-11
-5.023821760971462823e-12
-1.148546574791266779e-12
9.311014477289362178e-13
-1.024406268659797334e-06
1.701558016094432845e-06
1.314634452690433618e-06
-4.236376652852073758e-07
4.398284169081520651e-08
1.692700800832656469e-08
5.550506351798976561e-09
2.702349204266901209e-09
9.047366797671740074e-10
2.123367028462173566e-10
4.006604588909341966e-10
4.345932027984669719e-10
2.820262300203900239e-11
5.253848314896525714e-12
-4.916248544820670946e-13
-2.827019398137442869e-13
7.158103550152743189e-02
3.020016844726747599e-02
-2.023006934811340599e-02
-1.490786729075984285e-03
-7.620348867578514225e-05
-2.654895695686855984e-06
3.136061332759434335e-06
1.172497865469388583e-06
1.555402952569418196e-06
2.079881952918955309e-06
1.910828164277939544e-06
2.131849942361441392e-09
-2.290232983337397968e-08
-1.593673307270449065e-08
1.963359278335281469e-09
-1.106373253148753400e-10
-4.538198273058495404e-10
-8.757772326152268860e-03
-2.852467894634125485e-03
2.090653552025654831e-03
5.077429628811760964e-04
4.929240674940535172e-05
1.878194362094445609e-06
5.880385620449932668e-07
1.030381496688766766e-07
1.838986113524782029e-06
-6.607393553836459070e-07
7.480945847848068656e-07
-4.990429364308256633e-08
-7.741883433578434124e-09
-1.428786665073766847e-11
2.108139969756668478e-10
-9.099839030153976881e-10
-6.167006289297171727e-10
6.963197303716740956e-04
4.148196232730661610e-04
-9.121728541842028014e-05
-1.257934811010239212e-04
-3.297112719235757803e-05
-3.383415082677479767e-06
-1.128068015721971036e-06
-1.275171743811952839e-06
4.094784913233894666e-07
-2.124024017890969496e-07
-2.962824167880436994e-07
-3.735253755708204679e-08
3.519046095461967797e-09
3.690694044176132999e-09
6.190617586940518895e-11
-5.192224760064309278e-11
5.605467382402522952e-12
-1.798221156737517192e-04
-1.741741186221492158e-04
7.788302285182500538e-05
1.803343212161307054e-05
1.585196909367397864e-05
2.633137335244582299e-06
1.077199493513938933e-06
1.211995789494628461e-07
-1.501230820585574324e-07
-5.174840912692494493e-08
-5.803886602649166158e-08
-1.457466168151325232e-08
5.111095138616584392e-09
-1.899888945671172019e-11
8.063937633335133820e-11
-1.313825273526138936e-10
-3.809916494974455046e-11
-1.557770793833617102e-05
4.347395728746245686e-05
3.389194870421781658e-05
-7.091498141899715564e-06
-5.550308276232180189e-06
-1.202520528981780914e-06
1.587882995354789345e-07
2.535928728361863978e-07
1.199783807162874953e-08
4.973369761390580283e-08
3.762599017906757495e-08
2.441035364764200514e-08
3.397058335556036990e-09
1.042559297582620366e-10
7.829902399018240900e-11
5.280440958796031564e-11
2.468365137263620147e-12
-4.369300312625898672e-05
4.825335936930168500e-05
7.072951731597267207e-05
-1.560047375221835286e-05
-3.213245821355291025e-07
2.757970183452611679e-07
-1.166880715254142048e-07
-8.724389710150809140e-08
-1.210421537271879880e-08
-1.606429964839022498e-08
-4.090864154670576641e-09
-9.446220835792543019e-10
-1.115803482240609774e-09
-3.641807935646386707e-10
-9.135269330460836583e-11
-1.551679170480331618e-11
5.528632969235582018e-12
9.963178760562570264e-06
-2.776315640777958578e-05
-2.496225064235646466e-05
1.018801583252079350e-05
1.641467319583196381e-06
1.040785785090409201e-07
5.106589885258979710e-08
4.328276025608400112e-08
1.926124837572427329e-08
1.038365450771263989e-08
-1.045298808376783750e-09
2.698981022903510775e-09
1.509675022886195126e-10
1.898650681742856195e-10
4.709153416291021268e-11
1.483698683120467083e-11
2.299594701199261019e-12
-3.762141549138195329e-06
1.662334933901855858e-05
1.403693563595274013e-05
-8.409821609074652688e-06
-1.579353616232099262e-06
-2.293294009441424392e-07
-5.157470962127818596e-08
-2.489113239475432846e-08
-1.287254544609105583e-08
-5.965284165748710274e-09
-6.008995516781172571e-10
-1.785698653419012230e-09
-5.202728821924042784e-10
-1.205000780068725046e-10
-2.644559563188429730e-11
-9.629583550013105925e-12
-2.451466371054442769e-12
-1.480632011211094620e-06
6.444493811301255293e-06
6.487434855368764946e-06
-4.442206369632540623e-06
7.100594192708471264e-08
1.529619490480934889e-07
3.901391830943032873e-08
1.625503413249718491e-08
9.206484997147415316e-09
2.712346888460995364e-09
1.499651708704097962e-09
4.158318094323967786e-10
-2.286811353722557500e-10
-6.000116818850639835e-12
3.460127885875915798e-12
2.141077573093842870e-12
1.753476002748878888e-15
-4.948539075686744938e-08
9.481533516464780541e-07
-1.904184763590619995e-06
-1.417938163940541212e-06
4.356162625336085473e-07
-3.606933362835535175e-08
-2.265858328128151398e-08
-9.306494663333207267e-09
-3.643858550021608254e-09
-1.388017089304661217e-09
-7.512643355622567899e-11
-3.160355094782943776e-10
-1.581686324038660423e-10
-2.895616820804689455e-11
-7.110791870111126005e-12
-1.508245158208638070e-12
1.250011509404929104e-14
-1.532032597655021700e-01
-4.677301817332419655e-03
-1.285810780616575689e-04
-3.231344603600650965e-06
1.896341138232398734e-07
8.158046812702987213e-07
-9.812129563302079715e-07
-7.170793290246233146e-07
-1.986163702134195404e-06
-1.021050007397646261e-06
-2.071659549525479562e-07
-2.698326194960093327e-09
-6.164250826031162465e-09
1.079333675945742651e-10
2.456696238346320481e-10
2.247661410495372409e-10
4.299657457212312239e-02
3.454194085383046394e-03
1.752080727272267951e-04
8.199319583072105366e-06
-1.261446039720141841e-06
-1.840773305261088069e-07
-3.340412604884323369e-06
2.975171114459117212e-06
-1.714653196886925781e-06
-1.035571679509431188e-06
-7.686877650066353934e-08
-9.129057531250116268e-09
1.425559988645272900e-09
4.153540529785548896e-11
1.197074438320825592e-10
-2.955664134146215007e-10
-9.902110984822808798e-03
-1.951372092820937180e-03
-1.834118660582409336e-04
-7.268163851795118703e-06
-5.165470405331298552e-07
2.564198468089245826e-06
2.941300403315521453e-06
3.058827887297681139e-06
3.502960448316352677e-07
-1.133346276472378586e-07
1.397366012009638353e-08
-1.334102354245482262e-08
3.772357069396378148e-09
9.032795409115186299e-10
-3.666350981511995565e-10
2.488180622839840088e-11
6.582465379283151995e-04
4.888061835320650292e-04
9.856958607287698076e-05
6.490099911533942586e-06
-1.584571348112052586e-06
-1.081451490817708817e-06
-2.398303699753039766e-06
-6.363356384359092522e-07
6.830537204964695286e-07
9.494460433379391345e-08
8.914393264326667363e-09
-1.993219794277157350e-09
-1.784209797056954580e-09
-3.613844584655073394e-10
-3.584333202546498527e-10
2.826642866899328814e-10
-3.203033485246943200e-04
-9.203342994371278450e-05
-4.334650931976344898e-05
-4.018180988554031528e-06
9.405125753524233235e-07
1.023672133879606938e-06
1.023802698982107904e-06
4.194395300611808240e-08
-3.745798925302378622e-08
-1.880187591401672556e-09
-1.789746100497903736e-09
4.917779009136447723e-09
1.974363710658248724e-11
3.854030190768043915e-10
-2.079490362061582781e-10
7.836980140773964944e-11
9.232794902759712096e-05
3.952434993675957872e-05
1.543454227786448366e-05
1.633087993762949515e-06
-1.430756913002955305e-06
-1.052455644933858817e-06
-3.312867881327554134e-07
-7.711398239750485852e-08
-7.140772804397090227e-08
-3.321455554828733552e-08
-5.766257991470465575e-09
-1.983575484179438422e-09
-2.264694025191764459e-10
-2.905141983052492078e-10
7.322001202720677236e-11
-1.249890270565561351e-10
1.164490115697245851e-04
5.006444362183500697e-05
2.307119399375303430e-06
2.733953081541105769e-07
9.702436985357012814e-07
6.317346768405625961e-07
2.094015001312657256e-07
6.661450324684049026e-08
3.647119541976437783e-08
1.205510970021214831e-08
4.223681137970761916e-09
1.139751921090047641e-09
3.996286552777934089e-10
1.217334604769331963e-10
2.595469186085683985e-11
-1.386373831032780946e-12
-2.187115440355465052e-05
-3.512795185814315222e-05
-5.928247569365841496e-06
-9.283324910817307238e-07
-5.114968502511701531e-07
-3.009566297486975742e-07
-1.277579822281909531e-07
-4.439348976378427238e-08
-1.348114862863028881e-08
-3.628581543766140642e-09
-2.272339363690817519e-09
-6.860195415622469019e-10
-2.830709554317182796e-10
-5.933396231641877893e-11
-2.346787523219537074e-11
1.115506323181629881e-11
8.802096915676723318e-06
2.833922976987941709e-05
5.718811610717274876e-06
9.651684726093208488e-07
3.024540248931205896e-07
1.428066439479892077e-07
6.760003220951960163e-08
2.267887662496247901e-08
6.186752969281945767e-09
4.113076803977046170e-09
1.626723676130557453e-09
4.544129318632471896e-10
1.628121386194126541e-10
4.425570304159551891e-11
8.531461823423907432e-12
-1.981508781196594352e-12
7.200008634351334309e-06
1.634077412491795930e-05
-2.238248928145960185e-07
-5.648371453505436726e-07
-1.738628462867185057e-07
-6.858733064499568072e-08
-3.229633681690073091e-08
-1.134642363873695463e-08
-3.729744787712733133e-09
-2.266700371223957887e-09
-7.168992216316598893e-10
-1.524932357836707521e-10
-4.855998723854081069e-11
-1.894631746288508463e-11
-3.090074709865848058e-12
-8.145061829568748213e-13
-2.176237156597776685e-07
-5.142702141325380874e-06
-1.624498177751924620e-06
1.222077428078292667e-07
7.368978175761356475e-08
2.515783287379566665e-08
1.174352877052838145e-08
4.565817130142356225e-09
2.427354195521193343e-09
8.256939563154549974e-10
7.420006046080012050e-10
1.141220110800594189e-10
1.724609671564946626e-11
2.058260393153755231e-12
1.912178179381573881e-13
6.965087128150194899e-13
-1.528484632743571103e-01
-7.646057087576700606e-02
-5.297499970073013022e-03
-2.573804282397596042e-04
-1.012448426052890546e-05
1.423436916018700875e-06
2.399272182613630204e-06
1.465381128440380819e-06
-1.763519179954364665e-06
9.156510143854136982e-07
2.527174920621728110e-07
-9.182449173620743096e-08
-1.505889411019202688e-08
-1.839600863624226601e-10
1.472231560447680604e-09
1.236382168980598871e-10
6.799762818402376383e-10
2.835810733788147672e-03
9.071382664361016951e-03
1.817985923111318982e-03
1.755508275303782183e-04
8.694953665311146252e-06
3.073090798345274168e-07
2.345960598227724884e-06
1.095245953828666362e-06
-9.599584249748433121e-07
-7.924433025177202829e-07
-1.051493789402212544e-07
-3.808375413600504931e-08
-9.114004696068827045e-09
2.506560019549390635e-09
1.512241965475853853e-10
-1.915773893644321621e-10
-3.507309456097949073e-11
2.108529071041926565e-04
-6.135287330296669258e-04
-4.881223409833438417e-04
-9.584932579793193708e-05
-5.388648187482639323e-06
-5.084712089440641060e-07
3.459160305759464730e-07
-1.310143756517151172e-06
4.997619885262460404e-07
-7.815036386483761048e-07
-5.395034044008124106e-08
5.475947913422761180e-09
1.042101079681611195e-08
6.414961017965124255e-10
5.416207416035368962e-10
3.498259830608819373e-11
-1.561655778135435722e-10
1.117788078969422701e-04
3.397236073501856061e-04
9.546040325635271888e-05
4.242444533435367547e-05
3.537376481043799149e-06
-1.060765875207996835e-06
2.345870454026296860e-07
1.427835661190631636e-07
2.043354879819477556e-08
4.490465007130944565e-08
-1.314202979944343390e-08
-1.321668452494805564e-08
-3.671351694696065663e-09
-7.572105776106867460e-10
9.522446246489239591e-11
6.442913375876161002e-11
3.609505248826495061e-11
4.475986312251203617e-07
-9.025414349645025710e-05
-3.821698215696837236e-05
-1.532200182189546856e-05
-1.305595314657400468e-06
3.299259650825693188e-07
1.096389199403605236e-07
1.026646631577682988e-07
1.252106764454942667e-08
8.217176743359697771e-08
4.607065328160181547e-08
1.193788972549463491e-08
2.600484372088643792e-09
3.517811658992399536e-10
5.477063507418948028e-11
-1.315436197767278013e-11
4.994911846610226559e-11
-1.050271801700461280e-05
-1.169295838570813257e-04
-5.078867767864298795e-05
-2.452690674215196010e-06
-4.343374416023764455e-08
-2.460513037687299639e-07
-2.675204281620707217e-07
-9.077023124898979735e-08
-4.400653273135913156e-08
-4.508934754830053599e-08
-2.039041101398559055e-08
-6.423826567900258219e-09
-1.819224904436751920e-09
-3.087078638459991009e-10
-5.624948138895585680e-11
-1.813528511899648748e-11
-2.474204890431413478e-11
2.169809774565192580e-07
2.166792475606966434e-05
3.528663135568547895e-05
5.959436911057116938e-06
6.979005610682434785e-07
2.712428738752589751e-07
1.859055230419640908e-07
8.381070427457972589e-08
3.731847269968045734e-08
1.749844449462472230e-08
7.059234990476186714e-09
3.317041433087223660e-09
9.815706656408140472e-10
2.190131341181941976e-10
2.656590846924916186e-11
7.716282090024093078e-12
3.308600093029239032e-12
3.918444858573448559e-08
-8.731285199958205111e-06
-2.836600258261637764e-05
-5.687124482549482786e-06
-8.690488060695690126e-07
-2.156605397024876846e-07
-1.122353689859653397e-07
-5.311648234371007366e-08
-2.217581586811694076e-08
-8.545006923950374697e-09
-5.518464612178840106e-09
-2.160179861473959416e-09
-5.678745838777284714e-10
-1.328133124172066402e-10
-2.913068551763169602e-11
-1.135916711082933983e-12
2.622012032711866657e-12
-6.749468969115696137e-07
-7.253202149819945183e-06
-1.633306507275628680e-05
2.035909192253245650e-07
5.136280958994012877e-07
1.491041735794266537e-07
6.239378726195670905e-08
3.042210770196373567e-08
1.283233300763762227e-08
5.260041189992627020e-09
3.049452848063811029e-09
8.185945724452478945e-10
1.686883186487233355e-10
4.250585542921179504e-11
1.088244136285714230e-11
-1.593055391696942108e-13
-4.835448910391540184e-13
-1.646003253364590751e-08
2.467608745864923506e-07
5.141482887696854955e-06
1.705772611560257346e-06
-9.930639262163977810e-08
-8.519530582537686664e-08
-3.358200758486618640e-08
-1.559141270685991601e-08
-7.594612147174666144e-09
-4.305630196994345164e-09
-1.678096309563765964e-09
-7.982573302445924359e-10
-1.382333747405600357e-10
-2.398415293557187211e-11
6.640442600710301529e-14
8.276486945072247462e-13
-4.890228624661878887e-13
