1.344678752319262427e-01
1.027852831554510127e+00
4.307448858022714516e-02
1.336222915653975359e-03
4.037444646842919970e-05
4.421626380636183285e-06
2.901173193159278530e-06
2.807446755401200852e-06
-3.534748607675690934e-06
1.839255628873930997e-06
3.305783600894837775e-06
7.857244501942779316e-07
1.220902095669328039e-07
8.864518118349573064e-09
2.531911125415468775e-10
-1.248946504834910628e-09
-6.778790944566640789e-10
-4.024828380673777656e-02
1.074331824469906826e-01
-1.129860931337664867e-02
-9.580287179537503618e-04
-5.101404484629225777e-05
-3.361880110869276463e-06
-3.489411330779201507e-06
-6.247848555904180333e-06
-2.075639840910729585e-06
1.821185102269060212e-06
3.958801927930949356e-06
5.997428966907933979e-07
4.919680217087910675e-08
-1.510009766055458398e-09
-6.264236705271671730e-10
1.217202326624801628e-10
-7.499365151411311604e-10
9.098662031068825012e-03
-1.172517583493724782e-03
2.472008123643262660e-03
5.412497624010612768e-04
5.070036805136442936e-05
2.642632388448006393e-06
6.106164533142222461e-08
3.464989510036471256e-06
-7.659621470276642720e-07
-4.838468891212341043e-07
9.843031036054462063e-07
-1.014261249933667638e-08
-9.625567319718105468e-09
-8.052359645926886136e-09
-9.252080393092984073e-10
-5.321774265177322080e-10
2.738576930864277638e-10
-6.926910576990248647e-04
-5.033611958606447811e-04
-2.412531505235434746e-04
-1.251482372707884679e-04
-2.818253865756984808e-05
-6.236484630728153849e-07
-5.214423686702078875e-07
6.558306501993661902e-07
1.108225059351634731e-07
-1.074309443876243124e-07
-2.403356740796819486e-07
-2.339150616115299782e-08
7.605464870707989572e-09
2.194473005696921554e-10
-3.928048127183057810e-12
1.643716021529115523e-10
1.737820306129842241e-10
1.557978249371632024e-04
-4.798888412337688801e-05
1.327876882230138035e-04
2.298479906011518983e-05
1.291058331721320671e-05
1.116201665377103522e-06
-5.732780072995658334e-07
6.408520955202111085e-08
-1.154667095140352856e-07
4.878431079714415738e-08
-8.298619208099198785e-08
-2.150300477602246488e-08
7.052601346660289650e-11
-1.097487828119776310e-10
-1.638130902913887312e-10
3.109395292529037197e-11
1.247417016948212133e-10
1.408872085237476479e-05
-5.049084513160298477e-05
1.066735038961787502e-05
-8.158116025162502296e-06
-3.522981605709643420e-06
-3.636697580199196960e-08
1.254867294750834824e-07
3.490540130761756359e-08
5.818880659679881138e-08
3.063466640678684708e-08
6.052031058596859321e-08
3.074807631318888660e-08
4.855366245697034163e-09
8.528518948169017836e-10
-9.016919303137222376e-11
-9.286502219181046655e-12
3.113748170829928291e-11
4.060147303896678879e-05
-2.456315047897778082e-05
6.252381364160494834e-05
-1.480164764882171082e-05
-1.346152280137030905e-06
-2.757742045033881771e-07
-1.738719787086824864e-07
-1.493314210177862567e-07
-5.922077789206580769e-08
-2.758664314553238298e-08
-1.588292666448353345e-08
-4.182414402988638699e-09
-1.955791855749686214e-09
-5.174918817313078800e-10
-3.556295432315718025e-11
2.935062892262921585e-12
-2.479566423567742325e-11
-8.688421382993545466e-06
2.339435354876732932e-05
-1.426960975848154222e-05
1.031143165020797825e-05
2.061666026610965601e-06
3.733853063132803795e-07
1.743368331243067017e-07
8.949059511616170502e-08
4.564465939629700693e-08
1.665364319707794497e-08
6.256378884326555201e-09
4.020568994125395544e-09
8.052533764058954281e-10
3.009058920372049601e-10
5.907133288888061143e-11
1.866253536500047926e-11
-1.745316041587730509e-12
3.275501404602695103e-06
-1.437023211126595922e-05
4.412112395185219675e-06
-8.707247291483016262e-06
-1.733804163015453045e-06
-3.606233571527486383e-07
-1.121447147823063001e-07
-5.091428911114765471e-08
-2.317238367799154180e-08
-9.143354131805165620e-09
-4.328971932687110187e-09
-2.432050320883106988e-09
-8.255035914220635351e-10
-1.691043228737831573e-10
-3.143126834686638001e-11
-7.835079836664666407e-12
1.100405002534084260e-12
1.346447603927476861e-06
-4.662531248933299543e-06
5.482738967723258184e-06
-3.175637690509705316e-06
2.559162924545741813e-07
2.083551774970096798e-07
6.794574824439300426e-08
2.470679572695383267e-08
1.116383330511974147e-08
4.650165619587078687e-09
3.331947512215297761e-09
7.663947992722962905e-10
1.889722026511105203e-11
3.873446470043392127e-11
6.714631159886829312e-12
8.180158370067578173e-13
-2.418126773180783833e-13
7.088580282493056219e-08
-7.058707229462544716e-07
1.462930624424117786e-06
-1.217114594101691136e-06
2.778294278559014149e-07
-6.932166473419239830e-08
-2.879595734432176314e-08
-1.014013304991073434e-08
-4.064430892887327932e-09
-1.481733707463575343e-09
-7.085367235973948194e-10
-4.393389522192493598e-10
-3.873070978332341813e-10
-3.299698237313850392e-11
-6.864842457358998445e-12
-1.838613910385505791e-13
-2.406110427280079714e-13
2.032805601870099274e-02
-2.029549147925508584e-02
-1.484187646108561060e-03
-7.521896390906368881e-05
-4.711445624570499368e-06
-1.082354461695405669e-06
3.514181521498164373e-07
4.180766004667915745e-06
2.265461802166037394e-06
1.688111636912146539e-06
-8.144498824250392992e-10
-3.935398085385290231e-08
-1.522147609907547579e-08
4.062516807688153649e-09
4.524397527828554699e-10
2.495720074555336617e-11
4.012965714187136036e-04
2.280397132881461456e-03
5.047827597418488117e-04
4.824921910320124484e-05
2.667786243442450908e-07
6.955462157282713965e-07
-1.353933377331770652e-06
-3.302397058959500658e-08
-4.537367675060166459e-07
7.243153264969261746e-07
-4.714360705325618966e-08
-1.051337952383205096e-08
-2.191042057413502994e-09
-3.624627454399634440e-10
-3.867324509032074266e-10
6.860760181139924802e-11
-4.239218128270130629e-04
-2.298296701900592897e-04
-1.269097849816898122e-04
-2.882994177231502109e-05
-3.000077583140461649e-07
2.449546277696195076e-06
8.934903635505242818e-07
8.821937654010450463e-07
-3.549372426797703321e-07
-2.588619371780475053e-07
-3.447458737656674765e-08
5.809840624886656053e-09
4.019708629792615755e-09
-1.258439658985071913e-10
-1.584855056621565520e-10
-3.511118536631751957e-10
5.064925913916631814e-06
1.401141447674553956e-04
2.223287990323259507e-05
1.255936902566181073e-05
-7.463851739922991392e-08
-1.235877133653143561e-06
-6.481016138159652755e-07
-1.521711687789063724e-07
4.347655549716548537e-08
-6.018226572803000387e-08
-1.434529232473751379e-08
3.655695215452079419e-09
-7.473049133840169252e-10
-7.288616373966850470e-11
2.988762295462634919e-11
-1.779454422495444763e-10
-4.318868846249187057e-05
1.207799396576603568e-05
-8.866375932979302094e-06
-2.905236986774555580e-06
4.821385460874861895e-07
1.032239672301948782e-06
5.323896943040999355e-07
9.437357127140293608e-08
3.087347209795816208e-08
4.755940322343114689e-08
2.518471709922428757e-08
4.179860790986033703e-09
4.873033398955615740e-10
1.157701731850951887e-10
-7.176396491119072365e-11
6.900600311616838161e-11
-3.272290550125520433e-05
6.179080124098447924e-05
-1.461390677344015037e-05
-1.717399928631073443e-06
-6.703258360242448132e-07
-4.984769227651889238e-07
-2.346929290715144390e-07
-8.056847815809446184e-08
-2.779279542353009262e-08
-1.188830994994266548e-08
-2.021300760599038113e-09
-1.697035896073088772e-09
-5.471862941275218266e-10
-1.087355802539379197e-10
2.421017766279690776e-12
-3.229911987517486563e-12
2.481257772071438240e-05
-1.420345774901887993e-05
1.038040891743339438e-05
2.242869693234951498e-06
5.630684529380532764e-07
2.535711299831805029e-07
1.212396393868068927e-07
5.079195850097120017e-08
1.337788374319877964e-08
3.866808192408028860e-09
3.106829624713887736e-09
6.059895390065578538e-10
3.067800588681156814e-10
6.503205667209055978e-11
2.291504537699312757e-11
-6.747180412764998062e-12
-1.481525376278788891e-05
4.371527178030462379e-06
-8.760434151308415620e-06
-1.818254833094099830e-06
-4.202732248837314299e-07
-1.474274492678091347e-07
-6.195692001120361661e-08
-2.442661034965212257e-08
-7.795406042218803847e-09
-3.282639870003495447e-09
-2.045900620364984768e-09
-7.323272108874668519e-10
-1.722948805784313045e-10
-3.850505618834978200e-11
-1.255581918487246931e-11
1.507792325171548201e-12
-4.830617768943852244e-06
5.480062602918026934e-06
-3.157069446307085589e-06
2.911789007221775620e-07
2.316420543830851703e-07
8.066225168968992862e-08
3.120258305885286922e-08
1.333867686508876526e-08
4.547680225293568700e-09
2.976843124125796644e-09
5.236152904822651208e-10
-7.319893646934389153e-11
2.938973375058330891e-11
1.093981237304114641e-11
1.733769958254693386e-12
5.779742700495669314e-13
-7.979408351922921707e-07
1.486436223074172635e-06
-1.276071309081493623e-06
2.566585866335966613e-07
-7.950313718641362262e-08
-4.165758454527094287e-08
-1.623787631760186229e-08
-6.044477290661581868e-09
-2.388837150455485055e-09
-9.655826074941329869e-10
-3.880990849818380520e-10
-2.071829647700231373e-10
-4.532128437307282490e-11
-1.039485393398164879e-11
-2.626712520535878361e-12
1.544484325129345896e-12
-1.019446153480848327e+00
-4.284400995971145848e-02
-1.328164109416369795e-03
-3.493301304903820813e-05
2.667072753255889924e-06
6.832652834803406977e-06
6.351471971225903005e-06
3.693280414651832684e-06
-1.656432693246477315e-06
-3.295257704721314111e-06
-7.927732758093367975e-07
-1.232644112418433845e-07
-1.309569023290938972e-08
-7.239745676158893079e-10
-1.133882683310279373e-09
1.632404397343106238e-09
-1.134695371138728648e-01
1.098187236762317512e-02
9.458315640360009068e-04
4.939055238531821142e-05
1.514700761262713818e-06
-1.262683866363031038e-06
-4.528812817423566410e-06
3.808492658207227337e-06
-9.074853233743091632e-07
-3.783184731350482151e-06
-5.834806838983980015e-07
-3.877213106106888853e-08
9.461885756974999693e-10
3.154283869400005021e-09
-5.626709643683468303e-10
7.713883250451390851e-10
4.551471947352691595e-03
-2.184120377078853717e-03
-5.271822291050121513e-04
-5.353614848513919990e-05
-3.225353353195807918e-06
-8.628269276933747922e-07
5.409889895888069736e-07
-1.308240418358491979e-06
6.133136386907741545e-07
-1.029266974248293613e-06
-1.055386777343945118e-08
-1.882680340610527763e-09
6.779868893023373982e-09
2.440656664742209158e-11
-2.768084197355527791e-10
-7.619946332922271448e-10
-3.003384156906509380e-04
9.478094752252171746e-05
1.152958753463091630e-04
2.831822489803179305e-05
1.371039584801624252e-06
5.111443575939564819e-07
-2.313004560185728382e-07
4.266944687804010734e-07
6.140489219690594249e-08
2.948991883091444664e-07
4.831562940353354185e-08
-6.819947043492040414e-09
-1.150633883860672468e-10
-3.479190773730172807e-10
-1.195226297989570584e-10
-4.151265014543944102e-10
2.221631880895351516e-04
-7.431071819585028293e-05
-1.815035889123954257e-05
-1.408657492940710177e-05
-1.227417512243047941e-06
4.816503924201855373e-07
-4.166762638975523674e-07
1.201328050396927731e-07
-1.245114623574141588e-08
4.778043956456246044e-08
1.307481864904019144e-08
-1.207241408673650976e-09
-4.975678600653486637e-11
1.337958194904518411e-10
8.891883905931300867e-11
-3.675460782349098890e-12
-3.394619007491154946e-05
-3.043779037543770566e-05
6.644726940063978080e-06
4.362103758368831601e-06
3.870191075896047823e-07
1.272906310275559501e-07
1.106008568640746870e-07
3.357364679378069365e-08
-1.754513440995049219e-08
-3.161396128491564383e-08
-2.587353721228097386e-08
-3.551541356756567102e-09
-8.287099982269330065e-10
-8.811107606276258174e-12
9.897561986357115508e-12
2.154693021308750733e-11
-5.317426412772024069e-05
-6.559331556445192283e-05
1.456871810429885057e-05
8.348995205335766501e-07
-1.181498992969427390e-07
-3.492715538239682787e-08
4.285717079326556470e-08
-2.076955392345862556e-08
3.000912168411005875e-10
1.741255868264736426e-09
1.606927454554058337e-09
1.258911759054249800e-09
4.752451419486915769e-10
6.760815081499204610e-11
-3.747108145009744246e-11
1.365835554355308702e-12
2.672171625652242620e-05
2.252491749138074822e-05
-9.320104476390428470e-06
-1.666882625339699864e-06
-1.065743840926020906e-07
-2.743065370479527160e-08
-2.068551856356934734e-08
-5.028832706171747916e-09
-6.299308385769899158e-09
8.013118937712371184e-10
-2.758684574101748072e-09
-3.749038546926220898e-10
-2.614579469156467369e-10
-4.822619345808617121e-11
-1.322145622199525868e-11
1.218208298605661208e-12
-1.531151844674809024e-05
-1.259448497197848323e-05
7.531562799262167146e-06
1.443241761636918994e-06
2.076920840720552315e-07
3.015450074221163449e-08
1.366247255601126653e-08
6.868418121425052333e-09
4.128069054679762219e-09
6.403456604933422719e-10
1.742609883525024934e-09
5.906799056996707852e-10
1.456187618238125261e-10
2.224606662966258529e-11
8.532324228612402903e-12
-2.102245220365216276e-13
-5.686964438513600012e-06
-5.584277796519639863e-06
3.807109329840035400e-06
-6.752739061428040825e-08
-1.287343250238216974e-07
-2.866035067540879141e-08
-8.812331888937099228e-09
-4.943943892002544654e-09
-1.712320462343523774e-09
-1.167771887259274490e-09
-5.226404415426463083e-10
7.253214610996309507e-11
-2.218490931200568470e-11
-4.224383422955407211e-12
-9.311176357299686170e-13
9.640597461124963781e-13
-8.649247322320425631e-07
1.444500046235155463e-06
1.120234421829691128e-06
-3.583244490023170459e-07
3.716247098537118523e-08
1.450605137019107342e-08
4.742132959900335897e-09
2.314649331751414510e-09
7.866859364781148719e-10
1.727855119513405052e-10
3.269330239471042456e-10
3.610804190126130291e-10
2.327173638056662733e-11
4.357520821279572904e-12
-3.898610917444221904e-13
-2.778051274624494526e-13
7.021561944664848898e-02
2.961518482579276329e-02
-1.983980800497891356e-02
-1.467864152008227984e-03
-7.565226537740966321e-05
-2.819905501609935550e-06
2.920635009925648067e-06
1.101368420316615153e-06
1.439594185374252325e-06
2.002917012634639229e-06
1.838823616098344534e-06
4.408225705578427945e-09
-2.187058185554224674e-08
-1.539426748338592153e-08
1.975589121214917810e-09
-8.166059472295104677e-11
-4.390444558643539120e-10
-8.413143516757974616e-03
-2.743771271723146037e-03
2.007002071280997516e-03
4.894267668644847278e-04
4.794742852600014627e-05
1.899886628309894413e-06
6.484738651348288786e-07
1.398441891387620380e-07
1.711083145349468397e-06
-6.221230704272198943e-07
7.106148770832906469e-07
-4.717894107378252493e-08
-7.310598363202723493e-09
2.708232316589007521e-11
1.895918379884174060e-10
-8.560176308274425149e-10
-5.865569331223809534e-10
6.502840432471188818e-04
3.889204481353617827e-04
-8.234460723780407656e-05
-1.182898616995706849e-04
-3.128332744940983681e-05
-3.242674262168273591e-06
-1.076056493894020828e-06
-1.167849008636295140e-06
3.996088059249158491e-07
-1.898832458631841937e-07
-2.722364077613493681e-07
-3.347301452203980161e-08
3.344232339564287391e-09
3.456907095611525727e-09
3.053802106053062167e-11
-4.426785162917615942e-11
7.852825740502393130e-12
-1.768821497013384073e-04
-1.698302738137925135e-04
7.850184100397525431e-05
1.714961222833702169e-05
1.471155143421591008e-05
2.462573467649473032e-06
9.746399086402229526e-07
1.015880187638550880e-07
-1.385859716264214112e-07
-5.100974918215346343e-08
-5.577353615382980377e-08
-1.379250873482382275e-08
4.637978483968263327e-09
-1.266983558713217679e-11
7.867782838208900012e-11
-1.194192549798832027e-10
-3.713100474267060334e-11
-1.459837241483246393e-05
4.167336069248056156e-05
3.188976566080298762e-05
-6.869680962023118737e-06
-5.047824121503079886e-06
-1.090150254096591110e-06
1.514885481993708719e-07
2.338224509267731902e-07
1.284546646322403968e-08
4.531974225227215552e-08
3.441140155977645528e-08
2.246234709548716003e-08
3.122570274246956677e-09
1.060578442302486601e-10
7.097053324573548728e-11
4.846537728969457567e-11
2.142568014483214280e-12
-4.012585189945993712e-05
4.405485371040911673e-05
6.492516525755898603e-05
-1.428098748479844381e-05
-3.232060298590426454e-07
2.370981116176782914e-07
-1.075625181205385657e-07
-7.975613927619317554e-08
-1.213508204678641125e-08
-1.479347579834793336e-08
-3.686179708189965383e-09
-6.688234023968667917e-10
-9.997355026696955614e-10
-3.250826664807695773e-10
-8.277316529737868131e-11
-1.451734337829378710e-11
4.634463670612484716e-12
8.961052046211927179e-06
-2.496370492354052785e-05
-2.245250555090586763e-05
9.174159883706360714e-06
1.482737594125884986e-06
9.918205781156678039e-08
4.754728734732554671e-08
3.930769637185388876e-08
1.752326702129698568e-08
9.555616757579507993e-09
-8.774734294791074606e-10
2.398965012482419001e-09
1.318458315072010369e-10
1.663202798391734519e-10
4.102459223484039407e-11
1.303467359755314390e-11
2.165198326115721188e-12
-3.362983948814128718e-06
1.478528103745597505e-05
1.257812004728953989e-05
-7.481970632827374885e-06
-1.400661067440774455e-06
-2.041475611095694077e-07
-4.643759167098299301e-08
-2.218638945175961848e-08
-1.140194097004016955e-08
-5.292592033656005924e-09
-5.881979103962512474e-10
-1.570305761138730189e-09
-4.558256009161469481e-10
-1.043384984904001240e-10
-2.253629801692105467e-11
-8.256665978264905602e-12
-2.045034994083712524e-12
-1.272023915959153737e-06
5.526919255865717269e-06
5.571503005111667460e-06
-3.812502046893100459e-06
6.407391472561158252e-08
1.329865729603792773e-07
3.403177219870231255e-08
1.412923359189875224e-08
7.964477765644657477e-09
2.334555126198450237e-09
1.262112453781082133e-09
3.632292283215872356e-10
-1.958762767691620307e-10
-5.302891355336528870e-12
2.718841316275270597e-12
1.720745109790710580e-12
-5.333743697954240441e-14
-4.128249224546267372e-08
8.001941842987683770e-07
-1.612658684282219182e-06
-1.205881877492974845e-06
3.681055836254541015e-07
-3.058889472045783885e-08
-1.927065853936081668e-08
-7.908483227560383075e-09
-3.108772645020889106e-09
-1.194814590932616887e-09
-6.550531302883933279e-11
-2.574282234303489580e-10
-1.316162837136031697e-10
-2.302041672436888290e-11
-5.613303472763194076e-12
-1.182283557735707176e-12
3.759083385468001552e-14
-1.535009528517754795e-01
-4.714411023192366379e-03
-1.311289275422630166e-04
-3.378203578503621403e-06
1.995532554036558395e-07
8.577877936538221327e-07
-8.245985045829209655e-07
-6.524725105271745837e-07
-1.927286547766025008e-06
-1.013056517140478520e-06
-2.067556879702552288e-07
-3.173124159913226087e-09
-6.104454889771315182e-09
1.734925231949127320e-10
2.435337649708324292e-10
2.095492858786607767e-10
4.218347994066991291e-02
3.400708292875082809e-03
1.739111024952276464e-04
8.153774342925873149e-06
-1.242499491342606955e-06
-2.609199926596637608e-07
-3.281066258997370724e-06
2.824339792199059238e-06
-1.613802136431652467e-06
-1.010708020875527129e-06
-7.470896617807802960e-08
-9.043545360213957990e-09
1.320058053059356538e-09
7.132810574604473680e-12
1.219732146075778865e-10
-2.732596027452748020e-10
-9.513787346642621837e-03
-1.880741849587534232e-03
-1.777118208233343440e-04
-7.025863613908351329e-06
-4.559834662985350257e-07
2.484863787192834836e-06
2.877031395519992473e-06
2.949026617939844830e-06
3.311485927556278999e-07
-1.072295682533183676e-07
1.363832295884782391e-08
-1.284838436500148246e-08
3.600081025668164401e-09
8.334746184430435538e-10
-3.427615469384174975e-10
3.442108095217306277e-11
6.109058326579412061e-04
4.603180073307636339e-04
9.346816849613249958e-05
6.100130420574013971e-06
-1.583383086346928819e-06
-1.113984482467575189e-06
-2.286577618278957351e-06
-5.998055699617151096e-07
6.359586329614901791e-07
8.730727909941334051e-08
8.656523442824637150e-09
-1.894653539592228825e-09
-1.670682548565904617e-09
-3.689851042550617635e-10
-3.378317552489830930e-10
2.511263905256556886e-10
-3.198968753804832849e-04
-8.692883609442078065e-05
-4.011224258182155127e-05
-3.650548402307574665e-06
9.707067098579570928e-07
1.011189798415142493e-06
9.653099884091316462e-07
4.771250919197319240e-08
-3.079690947997400074e-08
-4.592850808030155145e-11
-1.545014139136435082e-09
4.546316676803245719e-09
2.406115727416964847e-11
3.574590595714356302e-10
-1.842122072929788594e-10
6.905036312655914378e-11
8.952113593324660494e-05
3.776679537480000926e-05
1.401855612364935928e-05
1.419835486543464939e-06
-1.351999383093921470e-06
-9.848299891931037371e-07
-3.125393110447692450e-07
-7.597723460943150474e-08
-6.666439057792036836e-08
-3.082507781729735384e-08
-5.346540904178640076e-09
-1.816016509019789801e-09
-2.105171376699294766e-10
-2.658075810724845482e-10
6.158887267316252834e-11
-1.108712527487319016e-10
1.064963489876574081e-04
4.579817820667076502e-05
2.192664073794203290e-06
2.948539587785472441e-07
8.925754891079516598e-07
5.775402075802781633e-07
1.935557838756869302e-07
6.177128891628996442e-08
3.325045495710817664e-08
1.076382671252355813e-08
3.750109909675948480e-09
1.032106229882801353e-09
3.645701694280750159e-10
1.120351784376053015e-10
2.412828847422287018e-11
-1.779413346046242980e-12
-1.961969400602015941e-05
-3.164634367943350583e-05
-5.353774206608548406e-06
-8.505365220503093907e-07
-4.632712665421097999e-07
-2.709312714103885313e-07
-1.152037882733414784e-07
-4.009550132191743281e-08
-1.215470346127261150e-08
-3.193388480893400684e-09
-2.008733812966516347e-09
-6.101537579449840291e-10
-2.520889084422401932e-10
-5.350633869665190331e-11
-2.084953720598730335e-11
9.662146061733140292e-12
7.936892373694542823e-06
2.523834697841432806e-05
5.071696374331260028e-06
8.567691768314222264e-07
2.686989283399846715e-07
1.264770495329852058e-07
5.966406782462106654e-08
2.011330679035781504e-08
5.456707137598482042e-09
3.633839694399684343e-09
1.415008745357734470e-09
3.971904125431727044e-10
1.417749884263819847e-10
3.878548363137733202e-11
7.518867438930784549e-12
-1.640265766691810268e-12
6.199665924027469879e-06
1.403231345558216118e-05
-2.074605483795571665e-07
-4.900558768722850156e-07
-1.512693264247616327e-07
-5.962662618659116913e-08
-2.800733588575466288e-08
-9.844375680366698745e-09
-3.244439647689797778e-09
-1.931277969851590386e-09
-6.109689182547533986e-10
-1.294515421251698503e-10
-4.170569099093875131e-11
-1.628846883794970322e-11
-2.676978812849279326e-12
-6.067422214745814422e-13
-1.878319760730019875e-07
-4.355165334962420926e-06
-1.373269164623150492e-06
1.039932057322282450e-07
6.283120573565275131e-08
2.151310641306921178e-08
9.990721159677726511e-09
3.886534214823586031e-09
2.066775923245136863e-09
7.073250185523597107e-10
6.184259519920795839e-10
9.670214471208846922e-11
1.450581597595499232e-11
1.629532685361025805e-12
1.379260393390231714e-13
5.130825929127588776e-13
-1.497894002944278602e-01
-7.500359712402837609e-02
-5.214056618974994423e-03
-2.550029329373328514e-04
-9.933484541687380355e-06
1.467098109280397893e-06
2.331690045205416760e-06
1.418976390637051784e-06
-1.832582434783516968e-06
8.489052528390145409e-07
2.463159982583895574e-07
-8.825454909771009144e-08
-1.399094259544998145e-08
-5.796082036232821867e-11
1.394292850427277694e-09
1.020927974208321163e-10
6.352528566144509533e-10
2.720115240245647974e-03
8.715250493922872127e-03
1.752242060246285817e-03
1.702487966659652530e-04
8.371670945119241686e-06
2.417844021451892479e-07
2.208465355647417259e-06
1.096459154211241826e-06
-9.099779125242946496e-07
-7.480014585845546647e-07
-1.021049812450509700e-07
-3.766537743905432476e-08
-9.070136251502982948e-09
2.457449807039039798e-09
1.493610084591082221e-10
-1.596001548364125380e-10
-4.126523131125638384e-11
2.020059654515824236e-04
-5.689342645783672424e-04
-4.596884094197378388e-04
-9.076561467317257942e-05
-5.046988891369335758e-06
-3.871807555182403163e-07
2.945372068081845935e-07
-1.250406181947040858e-06
4.662025765250120439e-07
-7.305843004904690834e-07
-4.754050543595141331e-08
5.819706823700631377e-09
9.974605184376315026e-09
6.832420464159047214e-10
5.130510782731175288e-10
3.852785199538182076e-11
-1.403073019643768834e-10
1.132286241841332748e-04
3.396983416042801676e-04
9.018597945631922318e-05
3.921515974233475343e-05
3.201185553959845403e-06
-1.015673048433034934e-06
2.168195077309322491e-07
1.312692824717880074e-07
1.741167738143365693e-08
3.822596021615543114e-08
-1.466501748072914506e-08
-1.280585942238997808e-08
-3.534371437248869114e-09
-7.237242043220508095e-10
9.036719032921306327e-11
6.033889510730249959e-11
3.173842059986286687e-11
1.074619295592458870e-07
-8.764218206892352152e-05
-3.655902019532328518e-05
-1.390517205424074787e-05
-1.136406223782003535e-06
3.216473852580073096e-07
1.111885306576885055e-07
9.709567071091324921e-08
1.415739493059417903e-08
7.635874195288165440e-08
4.291532963173869179e-08
1.115721235649341010e-08
2.452995789664753799e-09
3.293203885215664803e-10
4.789383216818436956e-11
-1.176976908044337846e-11
4.486278754033264559e-11
-9.573002348939666290e-06
-1.069126730119446044e-04
-4.644399365986010469e-05
-2.322146194696279965e-06
-8.020820573856000399e-08
-2.379028590360750018e-07
-2.468633405921591660e-07
-8.418170722472770247e-08
-4.085334238176181750e-08
-4.107701438983338360e-08
-1.840583480095432799e-08
-5.824444873613467142e-09
-1.678376051714828056e-09
-2.876759238524015441e-10
-5.145573163185754360e-11
-1.554582298004546629e-11
-2.119098814541898663e-11
1.856314755612044376e-07
1.942903874230446256e-05
3.178262251412211392e-05
5.378739224874004850e-06
6.446538232219241573e-07
2.496921411435429070e-07
1.674556106914476083e-07
7.564040512201028625e-08
3.362531450668080793e-08
1.574677815382466800e-08
6.297247001077228439e-09
2.979893294662547565e-09
8.865196926732715706e-10
1.978787690846347417e-10
2.367594078471204978e-11
6.288996763317214571e-12
2.580246396380810956e-12
1.289603424152603123e-08
-7.873520646452256954e-06
-2.525993354268756723e-05
-5.042889934354421183e-06
-7.726396411573480531e-07
-1.924905150182748290e-07
-9.928108958352140037e-08
-4.680706670318075755e-08
-1.960789951079790191e-08
-7.524266946572168475e-09
-4.893227441355997424e-09
-1.899018069969039259e-09
-5.014684632100054663e-10
-1.164090385170497168e-10
-2.499152354512573621e-11
-7.095733580628849505e-13
2.303588905748706998e-12
-5.860251973797469012e-07
-6.248777382557026343e-06
-1.402709286167750625e-05
1.895025691627639167e-07
4.463013025001221111e-07
1.297292250886524853e-07
5.403814581311261997e-08
2.624069201009697447e-08
1.106389558551314304e-08
4.545640542398820837e-09
2.606180030790727300e-09
7.129802586924944995e-10
1.462621197189561877e-10
3.600655349877375431e-11
8.862337166286547246e-12
-3.609741127284018911e-13
-4.878753145575564978e-13
-1.317359137054071835e-08
2.124954223966958306e-07
4.354687752569625883e-06
1.440812787000864126e-06
-8.472873555223445451e-08
-7.224436744868456487e-08
-2.843366374391619865e-08
-1.315040856603496797e-08
-6.390282338272381657e-09
-3.621250710243333520e-09
-1.413137073376440541e-09
-6.678943419505452938e-10
-1.157473911431450273e-10
-1.921018196493088224e-11
5.300622285560647380e-13
9.115218879277961806e-13
-3.270098375899245332e-13
