1.307760984148546302e-01
1.029903329401433920e+00
4.201028303916469475e-02
1.212072279679622579e-03
2.999743759424979757e-05
3.955286341584525960e-06
3.806496817278562977e-06
4.394073656409575303e-06
-4.189887586267376932e-06
2.199251436325263905e-06
4.020512649536816787e-06
8.817348119630054458e-07
1.313222855111810661e-07
6.528782814281424167e-09
-5.830446333817440751e-11
-1.287888180237168134e-09
-8.857107878677437978e-10
-4.930971984453939166e-02
1.338673255192558420e-01
-1.384841478237071322e-02
-1.105498623178796658e-03
-5.493228189756038421e-05
-4.254188203727468687e-06
-2.525255348097063631e-06
-6.256350589864553137e-06
-2.916558468567472118e-06
2.440573908279388508e-06
5.721034557336337981e-06
8.007541573113071193e-07
6.087342568729114769e-08
-3.168729144530925616e-09
4.386133203033099684e-10
1.438038533531753397e-10
-1.009456053501901517e-09
1.387186435604854766e-02
-1.918053609869683910e-03
3.739564030277671772e-03
7.905658029005982381e-04
6.687815655631084908e-05
3.873710134382006340e-06
6.001706159080945079e-07
7.488384601667805538e-06
-2.081215984606568805e-06
-5.724178565076174134e-07
1.642452527584590378e-06
-4.705534380237086563e-09
-1.180984455804754137e-08
-5.650970612189003630e-09
9.043439839078714420e-10
-6.880650094260264915e-10
9.315296657144549664e-10
-1.384700597789207885e-03
-9.132385684787086870e-04
-4.842976514909611832e-04
-2.353540068194493395e-04
-5.065453794238317049e-05
-3.906413688882226408e-06
-1.170201925223098451e-06
3.047882390957477084e-06
3.519443425843090966e-07
-1.537795950227909347e-07
-6.658420650645866445e-07
-1.297149651125544255e-07
7.922891730412934124e-09
1.718635695519302463e-09
-3.541603782983946978e-10
8.764433658460020965e-10
2.489249488795377251e-10
1.400117995907915799e-04
9.693027117318958423e-05
1.538424297611006031e-04
4.399759401793381248e-05
3.041149713975698404e-05
2.387068376789951435e-06
-8.325168933086517635e-07
-1.444801728389266791e-07
-2.117427789201698029e-07
2.407775939385113605e-07
-1.182932558977036735e-07
-1.949835337268470660e-08
9.122918589007542800e-09
3.442127443858091098e-10
-1.444684726802875379e-09
1.053895575560256962e-10
4.456228223701411409e-10
2.835308446567060396e-05
-8.491209479452326741e-05
5.967865936105380386e-06
-1.394717748033175369e-05
-1.226273986193790518e-05
-2.512697733974188821e-07
-7.885161548233024929e-08
-7.094026887002372897e-08
1.367856747875461411e-07
1.058337236799488404e-08
1.339935617471045506e-07
7.086363103490559576e-08
8.983451717024492208e-09
8.679348876834911252e-10
-3.942447101007987482e-10
-3.986395267370184981e-11
7.059683191982400749e-11
1.185119541041307616e-04
-7.955709054528934906e-05
1.859615551183398357e-04
-4.335910844403862319e-05
-1.870914994305530422e-06
-7.607150589953402022e-08
-2.272989097471854348e-07
-3.352185467212380459e-07
-1.262683416153623115e-07
-5.381003177910686394e-08
-4.358064534727579999e-08
-1.309459148642982704e-08
-4.884579921499830813e-09
-1.066231739239350190e-09
1.543509597335142536e-10
7.196403447745980858e-11
-1.179504535322316973e-10
-2.968929145951151738e-05
8.429593878539161974e-05
-4.966271523531987694e-05
3.474853314920789421e-05
6.259343830675119466e-06
7.204404259008912371e-07
4.317693658245804667e-07
2.530247942930008706e-07
1.349922702157269787e-07
3.719067006774647531e-08
1.814456867489373286e-08
1.172280883049292347e-08
1.623223383628033468e-09
8.207009768980498429e-10
2.306217958423047407e-10
4.932666204742569412e-11
9.234434564065339618e-12
1.090419057968767593e-05
-5.615399623994167294e-05
9.959771496978233124e-06
-3.235335564688368104e-05
-6.559063952804134236e-06
-1.205875133944228995e-06
-3.526022952294173728e-07
-1.672234836031096862e-07
-7.605688862351521447e-08
-3.158980659475382355e-08
-9.886663897130553325e-09
-8.862150867211652733e-09
-2.975791231316134536e-09
-5.472942683692423485e-10
-1.666024929937109811e-10
-5.676602633774631131e-11
-1.323897793624385457e-12
7.319212935489270971e-06
-2.646059768543984424e-05
2.889901474566724789e-05
-1.806235749894323709e-05
9.909256074792107353e-07
9.214688976164202081e-07
2.667108332164282883e-07
9.572526412158542204e-08
3.792476351826386950e-08
1.712686592957227637e-08
1.716206375180483338e-08
3.389047065455609067e-09
2.791582907414795607e-10
1.563945145698736726e-10
2.097348636599911500e-11
8.658182964976030931e-12
1.757793947676797044e-13
5.175146363937456630e-07
-4.623730288081521049e-06
9.371384518424625797e-06
-6.811725991605325623e-06
1.807868437945954586e-06
-3.939715821123333454e-07
-1.302748660336702583e-07
-4.701800083475822676e-08
-1.590803423404096066e-08
-6.299884591588429904e-09
-4.870937353866800651e-09
-3.725759328877253980e-09
-3.012524761075125894e-09
-2.402311308682510348e-10
-2.153299952546196196e-11
3.747932613608714501e-12
-1.006270695273509077e-12
2.551091654922644364e-02
-2.483091508847022275e-02
-1.726260239879252390e-03
-8.137764303341297903e-05
-4.482941721357214899e-06
-1.577082067139552878e-06
-1.462448095333362146e-06
6.422208157348156744e-06
3.575158113258257888e-06
2.798452024369373709e-06
2.030664815814945681e-08
-7.313817950785796981e-08
-1.854167863992433051e-08
2.071115569324826329e-09
5.597643695184584254e-10
1.493509756542822940e-09
4.888610948911218095e-04
3.457134829681771798e-03
7.337474525891415997e-04
6.223479250198194054e-05
1.641111572825285688e-06
2.102347622246723259e-06
-1.214364376079934838e-06
4.582248287218750150e-07
-9.089357845201046905e-07
1.196914261129039633e-06
-1.196238414655679722e-07
-2.094935208320032829e-08
-4.096096940114073238e-10
-7.504867449868379404e-10
-8.075551243233603115e-10
8.300714828687564407e-10
-7.868188221244081567e-04
-4.655777842431852082e-04
-2.410337685874247777e-04
-4.979092272729058099e-05
-1.910543588793852301e-06
2.516729609696877850e-06
4.339471091288099278e-07
9.062649087783280730e-07
-8.243375697520912520e-07
-7.188509706080008117e-07
-1.403912697559899808e-07
1.044099545310148065e-08
6.948016044188194009e-09
-1.406049394324360194e-11
-5.296548928700833507e-10
-8.902392381471758581e-10
1.195897627415449014e-04
1.618753810514555710e-04
4.268418685819817853e-05
3.058632425507676333e-05
6.069963627625895932e-07
-9.419301547208500726e-07
-1.372695464606325308e-06
-2.747411171066154671e-07
2.621290430417045155e-07
-8.658086107223045487e-08
-6.982293995086609532e-09
1.380011263558800721e-08
-1.808813151857055065e-09
-5.674786334023652915e-11
9.980096500213499369e-11
-3.716468294347620997e-10
-7.245053759794937845e-05
8.000434014307979084e-06
-1.618804142416356310e-05
-1.107757376226232350e-05
7.380115540992986002e-08
2.091243033535891615e-06
1.148277354350988106e-06
1.734054285038786194e-07
2.178498269978168285e-08
1.124844156315641237e-07
6.181626838117244478e-08
8.193017070114566459e-09
-9.431373658025978101e-12
2.474506256811974012e-10
-2.164641433962355290e-10
2.780185496890102719e-10
-1.038194405512408498e-04
1.842822355712239540e-04
-4.240957930425356097e-05
-2.957804545324657722e-06
-1.005718654065822159e-06
-1.175541073056604702e-06
-4.966594655220887350e-07
-1.543247872948275475e-07
-5.350384803317248206e-08
-3.467922415175359000e-08
-9.676097890825402199e-09
-5.004749450753090397e-09
-1.403868069608776158e-09
-1.806970097091175429e-10
1.151471969510153095e-10
-6.487082566056836452e-11
8.867633016757522164e-05
-4.981369567595671368e-05
3.481128040605388843e-05
6.898267833896619292e-06
1.338754560514509959e-06
6.257289430440439755e-07
3.158632054493324530e-07
1.409593763220708308e-07
2.601576844254371716e-08
1.205975264439010231e-08
1.020683745134541288e-08
1.726558639823822754e-09
9.059518513515424277e-10
2.267617994308450987e-10
2.995149740769311157e-11
-2.104881736227859960e-11
-5.707406232243718497e-05
9.974824842781526696e-06
-3.247839404876298969e-05
-6.881467039877667234e-06
-1.421162684072191980e-06
-4.665534985282686036e-07
-2.026430576763659911e-07
-7.712374974229842083e-08
-2.788728575274169454e-08
-7.303374208386900320e-09
-8.209853769964294520e-09
-3.022047863125302079e-09
-5.915659022802115476e-10
-1.657411906558108292e-10
-6.113593900773540205e-11
6.383935540814861487e-12
-2.734019400999079409e-05
2.881220239988771420e-05
-1.801779523048215948e-05
1.172419273921251373e-06
1.019189140684744095e-06
3.261566899706795979e-07
1.303696010917770825e-07
5.209571518529282198e-08
1.941389405002238795e-08
1.618593936122087028e-08
2.005291261717550419e-09
-4.786544095531947691e-10
4.002936310230396333e-11
4.574587846050209919e-11
1.421657772828967942e-11
1.290017387687963200e-11
-5.167637964162371500e-06
9.645596707336042156e-06
-7.236052615686061757e-06
1.693013511222183010e-06
-4.490863584684344492e-07
-2.088238954547577029e-07
-8.136831751241090348e-08
-2.751906987126512251e-08
-1.144655194753150129e-08
-6.582973046642616795e-09
-3.228711442959085110e-09
-1.443261214995929209e-09
-3.482870913857345349e-10
-7.449073425148167599e-11
-1.329565547779753991e-11
2.687083935687843317e-12
-1.022272344430940505e+00
-4.183688985257130039e-02
-1.206406654907498602e-03
-2.583791469825087522e-05
3.094213391702851777e-06
5.125000602696217374e-06
7.047222549689470848e-06
3.726481340635420285e-06
-1.688235104819142756e-06
-4.018137204911000427e-06
-8.794249571779726382e-07
-1.275932641813617990e-07
-1.349472374227788503e-08
1.253458265960690828e-09
-2.677914006491190196e-09
3.138354552175390533e-09
-1.408821632070454688e-01
1.350539445346052650e-02
1.094036257387724902e-03
5.284876589405394727e-05
1.993339605756807028e-06
-2.288181700263791966e-06
-7.760841883253967455e-06
5.440161252474250855e-06
-1.504453429495315962e-06
-5.531502946411951714e-06
-7.915204422304660166e-07
-4.602441641089173473e-08
1.388179500080661797e-09
3.174949400533532215e-09
-1.339212332466087424e-09
1.289755205063013319e-09
6.873554770970490176e-03
-3.348812664883886285e-03
-7.713492413210395983e-04
-6.721906067527755454e-05
-1.334965216358024051e-06
-2.278982871679964938e-06
-1.603559447772380916e-06
-2.427017705147206250e-06
7.988939064142463431e-07
-1.703349710930920731e-06
-8.707033043572931969e-09
-5.353295713647989574e-09
6.884048187734439597e-09
-2.885360919193632095e-09
-1.013350973303466337e-09
-1.916354880210809594e-09
-5.926609656307310365e-04
2.282837224073106441e-04
2.158373558116768347e-04
4.910422834052819005e-05
3.941989615228909631e-06
9.014406894579124321e-07
-2.286741114279162914e-06
9.962474111270005425e-07
-1.076535479728319018e-07
7.449940094955434307e-07
1.575780993073532354e-07
-7.762813378814777733e-09
-1.500191920917803665e-09
6.571805840644987623e-10
-7.676789713230657144e-10
-9.845011568314379896e-10
2.070504775600641304e-04
-2.450014171164497458e-05
-3.119191530359598469e-05
-3.160694347085291143e-05
-2.650556709083425187e-06
8.214572760257555359e-07
-9.865340628795582693e-07
3.030160480559996580e-07
1.978431874948931047e-08
4.965002786834915000e-08
1.225563279343457262e-08
-9.638885434347511276e-09
-5.227235729667966019e-10
9.085075708067984993e-10
5.034117907338124288e-10
-1.979943414529059274e-11
-5.343271662973313424e-05
-5.990855124325270763e-05
8.569646360032158144e-06
1.301331091325484223e-05
7.799826410710430604e-07
5.131933776444051162e-07
5.815113649432374623e-07
5.797335565948049312e-08
-6.761009058858067272e-08
-6.719021929743884390e-08
-6.648759124464072238e-08
-6.909376220801992645e-09
-1.069442216360675115e-09
2.074477065765910012e-10
-1.095794777525080587e-10
7.933890512358224601e-11
-1.669987292231863275e-04
-1.925914952640568839e-04
4.446627068260618925e-05
1.372143154339982094e-06
-7.027702330540670500e-07
-1.985699761681710889e-07
7.149279381487180161e-08
-8.300175693882093739e-08
2.098397458927176492e-09
3.525927936441509504e-09
1.029122365965407485e-08
3.152708661650883541e-09
1.070245152987955669e-09
-4.158791173446648519e-11
-1.366574443576079834e-10
5.155026086062426194e-12
9.437550631349943091e-05
7.748931479001115871e-05
-3.270088299055868354e-05
-5.524074330233239869e-06
-1.670910434755568487e-08
-3.379262480665305644e-08
-6.653849879178971311e-08
-1.005558935688143940e-08
-1.144782369226083803e-08
5.102533185222210263e-09
-9.944439436645508020e-09
-3.209804905766304723e-10
-7.832297297422851903e-10
-1.793014963260714711e-10
-2.468611077000181826e-11
3.145522702501514184e-13
-5.678719488191024810e-05
-4.198792590308323157e-05
2.818734360737292467e-05
5.707628426343989170e-06
7.035805682952717151e-07
7.212669541792401798e-08
3.694878659691699561e-08
2.306934603456437130e-08
1.924950931141926582e-08
-4.044084742130170795e-09
7.485274839958703622e-09
2.093354323846393804e-09
4.901774165105217751e-10
1.217361032898714001e-10
4.734484727499916211e-11
1.021403675151562602e-11
-3.154586816850230870e-05
-3.036515609876720096e-05
2.098593193498568050e-05
-2.304840740077688189e-07
-6.064800889949111521e-07
-1.102951506182890768e-07
-2.945274580094032648e-08
-1.752563255248436954e-08
-8.980845473281607826e-09
-6.501298977037213046e-09
-2.945096893818484595e-09
1.776750737532702346e-10
-9.117311632769493693e-11
-4.399713365681185945e-12
-1.316430103036201106e-11
-2.033605914557348755e-12
-5.616531400373289019e-06
8.357860300031023893e-06
6.238676097612753044e-06
-2.214680883848339446e-06
2.407113861933464814e-07
6.559339287099586966e-08
2.169458745827324051e-08
1.061282878588047577e-08
2.635224584398769540e-09
1.264275444978713931e-09
3.155279162785490457e-09
2.856651495993693099e-09
2.048952729184953252e-10
7.296496974163964082e-12
-2.475533374804078136e-12
-3.367891118293320309e-13
8.590657483019562002e-02
3.638134224854235044e-02
-2.433705940130380385e-02
-1.708363150256091926e-03
-7.915350227913475344e-05
-1.282348019961308497e-06
5.399793130186436841e-06
3.685927121874534159e-06
2.753618415994911537e-06
3.500649394521769564e-06
2.931343143583407609e-06
2.169272666267606724e-08
-6.050922596280707641e-08
-1.465690385147389369e-08
-2.241876628255219039e-09
-5.515044062832382150e-11
-4.491460009064421050e-10
-1.283832250249174883e-02
-4.107206550262932840e-03
3.083691114908361421e-03
7.133198164490563847e-04
6.291860183838678090e-05
2.513493757085792857e-06
-1.584046094760442799e-06
-1.355619178996508528e-06
4.129459620385508912e-06
-1.199240794782324982e-06
1.242934193574110504e-06
-1.138095675104549185e-07
-2.122950360039715863e-08
4.078271731068824341e-09
-1.547298537914193912e-09
-4.630925548076310402e-10
-1.243300268752869718e-09
1.304001178212389452e-03
7.321314296732307119e-04
-2.096878551850818342e-04
-2.220723277779054284e-04
-5.303627162279851796e-05
-5.384667976212042170e-06
-1.191668220861018816e-06
-2.486304995465080628e-06
-9.104328664376496691e-08
-4.031044291020486522e-07
-7.559695168215448824e-07
-1.340218905273130080e-07
5.525908828309372237e-09
5.643081064210086775e-09
1.980364684363630008e-10
-3.691524529085216829e-10
4.722716319444711585e-11
-1.536643969156620379e-04
-1.830001110627952211e-04
2.797495729069048739e-05
2.949996281695462926e-05
3.225758681712110628e-05
4.687364589019885353e-06
2.585565953955066832e-06
2.708532569863770923e-07
-3.837109059208620728e-07
-7.375993523893048055e-08
-6.010339320184130921e-08
-1.115258062302369983e-08
1.705732590585583470e-08
-9.687551123750090449e-10
3.532545374566998806e-10
-3.058454889521267244e-10
-3.763744662967753896e-11
-2.754593189426490516e-05
6.771794686637935942e-05
6.219801602131238595e-05
-8.789893567421046914e-06
-1.476212980145395342e-05
-2.751953886829898196e-06
4.817682212741774818e-07
4.274228176177885091e-07
8.808090926078678069e-09
1.260794757412126739e-07
7.298197136811207369e-08
5.862309627635878518e-08
6.116651338136803112e-09
-3.750974865550233392e-10
1.980045051134917884e-10
2.304749862993601559e-10
-4.864822653095376273e-12
-1.173488163063919637e-04
1.398881671013791879e-04
1.907011496707386011e-04
-4.383515447601456352e-05
4.373385119531581510e-07
9.836485383784133331e-07
-3.864429548862081484e-07
-1.506212619376207682e-07
2.408387733239944506e-08
-3.381212822354606320e-08
-6.452677708657569026e-09
-7.844754787162044092e-09
-3.299609425308161759e-09
-1.100541928046751041e-09
-1.426364108980660556e-10
-6.691002597518719919e-11
3.939021967434046317e-11
3.100603738152100242e-05
-8.868984028847804466e-05
-7.739694169335346559e-05
3.217241165494412388e-05
4.738413491913567539e-06
6.083599017500875260e-08
9.101297413665089307e-08
1.009512250478128235e-07
3.845407676179416806e-08
1.743272089260803615e-08
-6.454661055320564712e-09
9.085718657115093213e-09
2.577849656174211065e-10
6.253591213906699095e-10
1.671684764215757806e-10
2.452887162149372557e-11
-9.832312372976072706e-12
-1.150727165907089637e-05
5.541474461023391293e-05
4.201869430183183051e-05
-2.795401485778197355e-05
-5.507697469354356064e-06
-7.002049558833772892e-07
-1.252056899424329444e-07
-6.453641415303114891e-08
-3.423873687148006011e-08
-2.189462048579061697e-08
3.796538000467904625e-09
-7.283575993558123104e-09
-1.900055729638002557e-09
-4.061566187461728205e-10
-1.236188956516463699e-10
-3.648475880412882704e-11
-9.554893763997270461e-12
-6.951908438102772834e-06
3.077067622493517704e-05
3.033430045439477368e-05
-2.096070961188069588e-05
2.269440805537760023e-07
6.199317149079656820e-07
1.337626678350390545e-07
5.514840154173780573e-08
3.205448505208955117e-08
1.216200221537804266e-08
7.474622797613275855e-09
1.942168891297095655e-09
-1.162171366966566806e-09
-7.368395698931652383e-11
5.424842818792787156e-12
1.976572890597784991e-11
1.559951817876331950e-12
-3.221823298411545072e-07
5.250118470928582963e-06
-9.605534479590972354e-06
-6.883869608138864421e-06
2.296287379520771525e-06
-2.031463970661184875e-07
-9.738628852840128965e-08
-3.812962296192233554e-08
-1.531267314498067507e-08
-3.995781144787846849e-09
9.191546205166319673e-10
-2.598778447335035325e-09
-9.339156419729893698e-10
-2.628855760543162350e-10
-4.314417410380514862e-11
-9.643853315818147223e-12
6.432503696427499448e-13
-1.496822780562251931e-01
-4.250891671337299685e-03
-1.012906777026161670e-04
-1.778816246773424385e-06
2.373797854745357162e-07
-2.916892296987020156e-07
-2.451302051877899320e-06
-2.262659349099815826e-06
-2.401683450275503519e-06
-1.197643088084790752e-06
-1.876929005572146089e-07
-6.661178516983486102e-09
-2.473424729940852144e-09
-1.983264652623885836e-09
1.744692626553456470e-10
4.479654610930366633e-10
5.149907396337244370e-02
3.969168755187117183e-03
1.826354594476746777e-04
7.861805229040431494e-06
-1.244528342031782379e-06
-7.909001105837853743e-07
-4.760640870567988978e-06
5.691355246725314224e-06
-3.349844679000461703e-06
-1.289850148242155847e-06
-1.096125588531931018e-07
-1.055488926691448478e-08
4.675084251669088411e-09
-1.055294422036002947e-09
5.038064899009650963e-10
-9.115567996878410796e-10
-1.448895208467553160e-02
-2.748001342995033333e-03
-2.408647773281754906e-04
-1.016634770350175723e-05
2.474314284673139315e-07
3.337724051224586905e-06
2.864829766759279337e-06
4.010205952993765042e-06
8.314068602798468709e-07
-1.593495988437824369e-07
9.155046859418155172e-09
-1.631071331956810142e-08
2.878099122347318576e-09
2.114434146196039747e-09
-6.515669684453613956e-10
-2.686881043247216103e-10
1.279595003181131915e-03
8.565845801081589618e-04
1.588134756043412823e-04
1.255857425231954372e-05
-1.403260784879627005e-06
-4.737066162970921257e-07
-3.078079863917783198e-06
-1.577568994990336007e-06
1.399389905881215821e-06
2.420614899250233336e-07
5.737444730248912883e-09
1.601722310202586746e-09
-4.955907661537577405e-09
1.092656261053936994e-09
-1.350838283974071018e-09
9.683527082464386709e-10
-1.664044021357905564e-04
-1.566734513976540059e-04
-9.015505060257873390e-05
-8.516272885250276102e-06
-5.801917059451159216e-07
1.140923956172600783e-06
1.419326968735324235e-06
1.485982954640627526e-07
-1.784408236442465059e-07
-8.784686642729242346e-08
-6.529862776439056953e-09
7.566625141775049999e-09
-5.114159437349006735e-10
6.130241793563649000e-10
-5.208179898081387728e-10
1.683694076027725703e-10
1.208086618980363662e-04
5.991676929684492292e-05
4.167496994018566513e-05
5.121971349174041112e-06
-2.395623313287181182e-06
-1.773441590848900576e-06
-4.801916023312831635e-07
-5.755981170664115697e-08
-1.310992579988202529e-07
-5.542963000278039414e-08
-9.674636415078042274e-09
-3.672395374630251537e-09
2.832371011112077604e-11
-7.489025994799678551e-10
4.129017339488004375e-10
-3.581410055121681038e-10
3.295057993791429682e-04
1.435011417840014033e-04
2.614451921683347743e-06
-8.577678770445559569e-07
2.237962922563987539e-06
1.289410646858946642e-06
3.758002124974731353e-07
1.052699836059873355e-07
7.393988699778117013e-08
3.302218595442547422e-08
1.253923657470630576e-08
2.223982890725830988e-09
7.450150314287005281e-10
2.842109422658618276e-10
1.818894573230942865e-11
3.916147239618692408e-11
-6.977669753454496693e-05
-1.108809236273494031e-04
-1.727717770646731291e-05
-1.783270694451317083e-06
-1.231279177701641784e-06
-7.231787435805796631e-07
-3.005974393508094477e-07
-1.045563863858381823e-07
-2.989665563363813576e-08
-8.774425638393946826e-09
-7.295236649990207314e-09
-1.512144008622628256e-09
-7.348166360430964188e-10
-1.227881175987713224e-10
-5.746001742059394561e-11
1.872930630587439091e-11
2.364364934284947297e-05
9.291098856760677887e-05
1.981249948505433312e-05
2.969783583418030859e-06
8.431147801597687959e-07
3.965623419814969069e-07
1.910523194495253894e-07
6.237756976818248083e-08
1.559661718303650528e-08
1.267874950541311142e-08
6.423530623547660929e-09
1.196321142675727834e-09
5.763470656696224913e-10
1.131217795347198100e-10
1.987050150670181435e-11
-8.259050694127499533e-12
3.288251228537958452e-05
7.676317486539105763e-05
-3.007445833088377749e-07
-2.266764447851466253e-06
-5.930690672510257378e-07
-2.298565067926185973e-07
-1.063108199124601379e-07
-3.869194988350856189e-08
-7.370747263548298568e-09
-9.953194604315299361e-09
-3.753352822736047341e-09
-4.794563502842676397e-10
-1.673061243186695218e-10
-6.166020660940271057e-11
-1.413799267077159766e-11
-5.524394001808244221e-12
-6.908992843292690989e-07
-2.603740304526024396e-05
-8.546901145832563600e-06
6.188157320714512602e-07
3.150169652811531843e-07
9.613197640244067505e-08
4.601714040501418307e-08
2.019526958435572143e-08
8.609274979028178424e-09
2.842477475393441337e-09
4.734440789704055915e-09
5.063118947445902493e-10
6.752851510542061545e-11
1.459328673322228317e-11
1.214673320288283522e-12
8.899849864810665841e-12
-1.855582393269352148e-01
-9.174225653602439967e-02
-6.104018832753410617e-03
-2.723353029738284398e-04
-1.158118887393587479e-05
9.658350382281508371e-07
3.667478162216723350e-06
6.290465660753221354e-08
-5.714555206985520531e-07
2.189959967806870394e-06
3.694465285747016584e-07
-1.407381622546753098e-07
-2.403204767564314413e-08
2.493519128394432443e-09
3.222072078963191742e-10
5.712988012643592272e-10
1.577997036323123837e-09
4.208842614063041700e-03
1.327386341789838983e-02
2.560942698860435313e-03
2.274103649412336382e-04
9.003480128247208451e-06
1.981297117961949071e-06
5.937791763918741920e-06
8.750058576733926268e-07
-1.096814666382875486e-06
-1.623545877727147797e-06
-1.354182328807720660e-07
-4.970243562133566527e-08
-8.672305517371232533e-09
2.742871006658903988e-09
5.856409392494115620e-10
-8.012478519033476934e-10
2.817046858373199441e-11
3.436748608586261133e-04
-1.191927718047151646e-03
-8.545810920357696126e-04
-1.573296226499676343e-04
-1.162289759007121861e-05
-1.539684801865033329e-06
1.721791589479243891e-06
-2.240071975321632000e-06
1.359348903908143301e-06
-1.556651331951258250e-06
-2.248750244181921714e-07
3.087717948304495568e-09
1.207372974088658740e-08
-2.220835079674663204e-09
1.024155804695004998e-09
6.495625734797504956e-11
-4.013206200798573986e-10
2.752475722225056624e-05
1.715570681181393818e-04
1.601561307283692675e-04
8.838633772677790331e-05
8.051700201485185253e-06
-1.097248641115049099e-06
-1.234031314986979090e-07
4.017762152507902790e-07
-2.589467316560097324e-07
1.827462478184334456e-07
7.311260295879777979e-08
-1.214464500217787380e-08
-3.279973523241022434e-09
-7.328258133433149260e-10
5.018739038628600067e-11
1.738488906590365770e-10
2.260347522567212129e-10
3.779676305359988914e-06
-1.173316033748478797e-04
-5.701290977751521401e-05
-4.097383763269820409e-05
-3.448554846917667663e-06
-7.274771677198965248e-08
-7.982877014979013273e-08
1.510444484050010444e-07
-3.098040377409275101e-09
1.530894118387253909e-07
7.797022056829902785e-08
2.023973297929618759e-08
2.894360360978756778e-09
7.950451784842981239e-10
1.739781556639935467e-10
-6.122088498992946056e-11
1.731406703412239726e-11
-3.068454058809756056e-05
-3.316095228192985039e-04
-1.455845125095954257e-04
-3.359138338573166127e-06
1.101023791578668911e-06
-7.929672802267996023e-08
-4.383489703492263640e-07
-1.552622874104845141e-07
-6.852657348536936218e-08
-9.371430963603924751e-08
-5.007798104351577244e-08
-1.606669343651074547e-08
-2.807964063362631653e-09
-5.411447697549418553e-10
-1.127332228630665575e-10
-8.269499745034966665e-11
-7.840327484498996471e-11
5.098561916564930852e-07
6.929052163556469472e-05
1.115175638860669730e-04
1.754926610610976057e-05
1.084732267299773659e-06
4.578351487128540915e-07
4.484749346931515150e-07
2.012350469612195760e-07
9.091225474605457152e-08
4.083026158522208716e-08
1.635084188586478319e-08
8.730169525315884671e-09
1.975093232531314708e-09
4.710533776995186966e-10
4.034887353248881175e-11
2.953246438983532157e-11
3.903434386874313564e-11
1.152198279906353376e-06
-2.342017249784821912e-05
-9.312016140353160192e-05
-1.976113415813898034e-05
-2.586240224263227050e-06
-5.542226220801362298e-07
-3.292246277276812753e-07
-1.552520779123060548e-07
-6.447422963062503792e-08
-2.313529504619735539e-08
-1.598301196557784043e-08
-7.233554060797969141e-09
-1.409430414265003342e-09
-4.444779885541606571e-10
-8.909123839107959727e-11
-6.360306008653160723e-12
6.659323298291085879e-12
-2.774936347627862036e-06
-3.295912422308654345e-05
-7.664742481932931817e-05
2.242401240544883603e-07
2.020640342652348132e-06
5.107336924247239922e-07
2.220603098596586620e-07
1.086347731361850475e-07
4.771551829061468194e-08
1.368921527002497323e-08
1.344827455139450381e-08
2.864056791180737979e-09
2.723501754182707003e-10
1.941988470985087054e-10
5.407810103587574540e-11
1.234574214424628907e-11
-2.380465048429748486e-12
-1.614477774423160945e-07
8.515192946500825645e-07
2.600807568288793082e-05
9.083552066335508186e-06
-5.121834440962801411e-07
-3.860410236086409105e-07
-1.431889068883457640e-07
-6.629198702908641140e-08
-3.547664001376626238e-08
-1.892768964438588579e-08
-7.556454506522444123e-09
-4.575915690855485580e-09
-6.391589560755687759e-10
-1.569410425918032902e-10
-1.939770870997136926e-11
-4.661963157359937102e-12
-8.325875120732065981e-12
