1.376606711969069197e-01
1.026152712264963629e+00
4.398473455732527376e-02
1.452113278631711338e-03
4.772066084102209916e-05
4.835966106969287358e-06
3.936918929489469745e-06
3.064283756560629912e-06
-2.445808367824867274e-06
8.209406057246125083e-07
2.395631499815804540e-06
7.445379151304786780e-07
9.943315155863029187e-08
9.825773723317206120e-09
-9.819590727079920241e-10
2.429339114160312619e-10
-4.658098975207593131e-10
-2.996879860957884709e-02
7.884182551716722998e-02
-8.412360589420544293e-03
-7.482009087988273971e-04
-4.224961444585165616e-05
-2.950209372285574879e-06
-2.583885921769507421e-06
-3.735469838383806853e-06
-3.653368076475289733e-07
2.459319398425603207e-07
2.443798404383795221e-06
4.324400586903565467e-07
3.949906207108093543e-08
-3.319653850381932652e-11
-9.272360266135803625e-10
-9.268390343554443929e-13
-1.875474772905640169e-10
4.967219354323336444e-03
-5.703232813367513886e-04
1.354712631476805195e-03
3.057170548784196801e-04
3.057753184205965228e-05
1.758415704944352770e-06
8.709172338808778302e-08
2.185452430097782435e-06
1.458599331053168033e-09
-7.110068488156224640e-08
5.126864263424202415e-07
-1.454188988137237577e-08
-1.020231889590938016e-08
-3.476619761841567605e-09
-6.303251154567511305e-10
-9.801687828817343837e-10
1.274550527910791986e-10
-2.308951578949116951e-04
-2.532179606327850953e-04
-7.132047369858095893e-05
-4.748103043291715392e-05
-1.162822669442558700e-05
-1.157104166238742645e-07
-1.900256815539322220e-07
2.570909638663847191e-07
8.202217778809074187e-08
9.370614891346166462e-08
-1.091626408352772555e-07
-9.236825198605195602e-09
3.998786869620596569e-09
-9.705887589869739670e-11
-2.619382105848878465e-10
-5.457784603998172103e-11
-9.474918470407586245e-13
1.035402590694979114e-04
-6.955603091439045552e-05
7.918531587472037734e-05
9.495354271060453162e-06
3.943379757866209306e-06
2.600272898041919721e-07
-6.228121190917658954e-08
-2.641275948836332317e-08
-4.200297270967225455e-08
2.064089207648425411e-08
-3.218556147912505036e-08
-3.820184184060192818e-09
1.623717452610231849e-11
-5.789800106422478233e-11
-1.239159582951761477e-10
9.947955338103928773e-12
2.328145325310514855e-11
4.851956686618697522e-06
-2.143512209133904671e-05
6.283086246881458388e-06
-3.717248206728999244e-06
-7.885242932041519650e-07
5.244738583432450832e-08
5.839167434753099386e-08
3.834647887010523624e-08
2.439777548444686778e-08
-1.684953012569888062e-09
1.241629829175034174e-08
8.471580720729549853e-09
1.329382263900191693e-09
2.162213580933204741e-10
2.855808596007178146e-11
9.976201433911686325e-13
3.660986675827221238e-12
1.115861771837247457e-05
-6.135747678987630168e-06
1.698765604876313753e-05
-4.035977953192661825e-06
-3.429969339298870956e-07
-7.742743656868344423e-08
-5.170908861717871669e-08
-3.480179885815995389e-08
-1.562046975586578614e-08
-5.349304679775835178e-09
-2.733040809677521150e-09
-1.527076350612711745e-10
-3.831770593555727924e-10
-9.077619329824539991e-11
-1.867775356993800049e-11
-5.096086250093569762e-13
-3.619561742637326940e-12
-1.683722044814093737e-06
4.619210416963316438e-06
-2.695534269327146119e-06
2.075596007388102554e-06
3.917662040953587718e-07
6.730995595279831915e-08
3.221018597558954440e-08
1.556797315596513495e-08
7.486397828790508676e-09
2.225194712166323094e-09
1.146019948251214374e-09
6.179313872085054637e-10
8.916548151126554715e-11
3.250320961091379734e-11
9.820619139317242013e-12
2.266238569394329295e-12
3.342552161941755844e-13
5.416063961360618072e-07
-2.165535761303571820e-06
8.583421101614927336e-07
-1.346176629582907695e-06
-2.574978133878657872e-07
-4.903803794712720848e-08
-1.434779479451639764e-08
-6.690642187918474023e-09
-2.942291138832375310e-09
-9.879971815059033475e-10
-4.584978398562319903e-10
-3.745899114531347120e-10
-1.076909174573777562e-10
-1.368966186405394271e-11
-4.072168039607245117e-12
-4.032963475343374365e-13
1.646153058278971408e-14
1.295911443222842889e-07
-4.267962651713608937e-07
5.463625347042349554e-07
-2.903250993119670412e-07
3.018517860426809578e-08
2.141170542020692931e-08
6.533159355664445162e-09
2.543727680313390060e-09
1.005964485382443990e-09
4.378296725682220475e-10
2.804045007757151625e-10
8.701942750033553431e-11
6.726168737586846172e-12
1.368005416019695836e-12
3.831253311813537886e-13
6.921781471381388813e-14
-2.535973169250889765e-14
4.633983250596950564e-09
-5.119438608684761718e-08
1.045214934886328610e-07
-9.432499540512001748e-08
1.961511834041986327e-08
-5.049980585887144164e-09
-2.122816533869301476e-09
-7.129122071276224505e-10
-2.598946857087408635e-10
-9.416071040361047291e-11
-4.493147635426480210e-11
-1.555559754866113939e-11
-2.417740228758969342e-11
-2.020027638318286882e-12
-5.031262251678572209e-13
-8.624246661972376731e-14
1.722504847782978803e-15
1.482301452185346910e-02
-1.512803268374294380e-02
-1.152360847821085965e-03
-6.184536491694426574e-05
-1.919275143134468732e-06
7.980497276353901103e-07
9.247844026224462709e-07
2.011440354597236556e-06
8.484124262201831150e-07
9.471584725546354087e-07
7.250630932482712650e-08
-3.807631802995967950e-08
-2.978853841151708021e-09
7.504443481785862244e-10
1.210973877655193313e-09
6.415001566383306461e-11
2.676798374802374448e-04
1.244979669017298165e-03
2.852974632464136168e-04
2.908903336610346485e-05
-3.874602229287010198e-07
-5.124211196004051314e-07
-1.083356790110037240e-06
-6.654868179042808931e-07
1.617159462714843560e-08
3.693263095474198613e-07
-1.040764764510218647e-08
-9.684405161277807111e-09
-7.535684434767496057e-10
-4.904021411259728309e-10
4.371772790214092138e-10
-2.121194240337680882e-10
-1.869098989024509778e-04
-6.397274508913534518e-05
-4.833004938050966369e-05
-1.163284995993204996e-05
5.263386246439903336e-07
1.269333079019386993e-06
4.576004636449358161e-07
3.033729983388182798e-07
1.555733763835113725e-08
-1.122291808266513325e-07
-2.120462266494105564e-08
3.257781877448480744e-09
5.973183988831988131e-10
1.830160474928367464e-10
-2.409889776273988819e-12
-7.523499634845200128e-11
-2.572043602036957748e-05
8.315467239301570690e-05
9.905415599037840777e-06
3.646677072286185335e-06
-4.311096644323475324e-07
-5.721038172934236182e-07
-4.107075805554425029e-07
-5.434332839461136607e-08
3.823734365132350857e-09
-2.332261824385986614e-08
2.349453995186820913e-10
1.265333667809351760e-09
3.258835547489984865e-11
-1.008531639779837966e-11
-5.695686358005547522e-11
-2.148266221303993864e-11
-1.877742673326913994e-05
6.868860425035103916e-06
-3.782434962021484537e-06
-5.891869002086510304e-07
2.267926480848297193e-07
3.400713227696288845e-07
1.548813343375585010e-07
3.808345842386259051e-08
-2.849959479501897177e-09
8.360018386046663463e-09
6.950699092362064569e-09
8.694988105145069812e-10
1.458831810700732992e-10
5.229136154374851823e-11
-5.694522609748257421e-12
9.844250395591758638e-12
-8.416090872654856958e-06
1.683272367972504308e-05
-4.032638076843212610e-06
-4.482758050867710253e-07
-1.599342158702171063e-07
-1.242633228975541570e-07
-5.016123842872058258e-08
-2.047048873546104685e-08
-5.373079738077651591e-09
-1.687416790417584059e-09
3.830015852945487276e-10
-2.339728642065663535e-10
-6.684981643620780651e-11
-3.559441893434219146e-11
6.669193941881257465e-12
-9.715326718826449873e-12
4.898338665487577723e-06
-2.677776578550427382e-06
2.085789978023013744e-06
4.275017793977731616e-07
9.900087027407231246e-08
4.449483094979206063e-08
2.105817194440316040e-08
8.415582080423784655e-09
1.715434590277540101e-09
7.012505513896779074e-10
4.184272154474632210e-10
3.579383034728872426e-11
2.294313769151311945e-11
1.099659182743648669e-11
3.140810064570656286e-12
9.416504346231518408e-14
-2.257041232398091736e-06
8.473724662377387445e-07
-1.352218416249814837e-06
-2.686971621700212633e-07
-5.675395811950951273e-08
-1.918880470418866354e-08
-8.153479277293127082e-09
-3.132568689863464146e-09
-7.908446768771811126e-10
-3.139635476228060804e-10
-3.051237604993176260e-10
-8.691065489181171352e-11
-1.014690723896565787e-11
-4.700904960811620901e-12
-1.212749865008119840e-12
-1.061881466657990513e-13
-4.448088257781830884e-07
5.472051000649987681e-07
-2.887080574547379378e-07
3.298842712280564029e-08
2.350343960299902596e-08
7.443365704991741333e-09
2.987917861967684562e-09
1.134674466805006850e-09
3.962563930729887779e-10
2.357724603002088686e-10
6.407091562772555940e-11
-2.334426033523653448e-12
1.477985142382893469e-13
6.964345114852007203e-13
1.915055427940613956e-13
1.323126430038547946e-13
-5.743823107156603745e-08
1.052453065287291611e-07
-9.747126826188779647e-08
1.837903770601323821e-08
-5.552387868772211595e-09
-2.784027336793276872e-09
-1.031024852546056464e-09
-3.293898139072073396e-10
-1.187213651655505426e-10
-6.261619862108450636e-11
-1.118333443734477591e-11
-1.272502765490344893e-11
-2.130203627940321755e-12
-6.354641489045484912e-13
-1.183740521851213267e-13
4.760836068180945470e-14
-1.017034622252517728e+00
-4.369952180067094433e-02
-1.443211472321598949e-03
-4.474984637163300413e-05
2.009388199992350185e-06
5.293651561966183982e-06
4.399238260604082337e-06
2.832779477930037723e-06
-8.751357702891876840e-07
-2.349415390602984580e-06
-7.559512378137244123e-07
-1.024506487925839644e-07
-1.523784347060268455e-08
1.445438016624671513e-09
-1.609940876558124132e-09
8.726348456335447535e-10
-8.354361584512622063e-02
8.151238345711181790e-03
7.379650856286774745e-04
4.167907695910549583e-05
9.271815204779988798e-07
-9.604150355663670538e-07
-3.269699995200021210e-06
2.021225005729853338e-06
2.307233837833965072e-07
-2.309030545742269784e-06
-4.102120824405030317e-07
-3.427780378961544682e-08
-3.684226508290841853e-10
2.146446993444383171e-09
-2.788766093204796299e-11
2.913620397360027265e-10
2.476425537355708955e-03
-1.184080446472454392e-03
-2.988982612411161658e-04
-3.314386337309077103e-05
-1.301290238927657240e-06
3.209327386722575802e-07
3.926741657195232039e-07
-1.222559966266922732e-06
2.181395364941651666e-07
-5.553337360149713968e-07
-5.081768194333477966e-09
2.386158304309121543e-09
3.827522411863752294e-09
-1.486629708088151372e-10
6.313493182844502261e-10
-1.286604043271987089e-10
-6.020554739579793711e-05
9.151614268808354305e-06
4.463759996619258506e-05
1.240180080787327452e-05
-1.815829168893242486e-07
-1.725340494246656532e-07
5.560331345715018875e-08
2.532830537546132479e-07
-1.280227045303426469e-07
1.446127915982566001e-07
2.052467758642357721e-08
-3.395697893072527725e-09
-1.325620859753686886e-10
2.320382670988409444e-11
6.438901544500470355e-11
-1.062454054408537642e-10
1.467135507526772453e-04
-6.007960516115457109e-05
-8.640446924791917216e-06
-4.480336287845931944e-06
-2.477965374189748616e-07
3.200761149836776557e-08
-1.920316952280464560e-07
1.378876243607115345e-08
-1.666046125952447248e-09
1.723562659678064585e-08
1.068190311745247225e-09
-3.929258094362502581e-10
3.735986472258353988e-12
9.508539250975556543e-11
3.071070908359790227e-11
-1.383607889623845990e-11
-1.650546280547568381e-05
-1.170172404673769317e-05
3.510213577001917143e-06
1.006505026974363639e-06
7.737202132149252939e-08
3.151254006305433494e-08
2.499315910554616358e-08
3.669968848624832435e-09
2.088109680431274146e-09
-3.819924402462727134e-09
-7.224314281720727875e-09
-9.429938054114774396e-10
-2.185642201713992149e-10
-3.757609828387151693e-11
-1.856322825340258085e-11
5.639437554419381503e-12
-1.384336373554428955e-05
-1.788667262654339938e-05
3.929698643480535440e-06
2.411048159219382988e-07
-1.456253373578526402e-08
8.665542649800001643e-10
6.013630712681684498e-09
-3.035151515616281853e-09
1.744520688486814478e-10
-5.260646376589010553e-10
-3.533053422192852236e-10
2.475188478042736052e-10
1.009953617618701320e-10
1.928872515571293701e-11
8.898959801571129574e-12
-3.460944793762214378e-12
5.249272977211247045e-06
4.353421849911745059e-06
-1.882837950775271276e-06
-3.241388327781683623e-07
-2.243007353868667968e-08
-7.644119802875846226e-09
-3.469446513245591831e-09
-4.665485388039915637e-10
-1.280367722701528425e-09
-2.945311297147052089e-12
-4.350596294429308747e-10
-3.117033371121177671e-11
-2.898640861159135248e-11
-8.195528995790389556e-12
-4.328388851500462051e-12
9.355939652483765710e-13
-2.409991444235881834e-06
-2.110598017404222830e-06
1.178275605932050841e-06
2.190160032211040194e-07
2.956702184785833395e-08
4.372852309288081632e-09
1.944913769554757731e-09
7.351869591137305928e-10
7.381909888211191242e-10
1.778128622501012074e-11
2.921705295981587796e-10
8.689964332881539499e-11
1.164141240040675228e-11
3.982727729997022954e-12
8.580294095528219128e-13
-2.105951478975297921e-13
-5.328912152586433264e-07
-5.305478783582522423e-07
3.571442668033012157e-07
-1.164725309387405220e-08
-1.383732307917109804e-08
-3.055915482939086099e-09
-9.690723633280050768e-10
-4.294588307044507322e-10
-2.046483738269466982e-10
-6.148957081632099418e-11
-6.911959322093444260e-11
-1.425955303737528990e-12
-1.449034196831185313e-12
-5.524120101179343216e-13
-2.341751637858898773e-13
1.107093770364689711e-13
-6.280517393806256344e-08
1.055113686380191460e-07
8.685152664523995070e-08
-2.566375292422612137e-08
2.781484084854652883e-09
1.177369092137699109e-09
3.174759082259820357e-10
2.089924945812800037e-10
8.599310954399267698e-11
-5.776060940104987703e-12
1.173669279227265012e-11
2.319512277331912801e-11
1.462516843919447330e-12
3.630335438102727546e-13
5.487442469490634319e-14
1.691806526880028305e-15
5.236170538315838840e-02
2.201587158825792090e-02
-1.475379410232848833e-02
-1.140563299227133993e-03
-6.396567566287980025e-05
-3.687635082594369007e-06
7.122918197784518809e-07
7.087886970557605967e-08
-3.230827452721547135e-07
9.271040936024408625e-07
9.688041102244762507e-07
1.072285877756099091e-07
-2.861850922323313313e-08
-2.119521648320729312e-09
-9.743357587799728072e-10
1.208297414662468969e-09
-1.443388297737445433e-10
-4.581803342215171743e-03
-1.510838674406278460e-03
1.080751372012073728e-03
2.767685567224292147e-04
3.055106291773631438e-05
2.655217474880930859e-06
4.540737439622650176e-07
-8.927776689632418862e-07
3.375907312398290664e-07
-9.570050119583137791e-08
3.498083561816466910e-07
-9.691479576996270526e-09
-8.436507937366100781e-09
1.773583232408078590e-09
-5.585629381355949205e-10
4.509853213660725978e-10
-4.837867617277780357e-10
2.112166385294220910e-04
1.304665410327846887e-04
-1.194295459218722421e-06
-4.500848781048148224e-05
-1.376872176397000630e-05
-1.880091633388212395e-06
-5.044043159849509538e-07
-2.672167777359129067e-07
-4.725641963839328160e-08
8.550732408827659256e-08
-1.147498752644041023e-07
-2.113170727050434862e-08
2.998056786979713626e-09
4.852635906127820195e-10
2.453793663450019302e-10
-1.662500797649699951e-11
2.841873000997482643e-11
-1.183391280914953164e-04
-1.052376562172980390e-04
6.326065007478886778e-05
8.511902524892810026e-06
4.919318706161981020e-06
9.079320590749924416e-07
1.338468888441689814e-07
-8.182471137054295734e-08
-7.115012465082113331e-09
-3.874972712492082461e-08
-2.072008669794830663e-08
-8.422970613894926272e-10
1.538917115315477759e-09
1.254688571366631232e-10
1.284940948781465044e-10
-7.328586610371574821e-11
-1.336926787844144902e-11
-5.463571591821734245e-06
1.930317479351427229e-05
1.256434500208931932e-05
-3.449930083240534235e-06
-1.425068127929531862e-06
-3.094529712436987233e-07
1.080622573061518905e-07
4.807439861209130488e-08
1.263033141631123673e-08
6.005868675692163286e-09
4.288277892701385260e-09
6.796302073006261492e-09
6.561432622851279208e-10
4.266903834303116688e-11
2.885304154793256111e-11
2.122384369106979474e-11
6.393433872077786745e-13
-1.098786816455729813e-05
1.141809803845283554e-05
1.763279984458680986e-05
-3.894117969222030182e-06
-7.732306287746509091e-08
3.902935051467138407e-08
-3.594505456737910300e-08
-1.142074142855398733e-08
-4.201581515701519169e-09
-3.433758086170600763e-09
7.899285756589662142e-11
5.105606540754688783e-10
-1.477917877794159390e-10
-4.134778042564872809e-11
-2.353889716679743893e-11
-6.835368076547949653e-12
1.506049378077565932e-12
1.718664785323731339e-06
-4.918434787771523643e-06
-4.313637176481981069e-06
1.860798551123114093e-06
2.882800319889107984e-07
2.303570013959707368e-08
1.025934645543139844e-08
6.862695497280296013e-09
2.649537504767157223e-09
1.851070644502412375e-09
3.555144133585962147e-11
3.579062248184392259e-10
-1.046045795590633743e-11
5.693016148368801154e-12
6.082493438481677827e-12
1.801154815864466876e-12
5.085426749696823980e-13
-5.424599303872272652e-07
2.306713639185608112e-06
2.100678799368945448e-06
-1.171950997984380583e-06
-2.135873675428513456e-07
-3.008056177047556062e-08
-6.832168510124427169e-09
-3.124055701730234303e-09
-1.381714731054078691e-09
-8.726683649106414387e-10
-1.921677987365452849e-11
-2.617883234560964065e-10
-6.788625712410861709e-11
-3.846296637670450861e-12
-2.874808307226028671e-12
-7.262382216390369628e-13
-3.126181896597782715e-13
-1.225298713642257369e-07
5.171579545631404810e-07
5.292888974949511222e-07
-3.588417919598566648e-07
1.128751530120616589e-08
1.454459721132010187e-08
3.355044167968967806e-09
1.409730704904372119e-09
6.870654395203346517e-10
2.585809520752120506e-10
6.087472425131668147e-11
5.989204469439360933e-11
-7.798746286895651204e-12
-1.096021658985863077e-12
1.471386633526205588e-13
2.060485800613400758e-13
-2.196092308651526506e-14
-2.897015937539174590e-09
5.770014072981149402e-08
-1.142130647216633615e-07
-9.134598230374588623e-08
2.602325082369430545e-08
-2.442923684748347104e-09
-1.455760042806312507e-09
-5.336897153373543598e-10
-2.647555203707527654e-10
-1.121171683359736777e-10
8.649635277953436246e-12
-1.177694225041052815e-11
-1.034672123447957228e-11
-1.027652071044355622e-12
-3.479051121272708556e-13
-9.069871126396052620e-14
3.272522765118920693e-14
-1.568142864203470321e-01
-5.137221269081292813e-03
-1.614080308996019794e-04
-4.888472430594994077e-06
3.665306902552954147e-07
1.947309583343274191e-06
9.651421376126878836e-07
-1.833033199518019788e-07
-7.813441341168248436e-07
-1.009548426264307888e-06
-1.480930851875343042e-07
-2.545181379771840632e-08
-9.079100211556353260e-10
-3.630091980697764436e-10
2.844673708866423049e-10
9.360990811160217324e-11
3.151004254754484479e-02
2.640995645626835996e-03
1.473721044744873273e-04
5.875114082309428682e-06
-1.062990068053175458e-06
-8.121827364887377817e-07
-2.511234114206816715e-06
1.855500312164257826e-06
-7.091163542964378631e-07
-7.021764329398798079e-07
-3.782967246183277986e-08
-1.140377682547683603e-08
1.171153370438755987e-09
-1.187599912843708937e-09
5.566161923235704747e-10
-1.532949642109677535e-10
-5.183558243573872445e-03
-1.061774867492361937e-03
-1.064296611196975683e-04
-4.227102619693207546e-06
8.974029393421177152e-07
2.495930918844475574e-06
2.205105615221232306e-06
1.061758301758961403e-06
3.031294892623547849e-07
-5.031656961025290531e-08
2.570913269733776526e-09
-2.303286721366454895e-09
-4.010289943317372542e-10
6.781363889638292529e-10
-9.689092690128949989e-11
1.511492102896709594e-10
1.599445247895082349e-04
1.810666395841769791e-04
4.045353499186575010e-05
2.584417342631171468e-06
-1.255798166665890954e-06
-1.123654232692841749e-06
-1.035068688371270603e-06
-3.558677716578514576e-07
2.176548421785235310e-07
5.719772019093128860e-08
1.118512321423973529e-09
4.425797298532333673e-10
-1.043897192561473931e-09
2.242333816798069522e-10
-3.117326318111686117e-10
6.116648882421641958e-11
-2.392134987065749527e-04
-3.874541939103389381e-05
-1.273853195793395449e-05
-8.404683608002094304e-07
7.128421198020408663e-07
7.071181049768592747e-07
2.779737663770580363e-07
1.144281718040045426e-07
-4.610332973139204126e-10
-8.773908590556314195e-09
8.247112980191920903e-10
3.065826122271722547e-10
7.411025531900671561e-11
9.063889405335977141e-11
-6.060974133028630101e-12
1.031613506906815423e-12
4.499465544087763523e-05
1.711769107021958612e-05
3.777104976208090225e-06
2.480511347997356716e-07
-5.535441203810118660e-07
-3.173801766818114983e-07
-1.026034563409979106e-07
-3.900530344597154024e-08
-1.998680434704476350e-08
-6.339744966642418763e-09
-1.994936944196332077e-09
-7.653152450753763567e-11
8.057192362329500701e-12
-8.159657193996655913e-11
1.017735141201074009e-11
-1.533231730520012615e-11
2.824567051991223917e-05
1.225629577730747646e-05
5.854567148955274306e-07
9.767511026483555282e-08
2.398447974140245094e-07
1.189913125453382246e-07
4.973168831494580682e-08
1.444421513558859642e-08
5.356170732484155178e-09
1.212846069471974501e-09
6.854869910711047080e-10
1.219588833938283600e-10
5.237363184463808311e-11
3.953806491911648409e-11
-8.854198174120104125e-12
1.381745959392237218e-11
-3.712764186328078041e-06
-6.430000925506860412e-06
-1.056348154926214997e-06
-1.605429375434952695e-07
-8.498705811801117518e-08
-4.478275102664895496e-08
-1.965126907256113512e-08
-6.965483079660425288e-09
-2.212498874474626175e-09
8.957271125719289788e-12
-2.999873594798805057e-10
-4.424358162816099570e-11
-2.987315231433415781e-11
-8.392825493586938708e-12
-1.732288862650510756e-12
-7.912808348040353333e-13
1.403564972328920668e-06
3.986679099885756728e-06
7.683878897597615867e-07
1.205415429169381541e-07
3.560077236022843074e-08
1.610713702118436406e-08
7.433032592128708860e-09
2.611748937473019927e-09
5.836856376198063922e-10
4.424666939472354826e-10
1.784160693764973968e-10
2.073720086908745983e-11
1.221917639657200237e-11
3.455967729970615305e-12
9.691669055740743208e-13
2.801782820279994554e-13
6.103610608088967723e-07
1.336444458158560908e-06
-4.012427806777149499e-08
-5.136782424525677913e-08
-1.477851387473957839e-08
-5.884299932265467306e-09
-2.525934280742327415e-09
-9.458671029184911743e-10
-1.645768159698157521e-10
-1.299931691369026522e-10
-8.367292892221928735e-11
1.284952049463160454e-12
-3.186154222765483581e-12
-9.478205934020348772e-13
-3.885169362613410006e-13
4.666037297447145373e-14
-1.535018613944335303e-08
-3.113072943278777493e-07
-9.689594268857544742e-08
8.557893221677093780e-09
4.706922966174282545e-09
1.591601149834477974e-09
6.531108028984156150e-10
2.805190884610195191e-10
1.219667887224502416e-10
4.689665673454493640e-11
4.250635107185430154e-11
5.721179452667660453e-12
7.105061956179709174e-13
1.951450565112341844e-14
-1.060571431632488650e-14
-2.622725525204133791e-14
-1.105434544967657529e-01
-5.595018623938909086e-02
-4.035813850677576198e-03
-2.104150704576394080e-04
-6.621668096986680678e-06
5.646571916302147504e-07
8.898241544636371327e-07
2.345350380159821693e-07
-2.333834084205039544e-06
5.900474425959770451e-07
6.119605659724497475e-08
-2.749913935167878045e-08
-2.323842611437909106e-09
3.526842874886599204e-09
-2.286520407401345152e-09
8.189299885652333495e-10
2.193045803337521153e-10
1.445043304671250707e-03
4.743376013788837796e-03
9.898824394609104585e-04
1.019873252235577719e-04
4.833817362629151802e-06
-3.559617043946544675e-07
1.433986794179362306e-06
8.472294355482089999e-07
-3.294950098100292339e-07
-4.838344987758508625e-07
-1.187331167069965088e-09
-4.141961083039578194e-08
-5.687305535374958430e-09
1.159289386401475036e-09
2.978871868013266261e-10
9.222724435548253533e-11
-6.596799237649299766e-11
1.198984180064984162e-04
-1.408664136544660029e-04
-1.808114860252405757e-04
-3.909182104630929848e-05
-1.239776151982853584e-06
5.040755456921708505e-07
-1.452244280438096174e-08
-7.108312511123468551e-07
3.050997168933067553e-07
-2.910814355674224487e-07
-2.868896201993604287e-08
8.173201625433689104e-09
3.973288442907156575e-09
3.068939821085633171e-10
5.186512867724902670e-10
1.793587955438116479e-11
-5.654008300116806027e-12
9.346037825925238756e-05
2.563218610076813857e-04
3.987402495014868205e-05
1.248828671174244821e-05
5.952744496776734754e-07
-2.557343079730662956e-07
5.034658143670291998e-08
1.949904907212573608e-08
-7.084048866919916193e-08
5.255601113860189816e-09
-2.239745932513235377e-09
-5.444856579501866271e-09
-1.120912088690306546e-09
-2.262306045849671010e-10
2.085833143344519261e-11
3.339458512171119793e-11
8.324983265436191282e-12
-7.800712351068971491e-07
-4.442717628970281997e-05
-1.687703066278824462e-05
-3.538377329921539768e-06
-1.863364852461260370e-07
6.636132584087105601e-08
5.051979608930128692e-08
4.717413414831458808e-08
1.551553203850140068e-08
2.240450188935374164e-08
1.033296972517473493e-08
3.955395868949468025e-09
4.484320508596473000e-10
1.169197402983069202e-10
-1.717345221852099372e-12
7.687409716897064432e-12
-4.311983304647348933e-12
-2.497597915972954326e-06
-2.830587415917320667e-05
-1.232922898193104383e-05
-6.722247820934608767e-07
-5.387865400163678311e-08
-6.713586547095755791e-08
-5.620674841323735895e-08
-2.399891424543305841e-08
-9.599461431930455728e-09
-7.254773562749195046e-09
-2.791771376417138844e-09
-1.373392420455365384e-09
-2.825680062870099968e-10
-8.053452426279598452e-11
-1.375281867859417771e-11
-4.518866944766196797e-12
-5.651279676825281400e-13
2.331902518709134857e-09
3.644802761220474613e-06
6.445644353029942634e-06
1.065624762904723354e-06
1.269056132347397865e-07
4.899688842842507188e-08
2.837321992301725773e-08
1.299027322340535196e-08
5.802688549108592846e-09
2.870649543035992550e-09
5.182472654834650040e-10
5.207631034395759344e-10
1.101593039471305537e-10
3.177415390120926788e-11
5.326452821928924967e-12
-4.870450553598547096e-13
4.838393639353549815e-13
-3.452054333223503347e-08
-1.392119049633316945e-06
-3.990160533648311624e-06
-7.646587163860359212e-07
-1.093572987021464398e-07
-2.589336818839397827e-08
-1.293913714124748197e-08
-5.744491901830239332e-09
-2.538131041388867147e-09
-8.327421827933532078e-10
-6.242670872508159331e-10
-2.521956713319795370e-10
-4.229404785399532666e-11
-1.234051794994175772e-11
-2.126453105155327502e-12
5.480734189570201849e-14
9.344443099339194052e-14
-6.362637436533785373e-08
-6.196324587400165479e-07
-1.335955727146427238e-06
3.784957306867599305e-08
4.748865594173871026e-08
1.281618034536885150e-08
5.164744705069660874e-09
2.241837244985699511e-09
1.019119082689125841e-09
2.593510344458311220e-10
1.961987783013898064e-10
1.030705525984239382e-10
3.287763401851830868e-12
3.430847522935941884e-12
2.478114439030540170e-13
-2.960558374475682127e-14
-1.538272442421163845e-13
-3.626265535572706349e-10
1.679497038256121918e-08
3.117559382469027613e-07
1.010015096425095356e-07
-7.651463897089759367e-09
-5.202515803330949461e-09
-1.834635280483663929e-09
-7.964916259945741627e-10
-3.877493877334643258e-10
-1.908220757572092064e-10
-7.554435198984325287e-11
-4.839803083418013969e-11
-4.897721593384471560e-12
-1.026377857482491125e-12
2.192679967881643004e-13
1.970456808962022044e-13
4.007712308706642523e-14
