1.274254555001392009e-01
1.031841982507767153e+00
4.105176584012968505e-02
1.108636147144740703e-03
2.176305094421603404e-05
2.641042460436234323e-06
2.243254576540991211e-06
5.030758438069238567e-06
-5.105775190455050973e-06
1.751476298586206173e-06
4.648777059840063739e-06
1.049939264135413060e-06
1.366624586263605657e-07
1.031718555524126064e-08
-2.848922713765842306e-09
3.022872530184517965e-10
-2.663723040318568116e-10
-5.605701985727325892e-02
1.545460389550204761e-01
-1.575278046089703676e-02
-1.190671802578490129e-03
-5.514363043952214417e-05
-2.431040904296459665e-06
-5.838643010604621696e-06
-7.808430203000524356e-06
-5.764343926171749813e-06
2.253263895627946700e-06
7.514497197481441356e-06
9.361782324173468460e-07
7.089831904611408475e-08
4.138312791337857285e-09
5.130497156488722917e-10
-1.969882457857635325e-09
-6.239910104949764872e-10
1.815970288686600750e-02
-2.555170089130371323e-03
4.862699617931082879e-03
9.939216562407089499e-04
7.607805096902072394e-05
6.727773658803428683e-06
1.739555753407243694e-07
9.153575948263236993e-06
-5.398144531544177906e-06
-4.437145237745859975e-07
2.017026949339350780e-06
-9.222782702517076674e-08
-3.993825072356498155e-08
-9.778681910036771915e-09
2.868826649260002440e-10
-2.565031253102507738e-09
3.285825168536710161e-10
-2.107246590055554883e-03
-1.463417888662009057e-03
-7.160397227767141505e-04
-3.454261253431720083e-04
-6.984868471184322658e-05
-3.073353680611507585e-06
-3.866245888233561660e-06
6.135512611152741284e-06
1.205453847563355806e-06
3.869855882524964812e-07
-1.387120285665199985e-06
-2.732052585131180009e-07
1.105966373600717680e-08
-4.071255059710992791e-09
-1.667316612270193657e-09
2.067737652732445375e-09
-1.651783046157199234e-10
-8.362195188094553009e-05
4.491447874488451787e-04
3.857923250674259616e-05
5.496382117466169835e-05
5.153146252876162064e-05
4.289649111175669060e-06
-4.450326393069366816e-07
-2.517830895097289468e-07
-2.376158737165927893e-08
5.542888646894834203e-07
-1.052688820233511200e-07
4.130113054523500438e-08
1.379408196356857590e-08
2.724796082349180378e-09
-3.303059226664435590e-09
-5.998804395491505023e-11
9.122702916233301065e-10
3.664043564961061921e-05
-5.967563650606488959e-05
-2.466430096601600111e-05
-9.478916965305360904e-06
-2.270389760891582072e-05
-1.048904907148419801e-06
-5.651015221799981143e-07
-1.797707269838489523e-07
3.077164541493155038e-07
-2.108435110886997334e-07
1.564201065821920369e-07
9.911188841020834035e-08
1.703634716000938682e-08
6.957037521033057660e-11
-1.194559948551109656e-09
-3.427116109914501879e-10
-1.301125572762388394e-11
1.868310752150503752e-04
-1.487932063222868750e-04
2.998132511982646198e-04
-7.143801845277097094e-05
-9.445311144463631152e-08
9.192179609544007855e-07
-8.695135142721124284e-08
-5.018467651576923637e-07
-2.454119526489829978e-07
-7.052680100164103328e-08
-7.319017894604451385e-08
-3.882725267090073269e-08
-1.199375888523451899e-08
-5.078992340359694667e-10
5.335422856027779192e-11
2.073692987313095772e-10
-1.686342362968490975e-10
-5.156759080960205652e-05
1.607954853369689455e-04
-8.652426224137484243e-05
6.231543277423299697e-05
9.870981970375193717e-06
6.138708857067222684e-07
6.791168335885306235e-07
4.550569647134918485e-07
2.039502792644633559e-07
3.453000497849037629e-08
4.045172856869971726e-08
2.676235382347655242e-08
2.815212665911971612e-09
5.492274119723069287e-10
6.174764767256179080e-10
1.411301155558191561e-10
8.743212585237275445e-11
1.720537643787310337e-05
-1.094699062117233560e-04
4.560716252543783606e-06
-6.034184831414775242e-05
-1.234903791405912115e-05
-2.169910835826631091e-06
-5.886868812760489120e-07
-3.295380669799688891e-07
-1.376901477317901853e-07
-4.931154599906359116e-08
2.913749924589742994e-09
-2.071992193175229347e-08
-5.429453317156977345e-09
-4.832063506042141859e-10
-3.760285011022683458e-10
-1.244831148493506756e-10
-4.644279754585845306e-11
1.832708195884538317e-05
-6.791274481704087076e-05
6.969588698719948467e-05
-4.608330849535353604e-05
1.721597323161913406e-06
1.995863769994857554e-06
5.403599958963580955e-07
1.963451543186721433e-07
7.345673530470632409e-08
3.343844264323546356e-08
4.178790657216901534e-08
7.780145798923658697e-09
1.251233592105345572e-09
-1.619624147419426875e-10
5.084465142775121712e-11
4.858382611203047480e-12
-2.309931993483423451e-11
1.538662430525809958e-06
-1.317734764808957720e-05
2.550440407572776794e-05
-1.568491822798913173e-05
4.941905645459083497e-06
-9.798457429082234960e-07
-2.850132335973299743e-07
-1.054525579520781013e-07
-3.530800129391695646e-08
-1.748709228446578069e-08
-1.445151546170693950e-08
-1.271830934164801556e-08
-9.002354795362710424e-09
-4.656305753216563685e-10
-5.888272231920875492e-11
-3.455582238787004361e-12
2.624183700782310131e-11
2.961654674447651570e-02
-2.819531168274223842e-02
-1.868942362341328338e-03
-8.050671482636993542e-05
-6.567942614905532472e-06
-4.239476627594489911e-06
-3.167634036730634287e-06
9.162595403060279633e-06
4.334568057092667556e-06
4.127104277159441248e-06
1.096402355728750769e-07
-8.436572728485032932e-08
-1.214280526152076633e-08
-4.723343579021552218e-09
3.353583480434379947e-09
3.466161905068806599e-09
5.263070264041971348e-04
4.487707612045688937e-03
9.175831156605909408e-04
7.135866806549976099e-05
2.065950829201075494e-06
5.102145438218360546e-06
-2.227256635837391776e-06
-4.982251584203593108e-07
-1.155252741686083732e-06
1.477368539413493898e-06
-1.796041277693460323e-07
-4.717865399720106303e-08
-4.357087819888906442e-09
-2.803504560749396924e-10
7.831641269385605115e-10
-1.964302584931611206e-10
-1.232078934452785933e-03
-6.810358239885163896e-04
-3.512292811248603100e-04
-6.738737362165593591e-05
-4.289599597028835222e-06
3.909081939695886060e-06
-4.418142174280583039e-06
9.739381878051453010e-07
-5.040886045300229534e-07
-1.373964748639179235e-06
-3.088668706995630426e-07
2.648708570821205728e-08
9.494573052616442135e-09
2.489420674872851669e-09
-1.678765951612265317e-09
-2.047689899493944506e-09
3.428689099645731183e-04
3.777617854982282740e-05
5.311759785237345568e-05
4.879519488758445332e-05
2.659278704085881025e-06
-5.440872240576172313e-07
-2.925229837325442433e-06
-1.433375842866116592e-07
6.586887987817239126e-07
-4.649332235176717295e-08
5.414297007147038439e-08
1.725397726235456155e-08
1.353684889174907699e-09
2.786657909878864742e-09
-9.279673246794778804e-10
9.283960668544762653e-11
-5.030067069210599536e-05
-2.471326202758584927e-05
-1.180124426190131010e-05
-2.073173799353027156e-05
-2.666359026641456167e-06
3.725220732674978278e-06
2.327423703832370441e-06
2.974632897541826623e-07
-1.763585478927354527e-07
1.247926444426034646e-07
9.424861969912586064e-08
1.403533113328685224e-08
-1.423650175300668153e-09
9.179298589197966773e-10
-2.759497726361626486e-10
5.623861356079578019e-10
-1.865136172786003806e-04
2.992021850284938144e-04
-6.994235578912488924e-05
-3.135011930462941118e-06
2.723862691458505546e-08
-2.253180336804121528e-06
-6.956094260184958665e-07
-2.568022976011785548e-07
-6.704638848817812996e-08
-5.817361457948256069e-08
-3.490066119008267406e-08
-1.113409657781967134e-08
-1.978452863999978934e-09
-9.513836639191400162e-10
4.302941576452973576e-10
-2.788573193804423007e-10
1.666119136684713600e-04
-8.766243582974684646e-05
6.204358786596386374e-05
1.189116728742749688e-05
1.677917182555353262e-06
1.006864123223071664e-06
4.555555350996146087e-07
2.105754669607778660e-07
1.262402580520375456e-08
3.155216373609882811e-08
2.469585102434117959e-08
4.594912265785477336e-09
6.994804206612354197e-10
4.707874721865601164e-10
1.725797763847936224e-11
2.133675460839767790e-11
-1.095794471485374646e-04
4.868242701988085141e-06
-6.029003739244729324e-05
-1.331458717241856135e-05
-2.551211700857340397e-06
-7.880976135654337135e-07
-3.951363730574153890e-07
-1.384676820190720361e-07
-4.556047756474077031e-08
6.120583003144857245e-09
-1.944088405717374250e-08
-5.843923286772867950e-09
-4.324491346727837010e-10
-3.561596225308852306e-10
-8.371447162501218128e-11
-1.086677035045697887e-11
-7.000464844828816412e-05
6.939435918827240729e-05
-4.617667819175991196e-05
2.263095702214526614e-06
2.168402717900132461e-06
6.846600804593310549e-07
2.975294998596104606e-07
1.180449957383335310e-07
4.181007381669171947e-08
4.048455251097636198e-08
3.909550575893907810e-09
-2.255837429302719278e-09
-4.964180198124811512e-10
1.849836604721968381e-10
-2.087955717026956605e-12
3.040621314007274833e-11
-1.465276215366484882e-05
2.653844924249869615e-05
-1.690246558991503949e-05
4.624527526180041562e-06
-1.093113323881671204e-06
-5.237511815156499520e-07
-1.986234876006073303e-07
-6.502433983088098119e-08
-2.961808973546082396e-08
-2.387840474734467045e-08
-1.199057829993827500e-08
-4.134481524260369058e-09
-8.488692332380045758e-10
-2.770755070377053340e-10
-5.106336423450595500e-11
1.017448514948735464e-11
-1.024868546033743000e+00
-4.092434915090387149e-02
-1.104355986563995869e-03
-1.970172010194842083e-05
2.117523621963907484e-06
5.145603175398103469e-06
8.483234951635788636e-06
5.195306546017028614e-06
-1.348732097721841019e-06
-4.591569051069145707e-06
-1.047497128965180161e-06
-1.247361015214721896e-07
-2.770880071452292697e-08
6.783084871319325461e-09
-5.874009636618856351e-09
4.888521100304824667e-09
-1.621518059638582809e-01
1.540408541330256890e-02
1.181913089062977410e-03
5.344846556817566658e-05
7.735307938235079671e-07
-2.004780451452381852e-06
-7.900526258679482376e-06
8.519206186362150517e-06
-1.079898095317549052e-06
-7.361572979349101541e-06
-9.253383102845037658e-07
-5.366258496696054573e-08
-5.435676265722471746e-09
5.990660121621981434e-09
-2.412401151787722610e-09
2.814735446170159077e-09
8.811829269359488029e-03
-4.402332692327945961e-03
-9.693854396333814738e-04
-7.483388131193028769e-05
-1.335678713924712112e-07
4.205389440049655321e-07
-1.499816888078038078e-06
-2.890891481077909290e-06
8.262380020899413702e-07
-2.102107984867351905e-06
7.205121024298030325e-08
1.714648625946835312e-08
1.799132910626011888e-08
-3.686525555584330555e-09
-8.704740107224051290e-10
-1.269409668504808841e-09
-7.554371974669033679e-04
3.665170318822034349e-04
3.191474163916281940e-04
6.591247733920479947e-05
5.025869086499282205e-06
7.338018025541041172e-07
-5.230956258979748520e-06
1.713189663358024573e-06
-9.199866749460194673e-07
1.473998815186689906e-06
3.165683793262815163e-07
-1.033325731548558860e-08
3.091579616386287943e-09
3.381456963463953777e-09
-1.811004992359107268e-09
-1.104225852012381478e-09
-6.856003444796433192e-05
1.695888480569148979e-04
-3.333631524269479622e-05
-5.178734019668437827e-05
-7.229798490513997415e-06
1.257766586856581731e-06
-2.246653700633105663e-06
3.255419053052853025e-07
1.135791535223292990e-07
2.538741010995695930e-08
-5.521283081175551878e-08
-1.597823136194787883e-08
-1.855057155980007448e-09
6.888152389038944896e-10
1.742735075097306429e-09
-4.534482751786338810e-10
-2.603834045987621378e-05
-6.828464737585669643e-05
-4.018733947217435645e-06
2.175632805117711435e-05
2.982726177179002021e-06
1.283916156009931518e-06
1.556134792235386874e-06
5.553313354734534457e-09
-6.336233881814465407e-08
-6.165680515714437292e-08
-9.356534015416508546e-08
-1.416954324727122676e-08
-1.615655616716842509e-09
1.369619440900534637e-09
-4.897794284595844889e-11
7.377244345715173351e-11
-2.910928352110025833e-04
-3.081074727189156708e-04
7.715338289988940546e-05
1.587686288235720249e-06
-2.398596632297006448e-06
-7.163868334874784966e-07
-5.787566174972747255e-08
-1.772552781656275361e-07
1.688103230318840022e-08
-5.317722776102177398e-09
3.447777161694059881e-08
1.064468948270685026e-08
1.185911189221528351e-09
1.990954347195933180e-10
-1.202551009226356223e-10
3.423202487658954484e-11
1.736715076067864088e-04
1.375627233294262307e-04
-6.059561069571747761e-05
-9.944253160478091805e-06
6.551498787022368680e-07
1.793147514801332258e-08
-1.278201722292953965e-07
3.404494552538717781e-08
9.336280841879552422e-09
8.055755617616759307e-09
-2.114718043561645029e-08
-1.621398690974085368e-09
-6.168406740450010817e-10
-4.308621231110120487e-10
-2.619920927099936094e-10
3.560457549642586240e-11
-1.049953924036479529e-04
-6.770727753982621168e-05
5.269303880396547144e-05
1.126213028904940595e-05
1.151421465304418073e-06
8.316540112170163035e-08
6.337477191432853685e-08
3.891801790427481206e-08
4.107073080370107524e-08
-2.793606128734840571e-08
1.527267289236827662e-08
4.456024941220821977e-09
1.886422231835092996e-10
2.228378509075506078e-10
7.454767516239716354e-11
3.750604246832495519e-11
-7.935354743736410064e-05
-7.505999920834456553e-05
5.247437824355914021e-05
-2.654637252581195353e-07
-1.297132003487168864e-06
-2.171863165242323752e-07
-4.821995112958451856e-08
-2.600762173120356934e-08
-2.141653203590477919e-08
-1.842239935844581700e-08
-5.730305273806169077e-09
-8.432277129022618482e-10
3.065390085715832554e-10
7.181824382430239405e-13
-1.665297882312465404e-11
1.963485904589949088e-12
-1.596729937810228988e-05
2.038661615618184985e-05
1.428480785252923223e-05
-5.915839390730344970e-06
6.070088672285728467e-07
1.337782124134909089e-07
4.710547984370997192e-08
2.636885676937117953e-08
2.999140180016662334e-09
4.381126517953402089e-09
1.067554418146746115e-08
9.053456064520213354e-09
4.136991163912757752e-10
3.499698537918025179e-11
2.605440268930099885e-11
-1.144752958448729911e-11
9.754881455404579293e-02
4.147588571869536417e-02
-2.769402135249839428e-02
-1.852059040744754876e-03
-7.654435615436521367e-05
1.603618136583392378e-06
6.766923949303407955e-06
3.471629820862236872e-06
4.600944016529759678e-06
4.597380667167079454e-06
4.197481716482050898e-06
1.499150532106674269e-07
-8.544448218304049343e-08
2.772495818550392117e-09
-1.260890430082458976e-08
4.419324538795807790e-09
-9.614070914897092233e-10
-1.680947965529498364e-02
-5.261421131397174891e-03
4.048601037587164046e-03
8.944190990936275393e-04
7.052216955601541405e-05
3.854484869672668002e-06
-3.011083309197608737e-06
-5.754962579627244681e-06
6.225910040738367906e-06
-1.333192168387020966e-06
1.505435370402045246e-06
-1.586476018035108732e-07
-4.983862202075220041e-08
6.724798502968040793e-09
-7.452470956733025094e-09
3.063813770186929204e-09
-3.899888768446790518e-09
1.948601219117426135e-03
9.936038974304279518e-04
-3.318919706857259826e-04
-3.263914539674091144e-04
-7.130974766752773409e-05
-4.523099777313942897e-06
-1.240196807885746971e-06
-5.838484016748517639e-06
-1.369973702786173326e-06
7.122113439061082783e-08
-1.389757796999364223e-06
-3.252858925237162863e-07
1.861078647758585067e-08
3.425555042648829333e-09
4.639298447751063230e-09
-2.092257572439499660e-09
-2.964854495255450453e-10
9.881182954229828311e-05
-3.089637256781313176e-05
-1.690256824734655196e-04
3.142725414498203252e-05
4.903911319671564828e-05
4.779004299448576720e-06
4.921874227498815209e-06
-3.949567771404513961e-07
-3.715905444837622434e-07
-1.197151227128411995e-07
-4.129067623465609493e-09
5.806040979495892977e-08
2.493462418108997018e-08
2.310642322005693152e-09
4.140341516291876227e-09
-9.395134339898554052e-10
-1.544118673352051317e-10
-3.261107282539020541e-05
3.529968815687135972e-05
6.778129409617291833e-05
3.787402181869791575e-06
-2.684448681336073665e-05
-5.850359898434842083e-06
1.161789828474587042e-06
7.310422109942127402e-07
1.880706148537981330e-08
1.802187806878463430e-07
5.915727991304044923e-08
8.985992532809040805e-08
1.269600551302560989e-08
-1.508483066915405831e-09
5.817173573212535059e-10
4.810073421147050374e-10
1.005310621107368593e-10
-1.850233424713249334e-04
2.508380847547174853e-04
3.052535059671891119e-04
-7.652738228408410262e-05
4.063563225722779406e-06
2.849377663856509719e-06
-9.136504636775044024e-07
-1.082375104058449994e-08
9.629161776717464121e-08
-6.461228344221974595e-08
2.338147704752257182e-09
-3.074341563088235757e-08
-1.098168093076270754e-08
-1.843092528186049777e-09
-1.102182144964862561e-09
-2.435343269469528118e-10
1.999283316774536588e-10
5.430031228792625022e-05
-1.655189118386535437e-04
-1.370508043684257862e-04
5.965316650753894396e-05
7.259434565866866466e-06
-3.843928703836159788e-07
4.930975673665583025e-08
8.680535675277880985e-08
2.115479269508425912e-08
-5.347053827344218313e-09
-9.879646646710721740e-09
1.930801352451463160e-08
3.132144469035725533e-09
2.525478451926528846e-10
4.609908052875674225e-10
1.672885780234942475e-10
-3.853905122660114475e-11
-1.858220946986374923e-05
1.036683116722743173e-04
6.762328522652601820e-05
-5.224597495099569402e-05
-1.054217770586284913e-05
-1.214146205726088449e-06
-1.023676380350284694e-07
-1.159733884520905678e-07
-5.778601358957791781e-08
-4.334056489477015328e-08
2.578907686817545334e-08
-1.536858567358238121e-08
-4.255589001470923043e-09
1.806939069627894467e-10
-2.614404551142152783e-10
-2.843763329555710121e-11
-4.615654701531386200e-11
-1.757197394433268235e-05
7.772510955354962781e-05
7.515568781377224077e-05
-5.224824458444068471e-05
1.688095718113705504e-07
1.293715531283863725e-06
2.444818698533071648e-07
1.241348642813150232e-07
6.659754763054036177e-08
3.217944981277739368e-08
2.127156243498129569e-08
3.403208634817128664e-09
-3.153615387152607399e-09
-9.118284666995515810e-10
6.252695878903767754e-11
1.419927919984951371e-11
-1.380483641061849684e-11
-1.001895206811736732e-06
1.498698520946401890e-05
-2.408828628829863042e-05
-1.627380478501879972e-05
6.271330280900525763e-06
-4.789188992538007497e-07
-2.362519986038137457e-07
-8.920783151180452714e-08
-4.596932103983591912e-08
-1.167418570969705534e-08
2.705639542492435180e-09
-9.455695329922933661e-09
-3.637270403101510312e-09
-4.884589735520475009e-10
-2.072791629177792766e-10
-7.074091864384359669e-11
1.093355127515037110e-11
-1.462528426695514083e-01
-3.861428980093474777e-03
-7.953662885010293689e-05
4.933451602617030974e-09
2.821766999582713419e-07
7.495693417048647665e-08
-2.993638189545823749e-06
-2.398966766902825064e-06
-2.861878251051283249e-06
-1.505643322522817383e-06
-1.721028520220164858e-07
-2.691953072714591022e-08
4.492140829350294643e-09
-7.588385598243948848e-09
-1.589851058094958497e-10
9.738222087145048472e-10
5.837832884255264587e-02
4.324563359137661468e-03
1.806611502703799174e-04
6.585303020252595200e-06
-1.858819703806812116e-06
-5.725146711373678720e-07
-5.848887111338240122e-06
1.009568709969915080e-05
-5.383138963853643362e-06
-1.590407445029465161e-06
-8.351955804920658657e-08
-1.318293027795542056e-08
6.953403445383805124e-09
-3.925295617726246770e-09
3.256347871392780300e-09
-1.722457522513392614e-09
-1.891626309779859474e-02
-3.452379736526493218e-03
-2.813521303755263598e-04
-1.148960947304153175e-05
-6.992603787134653516e-07
7.688098219235069139e-06
3.401156706760702091e-06
1.973488606316151445e-06
2.406038494793200199e-06
-4.681385818012334219e-08
1.510340690968601894e-08
7.846600169014767823e-09
-2.704950143294213345e-09
9.453795286221891507e-09
-9.258718960255097717e-10
-3.342730428273709525e-11
1.951334045800661538e-03
1.246580574683823486e-03
2.126572992534516836e-04
1.518059613284065725e-05
-1.321148082035194933e-06
5.592424032668402123e-06
-4.687943972714201549e-06
-2.850740695273974926e-06
1.951495619330885547e-06
6.166644727604762787e-07
-3.507358889587757990e-08
-4.430130798324254636e-09
-1.244134981219511652e-08
7.549043016190651745e-09
-5.601808142657869965e-09
2.274916600117357066e-09
4.824806569778176631e-04
-1.926830050544767192e-04
-1.403673565780670066e-04
-1.322324023629688646e-05
-3.172874114131252046e-06
1.303308620877363674e-07
1.409986074670151650e-06
1.122926993919985839e-06
-2.273247735685655482e-07
-4.371695512000788193e-07
5.107343197459405791e-09
3.896730605010488807e-09
-1.419362884587133763e-10
-1.456060469328560395e-09
4.636280127774752734e-10
-3.711789006493943890e-10
-3.216251162394933450e-06
2.805237860971534467e-05
7.261857819937489575e-05
1.208296591351971961e-05
-4.381504562139212119e-06
-3.254733369496769333e-06
-5.612978819120365516e-07
-9.076654769380989430e-08
-2.604616466719918744e-07
1.551560287432514981e-08
-2.986987500530933352e-08
8.708052405845491076e-10
2.580170451911917074e-09
-1.317646442300025073e-09
1.148045418925817724e-09
-4.006521950002970753e-10
5.640832085846644601e-04
2.549177763630327935e-04
-1.347203034147477529e-06
-5.135678758806599870e-06
4.646661806426106342e-06
2.056857864741165890e-06
6.253736568691416933e-07
9.487700363672438826e-08
6.240436299732275457e-08
4.409690473395761915e-08
4.361641095334351969e-08
2.760273294215399252e-09
9.582758156203426459e-10
6.838259908798246914e-10
-3.164947014436338197e-10
1.839894346321791152e-10
-1.303598360975579177e-04
-2.060616958615264457e-04
-2.954893588481914465e-05
-1.390846211507964504e-06
-2.270684315176649234e-06
-1.105307991422803173e-06
-4.797428320753356224e-07
-1.945073548308243593e-07
-2.943933672750408912e-08
-3.291783364062074770e-09
-2.490753392440603585e-08
-1.716011562539181099e-09
-1.674205497619374367e-09
-3.928505020478911578e-10
-4.948684466282056385e-11
-9.799563803265067984e-11
3.283919266358984997e-05
1.707118689536739483e-04
3.858060800608114407e-05
5.257263790592371418e-06
1.414600500996810913e-06
7.195940599258333822e-07
3.437317999609084099e-07
1.070505790717039115e-07
3.410487641940915810e-08
1.700619116620548805e-08
1.843456240811928604e-08
4.869638244928495910e-10
1.182071460777383847e-09
2.920309268241227876e-10
6.127604453656354964e-11
1.132386845504672081e-11
7.936318045050480476e-05
1.906678284879787921e-04
1.031273011436096408e-06
-4.985949599111309463e-06
-1.150528152682583922e-06
-5.023752994294082459e-07
-2.179807802310297130e-07
-7.745831188552941121e-08
9.377011525996727136e-09
-2.105169733010197596e-08
-1.353298229146675067e-08
1.126824518018935123e-10
-1.981811072828268616e-10
-6.999460139538321647e-11
-7.534139754704159727e-11
1.903985367727503426e-11
-7.483267320124347434e-07
-6.514423037448192693e-05
-2.253598447272061613e-05
1.581658886341743250e-06
7.726337684609306740e-07
2.120042159121850898e-07
1.115241002889352256e-07
4.876798922955994790e-08
6.328089859210131033e-09
8.940293137984392123e-10
1.659235780731794993e-08
8.452941550604107423e-10
1.316708932762234087e-10
-8.526644258163741255e-12
3.055235093702854351e-11
5.796650017533975589e-12
-2.131447891205606737e-01
-1.041692237252370146e-01
-6.665236853489136734e-03
-2.733910765106954558e-04
-9.821919075750990197e-06
-8.604252747522375113e-07
1.085754336648005825e-06
-5.682478278165315837e-06
7.398585669217311369e-07
4.514173204421892405e-06
1.782899069245681398e-07
-1.622301391247047620e-07
-3.274463894467229142e-08
1.188169720225471027e-08
-6.709587389484895136e-09
-8.856231781109082731e-10
4.041973376773495181e-09
5.561541117888551926e-03
1.733279740204432193e-02
3.215241013793825216e-03
2.629241525538790806e-04
1.072882684894014608e-05
1.527411780472843161e-06
7.868073460202051208e-06
1.407980757905101799e-06
7.810783188020253652e-07
-3.583102837658801545e-06
-7.094354359774483760e-08
-9.960203721806313582e-08
-2.109813733814025628e-08
1.498820869390259061e-09
3.056484214655660464e-09
-2.779969316548910395e-09
-1.930984320815061224e-10
5.988319826827280231e-04
-1.781065372887542320e-03
-1.244617247766879658e-03
-2.122636888809182622e-04
-1.418820696480840847e-05
-3.430015935990920634e-06
5.912569777505683641e-06
-3.390128739047588126e-06
2.500000945089475617e-06
-2.296398029905912000e-06
-5.432268144300281566e-07
2.551712046952058793e-08
1.915991659548577172e-08
-4.214486871212317464e-09
3.161192504293681447e-09
8.697940600210827077e-10
-4.521005268443899772e-10
-2.511329095470299171e-04
-5.170795992653987386e-04
1.950955408042178698e-04
1.446002662786152510e-04
1.568044571852948694e-05
-3.734812283017562692e-07
-1.395610586762923313e-06
6.194994994120121161e-07
-1.321231652688597330e-06
2.856532799718286969e-07
3.807663816380617024e-07
-1.200154037282869309e-08
1.147351573733736263e-09
-8.532471294751749536e-10
-1.125677746728739594e-10
6.315144764928518360e-10
4.272393714386503067e-10
1.326758094771393131e-05
9.833621230266522623e-06
-2.526292383534499837e-05
-7.092645205324652532e-05
-9.318960943099879096e-06
-1.474677431874165761e-06
-3.657397793812770420e-07
4.458387408765849302e-07
1.433186998884048863e-08
3.220240340645846110e-07
1.496594256017039791e-08
4.468382987947612898e-08
-1.753608808358566759e-09
-1.616722153388489947e-10
3.085540972959316868e-10
-2.164356784836273565e-10
-4.276241294830972249e-10
-5.656899819564541486e-05
-5.706107327886012154e-04
-2.577467784082226941e-04
-1.566159770220011623e-06
4.744534825887958688e-06
1.107814034497804109e-06
-3.575724274624886260e-07
-3.970713248663108148e-07
-3.451444046975342987e-08
-1.070060078573778113e-07
-6.483140782456891949e-08
-5.135409252874790367e-08
-2.116043125525093248e-09
-2.011386060467105009e-10
-1.380197805626320267e-10
-2.681584793050558755e-10
8.952375380408368109e-11
1.479344191200785845e-06
1.296363101831371544e-04
2.074975650894899401e-04
3.078910269947565925e-05
2.024754659372657368e-07
2.381592282005741612e-07
7.051514778931892504e-07
2.997470517005127285e-07
1.793640972874850983e-07
5.342838010210852717e-08
1.466389354206113884e-08
2.639446361573125821e-08
2.519833108182009186e-09
8.351867781541595066e-10
2.582872818189509617e-10
9.042318735848913756e-11
1.104779699889354064e-10
3.833005623614412441e-06
-3.237572094863530527e-05
-1.714825176827394586e-04
-3.865938866230472277e-05
-4.424511803539768663e-06
-8.125118969959646426e-07
-6.579418609940968173e-07
-2.840998340410776465e-07
-1.247311684693983237e-07
-5.106735825655131594e-08
-2.503240540596473879e-08
-1.859857805814646376e-08
-8.414026108039805275e-10
-8.672653026129003891e-10
-2.546178412904235618e-10
-3.949297227042898216e-11
-2.021084109506613075e-11
-6.057027361518087097e-06
-7.923605768476440700e-05
-1.900739580755688796e-04
-1.172113453761852519e-06
4.389285134555209049e-06
1.021677258106791141e-06
4.999923053255616820e-07
2.508464789072084792e-07
1.055433023220125363e-07
1.051772497545919100e-08
3.661435548852179565e-08
9.026236634913353295e-09
-1.780809703245669040e-09
4.161982453402179993e-10
1.170757898423797882e-10
6.810253854674576434e-11
-2.539924156012889527e-11
-5.552718536071435487e-07
1.091703613878565805e-06
6.494995156363107727e-05
2.421843263134695017e-05
-1.358649786383307579e-06
-1.021105753842554753e-06
-3.358099320347470969e-07
-1.701369515517962958e-07
-9.085458362377184224e-08
-3.921227251101243070e-08
-1.445020061305129188e-08
-1.678177645360925374e-08
-6.573625149175207126e-10
-5.993770583004048020e-10
-1.353199305171899501e-10
-7.209057183956807361e-12
-2.873566548797216816e-11
