1.379517448101451882e-01
1.026002109126250339e+00
4.406983063016873398e-02
1.463360248151398223e-03
4.848930834031892425e-05
4.760090326732434704e-06
4.485038324404733459e-06
3.078811923638003228e-06
-2.495931791147722885e-06
9.306685199699662099e-07
2.363571872027607499e-06
7.337503747993346651e-07
1.005152666328589684e-07
9.518755138757245274e-09
-1.020453573498568577e-09
2.171405901850177662e-10
-4.718470610789168117e-10
-2.882460431485663055e-02
7.573216185316505866e-02
-8.091194547586819108e-03
-7.225445392282283524e-04
-4.140329757473099997e-05
-2.890179215466702416e-06
-2.318455533310397201e-06
-3.541275278562090833e-06
-4.096410490368446636e-07
2.743523709053732276e-07
2.336189302229575277e-06
4.153676341409384870e-07
3.963205697434852910e-08
-6.046951895953051605e-10
-8.795839728626752107e-10
5.118819105317552781e-11
-1.711404376570713623e-10
4.589618602553646037e-03
-5.230233895113441415e-04
1.252334688742651149e-03
2.827920508763715011e-04
2.855138681665078765e-05
1.514508114684903074e-06
1.428280611785334453e-07
2.081624931714251237e-06
2.583777118143352683e-08
-9.391606391264727811e-08
4.733255095886977766e-07
-1.158711054388584103e-08
-9.413274503387433121e-09
-3.186616917158200568e-09
-5.619301001001134349e-10
-8.286214694848891056e-10
1.316752252420569911e-10
-2.023901986000468272e-04
-2.295398214811281428e-04
-6.194523538430267017e-05
-4.211882331061893872e-05
-1.030212310873725195e-05
-1.920650289934011557e-07
-1.232829866451718488e-07
2.150175541056986443e-07
5.617221816512731780e-08
8.622020090257499999e-08
-9.063711495057617000e-08
-6.316499402923995442e-09
3.616857614901030821e-09
-4.486825268361989035e-11
-2.055965026517577864e-10
-2.599315109199022797e-11
5.941054984522049291e-12
8.967968420759483018e-05
-6.089747635471604492e-05
6.843646021817367624e-05
8.164939545560028690e-06
3.265934042724542210e-06
2.539033372042309185e-07
-7.031738931911937356e-08
-2.970944417646838333e-08
-3.699236170758463986e-08
1.581821745661243261e-08
-2.869751154392490658e-08
-3.905528180956650937e-09
-2.775714413155375660e-11
-7.030064784265421259e-11
-1.049195508376560763e-10
9.884629940122886348e-12
1.843361491171303000e-11
4.087022018193824895e-06
-1.778583862126005463e-05
5.310755524453093236e-06
-3.051475782782379720e-06
-6.199983265283659793e-07
4.391854341378551524e-08
4.938303310687204631e-08
3.380014822599228050e-08
2.109271919224810551e-08
-2.880959550329914171e-10
1.066054169332300285e-08
7.106982583854937223e-09
1.105999663060833214e-09
1.917241205589277348e-10
2.467180394866898219e-11
7.328096279717305330e-13
3.766348381808285194e-12
8.801413809883063753e-06
-4.829902671115265268e-06
1.338793920801457415e-05
-3.201985954913121086e-06
-2.853153955088466664e-07
-6.593906370046442667e-08
-4.212578359474987141e-08
-2.846617802193557130e-08
-1.296658633817788430e-08
-4.633640910291075611e-09
-2.341846521216009206e-09
-1.795756665848762833e-10
-3.148885003795135389e-10
-7.525527799890002595e-11
-1.447239780515234239e-11
-1.788945171993900049e-13
-2.867770443806714036e-12
-1.280655972672112842e-06
3.514812837719924728e-06
-2.037973772039381475e-06
1.585446636811667918e-06
3.038845673525013259e-07
5.382116542838241881e-08
2.521270132228468039e-08
1.225101865815756600e-08
6.010545515071672376e-09
1.846007444570645089e-09
9.172643368791276743e-10
4.932655168461664913e-10
7.420986755261181402e-11
2.674405789507876270e-11
7.640151523606153802e-12
1.719208512907799084e-12
2.025417689780670583e-13
4.033674964331280880e-07
-1.598285678299018663e-06
6.456788887971387742e-07
-9.971673030768356677e-07
-1.911850532724999833e-07
-3.696564717520091511e-08
-1.092040272170861617e-08
-5.023398051240192763e-09
-2.245251443462941260e-09
-7.853286130420321081e-10
-3.570774564137279813e-10
-2.785998876939532929e-10
-8.055477782279645885e-11
-1.055155119584587038e-11
-2.963320796015693129e-12
-2.600215255701864495e-13
4.861149605672777290e-14
9.134041804540819575e-08
-2.999916490475009471e-07
3.858362200765130871e-07
-2.038379611888196245e-07
2.176081221177173150e-08
1.535088290017500860e-08
4.789193623590234427e-09
1.842344581799158572e-09
7.413231164914354929e-10
3.321951401319023882e-10
2.048859923831625347e-10
6.107361707569924263e-11
4.485204722740900089e-12
1.157799521777530821e-12
1.861735725558147497e-13
1.410915981931173692e-14
-3.240750148583541185e-14
3.058654269358371898e-09
-3.478848674597783663e-08
7.118885693765009052e-08
-6.466961277819561671e-08
1.331489591931792674e-08
-3.476251563057842899e-09
-1.500758580134004684e-09
-5.032984969950686736e-10
-1.834062847895924304e-10
-6.677851290648618695e-11
-3.137415418963397084e-11
-1.024076305584507411e-11
-1.597367033296013586e-11
-1.373458994039465061e-12
-3.251859664669144585e-13
-4.603032032337937878e-14
6.677126140353832118e-15
1.423023413060679233e-02
-1.455178518313040431e-02
-1.112450061325753574e-03
-5.996395628886464564e-05
-1.444099798445515589e-06
1.051400273781892768e-06
1.174610266558509510e-06
1.991865339125041639e-06
8.104649381109338785e-07
8.875453696020195743e-07
7.172606350372825050e-08
-3.939090576081809375e-08
-3.606046888682011329e-09
7.807500576714170677e-10
1.128954293491158372e-09
-1.481454030578464101e-11
2.506793862343021533e-04
1.150577415529741758e-03
2.643288997234315889e-04
2.717843984875838103e-05
-5.043191528270354521e-07
-6.619073477739592433e-07
-9.777193798757110145e-07
-6.006146076187871734e-07
-2.458696876399839855e-09
3.393434649585296269e-07
-1.087943560070035155e-08
-8.449804485128151310e-09
-5.823912768778919843e-10
-5.081192867969328539e-10
3.701732217606883626e-10
-2.083121897374594264e-10
-1.681293683220302807e-04
-5.494839422972968153e-05
-4.267181830693031957e-05
-1.030755770939699164e-05
5.427205665755514434e-07
1.223142080031032277e-06
4.727937884394782969e-07
2.731283282474800325e-07
1.744406047845644986e-08
-9.442345533283126744e-08
-1.830779934253797288e-08
2.915987694876969444e-09
5.523071787401435212e-10
1.209715077354799846e-10
-1.118405643821692958e-11
-7.069433773442349292e-11
-2.278426547450855734e-05
7.197585788373110931e-05
8.464347602776795378e-06
3.030338295166312509e-06
-3.705436070198324192e-07
-5.127645598700163006e-07
-3.589255506535543195e-07
-5.101101589816277503e-08
8.764855610384756395e-10
-2.118341996101515313e-08
-9.531180240597248800e-11
1.108336607736843476e-09
2.260919506901168555e-11
-1.602052253608251770e-11
-5.526327691607019332e-11
-2.044869086331998910e-11
-1.555254628011953829e-05
5.795958799825738762e-06
-3.097167513280439444e-06
-4.492223678331322418e-07
2.034203645537100976e-07
2.861736701410533257e-07
1.320292482936595435e-07
3.304315071955696526e-08
-1.330650839254924890e-09
7.159780756749417114e-09
5.795432264163752011e-09
7.094826725579003458e-10
1.209448668025097205e-10
4.006483780769585204e-11
-4.371907674624436140e-12
7.957241756813354156e-12
-6.641850790212498855e-06
1.326220139015433196e-05
-3.202254729738922982e-06
-3.709148099188298472e-07
-1.360500988208384422e-07
-1.012551450058946204e-07
-4.181946347488067477e-08
-1.702121290836955312e-08
-4.630772492994671598e-09
-1.446620758519130798e-09
2.719035710197873874e-10
-1.858920929965532970e-10
-5.309495208647628852e-11
-2.871561591684453599e-11
5.541986200137083097e-12
-7.872441079035997317e-12
3.728842903828372043e-06
-2.023730696411008511e-06
1.594752040168469610e-06
3.320262866436381184e-07
7.896442988697641309e-08
3.518817523981312280e-08
1.664868811492622325e-08
6.748455945347250534e-09
1.437562768434248927e-09
5.556313758571617710e-10
3.320139649891832761e-10
2.909597372529038543e-11
1.875930189840088149e-11
8.581331666055229037e-12
2.485808640237467307e-12
7.758384427614841949e-14
-1.667480028206612190e-06
6.373875348575809625e-07
-1.002162253769708040e-06
-1.996521894131268112e-07
-4.289082307668561491e-08
-1.456357675666798282e-08
-6.133233204445373780e-09
-2.391380193872614251e-09
-6.313961651659654033e-10
-2.444927531453098682e-10
-2.241504734950523240e-10
-6.402711476088884495e-11
-7.890808828172428800e-12
-3.491660109006106780e-12
-9.065835600882446572e-13
-6.897933767956119695e-14
-3.127164257858567990e-07
3.864530000891511702e-07
-2.024672328452502641e-07
2.380726251391826870e-08
1.690260565808597842e-08
5.460513557955066769e-09
2.159911160329542590e-09
8.289433544477141365e-10
2.984666542073513273e-10
1.709663344051166379e-10
4.374025143580628223e-11
-2.033988221067850833e-12
3.081628102556160840e-13
4.220088828364136153e-13
1.255095009050253072e-13
8.525103161061893244e-14
-3.900211177062267394e-08
7.162018932711751948e-08
-6.679596335393277937e-08
1.246572721527985198e-08
-3.834596797601941145e-09
-1.950856306909745385e-09
-7.203292723090501625e-10
-2.300683946630428829e-10
-8.170014118973881517e-11
-4.162096637074212055e-11
-7.025073801855692711e-12
-8.342567577295064589e-12
-1.443229309738424312e-12
-3.924129122424400761e-13
-7.958620889408484576e-14
4.800628389874489592e-14
-1.016816819400561789e+00
-4.377956530650808226e-02
-1.454474355179433912e-03
-4.552060105709704958e-05
2.057374144987433955e-06
5.310010904390901196e-06
4.090414796851910730e-06
3.001361689982923729e-06
-9.814876767203100650e-07
-2.329115313341746697e-06
-7.461455956364907881e-07
-1.042732575710505044e-07
-1.494001283520290193e-08
1.382726072829037838e-09
-1.521184437289071303e-09
8.180889348157313804e-10
-8.027298309645237995e-02
7.837647866714772538e-03
7.128381912352822021e-04
4.062192315209792626e-05
8.396475376759649459e-07
-1.096282255742684730e-06
-3.078840676831001813e-06
1.954298987234507743e-06
2.105484195314394015e-07
-2.206008056005137818e-06
-3.914638302880335101e-07
-3.463445569644774133e-08
2.144545322442410756e-10
2.061839075363530681e-09
-9.257498334503547454e-11
2.696925390020528814e-10
2.289237945210354386e-03
-1.093083413173502475e-03
-2.767635769033187560e-04
-3.085266665542618387e-05
-1.087271596948781126e-06
2.160687508859055594e-07
3.380134893720413791e-07
-1.103126985482293176e-06
2.156073000301163186e-07
-5.120653224865749297e-07
-7.466043087411246776e-09
1.804336597481852471e-09
3.389636206624127610e-09
-1.568233774101997564e-10
5.248567194727823268e-10
-1.492441938510134988e-10
-4.833100044031566646e-05
6.509185250728737957e-06
3.952474845212505464e-05
1.100714321879247037e-05
-1.027048068236781610e-07
-1.660293894416058074e-07
6.915959481462005513e-08
2.277913125923438232e-07
-1.101545003578036134e-07
1.240566696238577129e-07
1.657081107840162694e-08
-3.003851385265056368e-09
-1.419038878003161618e-10
-1.734473854995694646e-11
3.396290805685381339e-11
-9.438072450799516865e-11
1.273615910735087845e-04
-5.221542589949003301e-05
-7.344189514738746348e-06
-3.755730061862678901e-06
-2.280614083757267068e-07
4.162175495254808112e-08
-1.605476155730467161e-07
1.274516338203191171e-08
-2.797812757399084595e-09
1.543203691713402300e-08
1.430952500800250586e-09
-3.336496173481635878e-10
5.893832194629704959e-12
8.678331101316851005e-11
2.027348051925442292e-11
-1.087788403496045778e-11
-1.362008212491873280e-05
-9.721220695836284514e-06
2.870088177568432850e-06
8.155302340808861931e-07
6.502863350868331869e-08
2.480202205160869482e-08
1.859846129505587066e-08
2.369084167225459227e-09
1.816584233401118495e-09
-3.449078250339840233e-09
-6.007736241706473168e-09
-7.616686323527935688e-10
-1.878284633201276702e-10
-3.464186126158864800e-11
-1.384559565489764089e-11
3.994210684937318726e-12
-1.093919035568016584e-05
-1.412198679418976991e-05
3.110968467072450131e-06
1.988224225611409847e-07
-9.531825852157016214e-09
4.167268468171528249e-10
5.192625973886664574e-09
-2.108244505217102919e-09
2.021497700298985249e-10
-2.986867020094698746e-10
-2.521072022079701078e-10
1.998887915529538258e-10
8.297196333844084535e-11
1.485854963909871165e-11
6.827342599851548296e-12
-2.910138886897567875e-12
3.994648061489100124e-06
3.311017082128089237e-06
-1.433517017589967044e-06
-2.502502058500044017e-07
-1.846360964653795258e-08
-5.730212642029773816e-09
-2.788891407511177471e-09
-5.353532203848005847e-10
-1.011420835488658917e-09
-2.479452155097847079e-11
-3.433503626527030936e-10
-2.755385628895462272e-11
-2.382309440413572629e-11
-6.318620869398546240e-12
-3.259091180650767903e-12
7.582951109569415363e-13
-1.784483498257102543e-06
-1.571322801315425660e-06
8.715816964163554830e-07
1.620850940687944894e-07
2.227947331490270513e-08
3.301859772217447077e-09
1.457615148499737439e-09
5.880913097842002898e-10
5.546724696965220640e-10
2.472360256360124685e-11
2.154063735903345072e-10
6.431215303233246508e-11
9.031088882211540920e-12
2.950908553214652431e-12
6.157612850909472645e-13
-1.823412618428770285e-13
-3.755848346950928037e-07
-3.744172040433595197e-07
2.516292467730605559e-07
-8.278654282986385247e-09
-9.870211714571052535e-09
-2.231304997394008301e-09
-6.851681615462914175e-10
-3.140334142050008110e-10
-1.492075188170054602e-10
-4.727650350191592958e-11
-4.818771384568830234e-11
-4.508002960292210789e-13
-1.276631754199272231e-12
-3.546443294105009385e-13
-1.390175013473728288e-13
9.461089884599744692e-14
-4.254003951974089704e-08
7.253384002955952566e-08
5.954274816432878404e-08
-1.755758931500700571e-08
1.885582982353862845e-09
8.271377817953354819e-10
2.222780417287521753e-10
1.435135424381936497e-10
6.004610745215019364e-11
-3.148983580530134788e-12
7.774208736230766807e-12
1.526784008592462013e-11
9.814337675157319648e-13
2.348269486529116099e-13
2.313395033582975653e-14
-4.580233445375815751e-15
5.037137477301585620e-02
2.117368986561304900e-02
-1.418832849543738388e-02
-1.100717188574874654e-03
-6.223545565934982720e-05
-3.954367941607692202e-06
4.484250636284414149e-07
1.147827416687256327e-07
-3.055968406498803729e-07
8.852865876581053872e-07
9.056745815304332907e-07
1.062905432535754778e-07
-2.918000844015825879e-08
-2.709433779401285127e-09
-8.653743387109479745e-10
1.118271142396638797e-09
-1.803216155007482198e-10
-4.232795394349677179e-03
-1.397613171949794921e-03
9.973882529448160113e-04
2.563156702172359998e-04
2.873964414879163926e-05
2.492248383622294252e-06
4.392578238606357883e-07
-6.894503062366663734e-07
2.814783520814584776e-07
-1.008307084903641262e-07
3.201248828729149505e-07
-1.101353880226005475e-08
-7.182185989827696742e-09
1.712100717318628712e-09
-5.481218381040629442e-10
3.632454133756637336e-10
-4.408601158412073842e-10
1.838979369766916331e-04
1.133026778591698171e-04
1.257971279565795736e-06
-3.979373236539360037e-05
-1.232503179692182033e-05
-1.677482192273737987e-06
-4.273440616266425195e-07
-2.204952448448135639e-07
-2.348454142756660546e-08
7.277997543619987469e-08
-9.627128477930953983e-08
-1.794946565306701481e-08
2.675025450535630272e-09
4.689941251510266594e-10
1.910523138283523263e-10
-2.833554021446254857e-11
2.436967480679285752e-11
-1.026159494071052122e-04
-9.128755674552454212e-05
5.495286077201109434e-05
7.300895118269486206e-06
4.173476888263294217e-06
8.118729831252950702e-07
1.110325870827032346e-07
-6.916056529052338391e-08
-9.976522553053032427e-09
-3.296823881876151955e-08
-1.916583045751696155e-08
-1.019992712403052723e-09
1.335059954789088223e-09
1.023523104239733775e-10
1.048730168216742440e-10
-6.636758385514410579e-11
-1.306202039299516108e-11
-4.581542341479932525e-06
1.597582080081092357e-05
1.043980837156583702e-05
-2.844816415461388374e-06
-1.149678342875523512e-06
-2.546139304192902460e-07
8.862631238705109231e-08
4.277987593528630243e-08
1.158803306266137476e-08
5.237038539966366889e-09
3.833772187876916180e-09
5.648126099004272252e-09
5.249988667052140731e-10
3.178143023401253338e-11
2.032940452250383748e-11
1.734495193549525774e-11
4.344109254559794682e-13
-8.674108142601893762e-06
9.006924989306954596e-06
1.392573052507563412e-05
-3.076013363225029705e-06
-7.316882435899812797e-08
2.827718167231503819e-08
-2.838007894904060404e-08
-1.036615516179256042e-08
-3.919717862522719473e-09
-2.905541984575072698e-09
-3.709248439823067118e-11
3.782177335214797485e-10
-1.141457707374049969e-10
-3.109584336384468430e-11
-1.855862316223530679e-11
-5.137083448133480004e-12
1.134547698897020824e-12
1.309458897338601841e-06
-3.740867549734485948e-06
-3.282967909058004082e-06
1.415392501265183401e-06
2.236961590953403753e-07
1.889324123628079345e-08
8.061405022203678557e-09
5.546129358461389672e-09
2.280915331016768029e-09
1.468039320578733296e-09
4.684918230315232859e-11
2.835506744012285385e-10
-8.388981580562145571e-12
4.808761612172234853e-12
4.661381153100627489e-12
1.270409206219153375e-12
4.470113425515795763e-13
-4.039702810226288000e-07
1.707177546349992541e-06
1.564557717349571403e-06
-8.667598814345748648e-07
-1.581729349659274632e-07
-2.267917163329024364e-08
-5.165943659945150292e-09
-2.360695007768423693e-09
-1.089586839885628781e-09
-6.564971376005539105e-10
-2.612525377256387771e-11
-1.915241689430668621e-10
-4.895435529873666250e-11
-3.067555643905345182e-12
-2.107846391271042181e-12
-5.046948534453885161e-13
-2.332672482780915842e-13
-8.621569349405733178e-08
3.641570547056931721e-07
3.733948608506962435e-07
-2.528402313175619929e-07
8.048317838948355729e-09
1.039948250621670828e-08
2.470085069354092563e-09
1.006642966346882707e-09
4.992938784192243028e-10
1.868255735129325133e-10
4.655404301013608173e-11
4.072581825078679016e-11
-6.266163249709836398e-12
-5.798467664541372390e-13
3.952424933719825655e-14
1.227528883930213497e-13
-1.680214709474973626e-14
-1.910495976795863216e-09
3.916653067036489489e-08
-7.825963217689883655e-08
-6.249582251082335780e-08
1.778414605621598110e-08
-1.661045611620820555e-09
-1.018105165639010653e-09
-3.716609740696145309e-10
-1.799237791716754695e-10
-7.717505935843307217e-11
4.965033579339505758e-12
-7.472828745492927770e-12
-6.670179804465107259e-12
-6.691492293717492879e-13
-1.985670336024964456e-13
-4.707014387208256379e-14
2.399437511233344119e-14
-1.571180432259418336e-01
-5.177219978369694553e-03
-1.643368857126742985e-04
-4.914337379651934862e-06
4.271076371780414770e-07
1.937923134670694629e-06
1.151039459773119329e-06
-4.350892589433748936e-08
-7.557956963772388113e-07
-1.013989554702304411e-06
-1.444272270019550874e-07
-2.597398564476041738e-08
-1.151848621547479318e-09
-2.939185331640617145e-10
3.307701279624377364e-10
8.757507355370308483e-11
3.031575866080342754e-02
2.549371483441466475e-03
1.436835244433163294e-04
5.905187250619995861e-06
-1.086309525890159645e-06
-1.113431885299754525e-06
-2.430246075400224758e-06
1.709165335670602777e-06
-6.360933414937682446e-07
-6.747407136169332289e-07
-3.731269743115991104e-08
-1.062183428251757667e-08
1.122392128413262098e-09
-1.127341474416919985e-09
4.903505477033703939e-10
-1.363758276358736409e-10
-4.789421041081537780e-03
-9.835974409628887166e-04
-9.944162952950643081e-05
-3.935751420035632172e-06
9.696060494443134877e-07
2.314877966839986871e-06
2.136151048230047654e-06
1.053652689798870629e-06
2.560075210220649780e-07
-3.756007048307155468e-08
7.132815363440694974e-10
-2.955429023362572091e-09
-3.215546628767139520e-10
6.178624455899546306e-10
-1.289400451045150358e-10
1.417078193504252782e-10
1.367331510447676699e-04
1.605202177230707883e-04
3.620839404930419617e-05
2.283990287435431357e-06
-1.243970637634216736e-06
-1.046946295327335454e-06
-9.308673886173536353e-07
-3.252852836781107663e-07
1.934372677261267259e-07
4.682091066701710200e-08
1.462318732222671013e-09
4.594800893904579346e-10
-9.200956571849121171e-10
1.787939902226266921e-10
-2.821901091842358845e-10
4.920916493773497456e-11
-2.080892979063239646e-04
-3.331727250088544937e-05
-1.079657287269842944e-05
-7.470236837651904478e-07
6.540006442966432333e-07
6.263837074224789924e-07
2.452474625421108874e-07
9.920442107065752771e-08
1.062812343967460816e-09
-5.957560855640703533e-09
6.919443513508952648e-10
2.938908845608144181e-10
6.668544744195476230e-11
7.531854080015507288e-11
-5.600902012058033971e-12
6.624835306531452029e-13
3.738265051117378588e-05
1.414641222713573553e-05
3.044287309604346398e-06
1.912734305146408799e-07
-4.628759716369467228e-07
-2.712222984131291902e-07
-8.850654860975947199e-08
-3.323249152834950344e-08
-1.694646269252567731e-08
-5.642458438394101687e-09
-1.614659107060713628e-09
-7.390840644314211300e-11
7.951972617855071952e-12
-6.990745618532782502e-11
7.648448759172384754e-12
-1.316814388928212659e-11
2.225302880796315800e-05
9.676915400852770333e-06
4.934279087341138470e-07
9.058099981685458472e-08
1.929844727263708749e-07
9.873947208095079303e-08
4.093658133181700440e-08
1.197759798934228142e-08
4.413084355291402379e-09
1.094385990676405962e-09
5.149351192876006833e-10
1.012199701847247426e-10
4.159320041442275463e-11
3.230783943082437121e-11
-7.335556200565983111e-12
1.153149236467008847e-11
-2.807194104461097834e-06
-4.895129772436604767e-06
-8.166755866764459186e-07
-1.285285559880182456e-07
-6.657302846480486199e-08
-3.552151689826772356e-08
-1.566868174245036872e-08
-5.525381744853068754e-09
-1.735628191536710432e-09
-6.308446388711336475e-11
-2.255702182497950639e-10
-3.586856568253992055e-11
-2.375201029809020401e-11
-6.274125751238184379e-12
-1.358245339461512943e-12
-6.100680478646612486e-13
1.047575586175268154e-06
2.952251131078050654e-06
5.689340034011286139e-07
9.085862403708138762e-08
2.695119520872143862e-08
1.219770207943403717e-08
5.678192331583270895e-09
2.004875652270588103e-09
4.448312387056440064e-10
3.468183702106357788e-10
1.285525218630869067e-10
1.622030935461968014e-11
9.351571766951518626e-12
2.557736406641006529e-12
7.179974277544428763e-13
2.212931004392954400e-13
4.314368460694359472e-07
9.430979929768168603e-07
-2.895299645007797429e-08
-3.679521953553974397e-08
-1.082637812798544436e-08
-4.268838014363825589e-09
-1.858908565810567375e-09
-6.949129577467467607e-10
-1.261445151178058404e-10
-9.338555980613432221e-11
-5.654108771495426593e-11
6.127018941368690879e-13
-2.353651538239873326e-12
-6.905379070166451755e-13
-2.791370867706061763e-13
3.886543939677003429e-14
-1.073001656819772725e-08
-2.130213190503066942e-07
-6.616410396123804135e-08
5.865388210891212908e-09
3.320138151731579262e-09
1.121028432987612013e-09
4.616491339921342178e-10
2.037284486826223861e-10
8.836128645631537230e-11
3.320030730972232426e-11
2.797326597996175618e-11
4.026616291475053531e-12
4.766784941922248548e-13
-1.582295641679616144e-14
-8.588966018539027573e-15
-2.475320649990336335e-14
-1.062436878696812331e-01
-5.382657806466793760e-02
-3.896635140741426181e-03
-2.051221937981582315e-04
-6.119246192124023897e-06
8.071146462224832069e-07
7.109062493085238663e-07
3.456142547753192819e-07
-2.468399250830032553e-06
5.244898074130255419e-07
7.617493636470801996e-08
-2.972964595855255221e-08
-1.405508712591644624e-09
3.578765380321480575e-09
-2.033603009241093279e-09
7.461129704623617198e-10
1.954711580787177974e-10
1.334174292887019362e-03
4.382858160354072795e-03
9.167391553701290541e-04
9.524663291950843165e-05
4.311610610071767926e-06
-2.341268285419607178e-07
1.404256385798929859e-06
7.579610816435442363e-07
-3.150272956999168410e-07
-4.302562042105406108e-07
-6.149679965955689691e-09
-4.060349908049945029e-08
-4.874140760879539861e-09
1.095749728529744883e-09
2.660436011514573364e-10
7.864953796787844361e-11
-5.491202260764407822e-11
1.102087334072565287e-04
-1.194168469175400552e-04
-1.603579806391696632e-04
-3.480632751200868867e-05
-1.238267578944699431e-06
4.789688497379924509e-07
-7.686533514810865206e-08
-6.377924663705551505e-07
2.783084347771152404e-07
-2.589448111974216711e-07
-2.251899074572868172e-08
7.765382678633894949e-09
3.593643871277186391e-09
3.246418570359750757e-10
4.680343933266672023e-10
9.946758888622145304e-12
-4.204419977456472325e-12
8.156272225983516731e-05
2.231183975358330153e-04
3.432999812341478021e-05
1.050827822298432749e-05
5.921875693756822270e-07
-2.493261653145084502e-07
4.713497783699857226e-08
2.494217682985176317e-08
-5.999217946059833159e-08
3.715727173874994537e-09
-4.306943602691775092e-09
-4.836708046651256213e-09
-1.020157585519742825e-09
-2.280599811150514600e-10
1.192719468565581948e-11
3.042819840693493263e-11
5.109794530387218886e-12
-7.119493284349096128e-07
-3.692011096946709402e-05
-1.393164200329397438e-05
-2.856802781526025395e-06
-1.592775974479931309e-07
6.126772561134081327e-08
4.608651058056826400e-08
3.914271710689538023e-08
1.311020077054442008e-08
1.890151555021373656e-08
9.184097028745519764e-09
3.290333454953644318e-09
4.144463797323312347e-10
1.065283755242870975e-10
-2.541749901342057420e-12
6.538838825641095028e-12
-2.753209105963072763e-12
-1.949223689517249743e-06
-2.229850833574899852e-05
-9.739961153553347917e-06
-5.552692299339695279e-07
-4.912286802611237155e-08
-5.490420535437295808e-08
-4.654333782753369310e-08
-1.990770967884114057e-08
-7.961012379132775831e-09
-6.009465156140095963e-09
-2.411025503999575332e-09
-1.086984053394696865e-09
-2.429487221669155326e-10
-6.658054956233544076e-11
-1.061571512806591459e-11
-3.682626764912408622e-12
-5.292873898139389764e-13
-4.207056536489938522e-09
2.756249419471889451e-06
4.907220516827095158e-06
8.214127291756386288e-07
1.011171109228674432e-07
3.817680829897779181e-08
2.233951668225181424e-08
1.043131994682976858e-08
4.610021337530238809e-09
2.276865193821887201e-09
4.846084234596974263e-10
4.069343225111385893e-10
9.034280388525972040e-11
2.521223861148108516e-11
3.778447822288440031e-12
-4.620360109987570942e-13
3.220286025807201991e-13
-2.781364932495746099e-08
-1.040256934836121331e-06
-2.954479709403253566e-06
-5.656682441735468253e-07
-8.226159867785960612e-08
-1.959708649533519385e-08
-9.710244929093450169e-09
-4.398869583228229009e-09
-1.953004108238451971e-09
-6.405871983132788431e-10
-4.872421489683707674e-10
-1.872473374828705410e-10
-3.300068215335495119e-11
-9.449774000438427453e-12
-1.516291204656697956e-12
1.018247835269306531e-13
7.865940300042919361e-14
-4.516138314840657427e-08
-4.380105484267486110e-07
-9.430085769525352362e-07
2.724421862615635012e-08
3.397763132996036748e-08
9.386015111640989180e-09
3.725914595275872082e-09
1.647016936363148010e-09
7.491125094378433252e-10
1.958789241254153916e-10
1.422977373458252873e-10
7.190237441306395343e-11
2.993927032165440592e-12
2.460967599000285579e-12
1.558034971794447753e-13
-5.363780877366005665e-14
-1.140932795206939823e-13
-2.334551867170706082e-10
1.173101458326987571e-08
2.133732174564077760e-07
6.888019944600828139e-08
-5.208330607244985192e-09
-3.635041143009190428e-09
-1.282094654889262664e-09
-5.557282399305584155e-10
-2.772431753431001923e-10
-1.365964350989219501e-10
-5.387149598083048485e-11
-3.185504891078676015e-11
-3.616981825168313530e-12
-6.190281238793181637e-13
2.200590287695005387e-13
1.557397963496054950e-13
3.474430953998888261e-14
