1.333260534451157220e-01
1.028475105206415607e+00
4.274317324732585660e-02
1.296613115307431200e-03
3.612207303457050161e-05
4.136196990930335018e-06
4.185590219514189221e-06
3.032854604116679928e-06
-3.944463529060261565e-06
1.024073118376094241e-06
3.220963002057040465e-06
8.253393675921435124e-07
1.188615188660659705e-07
7.204037347497245793e-09
-1.396116702105155754e-09
1.949211695282575274e-10
-4.956389843939529759e-10
-4.329567396273335811e-02
1.161721333612313334e-01
-1.215637467694223768e-02
-1.010718554616685120e-03
-5.306639587503905861e-05
-3.764159787580775154e-06
-2.928573339500920211e-06
-6.140309230261417366e-06
-1.808620088729155561e-06
9.078079346368165195e-07
4.341671876364074582e-06
6.383951437238549371e-07
6.395628730139121292e-08
-3.850869298494170370e-09
-1.810751266101185460e-10
6.498175619400342261e-11
-4.557165228066914519e-10
1.058142579634890369e-02
-1.401282263533717206e-03
2.868253907387594611e-03
6.211975979590688519e-04
5.696309661639943422e-05
3.321801040875798259e-06
4.780515733795115348e-07
4.807895607520400107e-06
-1.246810352956958274e-06
-2.208724992665971923e-07
1.204383858375196163e-06
-1.649112603720059420e-08
-1.753123506036895012e-08
-4.814814088122068465e-09
3.054433542853946673e-12
-1.536954971448808253e-09
3.666378405506371575e-10
-8.857004109076269420e-04
-6.128569217353922781e-04
-3.097117130398296578e-04
-1.569478777740518219e-04
-3.519304530505082147e-05
-1.387659917491569261e-06
-6.899067596373070709e-07
1.407068017072378931e-06
1.840453766740529826e-07
2.095853417111843737e-07
-4.253151888674533375e-07
-6.056279072246357402e-08
5.639053891282665178e-09
-4.019404382727410073e-10
-3.331782171727979571e-10
3.447797543970987782e-10
-3.622211206826316060e-11
1.953065490626149981e-04
-4.641830376730514163e-05
1.690474979989436467e-04
3.169512147902583417e-05
1.771167717718646740e-05
1.976177368910267225e-06
-3.629707679249924866e-07
-7.970935259452027172e-08
-5.869037942593064639e-08
1.330230828265331807e-07
-1.086280359776500264e-07
-1.134982374094790774e-08
3.309645301298054203e-09
5.276489618184697766e-10
-6.088743716327079267e-10
9.005254860338852561e-11
1.920297810345416708e-10
2.033363348579950576e-05
-7.107767492889158114e-05
1.333120150311276591e-05
-1.214278758263726701e-05
-5.900306894161035245e-06
-3.440288839293404246e-07
4.898317483937856048e-08
1.001625414049459621e-07
1.114679975735012378e-07
-2.342739030918790761e-08
6.966383283232408152e-08
4.184652632647454116e-08
5.870731309100198199e-09
6.484980988121470286e-10
-6.658634123072683299e-11
-1.787896868977342367e-11
5.409815755696278350e-11
6.258099405424165851e-05
-3.885788161011504089e-05
9.800012967526750972e-05
-2.301160575016047456e-05
-1.242875830394269892e-06
-1.150518689798351413e-07
-1.964168492664404730e-07
-2.051290190047243257e-07
-9.371749635025066874e-08
-3.020421919766796682e-08
-1.933574502707414423e-08
-4.254999410850782089e-09
-2.585798362232655225e-09
-5.305255334476417152e-10
-6.149522897447235298e-11
1.630765652826542473e-11
-4.087030542070684330e-11
-1.367176199581831472e-05
3.869390946947054221e-05
-2.285887201053306040e-05
1.660600586842047184e-05
3.019053876189468991e-06
4.142719115948837460e-07
2.321206423382693998e-07
1.280759270088005546e-07
6.643630528961608397e-08
1.906682210450661478e-08
9.961132952265562520e-09
5.669602624522153429e-09
6.902199824967810219e-10
2.855777588515848405e-10
1.256326310446695724e-10
2.852739002331954593e-11
7.772019832059352952e-12
5.051846509554455596e-06
-2.360060987245679730e-05
6.129852343911399812e-06
-1.399370061352145207e-05
-2.802459260488673932e-06
-5.303720505170564153e-07
-1.538466383949312010e-07
-7.701530192759788890e-08
-3.565764173299369421e-08
-1.354106117447011589e-08
-4.853913082879977277e-09
-4.410566421362412147e-09
-1.296846983845242665e-09
-1.701172475651123173e-10
-6.844654711360281123e-11
-1.523720022424791740e-11
-4.058305405575866254e-12
2.386537484988431082e-06
-8.285352112187869622e-06
9.730958726280105407e-06
-5.653329999860528534e-06
4.430981517431219166e-07
3.477524924482039510e-07
1.067862898426296765e-07
4.049197142979133695e-08
1.611223796003976360e-08
7.715870933972739163e-09
5.462527908688687688e-09
1.395061598786033282e-09
1.645337956293053352e-10
5.784558018389934347e-11
1.519186057509204018e-11
4.518057601029414220e-12
4.369696366257541513e-13
1.371477446618675243e-07
-1.367816404456760883e-06
2.742108979911631952e-06
-2.238993174526754212e-06
5.202190939451731766e-07
-1.270566168605445860e-07
-4.902716996849905725e-08
-1.648035645658287997e-08
-5.972519241417401168e-09
-2.559080895688738054e-09
-1.436197923998242530e-09
-7.113864037809755280e-10
-8.086966888311978773e-10
-6.818836627108330672e-11
-1.507810853106473378e-11
-1.752322806626995595e-12
1.732850342420190771e-13
2.203210766421091413e-02
-2.182115709015334387e-02
-1.570404441444485204e-03
-7.767272579829469952e-05
-3.580947075303464030e-06
-1.673701880776137139e-06
-6.604945835815385255e-07
3.827949606119630668e-06
1.738041127210997101e-06
1.961507543731089516e-06
1.071810809000198719e-07
-7.184433009431707628e-08
-5.725944444819466207e-09
-5.748129959789306639e-11
1.824625508734547863e-09
-8.125399262508557189e-11
4.365858053004907560e-04
2.648952878755104698e-03
5.785819212852110925e-04
5.344624258928985235e-05
5.426770298229335981e-07
5.584585856935370659e-07
-1.276326457984174047e-06
-9.582317173056373928e-07
-2.738792649243261777e-07
8.887030736028222186e-07
-6.576376140736351467e-08
-2.091177939355284982e-08
-1.265068066084140774e-10
-1.117946487817797382e-09
7.442887045578417105e-10
-3.719321759781563745e-10
-5.216211189833589714e-04
-2.970223018095778482e-04
-1.605216862092506398e-04
-3.496145614136826092e-05
-3.843137623774804113e-07
2.334135282288833682e-06
3.609700120299597402e-07
6.035213012723220470e-07
-1.132472437973711040e-07
-4.405999772104102209e-07
-9.573308495298000166e-08
1.156420213895628114e-08
2.340825534048220484e-09
3.970419742807926840e-10
-3.689232498401736674e-10
-4.641191092848948761e-10
1.907778132426643180e-05
1.768019237909989412e-04
3.204236199281824423e-05
1.755475098158114591e-05
2.034751200964000777e-07
-1.277221144455056240e-06
-1.299688391650107263e-06
-9.437345212984345982e-08
1.030383038500991138e-07
-8.460555255952341527e-08
2.846090121816466249e-10
5.970097767544085132e-09
2.404631206338730082e-10
5.353471223671229290e-11
-2.625027810321520396e-10
-8.771422371570981939e-11
-6.080767964254419093e-05
1.470485312571546472e-05
-1.285833630641749955e-05
-5.169232877627604119e-06
1.924232693175425388e-07
1.496312652857102814e-06
7.581628219456947329e-07
1.496197857880601047e-07
-2.415520238109223466e-08
5.278612796780480849e-08
3.773013943243513069e-08
4.455020352313459456e-09
3.320489979122072468e-10
1.509966855679251363e-10
-9.570562996293551905e-11
1.043568985752511585e-10
-5.177199066875878104e-05
9.736227446041781982e-05
-2.274245540223622918e-05
-1.934292840606908553e-06
-6.404872366263022151e-07
-7.263022047430546632e-07
-2.905847132849663901e-07
-1.188341168321353858e-07
-2.944189972909411199e-08
-1.301678986492144493e-08
-1.872297304135805253e-09
-2.054421251827801985e-09
-6.500856262676719977e-10
-2.288660710674563921e-10
5.815342851417947116e-11
-4.184272649805228831e-11
4.088016567013921636e-05
-2.285939448024503512e-05
1.665259027110789039e-05
3.373413175388093774e-06
7.077794982166147873e-07
3.388435633023362241e-07
1.693095369307066036e-07
7.345552064993674353e-08
1.431487174032465775e-08
6.647358390321510371e-09
4.475242207342628998e-09
5.290646002777572710e-10
2.669232393989697950e-10
1.325752917407429511e-10
1.449350381346141588e-11
2.780824681328845434e-12
-2.421380809617581427e-05
6.083644069302466317e-06
-1.404854826859826658e-05
-2.951988732954112376e-06
-6.290989950319206442e-07
-2.127051812321224103e-07
-9.593914629805582942e-08
-3.740239379310108487e-08
-1.163086756826578246e-08
-3.486263535871420346e-09
-3.827036195682286856e-09
-1.203573726806195562e-09
-1.620350994306100497e-10
-7.370829694575725889e-11
-1.783261833289595578e-11
-3.546070906380314847e-12
-8.585827788017101202e-06
9.721350903725150088e-06
-5.632371840119385886e-06
5.068962458248870626e-07
3.884888707591644860e-07
1.283109029312148189e-07
5.174982534076362179e-08
2.017341155925400639e-08
7.738636042203919971e-09
4.946628339133119223e-09
1.047953242909212871e-09
-3.877258968934086451e-11
3.053840448041160557e-11
2.116279668153768089e-11
4.269261614165344843e-12
3.628403089911183759e-12
-1.538634762710584698e-06
2.800537776918080312e-06
-2.356657056627660621e-06
4.806041605432180628e-07
-1.455190418958415375e-07
-7.381155278004897522e-08
-2.763756680796166297e-08
-9.259607548180673817e-09
-3.880902388034215827e-09
-2.299792535775592457e-09
-6.835572225621783899e-10
-4.049926565095242810e-10
-9.622771201151062947e-11
-2.633478837252650397e-11
-4.314589684237761543e-12
4.002468236563077200e-13
-1.020313719711350320e+00
-4.253120017370443789e-02
-1.289343492462493397e-03
-3.212437535519093216e-05
3.012442554669757151e-06
4.732991777051625354e-06
5.958536145650748239e-06
3.952384073173117213e-06
-8.984086766929898124e-07
-3.191792090226521578e-06
-8.239643921506926387e-07
-1.171341293603259761e-07
-1.573205070852616033e-08
2.566204923035403867e-09
-2.980717415238383303e-09
1.982740236879912732e-09
-1.225593496324191567e-01
1.182815610804336184e-02
9.986490054436406548e-04
5.100299159560523166e-05
1.817041361587151947e-06
-1.981927400722458864e-06
-5.330965588730146186e-06
4.237595127310005264e-06
-1.102304764949063373e-07
-4.205973911928477668e-06
-6.050994128583699768e-07
-5.598351309874183401e-08
3.779096266284760505e-09
3.026871238584653910e-09
-7.398378045590637690e-10
9.535264454814762938e-10
5.284849726056101843e-03
-2.544472229230078375e-03
-6.052618476957058978e-04
-5.868406601358940673e-05
-2.504721443769410734e-06
-7.303428432190736403e-07
4.042212493768229687e-07
-2.127810137131611146e-06
4.893777443662231395e-07
-1.255059507319149549e-06
-1.142331230867895542e-08
3.625341530842957228e-09
6.774436854165740559e-09
-1.724155518604521148e-09
3.241966564386711052e-10
-4.948605849511436169e-10
-3.937112553030152045e-04
1.286295217963096427e-04
1.455985949506598753e-04
3.523566581396882951e-05
1.100384773416740647e-06
-2.233303493761239056e-08
-7.103229128367647894e-07
8.178349201565987813e-07
-3.893389488450152748e-07
5.085890707178329386e-07
8.342581194962083778e-08
-4.640900284442160043e-09
2.466279994409238635e-10
2.993648948032693884e-10
-2.712751323718124381e-10
-4.062574821973339470e-10
2.737655176303629761e-04
-8.870884690139398967e-05
-2.474794021271524522e-05
-1.903124457442575276e-05
-1.821537890716420745e-06
4.382570350398687285e-07
-8.287944222093027929e-07
6.880901754894474161e-08
1.095215905755125039e-08
5.696003561602131712e-08
4.185568291330194194e-09
-4.174763983160009968e-09
-7.465380219221559422e-10
3.011518062361987459e-10
2.043319774717361962e-10
-1.028100568125436241e-10
-4.503296955563395801e-05
-4.320188449623427255e-05
9.058118880302220956e-06
6.591296746958307403e-06
7.317681375390389156e-07
2.227514371343963662e-07
2.536699973124913224e-07
2.619411721899734143e-08
5.406914883703718274e-10
-2.740444036858779954e-08
-3.756226120091642314e-08
-4.334981207037656194e-09
-7.818880560335137812e-10
5.623125106766258338e-12
-4.487693003343816507e-11
1.134809603991354644e-11
-8.469869763915583013e-05
-1.017796373785338521e-04
2.346854659010590250e-05
9.003815923143029283e-07
-3.989538131478875819e-07
-7.156562999017783398e-08
4.509851535819513896e-08
-2.473895733744269306e-08
3.844150603009626546e-10
-3.833761496113339553e-09
1.852775837405454913e-09
1.759261004889043453e-09
5.459077891832923299e-10
7.492904450066840813e-11
-7.471228918095952010e-12
1.510089675104136601e-12
4.393919591965662452e-05
3.604626115284437882e-05
-1.548919095262772688e-05
-2.627061921532309862e-06
-3.976297927895367818e-08
-2.506775652897964080e-08
-2.919943365387329211e-08
-4.684758379912062101e-09
-9.052786972143761465e-09
1.637747171224205038e-09
-4.264905497453420386e-09
-1.981660984841471408e-10
-2.310550307309160875e-10
-9.711790446558496823e-11
-3.550188498663710666e-11
7.030119715987304376e-13
-2.479090382132033885e-05
-1.971310456614661042e-05
1.220189980247862267e-05
2.423600608825202849e-06
3.008367416624375443e-07
3.053480163791439057e-08
1.824898287145937671e-08
9.156037181622827449e-09
9.147081206698662647e-09
-8.961373658623022017e-10
3.505275751164419260e-09
1.011811641882091192e-09
1.184260079047031270e-10
5.979128452123608774e-11
9.399676572713358790e-12
6.084674462712964185e-12
-1.004640397797951185e-05
-9.815095840501410047e-06
6.742694105494922142e-06
-1.493112362518503595e-07
-2.223014415673635377e-07
-4.477556960660520115e-08
-1.270714073990009521e-08
-7.573622282952892072e-09
-3.965596101330759105e-09
-1.492095233696300921e-09
-1.165715590486611519e-09
-1.681617064358531875e-11
-3.313713739188874125e-11
-1.251996308539684085e-11
-3.427737329221827018e-12
-1.202842657293768517e-12
-1.671155846415127151e-06
2.621872838119790559e-06
2.048292531467997194e-06
-6.616923673937249497e-07
7.436116336253801155e-08
2.575159172523206772e-08
6.393828023945952931e-09
4.505898263746945807e-09
1.626202327919424314e-09
1.068333866493662338e-10
5.652893328400780345e-10
7.725377746626565307e-10
5.130825627614722600e-11
1.111787593239920525e-11
1.394269209458882418e-12
-1.107039546216527162e-13
7.549709801773765716e-02
3.188199208509272242e-02
-2.134950722537832732e-02
-1.553864923382832506e-03
-7.815241171507532846e-05
-2.903048354579771451e-06
3.504153378187510138e-06
9.269731730933094313e-07
2.828319245721231003e-07
2.010518006649168538e-06
1.952758332045298695e-06
1.423739360362845962e-07
-6.410905320240943050e-08
-2.421039593560641319e-09
-3.737769526141218762e-09
2.018887270978375045e-09
-8.300519746505290660e-10
-9.786683413264690712e-03
-3.173737030180586588e-03
2.340467838335035661e-03
5.612713133662066952e-04
5.415353049948766289e-05
3.532125442591466372e-06
-2.915928576656614020e-07
-1.668496152557935953e-06
1.751783771885557278e-06
-4.906489942084139057e-07
8.766817569853298197e-07
-5.621450331776938765e-08
-2.020536229505745286e-08
4.630982264135966140e-09
-2.314888140111531701e-09
9.461859690070685791e-10
-1.377925860245468102e-09
8.374358904756624804e-04
4.960484615049878896e-04
-1.158732701539831616e-04
-1.483543234498025418e-04
-3.799065847846629996e-05
-4.255758575832641174e-06
-1.548345632423257919e-06
-1.358200913741595135e-06
-2.957117977557990279e-07
1.136569308126169207e-07
-4.471045420758671912e-07
-9.859355612313506555e-08
9.439289429776884704e-09
1.304970989148166053e-09
8.151009004578232573e-10
-4.185724276492666973e-10
2.390454190004939267e-11
-2.179016877287997438e-04
-2.105039820474260590e-04
9.369886333069520545e-05
2.371840401495148073e-05
1.992126013558774439e-05
3.766501442087334815e-06
1.059426290085710251e-06
-9.301111532476017947e-08
-4.321186651636974108e-08
-1.106148099909992299e-07
-6.658175308217263582e-08
-1.417852286407951735e-09
7.696941230656268549e-09
4.791510824227948478e-10
4.950540925233749282e-10
-3.902919366841150566e-10
-7.532461879345844438e-11
-2.154647474223413128e-05
5.572114407343337690e-05
4.585444486204922829e-05
-8.846776278774938872e-06
-8.354639454467187578e-06
-1.968845151146334356e-06
5.340247285949413425e-07
2.269121702701506982e-07
1.912454061607187776e-08
4.029968440997109536e-08
2.673961734058757088e-08
3.641047990729520914e-08
3.356437795617024048e-09
-3.349612967002301903e-11
8.610263434648207427e-11
1.257569484134491521e-10
5.238943003835081551e-12
-6.180899399313141750e-05
7.075079395606573990e-05
1.004247698901371830e-04
-2.318871438720601641e-05
2.910741571193886223e-07
5.663960660832537165e-07
-2.277131898244294690e-07
-6.770539432280516574e-08
-1.741107275960133557e-08
-1.878094838872324985e-08
2.576010075101328904e-09
-9.858286466153242547e-10
-1.373765885676790155e-09
-3.828442626779556640e-10
-2.091229751055596352e-10
-4.236667788073419751e-11
2.734422231618450651e-11
1.411117600441911898e-05
-4.122247865152830397e-05
-3.579837209395093895e-05
1.524570775187538679e-05
2.221690458158671881e-06
5.531819013437696664e-08
4.577441670633366466e-08
5.248916108043467491e-08
2.336901904725153952e-08
1.281276427618445236e-08
-1.620065066539439171e-09
3.738890588663360132e-09
-1.937199524217127828e-11
9.996837864979125101e-11
9.909623626722817780e-11
1.743573269072093872e-11
2.963496902748599877e-12
-5.206523395561286692e-06
2.398262263077786325e-05
1.966062959642012883e-05
-1.209810831761002026e-05
-2.331094523103839615e-06
-3.055558405122676215e-07
-5.642399645300904408e-08
-3.367975725194444424e-08
-1.612507256867960064e-08
-1.047061477526872199e-08
7.263945533026486840e-10
-3.228374135009453851e-09
-8.561024033228862749e-10
-7.126215639941183469e-11
-5.395030893078976179e-11
-9.889385421308818714e-12
-7.627715229240503248e-12
-2.261528759393714149e-06
9.795085316704435930e-06
9.798462929193403845e-06
-6.757620606280289024e-06
1.409522844359368106e-07
2.309213960991215565e-07
5.183269103389737422e-08
2.214500338729912000e-08
1.262045517289132531e-08
5.024671151399009468e-09
1.681383361801664840e-09
1.012130015253069150e-09
-2.335525328866680028e-10
-1.199445719493978699e-11
8.700008894759269572e-12
5.038532355145290079e-12
6.022461110323132656e-14
-8.304965349188705847e-08
1.547915719601198775e-06
-2.949504811878242799e-06
-2.216439365844289870e-06
6.844842944152126501e-07
-6.323482134476842532e-08
-3.606938828475631196e-08
-1.210418424991218690e-08
-6.129715826010570811e-09
-2.417448649528766522e-09
1.237978877758021273e-10
-5.760119863780477569e-10
-2.889545576878193249e-10
-5.985049139362841976e-11
-1.818001562362201789e-11
-3.951753659232933538e-12
7.901840834980482031e-13
-1.523175931071106548e-01
-4.566893245353515103e-03
-1.207851165481118764e-04
-3.165713034456251846e-06
3.807081003914948850e-07
1.089400351573869061e-06
-8.813643103508366689e-07
-1.011537286867646889e-06
-1.399136813227990459e-06
-1.256621988639335489e-06
-1.227269162217234710e-07
-2.513138362462062234e-08
1.204361309019889005e-09
-2.319901134610940161e-09
5.844565620776380702e-10
2.401186110421064915e-10
4.532631670897559889e-02
3.602330421640613858e-03
1.784393147046988142e-04
7.573176443163042794e-06
-6.871760185603899017e-07
-9.180011636653332874e-07
-3.075497935496113819e-06
4.324301069742286950e-06
-2.162528256826824490e-06
-1.070691214524172652e-06
-6.697418325060649319e-08
-1.634191744555119041e-08
4.272240198710229161e-09
-1.970005980955428540e-09
1.118343768839084611e-09
-4.365608683796172226e-10
-1.106327441199271913e-02
-2.159390931058945400e-03
-2.005680390904641909e-04
-8.635911437605721375e-06
3.017339000817495337e-07
3.295284701067241615e-06
3.517991953955883413e-06
1.911161874777185754e-06
6.552437110990780243e-07
-5.782140643106556457e-08
-8.915950468664850909e-09
-3.005226055082322541e-09
-4.288413086484092219e-11
2.490268594305328315e-09
-7.173810360642308450e-10
1.562847824840344903e-10
7.903173560087104832e-04
5.763030242151560454e-04
1.141370814021376839e-04
8.205940380712293736e-06
-1.438565772547537779e-06
-1.033194083855070169e-06
-2.551637013984694186e-06
-1.148541773097718709e-06
8.478622091568341747e-07
1.862234299946896435e-07
-4.191835757413933144e-09
1.001960390167376897e-09
-3.600072725113383299e-09
1.484483189605426338e-09
-1.212883529372346789e-09
4.392284180803598173e-10
-3.767321418285432240e-04
-1.177961177302402381e-04
-5.468213164655570625e-05
-5.910890628837937414e-06
8.310911646857515212e-07
1.597926572890696670e-06
7.415047451723523281e-07
3.864164353507161892e-07
-3.795602780017323624e-08
-6.870118075406102810e-08
5.366230598531512640e-09
1.546556726060512623e-09
3.857203984119435680e-10
1.237479991113408894e-10
-7.430578736187305270e-11
-4.765410644511849253e-12
1.149579410166083490e-04
5.126410821789488672e-05
2.254698639945697488e-05
3.127454817443680960e-06
-2.199730753344215922e-06
-1.348908647549824163e-06
-3.212924622414669887e-07
-1.041833217653780053e-07
-9.236176838591204455e-08
-3.083533838520568930e-08
-9.842661746132099884e-09
-5.160184385852294904e-10
7.904154545120706774e-11
-5.510723585963649818e-10
1.748703137312133466e-10
-1.235878356741273391e-10
1.709170580833250727e-04
7.405614275334892018e-05
1.705142098272754583e-06
-3.493803482211630165e-07
1.431467483137125391e-06
7.360817641497938103e-07
2.733545732233433855e-07
7.067843303473260094e-08
3.275262457022890119e-08
1.352586116445189853e-08
7.041267555499209281e-09
9.130615023681010591e-10
4.627612819454482820e-10
1.717045416374037602e-10
2.592959373135225446e-12
1.693962883878198245e-11
-3.239813836693405746e-05
-5.227390514960197801e-05
-8.229061450837980960e-06
-9.631589144345710821e-07
-6.484510556222097849e-07
-3.710013723845384269e-07
-1.680209199845160728e-07
-5.614857860216018885e-08
-1.642855270078876214e-08
-1.704953471217589948e-09
-3.280659947209813611e-09
-5.261416430287011028e-10
-3.895837291604455749e-10
-6.029648520296439695e-11
-2.502701204519656741e-11
4.759136331199912313e-13
1.200560891497473314e-05
4.057546107657405325e-05
8.394032074785111983e-06
1.293444793354847026e-06
3.767920157764760340e-07
1.872798161458243065e-07
9.022349761813702659e-08
3.091662991507043433e-08
6.824497714568642695e-09
5.550183374192414674e-09
2.644269935553858042e-09
2.870524092474162818e-10
2.394076985692792486e-10
4.350775466518953832e-11
1.394069138530800009e-11
-9.892975693817618639e-13
1.095710258646279630e-05
2.486213977928413544e-05
-4.138623967860199838e-07
-8.456689644819457349e-07
-2.359885855269936579e-07
-9.534469973412604061e-08
-4.347471947557801398e-08
-1.717085275775719779e-08
-2.933151703487681811e-09
-3.132821572421692536e-09
-1.697444871415526538e-09
-5.772640395345279802e-11
-7.093540007866042697e-11
-2.039861239514495289e-11
-7.067619108923859531e-12
-9.290264498576723281e-13
-3.274886732893693579e-07
-8.038278537382679472e-06
-2.549234951524674579e-06
2.071233867151082194e-07
1.099848971410280596e-07
3.451159479156278569e-08
1.613855562056345897e-08
7.439516054010233185e-09
2.547586211927811171e-09
9.435682784046503252e-10
1.354137025815389900e-09
1.648580334531185101e-10
2.359559524162459257e-11
3.698385990986376513e-12
9.769268075221703925e-13
1.333328705595826752e-12
-1.616724370886243878e-01
-8.063748541564209893e-02
-5.529007519304451716e-03
-2.628240069912503958e-04
-1.079180273558085965e-05
-2.792874163969995828e-07
1.988305313390271052e-06
1.279665433466988243e-07
-1.869836415573565116e-06
1.761295678701451880e-06
1.674874222952947884e-07
-9.554222869562487095e-08
-1.131641427989741166e-08
4.907769819640667701e-09
-3.569000828231166239e-09
7.516927972908362348e-10
9.199980138863833629e-10
3.175856079227551507e-03
1.013256835661250320e-02
2.011396992674517169e-03
1.910613662275114169e-04
9.281397011119871300e-06
9.924913793862952931e-07
3.337815761200117822e-06
8.997113237532599770e-07
-4.122757861695753574e-07
-1.242778918639258473e-06
7.124329144295846541e-09
-8.302751980582172017e-08
-3.170704633378914896e-09
1.683908706099283071e-09
5.886797907380021396e-10
-5.510865931756570227e-10
-3.784421718284582513e-11
2.344659314543038231e-04
-7.402888331423154158e-04
-5.758826572470856402e-04
-1.123637263259688059e-04
-6.009164333847537883e-06
-9.485995242522527822e-09
7.063026558611710001e-07
-1.804646570411352447e-06
1.085543930475163388e-06
-1.021509023596751330e-06
-1.433747050461412599e-07
1.715437563482772160e-08
7.991662085161623410e-09
-7.330181157647964051e-10
1.282921794698895488e-09
9.248348286265282533e-11
-1.333319385112734485e-10
1.274050874830644166e-04
3.983512313326785666e-04
1.200576302751071628e-04
5.351976472477964889e-05
5.114551735174194082e-06
-9.035904696884420824e-07
2.431257890665802886e-07
3.381031271482690453e-07
-3.358407785332057959e-07
6.218322277782923677e-08
2.966042018286729669e-08
-1.336105607586319002e-08
-1.788965369483592931e-09
-7.049517150322400048e-10
3.766370549684419519e-11
1.765199794605070042e-10
3.540925873203324027e-11
3.126707969882992105e-06
-1.119495763472831668e-04
-5.010352319056413269e-05
-2.134877180301353468e-05
-2.376375692141636341e-06
8.655187617989302268e-08
6.057238516013991831e-08
1.101086839830703545e-07
1.433652512308974302e-08
1.064131856641775235e-07
4.709587065303685096e-08
1.665321272626891064e-08
1.158142929971673321e-09
5.116596118778834064e-10
-1.252801075483120459e-11
3.019918882591134868e-11
-2.446042902160852723e-11
-1.582760857934979642e-05
-1.718223684660499849e-04
-7.478588114919505487e-05
-2.363461510158368308e-06
5.390357541318464399e-07
-1.424282670664980146e-07
-3.015766878576045841e-07
-1.266302545890945383e-07
-4.162148148273325213e-08
-4.605313444020536382e-08
-2.184556987910562229e-08
-1.018849740993509565e-08
-1.496503497049071661e-09
-3.798968074672188809e-10
-5.089323145833699270e-11
-7.019686566952579775e-11
-4.586876536520371738e-12
3.247039293913543159e-07
3.203645948636784822e-05
5.253129706074284155e-05
8.378504584968224749e-06
6.415191302407710844e-07
2.725648090773218008e-07
2.320964255778302552e-07
1.088229434219326406e-07
4.751544043014869555e-08
2.239107790928515380e-08
5.438977912766927591e-09
4.649738042595867782e-09
8.683994587963700007e-10
2.774734912834361300e-10
4.689581324350119669e-11
9.387822182038827104e-12
1.204467864781732639e-11
1.790902344512583638e-07
-1.186262124349140597e-05
-4.066764940157312707e-05
-8.369338826584155937e-06
-1.139417183263610014e-06
-2.497591401364855273e-07
-1.480324967972324236e-07
-6.992295747388815951e-08
-3.087081974981929767e-08
-9.827033205594882486e-09
-7.427187529778102835e-09
-3.286055570823385547e-09
-4.292846556495964074e-10
-2.034277557688703169e-10
-3.766332123886325243e-11
-2.356119766986072411e-12
-3.181520535159355198e-13
-1.014564094907057065e-06
-1.103237778608264513e-05
-2.482115293982340169e-05
3.819017258018877413e-07
7.621685378529660839e-07
2.006582433468862538e-07
8.536124690450943811e-08
4.126929015421010067e-08
1.950774023724071172e-08
4.988849923113889827e-09
4.594917863669618943e-09
1.697631770912439240e-09
3.622924811996867904e-11
8.217164767668273843e-11
1.226011669526698177e-11
4.097533997933805921e-12
-1.362837543842908854e-12
-2.911043352029410025e-08
3.638216376024544010e-07
8.032298449455789208e-06
2.692730207548005391e-06
-1.781885553675278427e-07
-1.316553577757059651e-07
-4.604495284156894711e-08
-2.222856776588711581e-08
-1.202001655602414522e-08
-5.534951189040429054e-09
-2.061061868858037637e-09
-1.431955565276959589e-09
-1.667315667286314145e-10
-5.791244420384050827e-11
-3.865276027891583095e-12
7.254251873760765085e-13
-1.458258419302427588e-12
