1.330361564997454837e-01
1.028637727552201397e+00
4.267006787554761954e-02
1.287234947344228836e-03
3.619763216323462090e-05
4.230112818559597475e-06
2.974867635125790434e-06
3.615576011866325039e-06
-3.920932277779931950e-06
1.425795473337190223e-06
3.473991571205795683e-06
8.401691013413972182e-07
1.243561775670339895e-07
6.516529045335798334e-09
-1.155752804098586390e-09
-2.141137106552938324e-10
-5.732111720436779880e-10
-4.401661857777198344e-02
1.182607383098513293e-01
-1.235727272334120885e-02
-1.023560084660471090e-03
-5.339164643048234862e-05
-4.148518879920400132e-06
-3.462145614080975861e-06
-5.716827827345295825e-06
-2.142180840224178240e-06
1.358532992358253039e-06
4.637377633966604699e-06
6.764437114724916566e-07
6.031029886681497600e-08
-3.272150077015113446e-09
-9.616491545518699068e-11
1.387652658727435847e-10
-5.924216528267918426e-10
1.094735948233586074e-02
-1.456703110627837567e-03
2.964517945279188538e-03
6.402554714244743832e-04
5.689727410665467236e-05
2.558401374379623697e-06
1.290521595885991493e-07
5.112202679572817917e-06
-1.321792080914885005e-06
-3.009161958183387387e-07
1.280906157249414234e-06
-4.940654050014013208e-09
-1.298636079536472848e-08
-3.258465151797142032e-09
9.985780825995968552e-10
-1.150451733158893723e-09
4.906559180096409688e-10
-9.306037555816533500e-04
-6.459533163477932305e-04
-3.236945345886433397e-04
-1.650426735521829237e-04
-3.680823863096761736e-05
-2.029877078852122666e-06
-5.318499586695447050e-07
1.740738574182674167e-06
2.262293423981243881e-07
1.043612696681045960e-07
-4.458308393447783442e-07
-7.178185611415524662e-08
6.472538861034252410e-09
6.108778910878141324e-10
-2.340025194927591228e-10
4.281583279684966863e-10
4.808122022466828715e-11
2.005511071425350358e-04
-4.414945677729998513e-05
1.750600525811195471e-04
3.250806596162031544e-05
1.863208157424807240e-05
1.397686660275195153e-06
-5.037208818728187276e-07
-1.074567097619550362e-07
-1.120310726969374936e-07
1.311192180169477473e-07
-1.053917194947299562e-07
-1.372046348102271183e-08
4.999325390930422143e-09
4.274290441191164719e-10
-7.593900346731765472e-10
1.210481070255095368e-10
2.299453824494127599e-10
2.296459179592508565e-05
-7.861667452287533352e-05
1.568538588736951298e-05
-1.277772786973563610e-05
-6.559867259650443799e-06
-8.484421533049902209e-08
7.127835889171040122e-08
6.131303750674899132e-08
1.125865282970862806e-07
-7.105009625028135658e-09
7.952444948615285819e-08
4.632488049631339120e-08
5.984633598276044918e-09
6.485693499439730559e-10
-1.382263504276132894e-10
-2.394573867079610834e-11
4.756789478493544800e-11
7.582126061221838810e-05
-4.700118053708348515e-05
1.181294750199624993e-04
-2.777807276934362503e-05
-1.571333597214267255e-06
-1.686573842945502441e-07
-2.218487687431310642e-07
-2.251882979106884360e-07
-9.564686727121509588e-08
-3.228446873453450797e-08
-2.092574222060746668e-08
-3.792231310716233449e-09
-2.629647224756438175e-09
-6.221262334420692992e-10
2.542233237261832986e-12
2.502144383188879916e-11
-5.024322937234108589e-11
-1.682526328701675346e-05
4.716819786729377741e-05
-2.804559829760165397e-05
2.009884698237493164e-05
3.650687083200470982e-06
4.741625145643315382e-07
2.653211612306026278e-07
1.459434101667870643e-07
7.655272744323120483e-08
2.063716806735016917e-08
9.708053512828352524e-09
6.215914475201476871e-09
7.054903125410054183e-10
3.678906196868743251e-10
1.301410920759505472e-10
2.362901389151216032e-11
3.710956091182163735e-12
6.211797641428544239e-06
-2.911839279940921474e-05
7.379141782231811264e-06
-1.717831548705101455e-05
-3.428390198370515809e-06
-6.284922542524212798e-07
-1.789256361805335584e-07
-8.714980974791539328e-08
-3.885465196691081782e-08
-1.499051213842304570e-08
-5.439670552092941757e-09
-4.944491632764748809e-09
-1.517877097913231806e-09
-2.191201939025356194e-10
-7.516287087389694748e-11
-1.934033890743389452e-11
-2.193562756187366889e-12
3.041379448276807611e-06
-1.067020228496694079e-05
1.234764071668539794e-05
-7.300230488734190007e-06
5.209005079360162980e-07
4.205140558022315652e-07
1.221845186901110713e-07
4.547078925332097182e-08
1.760880664163418095e-08
7.945928306795537669e-09
6.791679160711936819e-09
1.570322535781345328e-09
1.228105563639665246e-10
6.561621214162484920e-11
1.097869879564825346e-11
4.165723504787803928e-12
7.190871951737832300e-13
1.816489376478619350e-07
-1.743653552738181584e-06
3.544995957721889750e-06
-2.823412469524911146e-06
6.852801174739978442e-07
-1.558618815345088270e-07
-5.556413281654380061e-08
-1.879996866457157102e-08
-6.492300958008539662e-09
-2.677013346225680201e-09
-1.685329045588370670e-09
-1.012406637478411605e-09
-1.058382883271088449e-09
-8.640872022721906943e-11
-1.346811919935444825e-11
-6.054759605643260311e-13
1.815438162598155639e-13
2.243860734237901333e-02
-2.218180272551616844e-02
-1.590536052577987353e-03
-7.841415898252453122e-05
-4.516186094814043358e-06
-1.863036677297374793e-06
-8.765788797584483772e-07
4.551710896109447358e-06
2.189036636487458189e-06
2.108489136815388000e-06
7.198020265161376907e-08
-7.143592305968034385e-08
-9.459889212525724128e-09
-4.373276772059150978e-11
9.563354324454773204e-10
2.240405854905770183e-10
4.458883558167198082e-04
2.738310608126558968e-03
5.970847946459579810e-04
5.486257978589734283e-05
8.129371096720237846e-07
1.604351104215405691e-06
-1.283339252962655845e-06
-4.698406577377906628e-07
-4.312878945922862297e-07
9.449077727383419706e-07
-7.855862159351129818e-08
-1.854917331577990966e-08
-2.323586825199315743e-10
-1.628161918646870411e-09
2.600217807148806250e-10
-1.865894099909239165e-11
-5.489106651723728043e-04
-3.097605117086391275e-04
-1.679895191825874726e-04
-3.670511840088926700e-05
1.566696104849693500e-07
2.256804493266492055e-06
6.701851849646479135e-07
6.666681275385996723e-07
-2.995910862996271253e-07
-4.704578915208982814e-07
-9.793628265147441559e-08
9.768973862060318572e-09
2.936567544861283100e-09
3.357611946393860987e-11
-3.230036356603558936e-10
-4.948354965375602315e-10
2.224495199393118850e-05
1.834136011503149390e-04
3.292087603887139857e-05
1.915046305325044857e-05
-1.194352462428939796e-07
-1.211873184447955830e-06
-1.230084710157967939e-06
-1.560468580321283919e-07
1.116456491398217435e-07
-8.233465402847494942e-08
-2.222512140688846680e-09
7.497358742031249962e-09
-6.934509784222295383e-10
-1.784055156816898665e-11
-1.502579997289175221e-10
-1.364779322677444300e-10
-6.707920411131038584e-05
1.750033477231361512e-05
-1.395935206499209527e-05
-5.828706908665878705e-06
3.792738397360676444e-07
1.551381306883779816e-06
7.663006811219222482e-07
1.476342732437487866e-07
-7.209923371125597367e-09
6.239908524933373578e-08
4.102313711645887438e-08
4.905755549679296340e-09
2.902672533276353391e-10
1.759861425359219569e-10
-8.908278074585917448e-11
1.138211830083880949e-10
-6.271593016719513797e-05
1.172022883324885074e-04
-2.738685052429024684e-05
-2.273882812549372718e-06
-7.598198658324686098e-07
-7.783262155077203794e-07
-3.113416775910425201e-07
-1.176387182222216562e-07
-3.149002369993976340e-08
-1.459850516835796094e-08
-1.520368968105483382e-09
-2.367867197725498522e-09
-7.633738365019168466e-10
-1.870034702244178228e-10
6.104537688710386850e-11
-3.829118316717306178e-11
4.983487849636939051e-05
-2.804181660097555478e-05
2.017073585966928521e-05
4.017126750301647798e-06
8.097700460330208771e-07
3.728289330236629023e-07
1.875705301354872560e-07
8.114107140111321111e-08
1.481722440876549564e-08
6.097027611848106249e-09
5.099555879398841906e-09
6.077879463703365335e-10
3.749200437200530089e-10
1.436386451824040986e-10
1.082239672712012302e-11
-2.792289010868728186e-12
-2.984430557909541475e-05
7.328838554034520743e-06
-1.725245109815950800e-05
-3.586055841828830705e-06
-7.386978813599581455e-07
-2.407838578679747034e-07
-1.058146730934603745e-07
-3.975154531894340864e-08
-1.275613408234729730e-08
-3.963233358218395493e-09
-4.409105999438627109e-09
-1.457999722891795633e-09
-2.233681912617307729e-10
-8.173713447827619872e-11
-2.343211101922332905e-11
-9.779097746440937191e-13
-1.105125430928970446e-05
1.233224676213519521e-05
-7.272159166188106446e-06
5.920412353112816231e-07
4.653976150778950052e-07
1.452298983729837963e-07
5.783689697138889524e-08
2.235363829965844227e-08
8.093754284476947286e-09
6.207262802737423533e-09
1.120930187165355432e-09
-1.314536857416471098e-10
2.886151555381795092e-11
1.831207246596694634e-11
4.279699254563861191e-12
4.674104954143436218e-12
-1.959481887056969831e-06
3.624689598447350245e-06
-2.973239021160678507e-06
6.420895653317947810e-07
-1.748646405323353147e-07
-8.332190016647507904e-08
-3.099387061966695483e-08
-1.003661017750157139e-08
-4.212251168899782213e-09
-2.522074405590086078e-09
-8.906496751332368973e-10
-5.076698482804012312e-10
-1.179661981222738349e-10
-2.647624246283803302e-11
-3.913733935296348819e-12
1.237547101076374684e-12
-1.020534237957246182e+00
-4.246110349697632125e-02
-1.280182289851138034e-03
-3.145867579577147125e-05
3.048946329135458322e-06
5.585996275785371178e-06
5.690824483717894075e-06
3.847029544676819339e-06
-1.136248786533418115e-06
-3.455793924006264229e-06
-8.349887060295066630e-07
-1.216732748057894258e-07
-1.450382414838774531e-08
2.366402400885505073e-09
-2.750729421766191053e-09
2.145771779317669252e-09
-1.247284632928130216e-01
1.202527818548361147e-02
1.011426985402665447e-03
5.187217750237816657e-05
2.172335381208916291e-06
-1.100992679874118882e-06
-6.041516652127221320e-06
4.359974818764116573e-06
-5.349943826350462386e-07
-4.491223700307958607e-06
-6.539660949574958286e-07
-5.080566286278458030e-08
2.231178380625204162e-09
2.863610346467543710e-09
-9.706876156784534452e-10
1.048767045281041703e-09
5.460827563174387896e-03
-2.634017250903905941e-03
-6.244912414067978939e-04
-5.908864817394484292e-05
-1.676749406899117048e-06
-8.686045050764657595e-07
8.930723963715034612e-08
-2.011504582803543342e-06
5.221261328842224337e-07
-1.325948656208839130e-06
-1.785640373093579310e-08
-7.707856139256799380e-10
5.245562084328868573e-09
-2.434783823548595936e-09
-1.094002840622289016e-10
-8.531282141388971649e-10
-4.104850995291968799e-04
1.352944440587659639e-04
1.527704701946902739e-04
3.769908841910194809e-05
1.915765654608859213e-06
1.905851031914306028e-08
-1.147986216988189753e-06
7.439142096074636183e-07
-2.846624166199102063e-07
5.199191289409740093e-07
9.384293726146464320e-08
-6.604804544668856505e-09
-6.716730285337513011e-10
1.285251482301094051e-10
-3.234395423453449885e-10
-5.382951973151171214e-10
2.818403292244213779e-04
-9.044858877100761399e-05
-2.563751858896477206e-05
-2.040831776232185534e-05
-1.394932060519772470e-06
5.280534057693731918e-07
-7.297013247658511006e-07
1.397234486149323907e-07
2.164469199877408261e-08
5.466771070160434888e-08
8.042722771125079214e-09
-5.369071038512880250e-09
-5.983464791633155387e-10
4.867727668641547816e-10
1.998635738270240004e-10
-8.103265531980505120e-11
-5.099048804937710765e-05
-4.832180688085344663e-05
1.018715778206318952e-05
7.437492419559733847e-06
4.653558290865240879e-07
2.121531299228651323e-07
2.819936302256850846e-07
2.898653394637436109e-08
-1.747333854691437635e-08
-3.605356707399763610e-08
-4.283939658521532580e-08
-4.590585365637477799e-09
-8.363750907451306102e-10
4.397114895098007039e-11
-5.091651219270138475e-11
3.445747194889166775e-11
-1.026315879309064609e-04
-1.231075815579088029e-04
2.798260085588627662e-05
1.085218743478939446e-06
-3.535341307489698944e-07
-4.865107370331601026e-08
5.918211780428361897e-08
-3.231507539274089065e-08
7.991097502475815340e-10
-2.544649499212425770e-09
1.679518255130089856e-09
1.735520473388530536e-09
6.693228699414503834e-10
2.794397175534699194e-11
-2.960850165856256763e-11
4.457435386428718511e-12
5.346319913736803301e-05
4.403062967289702478e-05
-1.873158982058484011e-05
-3.154018505220700256e-06
-6.501602683794120628e-08
-4.176985719554424633e-08
-4.018542294360641053e-08
-7.651876837900206393e-09
-1.090273325482759175e-08
2.433918437813026987e-09
-5.005253615387641168e-09
-1.266894161612960865e-10
-3.342186669037608929e-10
-1.021393952744064685e-10
-2.744595083475799833e-11
1.098491282849635059e-12
-3.043496519878763831e-05
-2.407601130145898660e-05
1.501082664953685957e-05
2.970479524160410280e-06
3.695826797598457632e-07
4.171485829050918721e-08
2.282371408649205750e-08
1.000360590882995606e-08
1.062737677993727106e-08
-1.052262008361780898e-09
4.121214100274171230e-09
1.165053463045363995e-09
1.819433717162005377e-10
6.212610774916236334e-11
1.669062774183619088e-11
4.286373370089935018e-12
-1.290459742110360562e-05
-1.256686171859323663e-05
8.631840296796546973e-06
-1.698107509898455649e-07
-2.759465691424450287e-07
-5.326690284841394678e-08
-1.519258318183507928e-08
-8.495136667772910855e-09
-4.064712497638754717e-09
-2.054827370210447254e-09
-1.388637827076267802e-09
6.064219625623185887e-11
-4.108459228077020276e-11
-7.172412551710069484e-12
-4.792457547054787641e-12
-9.162950442295080888e-13
-2.135907541240525904e-06
3.350939478172428618e-06
2.596246307502624026e-06
-8.519161462947725117e-07
9.438213112919469597e-08
2.947298490642036955e-08
7.718849152253354361e-09
4.832266013570169542e-09
1.684466818266959397e-09
1.148338612295508192e-10
8.360483408799031103e-10
1.005710764589028579e-09
6.855073678776934356e-11
7.766200335856347250e-12
6.401874710215800069e-13
-4.549638835072225432e-13
7.674263726047542145e-02
3.241772495575787755e-02
-2.170801502586954673e-02
-1.574968638867264153e-03
-7.891852907476731979e-05
-2.641146855443399549e-06
4.566818915810581892e-06
1.601711462257500263e-06
1.136578530458015588e-06
2.349206678010434358e-06
2.153778307943612286e-06
9.532160429297651142e-08
-6.113715697661969420e-08
-7.040556786726118712e-09
-3.618138254651092178e-09
7.740596496247064034e-10
-7.402231958336039997e-10
-1.012538011075837449e-02
-3.278267537392260973e-03
2.422885167083491630e-03
5.801409512143657771e-04
5.529581083536397139e-05
3.105012699837263619e-06
5.862822085136438053e-08
-1.541683423437723864e-06
2.212532016811791381e-06
-6.636829614246603043e-07
9.515254226809512940e-07
-7.245794574230147748e-08
-1.836126925715006855e-08
4.363536938319546216e-09
-2.488787977441873792e-09
4.439018286290303065e-10
-1.183597812645236013e-09
8.787746693090476647e-04
5.193507185357301758e-04
-1.211508771539314969e-04
-1.555982656014613804e-04
-3.872547711904775420e-05
-4.118282457418008451e-06
-1.235391922350748704e-06
-1.244165030800167965e-06
-1.210804376734993684e-07
-4.076467579694078232e-08
-4.818242213761176429e-07
-9.661768096213354385e-08
6.733206271532761421e-09
2.155499709012249984e-09
2.938225738378848776e-10
-3.445487521687362811e-10
3.416834250831167197e-11
-2.247080015809757786e-04
-2.180373154374281848e-04
9.601282070958754489e-05
2.516423222981068369e-05
2.109980766895258115e-05
3.697568923076361714e-06
1.153660860103988294e-06
-6.300245046283737271e-08
-1.542976604779429798e-07
-1.057020011110443711e-07
-6.704903048051547465e-08
-5.050474884520867190e-09
9.637420645148496165e-09
-3.436051544057943331e-10
4.027170843705163524e-10
-2.883105225084329111e-10
-5.993760883488262448e-11
-2.349524041405901640e-05
6.387584517410521570e-05
5.095730856509554662e-05
-1.018867264406635978e-05
-8.999511106919855154e-06
-1.818841223037771518e-06
5.645218481778014358e-07
2.616417946853544764e-07
1.922574807381814908e-08
5.713370969311836259e-08
3.685430612332231796e-08
3.944363779892500207e-08
3.720857502144482634e-09
-4.061780242340795989e-11
9.899551873364768651e-11
1.422335831981383106e-10
3.556216657471368379e-12
-7.503104466907351455e-05
8.538228392564043475e-05
1.216905808216322947e-04
-2.763628700338794148e-05
7.438082484288466256e-08
5.077166145819533996e-07
-2.836129713970220909e-07
-8.857825652471258809e-08
-8.403722448121536072e-09
-2.056530241557557896e-08
1.205372016299357771e-09
-5.091441126738394808e-10
-1.513941733105045043e-09
-5.165909063833375351e-10
-1.518701522919654158e-10
-4.349627210844509563e-11
2.424621511190670558e-11
1.742764168408086182e-05
-5.013600437614389280e-05
-4.382988440072347583e-05
1.845556744020544488e-05
2.744472805563390063e-06
9.209336038079798006e-08
6.865427186682137487e-08
6.520765160622577034e-08
2.528380625006186838e-08
1.454058535468790416e-08
-2.879019030393686967e-09
4.436852489206588793e-09
-7.738860194081173547e-11
2.034313292288963338e-10
1.032465759355724852e-10
1.326481186896701088e-11
-2.916270077704507903e-13
-6.424848746432848546e-06
2.948577279893030691e-05
2.403511165168417782e-05
-1.488877376375422977e-05
-2.876605017978318400e-06
-3.755022042807971877e-07
-7.326427978786494937e-08
-3.833664219905951834e-08
-1.677909095828066285e-08
-1.188877683455607371e-08
1.007061163797313670e-09
-3.864587298889260382e-09
-1.007122986481526688e-09
-1.327881511796695615e-10
-6.026670310712974338e-11
-1.450448431826943137e-11
-6.684293736052909438e-12
-2.882888698882993563e-06
1.257915912453730703e-05
1.255002676120396733e-05
-8.644400571555343853e-06
1.676568646546237091e-07
2.872572693360751836e-07
6.226029090826860799e-08
2.543455868510479565e-08
1.440266214608599542e-08
5.210389517495880854e-09
2.269183887300375276e-09
1.143406875436311015e-09
-3.863840857754679307e-10
-1.518129370885592483e-11
3.725219201756874365e-12
6.376797764765200151e-12
3.880829828953694757e-13
-1.100455936719583814e-07
1.978713493378729957e-06
-3.780488090653372680e-06
-2.817068169218634597e-06
8.767794554407384817e-07
-8.116850660296823702e-08
-4.126393865310375296e-08
-1.388926115213356766e-08
-6.481805479935309618e-09
-2.407080391446079427e-09
3.985095268126197005e-10
-7.601378909876829468e-10
-3.441621072097449166e-10
-8.058783499002932039e-11
-1.557024023858854489e-11
-3.377695146913183354e-12
1.118727164818019780e-12
-1.520231369961989876e-01
-4.534297604736553002e-03
-1.178068997180843944e-04
-2.145724197198827912e-06
6.313979439486944292e-07
1.227449767069025666e-06
-1.876740520605297568e-06
-1.161205605215856075e-06
-1.678400971747579973e-06
-1.234314169919918043e-06
-1.495772184450641580e-07
-1.847101604252386197e-08
-1.674821334237523072e-10
-1.628353985474656021e-09
4.404625311453274045e-10
2.436962997904994549e-10
4.606676830714941107e-02
3.648855057281963788e-03
1.789926047893139222e-04
7.983183942937648162e-06
-1.190142249637247127e-06
-5.656382224982334455e-07
-3.538530353984511449e-06
4.415682048416859664e-06
-2.378587628620777733e-06
-1.112756750046264287e-06
-8.383914497835957585e-08
-1.312606303907413256e-08
4.605690521561551855e-09
-1.773591597887228687e-09
8.476313587847037184e-10
-4.910595777433842341e-10
-1.144262870847168566e-02
-2.228189528100959008e-03
-2.054188152304091571e-04
-9.116034448327136054e-06
-7.700538920869537288e-07
3.147700347091622750e-06
3.117037537158528228e-06
2.559822539365217903e-06
5.704873242879328121e-07
-8.880825576596040179e-08
-5.114800010466856189e-09
-7.657238284764165462e-09
7.193924993257176285e-10
1.804598986202731033e-09
-7.074486687223623053e-10
4.208999371644579792e-11
8.291218088279728518e-04
6.047550690690205828e-04
1.188102132847754434e-04
8.310242382400285190e-06
-7.366744433661892987e-07
-1.393634551493592950e-06
-2.466058290790769299e-06
-1.179721737628385665e-06
9.586756981730314313e-07
1.743030658008921443e-07
2.440938904158408280e-09
1.613217155822804808e-09
-4.116904569370898135e-09
1.140814928009506440e-09
-1.089841721799405528e-09
4.949635049143121696e-10
-3.844647096215878879e-04
-1.229353323258882856e-04
-5.812852124296935617e-05
-5.325111134300603523e-06
5.809112718170850749e-07
1.537509784701445366e-06
8.709732310373650493e-07
2.950171121057144862e-07
-6.826573133239600526e-08
-5.897448338076562988e-08
4.429377953487697171e-10
2.921059309851745938e-09
1.187997078605588479e-11
2.549706254449705321e-10
-1.676350854060294121e-10
4.391996924321533727e-11
1.336001864649390787e-04
5.740795138817912901e-05
2.481303581679960394e-05
2.847665625490935207e-06
-2.205854779118021647e-06
-1.329251775983368619e-06
-3.271741856381270126e-07
-9.601221622318452840e-08
-9.287263064269860521e-08
-3.686124977649458281e-08
-8.387460493145667591e-09
-1.533426621712199953e-09
2.036595484580587688e-11
-5.261589005693019194e-10
1.892707878254565143e-10
-1.497227716095580832e-10
2.054603916232853429e-04
8.910508635919007104e-05
2.440407271381243362e-06
-1.724469520823802740e-07
1.551082405198068152e-06
7.885997891133396088e-07
2.673540471643750398e-07
7.339956246201079398e-08
3.881799790719276050e-08
1.502893547810039930e-08
6.662504356289172319e-09
1.158828378616629802e-09
4.991757763153942157e-10
1.810327945420940984e-10
1.232180362346660014e-11
1.279176550071144960e-11
-3.916615895023118905e-05
-6.350643056179982107e-05
-1.000723202475273086e-05
-1.166202511668304393e-06
-7.345429783526248598e-07
-4.125010725694897829e-07
-1.773358609159807564e-07
-5.979720846549419846e-08
-1.678138007198561636e-08
-2.075049489935097122e-09
-3.356354602380918742e-09
-6.814616579025309357e-10
-4.111785810247047285e-10
-6.447855581371834441e-11
-2.670401094001231672e-11
4.534161420623426307e-12
1.448579439230114929e-05
4.991589950874148461e-05
1.032182751098938198e-05
1.558493311808745756e-06
4.396647771964883751e-07
2.097562588807012349e-07
9.743929749365619678e-08
3.340042921655589337e-08
6.605611129658985042e-09
6.541714730609422342e-09
2.990768800205308330e-09
4.356002508104743583e-10
2.771452313357113169e-10
4.826300592375613283e-11
1.163451886316462037e-11
-1.871832774839343288e-12
1.395131557103680823e-05
3.178517644916950633e-05
-4.479365003636789781e-07
-1.036148689349231505e-06
-2.748499011992986611e-07
-1.088180212140243929e-07
-4.829492511755652894e-08
-1.851854639757309138e-08
-3.050271782901504043e-09
-3.972638739078927166e-09
-1.814852753291412705e-09
-1.228016889684311344e-10
-7.805645608465899785e-11
-2.461420619502204425e-11
-7.614880227069520762e-12
-1.307094708710133216e-12
-3.747424895850288304e-07
-1.026883683601950044e-05
-3.288671930512581975e-06
2.558590824966133206e-07
1.290910799910470206e-07
3.992697954942612861e-08
1.858906425546447096e-08
8.078718358655089657e-09
3.141658215686639830e-09
1.186447730916509701e-09
1.692580378678207359e-09
2.074636343694467184e-10
2.703795278460683313e-11
4.245191877763346157e-12
9.368165912650099878e-13
2.069772259142828180e-12
-1.644940695405385789e-01
-8.196392547706791987e-02
-5.600832007415634112e-03
-2.653225193800932058e-04
-1.154368035903384714e-05
8.446330204907068956e-07
2.627416610755350461e-06
5.057720224740636259e-07
-1.541639533377856877e-06
1.683850618006631949e-06
2.561283467021105202e-07
-1.112448883386459083e-07
-1.387661101030413846e-08
4.420919527997817440e-09
-2.819059802896633395e-09
5.295251879596113752e-10
9.922752002619068165e-10
3.284469861094313405e-03
1.047940772287039510e-02
2.075227108755242026e-03
1.938925531748718280e-04
8.539640646594643178e-06
1.114735175522031814e-06
3.699468233039616758e-06
1.003533665468796784e-06
-6.455303303476707249e-07
-1.216292108336180036e-06
-3.728739637249261391e-08
-6.570522290959224941e-08
-4.546288780212015043e-09
2.320279602474612599e-09
3.678900759302518989e-10
-4.991654739470348029e-10
8.307019155714116611e-12
2.495934698715641768e-04
-7.765623480778601102e-04
-6.050118167622458611e-04
-1.175211823503495437e-04
-7.064690257879617470e-06
2.320692121065064123e-07
1.063629934088435350e-06
-1.791059380704470234e-06
1.072988374162562040e-06
-1.103791584432330157e-06
-1.468149831930868506e-07
1.132008549134467877e-08
7.842322417875287222e-09
-1.381068699227380911e-09
1.123638375918912418e-09
3.989514250923643747e-11
-1.715940600681944402e-10
1.307817078678398179e-04
4.067030216773065009e-04
1.250069490227434901e-04
5.674053362715194930e-05
4.467488772928505165e-06
-1.006668290367241078e-06
1.108074642208986321e-07
3.003156555451998436e-07
-2.994016857291686488e-07
8.517453758626907137e-08
2.949103326300665812e-08
-1.180112842892432772e-08
-1.829465533347132823e-09
-6.778616633814493338e-10
9.784378494687910951e-11
1.643010902793492971e-10
7.051309385907648302e-11
1.157860059207388628e-06
-1.307574356069107942e-04
-5.552853321592966974e-05
-2.378983450438753057e-05
-1.827125680515280876e-06
1.405894658505611126e-07
3.057520461731059714e-08
1.040809348030636551e-07
2.200620907861785511e-08
1.068282063234536409e-07
5.440788280374037399e-08
1.544086427616642236e-08
1.535208050295038693e-09
5.652912433627084563e-10
-2.630239172331658320e-11
1.069235731253668428e-11
-1.279858692656439537e-11
-1.877642098747433710e-05
-2.066100594819698889e-04
-9.013042376912468276e-05
-3.030760765923392687e-06
3.810683423173974112e-07
-2.161439774170635143e-07
-3.207069217597424093e-07
-1.180315186632459416e-07
-4.719790438221262522e-08
-5.283893499691033813e-08
-2.489372029019390911e-08
-9.460140194480045131e-09
-1.660209124515455308e-09
-3.755771911798950304e-10
-4.606266812800259634e-11
-6.119080343957130196e-11
-1.744856376249558568e-11
3.060797626641840330e-07
3.878625300176228566e-05
6.379461174716154637e-05
1.014189102387824398e-05
7.841041401775058354e-07
3.322817304896561252e-07
2.644562712893735064e-07
1.192329656071138015e-07
5.142339415144629126e-08
2.334032086050085249e-08
6.171417765172695507e-09
4.541303942362340353e-09
9.863151051610357003e-10
2.719316606662816404e-10
3.400836076255623287e-11
9.283416817083236740e-12
1.402842273863321006e-11
2.658136606237230981e-07
-1.432826955600896732e-05
-5.000718213163249989e-05
-1.028388849262223812e-05
-1.372093164442479360e-06
-2.993851339602592921e-07
-1.714379849777032620e-07
-7.743496245599781746e-08
-3.379890451053143999e-08
-1.009437260176697748e-08
-8.431565115964338662e-09
-3.575753402575139838e-09
-5.631814748700746045e-10
-2.215706165958142505e-10
-3.791335503295805454e-11
-5.284539230521710868e-13
1.674050437390987421e-12
-1.273875853440517445e-06
-1.404609858740103721e-05
-3.174824691471721678e-05
4.051848228687721548e-07
9.322508296542008042e-07
2.358784590630943861e-07
1.003487308961288239e-07
4.666345469271765082e-08
2.157254133192415400e-08
5.420951791902974383e-09
5.478104025727675722e-09
1.682985996374184028e-09
7.039635061869503528e-11
8.398284905522160872e-11
1.505184848779675293e-11
4.725107709395611901e-12
-1.638672782802291776e-12
-4.426130012948266897e-08
4.353744986865947671e-07
1.026560189805975174e-05
3.479240500096417369e-06
-2.174198708736923322e-07
-1.540834635053308858e-07
-5.435551876855085710e-08
-2.549039057165660408e-08
-1.347649654352217955e-08
-6.584578543934536420e-09
-2.544740752969142345e-09
-1.682754945845592215e-09
-2.134449390571172378e-10
-5.858989367128807120e-11
-2.956773298552236845e-12
1.172478000822791996e-13
-2.136511124700347759e-12
