1.379504059408991901e-01
1.026002233167030653e+00
4.406987552239341466e-02
1.463212198207425058e-03
4.862991238803273156e-05
4.823666362393787132e-06
4.418985697861593080e-06
3.102610332189078030e-06
-2.475939372168915707e-06
9.382682990725276930e-07
2.363136517315456340e-06
7.328745023724673296e-07
1.005330539332825251e-07
9.498117615413410083e-09
-1.026361275562749120e-09
2.079407703518277284e-10
-4.730259724567227040e-10
-2.882449311054227289e-02
7.573156598159724862e-02
-8.091064069422969351e-03
-7.226738112821372382e-04
-4.129823445520053733e-05
-2.919483404349705706e-06
-2.302635132529750235e-06
-3.541086605559777260e-06
-4.172686401971319036e-07
2.818673024773399405e-07
2.336067686417520172e-06
4.150545560489773085e-07
3.972607984036469680e-08
-6.410856423515699690e-10
-8.918654801391720719e-10
5.630183655609129095e-11
-1.713124507404850856e-10
4.589853937230176789e-03
-5.230884997747720262e-04
1.252454064606370017e-03
2.827616858056293796e-04
2.856149077652393609e-05
1.508414141335679348e-06
1.415204369433025093e-07
2.091052002263302240e-06
2.476879124888260681e-08
-9.543329976701540339e-08
4.732401666117051066e-07
-1.139190758974551212e-08
-9.383497356904336877e-09
-3.199580510776949889e-09
-5.643111615787639336e-10
-8.239482935876246600e-10
1.345440479147851123e-10
-2.026459117392810465e-04
-2.293654234717523038e-04
-6.207253690661237490e-05
-4.214578633374195939e-05
-1.029805003264988151e-05
-1.794493933868299453e-07
-1.181398561886517519e-07
2.130383972941725730e-07
5.378703664908062159e-08
8.585899481463111086e-08
-9.016707491131580602e-08
-6.199591918373107338e-09
3.602814849623712836e-09
-4.214972674286887929e-11
-2.021164630023184606e-10
-2.272916151414754074e-11
6.608979366477154272e-12
8.941159146179859351e-05
-6.060582232893938550e-05
6.825464980821720445e-05
8.154465704593220923e-06
3.263249856208952396e-06
2.503407519997540215e-07
-7.233765603044929109e-08
-2.938939922605205093e-08
-3.661967991865344085e-08
1.579330125420083884e-08
-2.870938075749402205e-08
-3.954961634456492814e-09
-2.757230289336511606e-11
-7.050804472006335261e-11
-1.031926588978508568e-10
1.036957434756469172e-11
1.859227665421542358e-11
4.075293859790659128e-06
-1.774559255034543386e-05
5.286774146073164969e-06
-3.039788195499834302e-06
-6.199449618566187407e-07
4.497986968949457089e-08
4.959508920875487005e-08
3.368258968659228354e-08
2.102223590481683351e-08
-2.151759296559639413e-10
1.068931778682100050e-08
7.105169843211160935e-09
1.105729066664360327e-09
1.930730538275801764e-10
2.445598774290812602e-11
8.644072700670546901e-13
3.879139493587840974e-12
8.777732919528169432e-06
-4.815231969585552502e-06
1.335089308919127546e-05
-3.193355912807288410e-06
-2.850818326584409928e-07
-6.619833956952169386e-08
-4.218570172875270270e-08
-2.845066134933434282e-08
-1.295156139182970706e-08
-4.637544885025005504e-09
-2.350927252615983730e-09
-1.864935232231591041e-10
-3.157344112441411154e-10
-7.572273771609461958e-11
-1.438505112344617699e-11
-1.634283668394901700e-13
-2.875712325076493003e-12
-1.278299437529505787e-06
3.505419304927360544e-06
-2.033721553092221822e-06
1.581581820981859353e-06
3.033945968600429116e-07
5.382779578833996455e-08
2.523663912745902676e-08
1.223499414438026131e-08
6.015503906453015211e-09
1.851269799111818846e-09
9.178626002582595124e-10
4.937412959016446234e-10
7.483672617126426308e-11
2.693473316207720336e-11
7.670311435342761714e-12
1.721170631249399796e-12
1.905673353252078160e-13
4.027393631594886118e-07
-1.594924676717080212e-06
6.445616691569325622e-07
-9.951669402760926664e-07
-1.908408346166543998e-07
-3.692441661394284796e-08
-1.092341120309645135e-08
-5.021400410516687633e-09
-2.244024415350875739e-09
-7.891964215289331411e-10
-3.579796108039276951e-10
-2.779256600476005662e-10
-8.059088887918102306e-11
-1.060835367395839688e-11
-2.960382620887798261e-12
-2.604678654422891915e-13
5.183563572766230685e-14
9.116501299979754945e-08
-2.995332693218613324e-07
3.851456807467539645e-07
-2.035069101688441214e-07
2.172472350673526571e-08
1.533073269939708055e-08
4.784271747010461528e-09
1.840486521075808489e-09
7.418207562116050280e-10
3.326922205346861155e-10
2.051311257730143349e-10
6.088145476575785082e-11
4.493339093356812942e-12
1.198130112209390134e-12
1.847540228420108096e-13
1.226494491374070660e-14
-3.289107370562861559e-14
3.047646860751487784e-09
-3.474275707493338588e-08
7.110159723797724595e-08
-6.459555663850923374e-08
1.330199071515855219e-08
-3.473047170062416281e-09
-1.498829764443969576e-09
-5.031732097868667410e-10
-1.838041341669336261e-10
-6.687139086995225953e-11
-3.144615236216406148e-11
-1.024990910468358647e-11
-1.593240187785370336e-11
-1.378065932194684161e-12
-3.244851009630812399e-13
-4.559829028765682397e-14
6.960490567650703911e-15
1.423028569350501260e-02
-1.455180280677782940e-02
-1.112550715456144326e-03
-6.002872076791206530e-05
-1.552409663111242277e-06
1.009729335675953520e-06
1.118800893129743368e-06
2.001414799462612991e-06
8.193588580157919626e-07
8.869635086370719184e-07
7.215096684406096450e-08
-3.961947946738300907e-08
-3.635360473101117872e-09
7.975720324875660009e-10
1.129300238401645574e-09
-2.670817711389336933e-11
2.507079198015907655e-04
1.150599702696781601e-03
2.643416726661706171e-04
2.716437269428202445e-05
-4.746219903095328017e-07
-6.896811731336266859e-07
-9.742385989424050095e-07
-5.928194821789232271e-07
-4.624464974926481332e-09
3.390990397744226034e-07
-1.092093751385825865e-08
-8.373090508123202133e-09
-5.512109422828123695e-10
-5.114395105773939184e-10
3.607456985411804403e-10
-2.091920310130098900e-10
-1.681347130984484680e-04
-5.508922311644110826e-05
-4.270059021382188865e-05
-1.032943270863108466e-05
5.455885252102131430e-07
1.217026024243460684e-06
4.789652156777445323e-07
2.721257005057974209e-07
1.720191596398872559e-08
-9.399367387564618950e-08
-1.826936897727375018e-08
2.897873578607184875e-09
5.600239888241893177e-10
1.139815127757197653e-10
-1.311930439869943596e-11
-7.206709546316870722e-11
-2.266144665531807690e-05
7.179076220662287922e-05
8.449125120776291919e-06
3.036175210070655156e-06
-3.697253808412599271e-07
-5.121954001905480918e-07
-3.581704438324176611e-07
-5.120197636128558813e-08
7.697751641720106866e-10
-2.125609521188491363e-08
-1.315846091544843975e-10
1.117566528640194636e-09
2.303890250524077255e-11
-1.632688949031144778e-11
-5.564146574789248190e-11
-2.061438373374902813e-11
-1.550395157323230695e-05
5.770414016625040722e-06
-3.087011464619410547e-06
-4.505388438987958137e-07
2.040942026937818098e-07
2.864899047215996388e-07
1.320751262402413379e-07
3.308550206632866460e-08
-1.211959169615893765e-09
7.194975179190779069e-09
5.791121437350869260e-09
7.082201827929186105e-10
1.205770956824975424e-10
3.954556989864390224e-11
-4.399879727010460734e-12
7.970776255153141291e-12
-6.624338396973700149e-06
1.322537297586646933e-05
-3.193339911941192969e-06
-3.700366634816135256e-07
-1.362739400124395397e-07
-1.013548637503497373e-07
-4.190804851332152310e-08
-1.704194114564180863e-08
-4.645573755001589421e-09
-1.455368002169492184e-09
2.663097548215208192e-10
-1.858651301265508467e-10
-5.338809932210755931e-11
-2.867193826749438740e-11
5.545092938208368146e-12
-7.870117924082201516e-12
3.719415416334416585e-06
-2.019451702011181498e-06
1.590840102162848724e-06
3.313692140018429745e-07
7.892769109743604736e-08
3.524573550402368127e-08
1.665811005700942811e-08
6.764270461882798144e-09
1.446755100669827457e-09
5.565440241801717453e-10
3.321426639275380375e-10
2.938333885499247406e-11
1.888587472154427334e-11
8.586252568425502620e-12
2.485959082322174017e-12
7.394236094702023666e-14
-1.664076165005463066e-06
6.362748035157653744e-07
-1.000154099902793350e-06
-1.992761596262031843e-07
-4.285846348257487746e-08
-1.456668535371198008e-08
-6.138303268861579114e-09
-2.393578523768633158e-09
-6.364624918377310576e-10
-2.454302743526146769e-10
-2.232888405506742329e-10
-6.397506751758749573e-11
-7.936010928002855411e-12
-3.487719062373545037e-12
-9.095493764234263118e-13
-6.780937585281627819e-14
-3.122119488470688271e-07
3.857582966757326510e-07
-2.021359890225875008e-07
2.376843167098274742e-08
1.688599180329007167e-08
5.458748388395134427e-09
2.160132541320704078e-09
8.302302724295584987e-10
2.991922655393194185e-10
1.711626252344416133e-10
4.347664658578624311e-11
-2.048864431505031889e-12
3.375996877308896831e-13
4.194695547662096122e-13
1.245174228934044185e-13
8.552053362665245754e-14
-3.895849044856394714e-08
7.153281401878086083e-08
-6.672088971761016431e-08
1.245346755667995996e-08
-3.833189006678655611e-09
-1.949387282371176410e-09
-7.202926285887589776e-10
-2.308611293338513009e-10
-8.183248750068725277e-11
-4.157194020383564981e-11
-7.015986381743662851e-12
-8.307600279211149054e-12
-1.446697460319952606e-12
-3.909839602221633854e-13
-8.057044287119126362e-14
4.875753409113031081e-14
-1.016816671221189239e+00
-4.378013668626526411e-02
-1.454496534294699847e-03
-4.559185679464807872e-05
2.047745053417821611e-06
5.305420780535595503e-06
4.092741927215388569e-06
2.983366899568825810e-06
-9.876148353539085799e-07
-2.329616762707755457e-06
-7.452523446163375013e-07
-1.043373092248157517e-07
-1.492002424219865372e-08
1.382423296662784369e-09
-1.511017165486029310e-09
8.149089496211609034e-10
-8.027275557211824286e-02
7.837646956256627898e-03
7.130552072846774690e-04
4.054108192373611594e-05
8.168768109359894214e-07
-1.079320872239181239e-06
-3.094955539301177161e-06
1.962170288845141774e-06
2.046377545934544606e-07
-2.205948307985317352e-06
-3.909741748225258622e-07
-3.469685410247662284e-08
2.462163470704128144e-10
2.064772696224962883e-09
-9.301334385160382583e-11
2.660629015182510371e-10
2.289412707053824127e-03
-1.093205604450464379e-03
-2.767762432193393704e-04
-3.088533857255485262e-05
-1.106037814918853117e-06
2.055401405901010714e-07
3.321993923531817047e-07
-1.099227614898315714e-06
2.168295362183910087e-07
-5.117739272664780348e-07
-7.699822526188337148e-09
1.750198780072511023e-09
3.388344118806886323e-09
-1.536282323848298866e-10
5.201508057891213874e-10
-1.543804206505887424e-10
-4.863056770024019740e-05
6.639513057480763995e-06
3.958312838200082792e-05
1.101734993981536699e-05
-1.143552031723628295e-07
-1.688114567626662440e-07
6.814541445443512043e-08
2.287674435603916695e-07
-1.097183181673802540e-07
1.237335217149474212e-07
1.648221729260832702e-08
-2.973735155732234895e-09
-1.403964461013717124e-10
-2.248427584154357187e-11
3.160457458519324442e-11
-9.491405959917314507e-11
1.269670146450167726e-04
-5.204523704916288551e-05
-7.350882872481671975e-06
-3.760884458497895723e-06
-2.231298347592355936e-07
4.392396545607816269e-08
-1.601080906783343208e-07
1.257112449740595715e-08
-2.851180478568053724e-09
1.540642117130905951e-08
1.475068674885605415e-09
-3.406216450221911316e-10
5.437489526579130012e-12
8.566701891790042877e-11
1.939808010756521509e-11
-1.109295504709605199e-11
-1.356703828562168125e-05
-9.691824813138378306e-06
2.865349251279806695e-06
8.187969696041345133e-07
6.390487189151531665e-08
2.437440975092792906e-08
1.853621825580409369e-08
2.378637255794228468e-09
1.790603695870546196e-09
-3.472963726579223775e-09
-6.002729241316052561e-09
-7.589072653547622915e-10
-1.888821306896567949e-10
-3.457288143370835233e-11
-1.384039756764554049e-11
3.885760695499018870e-12
-1.090911550403258768e-05
-1.408316831473345361e-05
3.100863668438070782e-06
1.976116913069335591e-07
-9.352624531061322385e-09
5.519178503727970981e-10
5.277999264829336619e-09
-2.088333978192499428e-09
1.998617859864147787e-10
-2.921019200439399648e-10
-2.462939242568198832e-10
1.998520898130958180e-10
8.334453639453719720e-11
1.477813286951768783e-11
6.770448901603842083e-12
-2.889424086615328677e-12
3.984717733247889272e-06
3.303913153904880214e-06
-1.429651653619714405e-06
-2.495791615058210399e-07
-1.842500442437567854e-08
-5.747515061511237822e-09
-2.807533640967483891e-09
-5.517021298704672840e-10
-1.011536019385411688e-09
-2.434770845939866742e-11
-3.435853713083163184e-10
-2.787058762409804571e-11
-2.399226481877642934e-11
-6.339220709555461314e-12
-3.248755012005732050e-12
7.616348415584064000e-13
-1.780842818890721486e-06
-1.568280880050135643e-06
8.697771013366499256e-07
1.617338251962777416e-07
2.222872277376561387e-08
3.296040089859134359e-09
1.466140389961584642e-09
5.888162077448440657e-10
5.556217469647429742e-10
2.528755413033716316e-11
2.147934712818246055e-10
6.420504215329021394e-11
9.094643551046379980e-12
2.948615702898503019e-12
6.151951829023993864e-13
-1.833448013290395806e-13
-3.749565018287491358e-07
-3.738053482376143902e-07
2.512079506367199199e-07
-8.257355420673569428e-09
-9.847920256424586214e-09
-2.224117743449000113e-09
-6.855109794578514188e-10
-3.147550498716873098e-10
-1.491320230375351469e-10
-4.753311756661230814e-11
-4.808077738666018745e-11
-3.961061167171413906e-13
-1.320553943983621692e-12
-3.566878217549685126e-13
-1.363065511822191678e-13
9.420139336404361925e-14
-4.249494944070990372e-08
7.248816958369535174e-08
5.948349876617584775e-08
-1.753587284457856462e-08
1.883136336124401995e-09
8.238789658105650287e-10
2.216203766803148403e-10
1.432709543821302056e-10
6.009226255906574292e-11
-3.003607329830902024e-12
7.826884490201116722e-12
1.521553035826505306e-11
9.889787118619199806e-13
2.346481548694146163e-13
2.242028551809098789e-14
-4.948362741529729196e-15
5.037186498639572435e-02
2.117412859224651611e-02
-1.418876910732842431e-02
-1.100992600604063084e-03
-6.225938366816699445e-05
-4.030907351808054086e-06
3.814729755713241789e-07
6.796767852615273977e-08
-3.056542007368612010e-07
8.945956214363938897e-07
9.043702195739494636e-07
1.067154541131546207e-07
-2.928322812445819528e-08
-2.714410578396206431e-09
-8.463787757053837987e-10
1.114063268644936570e-09
-1.883866354168766539e-10
-4.232976629803750224e-03
-1.397784044472484511e-03
9.975143148325657429e-04
2.563018440001732013e-04
2.871085348930790918e-05
2.475423764323076858e-06
4.529848082812298619e-07
-6.812852510350626240e-07
2.877025821078869682e-07
-1.030211039618924508e-07
3.199354506563296768e-07
-1.114505630327538504e-08
-7.132317375109976585e-09
1.730563839904788422e-09
-5.511463686767999801e-10
3.551093518760580645e-10
-4.427137423018532148e-10
1.841064052180684527e-04
1.133982872970897108e-04
1.114663080563868145e-06
-3.982705608500100635e-05
-1.232914415770474351e-05
-1.663433391293138336e-06
-4.372842005139773665e-07
-2.166988940325043993e-07
-2.314540465768824401e-08
7.210768665772375572e-08
-9.592224965742728906e-08
-1.788118334635298168e-08
2.658474899180097060e-09
4.753522181745325173e-10
1.866348040734769160e-10
-3.079552432793990340e-11
2.377966219478168883e-11
-1.023220279360252384e-04
-9.103407913938644646e-05
5.476249345874792520e-05
7.289154259301390215e-06
4.174525547764576023e-06
8.127690432421419579e-07
1.119760231826011529e-07
-6.817120223374105821e-08
-1.017894727276117182e-08
-3.290122399858930289e-08
-1.922728224450018416e-08
-1.065945102291104299e-09
1.338974935675543249e-09
1.035502097445424695e-10
1.037766545465768668e-10
-6.650516422871002232e-11
-1.314158107366215496e-11
-4.564813676993313802e-06
1.592341824619448998e-05
1.041164204176591929e-05
-2.835654559028186535e-06
-1.150553687753013001e-06
-2.544296399777366392e-07
8.863211804342010040e-08
4.279443738314545689e-08
1.159034585547096938e-08
5.297813879170290123e-09
3.871284060990213555e-09
5.647846218148853135e-09
5.240304417765412760e-10
3.122350278462621096e-11
2.005901493423316022e-11
1.721242912669955596e-11
4.876773911574222999e-13
-8.650906717156120197e-06
8.981516965113694613e-06
1.388644217517762274e-05
-3.066985066353606886e-06
-7.226026114879914507e-08
2.835113966695885616e-08
-2.841194061452152044e-08
-1.048221160571335513e-08
-3.948551180335816160e-09
-2.912003512160728519e-09
-4.615184290230832286e-11
3.705819185346094765e-10
-1.136914110408375360e-10
-3.139070503281404889e-11
-1.852504404718198943e-11
-5.090576327661754325e-12
1.100379671441267679e-12
1.306888112530568314e-06
-3.731252699977795147e-06
-3.275525086410050732e-06
1.411700987422521265e-06
2.229783151861511382e-07
1.876516557379430224e-08
8.075036312983335411e-09
5.568466701336385229e-09
2.300655557978615703e-09
1.471890576600117976e-09
4.819859335738406323e-11
2.842730520371100835e-10
-8.315216370177820274e-12
4.961621272827526792e-12
4.646228167958558232e-12
1.258322686316921062e-12
4.475536826469755269e-13
-4.032963170313664229e-07
1.703589150549456413e-06
1.561423845773690257e-06
-8.649703137478523435e-07
-1.577948348173726571e-07
-2.261962861391794986e-08
-5.152320007465945109e-09
-2.369830533020344911e-09
-1.091992989597164439e-09
-6.588389776488921136e-10
-2.726930223814261737e-11
-1.909224821144876869e-10
-4.880106789109304334e-11
-3.125759654944896609e-12
-2.097132949230686950e-12
-5.028559077793296237e-13
-2.336450346501620349e-13
-8.605872029304444839e-08
3.635664583616257697e-07
3.727960395993355072e-07
-2.524242522442571955e-07
8.022153699430668121e-09
1.037526180779221773e-08
2.463865461189404794e-09
1.007333632990945212e-09
5.004259855600114075e-10
1.870927894057842525e-10
4.693624859247223724e-11
4.059255250977948069e-11
-6.333310426842055740e-12
-5.464705749860098451e-13
3.582341323021400048e-14
1.208130234530247530e-13
-1.605496932740991876e-14
-1.903875268585352477e-09
3.912002635590554666e-08
-7.820752765841976597e-08
-6.243012643951269512e-08
1.776169834093919869e-08
-1.659600927110414251e-09
-1.014550815822901388e-09
-3.708567965087680191e-10
-1.798350643154282822e-10
-7.731592168734936363e-11
4.812762647057638688e-12
-7.515355966950221285e-12
-6.617489847716570163e-12
-6.750493513098140091e-13
-1.964560561161717021e-13
-4.663878510429463291e-14
2.381006810749370718e-14
-1.571169351521426449e-01
-5.177478378295788906e-03
-1.639593250807984686e-04
-4.779981880720013046e-06
4.667445495866915939e-07
1.954091322915364499e-06
1.145901637451629940e-06
-5.327468264045243439e-08
-7.542416768290346627e-07
-1.015244861309999059e-06
-1.438223613354559522e-07
-2.600549941658770492e-08
-1.177879536748091714e-09
-2.913410762413722589e-10
3.396501970659682633e-10
8.541766641870769548e-11
3.031575191655152754e-02
2.549900644313568554e-03
1.436382451907118054e-04
5.907042295589443611e-06
-1.088989615951264791e-06
-1.064927540309683416e-06
-2.475951692000131908e-06
1.715631751564897089e-06
-6.375218006590537031e-07
-6.742225879334882492e-07
-3.738065666064963896e-08
-1.059175717081545020e-08
1.135991156210828634e-09
-1.123440482611925218e-09
4.905685517447908281e-10
-1.387292488267907270e-10
-4.789665970858567393e-03
-9.836645791552948818e-04
-9.939092164482848468e-05
-3.988377964422782847e-06
9.646132964337842053e-07
2.260024400968692670e-06
2.138963002922761102e-06
1.058463644732850947e-06
2.542649486279605850e-07
-3.653098945170084427e-08
5.864110737838307519e-10
-3.008280664772794829e-09
-3.024317989299687899e-10
6.202953504440544219e-10
-1.333347654046806382e-10
1.401307895153864563e-10
1.370452990049028956e-04
1.605993763051949701e-04
3.622166153223586882e-05
2.274269306204574781e-06
-1.232162400119719439e-06
-1.050336430485557125e-06
-9.290081470005426638e-07
-3.259707030460266676e-07
1.934815456035631226e-07
4.644691665732324139e-08
1.513741560110248604e-09
4.733125552750437575e-10
-9.120606801082395626e-10
1.748306669114727359e-10
-2.822667947878075866e-10
4.888907026194085293e-11
-2.073871309611807680e-04
-3.326342292683311813e-05
-1.080227084729073445e-05
-7.445067001114536353e-07
6.517565172275015873e-07
6.269825065580016465e-07
2.453183860220753171e-07
9.896488450556483872e-08
1.177299529661567359e-09
-5.832207379471056025e-09
6.811702265015214146e-10
2.983846744242659556e-10
6.486277885181151519e-11
7.515793127833186831e-11
-6.184180732778877994e-12
6.916884606742328309e-13
3.725423370536494206e-05
1.409996568439560603e-05
3.045138991290810083e-06
1.903548149128689005e-07
-4.629298657837238685e-07
-2.712456697695751288e-07
-8.845756167420363604e-08
-3.315505623756626472e-08
-1.698103640066649913e-08
-5.673205504059345748e-09
-1.605943158138106141e-09
-7.383910035181420709e-11
8.089972513583586757e-12
-6.977423224453646613e-11
7.637641384628891385e-12
-1.321784782603907600e-11
2.218613611413779743e-05
9.650025702059056190e-06
4.912292913296847125e-07
9.075502929074155149e-08
1.931001261322759563e-07
9.896049214494568619e-08
4.096840981583415755e-08
1.197954993902308501e-08
4.427932484413648305e-09
1.105588117816820560e-09
5.121128410514515466e-10
1.012755953968455420e-10
4.160573810312975831e-11
3.218347916033514275e-11
-7.235335963597605097e-12
1.149092033580042401e-11
-2.800101356093492038e-06
-4.882490505420734837e-06
-8.146491156853240590e-07
-1.283353127489061234e-07
-6.667656413100456614e-08
-3.558175902326392519e-08
-1.570806981749288788e-08
-5.524591363092830074e-09
-1.737346483876901064e-09
-6.849484457412007693e-11
-2.246767106850912434e-10
-3.611258506815761256e-11
-2.380874149796631209e-11
-6.241570719144400202e-12
-1.377559729087682918e-12
-6.052984125726866264e-13
1.045374548116546628e-06
2.946182386834219147e-06
5.677074107852511790e-07
9.070689867217459579e-08
2.695028884613061789e-08
1.221815539331372096e-08
5.686425209524249698e-09
2.006269096245605109e-09
4.465035426453330703e-10
3.468577373482434617e-10
1.280555653030232069e-10
1.628437600751527861e-11
9.373119789506189886e-12
2.552961106995208237e-12
7.169466763991495394e-13
2.211980394223338007e-13
4.307307252997088730e-07
9.416124566010311679e-07
-2.886498440160732348e-08
-3.673138146623505054e-08
-1.081483143493853950e-08
-4.271228227441463486e-09
-1.862289740931287566e-09
-6.966427225586509981e-10
-1.270617849852491611e-10
-9.331032029363085747e-11
-5.618333122710420508e-11
5.733747631383235577e-13
-2.358686906490722433e-12
-6.918508111947364482e-13
-2.792706918730562326e-13
3.832775459653781532e-14
-1.074283108237089988e-08
-2.128656672098230889e-07
-6.610671456129798200e-08
5.854680518473738995e-09
3.312559471296971949e-09
1.120494418086794075e-09
4.617385547578311653e-10
2.038035873219604009e-10
8.844363037444899417e-11
3.323015668857259148e-11
2.787038156501803142e-11
4.038067092518710676e-12
4.785165469743026595e-13
-1.642217491782708646e-14
-8.204452265622706107e-15
-2.490402718324157207e-14
-1.062447497490238424e-01
-5.382791850766995706e-02
-3.897139773810893819e-03
-2.050244565297601430e-04
-6.118126811381415421e-06
8.537723827642233663e-07
7.452545569525141614e-07
3.360392188963510227e-07
-2.474940418804417118e-06
5.241963857562489200e-07
7.721999252451503786e-08
-3.004845916466927599e-08
-1.375117299692123243e-09
3.597126835142978613e-09
-2.010004711973078029e-09
7.438758469412795932e-10
1.938435920751980900e-10
1.334453623223135193e-03
4.383331358683094370e-03
9.167800031324113913e-04
9.523902267463806037e-05
4.295844931353560081e-06
-2.474553846347146145e-07
1.405616364633036639e-06
7.601348075058347204e-07
-3.122998752636930367e-07
-4.291276051640168388e-07
-6.562634449165478866e-09
-4.067691603039230372e-08
-4.873414065071740796e-09
1.099746902368113969e-09
2.625307474111470944e-10
7.836396477457209556e-11
-5.548297991396796234e-11
1.101220899414036904e-04
-1.197024948209087755e-04
-1.604447895406662826e-04
-3.480735188972866021e-05
-1.211893978438285511e-06
4.886800055597190248e-07
-7.904027176865881710e-08
-6.369933792196620238e-07
2.780614975494828399e-07
-2.591061865404843425e-07
-2.239771488887051637e-08
7.753111104253839847e-09
3.599133181011488301e-09
3.316651170565448217e-10
4.678538404332323679e-10
8.921098684281551382e-12
-4.183186811134359794e-12
8.130749639965902098e-05
2.223802326993953654e-04
3.429523562472380950e-05
1.050710402354279696e-05
5.780008888550656314e-07
-2.558184515514221177e-07
4.719465361553017257e-08
2.603676016012025266e-08
-5.955484031016940474e-08
3.768149736558979255e-09
-4.432553154499752241e-09
-4.835471298743673590e-09
-1.026471669793453691e-09
-2.309846246018829482e-10
1.169467113778785495e-11
3.042158018824944484e-11
4.988387133283290394e-12
-7.179805948948842324e-07
-3.679765672602850520e-05
-1.389039798798900629e-05
-2.857914970580910100e-06
-1.548714872159944907e-07
6.329846264824159086e-08
4.614854271837132736e-08
3.870210793980442512e-08
1.294129941255764496e-08
1.888196940517773054e-08
9.213396615267284354e-09
3.283422987869668816e-09
4.188803068142691125e-10
1.067406688872559187e-10
-2.745116315440328004e-12
6.545179343374138915e-12
-2.719195809788537466e-12
-1.941083042496057260e-06
-2.223004131316525954e-05
-9.712081642435092712e-06
-5.533425390581196975e-07
-4.994346986194743710e-08
-5.531728009642034272e-08
-4.665538874505814233e-08
-1.987138579496642097e-08
-7.922514259813277757e-09
-6.010504315087997714e-09
-2.420900042455542266e-09
-1.085466694453544673e-09
-2.445045058196972567e-10
-6.660479395137223249e-11
-1.062701272064745633e-11
-3.727369532436401193e-12
-5.377019807080385264e-13
-4.478005141166329409e-09
2.748791829035647543e-06
4.894390661636031955e-06
8.195919192870590111e-07
1.010830945362858637e-07
3.826061043745094883e-08
2.236773458486788903e-08
1.044886460351061538e-08
4.596782321853894888e-09
2.274955834166014096e-09
4.898297293827994856e-10
4.069733939153693671e-10
9.089553899229608656e-11
2.530838160363936585e-11
3.767877518928876876e-12
-4.622143615645669721e-13
3.211027382578955323e-13
-2.765298456913771391e-08
-1.037913950524382470e-06
-2.948393901717523955e-06
-5.645088797886369876e-07
-8.213272528657502255e-08
-1.959557275729325563e-08
-9.715107629957331084e-09
-4.400099752357718750e-09
-1.950449148143988022e-09
-6.413156305633833959e-10
-4.874093872353073597e-10
-1.870389004845851174e-10
-3.314028899912327273e-11
-9.502915950573721797e-12
-1.512998392811971730e-12
1.091430885945895077e-13
7.931916302966083154e-14
-4.511147661906067899e-08
-4.373081276664805406e-07
-9.415235808380796957e-07
2.716491441425164820e-08
3.391161163596197636e-08
9.372161283847496556e-09
3.724550139515146977e-09
1.648095281911593706e-09
7.497976295514835694e-10
1.965819376241929280e-10
1.423200629312088914e-10
7.162972968234254846e-11
3.066384469219408499e-12
2.472201770859651773e-12
1.544520547520436025e-13
-5.551686472771361698e-14
-1.138547040720653097e-13
-2.253976282799555746e-10
1.174270972350514752e-08
2.132131796047420635e-07
6.881869990814106293e-08
-5.195210357384202864e-09
-3.624248986326939252e-09
-1.279867976695593306e-09
-5.550903735780941136e-10
-2.772439669152015662e-10
-1.367974643927639584e-10
-5.400236102117203058e-11
-3.173904188562605454e-11
-3.653195195602495696e-12
-6.197776075511555499e-13
2.231041299330438135e-13
1.561606752354714955e-13
3.495349812826697202e-14
