1.336099885620176120e-01
1.028315587272988108e+00
4.282912375088342855e-02
1.306583238469886466e-03
3.700711666357710738e-05
4.361326662225217179e-06
3.801635742968955299e-06
3.058080955261327499e-06
-3.770363878360687361e-06
1.093335654506506147e-06
3.240386838039734989e-06
8.326590752997609093e-07
1.196573483831056327e-07
8.108474051486864047e-09
-1.266689043696434784e-09
2.064670157558429809e-10
-4.919298611983358016e-10
-4.256088410907944708e-02
1.140473694528716803e-01
-1.194907089910143133e-02
-9.987569681767728604e-04
-5.288909666126892229e-05
-3.438277242084300109e-06
-2.867855516614503020e-06
-5.735407219526807272e-06
-1.635416497912803640e-06
8.820376678526975162e-07
4.297374629844248653e-06
6.347683462684772515e-07
6.148403981598341176e-08
-2.308864157280751838e-09
-5.142396604225905584e-10
1.370517911114034516e-11
-4.247492388716164899e-10
1.020922049221186130e-02
-1.338993996310739983e-03
2.768039382173623827e-03
6.008663987354678510e-04
5.514049420441016021e-05
3.345900303519455188e-06
7.939875087894439888e-08
4.853411132859857156e-06
-1.142568756295802150e-06
-2.447706616920605963e-07
1.146909584711115517e-06
-1.838956107467191687e-08
-1.685665051070707160e-08
-5.151662887651459524e-09
-1.524753066118806640e-10
-1.570587079420177897e-09
3.901460733135263641e-10
-8.275101269814917788e-04
-5.876718474898249590e-04
-2.871399262323762278e-04
-1.485391025790990189e-04
-3.346101335077808091e-05
-1.435663696535833141e-06
-6.245949377760500761e-07
1.351583821652288612e-06
2.057194136462742869e-07
1.972314785550647282e-07
-4.047871726475511548e-07
-5.875009339443545012e-08
6.438353139831161405e-09
-6.962507085410450040e-10
-3.866022829199644800e-10
3.310333682937525913e-10
-2.452721165468406228e-12
2.002607029072439224e-04
-6.236440723901806225e-05
1.704998834466073276e-04
2.964502788238756930e-05
1.659414473476145206e-05
1.725076676562359466e-06
-2.954224224316538981e-07
-8.682594618226917061e-08
-8.587151446606280640e-08
1.153663032192289379e-07
-1.007833094766389315e-07
-9.945185526591550798e-09
3.106083280715696747e-09
3.971992633871969667e-10
-5.380153493915775736e-10
8.689892217985211293e-11
1.794391663156249278e-10
2.008896162896334624e-05
-7.082758345624461322e-05
1.496318797654040930e-05
-1.194545366436234446e-05
-5.373389926151688532e-06
-2.374563477561806370e-07
5.092489638691197889e-08
9.269533582783377566e-08
1.098435311430959000e-07
-1.672207455091248830e-08
6.613668408664871475e-08
3.968563986887974962e-08
5.418461986669637156e-09
6.384204691397885960e-10
-5.732537681351824198e-11
-2.348860424266875471e-11
4.015836527632496317e-11
6.078280635233816726e-05
-3.711152303138727504e-05
9.471569225649881859e-05
-2.216940056223289934e-05
-1.280121009735587034e-06
-1.475243934223368091e-07
-1.888155130291584955e-07
-1.907398324186869287e-07
-8.722510468572776002e-08
-2.797269033893752287e-08
-1.750642374678465629e-08
-3.236191972351832118e-09
-2.343246218934770315e-09
-4.790289721443606981e-10
-5.531231713009602700e-11
1.099368199162025004e-11
-3.651047142861313304e-11
-1.300140827581459941e-05
3.662555737269603451e-05
-2.169295688660384657e-05
1.573267799100293713e-05
2.856480298656324315e-06
3.983840205434631372e-07
2.179194747193858030e-07
1.167768947014934963e-07
6.133928570507639845e-08
1.727082798130156012e-08
8.767149771681890079e-09
5.060511250456254129e-09
6.031132168353088969e-10
2.506621062885033862e-10
1.036785297665269042e-10
2.553882057851876327e-11
6.178044180464465172e-12
4.771506694593848771e-06
-2.207352352079843555e-05
5.952455935962284595e-06
-1.310831994408283120e-05
-2.611573170083670328e-06
-4.917571148845246015e-07
-1.414055831447313933e-07
-6.908439459294255636e-08
-3.175855907607764232e-08
-1.197859374440756717e-08
-4.351984816778960830e-09
-3.973979470221009713e-09
-1.180662337566791583e-09
-1.449725641378352234e-10
-5.578112002965481968e-11
-1.248327547561732868e-11
-2.531646603061486806e-12
2.168817896031670567e-06
-7.480867176676559273e-06
8.846656329663409564e-06
-5.110066613350223044e-06
4.040820960048495637e-07
3.157270797907757461e-07
9.592625709178037480e-08
3.610696398843213929e-08
1.412989791150921437e-08
6.455615623592232417e-09
4.815968183161746544e-09
1.237482119244978989e-09
1.238699490361024246e-10
4.272130222972943121e-11
1.077379147622117296e-11
3.227488206649665952e-12
3.772863143110238186e-14
1.198355199068980768e-07
-1.215834927291647030e-06
2.443191541187809102e-06
-2.012631537957857845e-06
4.661191545772006981e-07
-1.126283126455626680e-07
-4.314029790680296017e-08
-1.456738482193901948e-08
-5.152527874375020726e-09
-2.061566429693618469e-09
-1.182792370711911978e-09
-6.298587654191831987e-10
-7.183316879525637069e-10
-5.802125497008901116e-11
-1.219140251079697261e-11
-1.580855319937257134e-12
2.379045066871999941e-13
2.161621219574184558e-02
-2.145367189619945200e-02
-1.550883976393097313e-03
-7.713626443047896613e-05
-3.215666687283971972e-06
-9.670372493069534464e-07
-8.921700956026238682e-07
3.771195243098325063e-06
1.793172397217367470e-06
1.916392973843315116e-06
1.026104539685342706e-07
-6.477905143447770229e-08
-6.597640936862491971e-09
3.133075845580170522e-10
1.668622170341476620e-09
-3.381198308465551050e-11
4.307818127698909757e-04
2.555338432681921422e-03
5.597887488221915111e-04
5.217894937192838275e-05
5.338281501726071256e-07
5.393020621960512092e-07
-1.323841485667640225e-06
-7.757265986810373258e-07
-2.491171140984877599e-07
8.471433776776616373e-07
-6.234095827658396653e-08
-1.942151312262218747e-08
-3.719255445352586369e-10
-9.539925615531951338e-10
6.766765070975466336e-10
-3.277037262606989033e-10
-4.964770126394698170e-04
-2.751897441067017763e-04
-1.518514400902049131e-04
-3.371448258049201561e-05
-1.511990927226092790e-07
2.417275634930140903e-06
4.386571741334495157e-07
6.220500195334080973e-07
-1.299183550131458220e-07
-4.128944631697305034e-07
-8.885716630887022623e-08
1.034629316366624011e-08
2.521855396546609862e-09
3.835692777391009889e-10
-2.862831886035087754e-10
-4.008191029833568395e-10
7.488504002888348964e-06
1.784104947101924563e-04
3.015407403771484880e-05
1.623281670547935772e-05
-5.910767040234058011e-08
-1.234394838428151548e-06
-1.218699042392245493e-06
-1.128662645223530998e-07
8.858923216696793647e-08
-7.718880615017734167e-08
1.337156254656262126e-09
5.626825623162653135e-09
2.164240199628157060e-11
1.143568655085563012e-10
-2.340426923355378314e-10
-8.292124548855627422e-11
-6.067351747885483106e-05
1.631606987112735143e-05
-1.262658877882117822e-05
-4.590522013171334910e-06
2.877738310681094583e-07
1.392235324520879321e-06
6.948678837120115259e-07
1.395168893504078809e-07
-1.908293438125662513e-08
4.972170423671526033e-08
3.538594995177052694e-08
4.306143942857631451e-09
3.350341399377016846e-10
1.503436661443899636e-10
-8.387111046601272054e-11
8.805694726872811017e-11
-4.955030002040412812e-05
9.413582710612557929e-05
-2.195512113219662861e-05
-1.940796583866872690e-06
-6.431384356617473632e-07
-6.738270231452998134e-07
-2.649667739046259102e-07
-1.078744730689031249e-07
-2.676029658083154645e-08
-1.163950261551975019e-08
-1.088078979251896857e-09
-1.901056631557138686e-09
-5.724613022864212086e-10
-2.040107543398942369e-10
4.788400475418399611e-11
-3.645674947332364198e-11
3.865846137614130688e-05
-2.169859704487177472e-05
1.579457892201106302e-05
3.185895090959457979e-06
6.714034163283683565e-07
3.119889197889997812e-07
1.534475363290504323e-07
6.641847082235541376e-08
1.250915097627998700e-08
5.658001277881541666e-09
3.987479570787293875e-09
4.602286750890019078e-10
2.337406117016047560e-10
1.131899632073630354e-10
1.263338276106797266e-11
3.015797051596489326e-12
-2.265202972246476714e-05
5.904537069808858515e-06
-1.316895878149717014e-05
-2.748872722225930790e-06
-5.810614141318751259e-07
-1.939418323339848561e-07
-8.501027373095072396e-08
-3.280325171020416140e-08
-1.003556416108562033e-08
-3.085326221843383833e-09
-3.463065898738154640e-09
-1.093707943133945458e-09
-1.379015580744369667e-10
-6.120902802361492951e-11
-1.542154095388928317e-11
-2.027200757480752984e-12
-7.759520348741542306e-06
8.841710571128150897e-06
-5.088571841370657910e-06
4.607552537028994818e-07
3.514739225746943279e-07
1.140976143106486681e-07
4.544876797918759749e-08
1.747542815156924365e-08
6.372524598480542887e-09
4.346927026821662106e-09
9.266565051620736599e-10
-5.882675595853565264e-11
1.823343692218511462e-11
1.562884749768715026e-11
3.013054302838864908e-12
2.462887498053938046e-12
-1.367795970837670531e-06
2.492937224788666682e-06
-2.115136763703792830e-06
4.318933612696436751e-07
-1.277881364612563405e-07
-6.397954439243758548e-08
-2.392195288998998692e-08
-7.845405006476389264e-09
-3.131723607933134732e-09
-1.881802018299837948e-09
-5.794580652837863806e-10
-3.570024063180573184e-10
-7.824269130682392223e-11
-2.063411836696470695e-11
-3.168460934547826066e-12
6.101537587599151097e-13
-1.020091839972246506e+00
-4.261244625278662324e-02
-1.299333818468509719e-03
-3.278225599176558529e-05
2.634143491202707490e-06
4.813123174860802442e-06
5.733819835771266815e-06
3.767778597496329887e-06
-9.495910292642195885e-07
-3.212479052131532762e-06
-8.308181629054491839e-07
-1.179471219823286657e-07
-1.653025348200277286e-08
2.430197918955914828e-09
-2.875316376657897873e-09
1.898935606623152760e-09
-1.203532907180776823e-01
1.162331175819905291e-02
9.867953875415925134e-04
5.067638693216779838e-05
1.836323641475180819e-06
-1.794097896940236743e-06
-5.217817504475689691e-06
3.960888230659767864e-06
-9.091240205305577757e-08
-4.159328296590250120e-06
-6.063416766571480724e-07
-5.227718368589530615e-08
1.912710307322015217e-09
3.185422932752376043e-09
-7.008908471852238082e-10
8.667109833446214896e-10
5.096178561254563477e-03
-2.453900161596166314e-03
-5.855658029530227786e-04
-5.719085874928383405e-05
-2.474914660316127983e-06
-6.146859179331701291e-07
1.430816973830490739e-07
-2.089112158093756267e-06
4.853880245096469257e-07
-1.198628359629379265e-06
-7.937382737471726542e-09
3.272334749500596607e-09
7.283465006131292589e-09
-1.484483744147707488e-09
4.405832746585542694e-10
-5.514417900397850322e-10
-3.636840437221218665e-04
1.147730633697282410e-04
1.375414753167708093e-04
3.389916272123182908e-05
9.802034914677337245e-07
8.212191992877935228e-08
-6.644955722892696717e-07
7.759046405242409230e-07
-3.613799424631620877e-07
4.820399590943816031e-07
8.111571625546774286e-08
-6.176397671143722836e-09
4.365582084097983961e-10
2.985754247141120663e-10
-2.329331909039018052e-10
-4.260771272967053361e-10
2.808254922547791027e-04
-9.539658261848834512e-05
-2.339933847224170377e-05
-1.787331780032097109e-05
-1.570150736072140775e-06
3.154720668067269196e-07
-7.541721065942350633e-07
8.064881737223481695e-08
1.609921771280477144e-08
5.260401941406452083e-08
3.515437380260677206e-09
-3.862226967530350699e-09
-6.098141287438946825e-10
2.830823314425248269e-10
1.709332648336253012e-10
-8.322369708403073830e-11
-4.625246468928302152e-05
-4.268302356647397889e-05
9.281779741025165245e-06
5.961371692313730436e-06
6.213470354019042490e-07
2.501210062065926746e-07
2.361916932430254255e-07
2.053359719093280454e-08
-2.639792600168586070e-09
-2.690200744717105373e-08
-3.605897169872739725e-08
-4.019582705678272224e-09
-7.622239553574990025e-10
-7.339648282549285213e-12
-3.809234521146605232e-11
2.272245839009560186e-11
-8.096864084596800868e-05
-9.859847220613529811e-05
2.245856163249764048e-05
9.767736778656321249e-07
-3.276132939658001361e-07
-7.738600525439928540e-08
3.628301138600816884e-08
-2.400819540983340242e-08
4.868676737446767157e-12
-3.268817230253308920e-09
1.147271076992973235e-09
1.605748443638522919e-09
5.168377281178014560e-10
6.956319081548445618e-11
-3.953850089242480002e-12
2.422560366297522312e-12
4.145134595512177519e-05
3.417493856971043109e-05
-1.462824462262811925e-05
-2.486696915449793744e-06
-6.017216152879307975e-08
-2.617270318016196248e-08
-2.497871538343792522e-08
-3.817057494161083098e-09
-8.736656105679309897e-09
1.443745372907877504e-09
-3.864987779957221470e-09
-1.583751043453884289e-10
-2.207275615657448590e-10
-7.968393797528878204e-11
-3.111481889852079050e-11
-7.915401491579828081e-13
-2.322241460338748235e-05
-1.863445981011024955e-05
1.143506863965646690e-05
2.258209231478349958e-06
2.860847836113740520e-07
3.072365045628537782e-08
1.683265008426196097e-08
7.726563417784671123e-09
8.403897979464137097e-09
-6.966782528994795754e-10
3.202378132355790535e-09
9.305531080471495714e-10
1.097616115664609836e-10
4.767565644720555973e-11
8.507249846615153143e-12
4.045226665684579334e-12
-9.100105098787838033e-06
-8.895889945650513764e-06
6.101968778145711915e-06
-1.369989656834104019e-07
-2.036837848719468563e-07
-4.148725060167088830e-08
-1.211156006225138933e-08
-6.528514383953055098e-09
-3.313999591669057294e-09
-1.309305515113303145e-09
-1.056167590068922861e-09
-1.800957721771168466e-12
-2.554099888194517531e-11
-8.515478173909987330e-12
-3.066904739351265447e-12
-2.298142696569393702e-13
-1.488025757433152246e-06
2.348585049354946326e-06
1.845528561741667452e-06
-5.916679317909010424e-07
6.590344585519834899e-08
2.312804056787628879e-08
6.023221540051144623e-09
3.914643455546995745e-09
1.372084149703381884e-09
3.329506737477559244e-11
5.018255228872117984e-10
6.888477478848609794e-10
4.516473960829081011e-11
8.451070556431193322e-12
1.540023931508914381e-12
-2.716054996344670680e-13
7.422201196545974433e-02
3.133424369316411412e-02
-2.098547553881613403e-02
-1.534456638820407611e-03
-7.770640417725850646e-05
-2.982565273054416954e-06
3.294025775272006568e-06
7.819838002100180989e-07
3.370414303359217840e-07
2.044018094137482371e-06
1.930802605285922567e-06
1.317985199930863652e-07
-5.538980282395856350e-08
-3.623719777494499109e-09
-3.132694249625488989e-09
1.793386353550358681e-09
-7.755407441735160819e-10
-9.440312808547401957e-03
-3.064181450756436106e-03
2.255420448310646152e-03
5.432453594027830679e-04
5.269267481218935256e-05
3.495678171379390671e-06
1.540475881053163627e-07
-1.637660675015644674e-06
1.752111491050713338e-06
-4.533296369121534225e-07
8.428600964254921737e-07
-5.530581463797063035e-08
-1.840330916990828969e-08
4.101521884453496802e-09
-2.135146657040729951e-09
8.482861158241585456e-10
-1.290823597197045560e-09
7.817174434082344156e-04
4.663732249793953177e-04
-1.023096954101520287e-04
-1.407052746948133932e-04
-3.645803943898507293e-05
-3.995816775855670463e-06
-1.393770746741715066e-06
-1.247761624738615972e-06
-2.150268037204580979e-07
8.780967129168967993e-08
-4.223616862396127097e-07
-8.961009918634314046e-08
8.170142684773155585e-09
1.729709807747067513e-09
7.703479127747768766e-10
-3.247064226004114500e-10
3.590315670802941310e-11
-2.250536923481173018e-04
-2.141110997620361805e-04
1.010433500675930111e-04
2.279953032605953550e-05
1.854032310324051482e-05
3.412090688650747048e-06
1.000595359131901664e-06
-1.207761434001462373e-07
-6.656240009655633549e-08
-1.087499713788037799e-07
-6.203566063699151180e-08
-4.782604796151060664e-10
7.415961083485481386e-09
2.351553875521551031e-10
5.025244150968533980e-10
-3.292546298126742205e-10
-6.810136190693817491e-11
-2.096621330933441454e-05
5.692987373513005376e-05
4.490929276666805219e-05
-9.190486950488737823e-06
-7.591272968783225790e-06
-1.767996398093271787e-06
4.652303349147287053e-07
2.171568699937036552e-07
2.117274375307395927e-08
3.947485957162273134e-08
2.624702516442231811e-08
3.412620572093559559e-08
3.288882677835357534e-09
6.683473124767413394e-13
9.571353726716878282e-11
1.119034449201461947e-10
2.007117887584973851e-12
-6.016157330261422598e-05
6.760366517540493338e-05
9.747776460568833602e-05
-2.218283133208610617e-05
1.115568305666838515e-07
4.700816603414900919e-07
-2.055650125315071578e-07
-5.933121746445222275e-08
-1.407242063757300705e-08
-1.711344984304954318e-08
2.272426836753716622e-09
-2.454433257041036931e-10
-1.291657686275635951e-09
-3.505748879368550888e-10
-1.838914857314760955e-10
-4.375953885441696645e-11
2.387425303988543108e-11
1.344087656784449412e-05
-3.896759292468615724e-05
-3.399169865618517194e-05
1.440649377123175965e-05
2.127877747356750636e-06
8.098905832549110767e-08
4.738116917606601228e-08
4.756801942079062461e-08
2.031541461470396595e-08
1.196797482264529046e-08
-1.654194745319161431e-09
3.367355144087738097e-09
-3.963388774259060719e-11
9.820753108719325604e-11
8.304704152608790809e-11
1.517939166964749012e-11
3.075749024328314740e-12
-4.910457591098962924e-06
2.248724773847304650e-05
1.859252193785654569e-05
-1.134493697843653335e-05
-2.179799535417726558e-06
-2.924445586054967979e-07
-5.624115530865812465e-08
-3.040838419278651201e-08
-1.384909694951249029e-08
-9.449092994456775491e-09
6.471295468430860568e-10
-2.960575242284693137e-09
-7.853868680543017606e-10
-6.542597434222169581e-11
-4.444683314594943361e-11
-8.050642076931599715e-12
-6.028865406775968034e-12
-2.057229740835767689e-06
8.859466168015172621e-06
8.880140448922477415e-06
-6.115825542407629173e-06
1.314458840657275604e-07
2.126099165761668280e-07
4.793515820393193313e-08
2.037851177723614167e-08
1.103437465570090319e-08
4.189895127744089661e-09
1.451191511459204437e-09
9.162430402524196742e-10
-2.210966350864117010e-10
-1.455445133734294434e-11
5.623730041837661553e-12
3.858138497578915755e-12
-2.336029491967604912e-13
-7.120151161090854135e-08
1.377459714596470142e-06
-2.635753001508909578e-06
-1.993654852588488620e-06
6.102422505256247598e-07
-5.604068044135277984e-08
-3.201731956852476264e-08
-1.120218846527217081e-08
-5.314158031384613380e-09
-2.019289180544743132e-09
2.019171844773116886e-10
-4.940621725641136916e-10
-2.613773238289512627e-10
-5.132950740312131310e-11
-1.388784685064473341e-11
-3.308526696078083021e-12
7.548356481124277177e-13
-1.526155030385178135e-01
-4.604541494467958955e-03
-1.233147906416954436e-04
-3.286878465782577074e-06
1.206690735052687918e-07
1.409081226907607307e-06
-8.461260888784465578e-07
-1.127774487217447668e-06
-1.386878302257727850e-06
-1.246050478516377070e-06
-1.368204361089488951e-07
-2.231506021938010487e-08
1.624210736093447813e-10
-2.020480872413097175e-09
5.329965627764633650e-10
2.080401363311759890e-10
4.456946953012986407e-02
3.556050379275572590e-03
1.777298488564772749e-04
7.365049528959612823e-06
-9.191353519821451122e-07
-4.531949950734036744e-07
-3.494222130169613644e-06
4.195366727437862457e-06
-2.070450922730764940e-06
-1.073433250457946544e-06
-7.008216123633354139e-08
-1.454234207308467145e-08
3.674746281208115405e-09
-1.813702889509094056e-09
1.088003136719348849e-09
-4.526446971633755291e-10
-1.067107821683841752e-02
-2.089461462078843861e-03
-1.949063831021398353e-04
-8.602243732362776818e-06
-3.548930806766371152e-08
3.049437195220351714e-06
3.348695978391297707e-06
2.019965744539425701e-06
6.186018759775576730e-07
-6.453496403073538817e-08
-2.454606299303435471e-09
-4.617228736433086729e-09
2.949643216809808224e-10
2.265274215213559666e-09
-6.569873082613079529e-10
1.431344723451672419e-10
7.278083483230659559e-04
5.460564433527592947e-04
1.094400974614705439e-04
7.543618842276784561e-06
-1.506570098559404337e-06
-1.076475096010246836e-06
-2.377879258275406903e-06
-1.064900025809837346e-06
7.985402253116393805e-07
1.746543227751828218e-07
-1.995931664475260635e-09
4.637065331875889266e-10
-3.578261981787442734e-09
1.370390575706749358e-09
-1.125879527468975410e-09
4.094181017658646370e-10
-4.008618260677054195e-04
-1.124915460942808973e-04
-5.081869740979205329e-05
-5.076963956236356032e-06
8.802792614272371827e-07
1.595052074771185155e-06
7.578620765584767194e-07
3.377746152536252739e-07
-3.607770691744792719e-08
-6.211578119663262206e-08
3.515847002076903578e-09
1.848716652836479836e-09
2.517977416312252546e-10
1.610950212258412772e-10
-7.039047018515581292e-11
4.528986381885587127e-12
1.211922534857701764e-04
5.180781187072048009e-05
2.056966550219586809e-05
2.642367847925341396e-06
-2.041228689715636356e-06
-1.274025973828482380e-06
-3.280713164274387737e-07
-1.035323365475110904e-07
-8.517360189512152305e-08
-2.873474421765494602e-08
-9.057381405030573792e-09
-7.076236781968584895e-10
1.204615704884523021e-10
-4.915582791047015769e-10
1.545284803168191281e-10
-1.104596304690514403e-10
1.637848515433700674e-04
7.085058635854310104e-05
1.985976871489503495e-06
-1.728776167694197199e-07
1.319712480982826516e-06
6.725063334066647702e-07
2.533812195321076703e-07
6.728617309078511373e-08
3.126342951054966601e-08
1.165955872793836413e-08
6.327971200287707879e-09
8.551700452002028843e-10
4.241109626048615242e-10
1.495077764998883970e-10
2.441014137787090926e-12
1.215105122358351773e-11
-3.047287060423819219e-05
-4.949555777211208681e-05
-7.827630807129387535e-06
-9.612664141489371311e-07
-6.023781000870297911e-07
-3.352507744155267191e-07
-1.506736105114732529e-07
-5.052776159253221110e-08
-1.500209369378996408e-08
-1.109181073545370034e-09
-2.939717698304276383e-09
-4.659425519227145722e-10
-3.406490523585232934e-10
-5.474734909149933268e-11
-2.070622223463942797e-11
3.970860171929118638e-13
1.143313682022767908e-05
3.810692385400751370e-05
7.838672613448384178e-06
1.212510803365216623e-06
3.497153307060334981e-07
1.672770446428265886e-07
8.004536580436523780e-08
2.718718226046478424e-08
5.837691040044752137e-09
4.912492325327877621e-09
2.376393046463292967e-09
2.623551405061683847e-10
2.030187966430295191e-10
3.741152582078611683e-11
1.178216916072607562e-11
-8.362275578346088212e-13
9.932322723860248482e-06
2.249682546467113084e-05
-3.943500074244424987e-07
-7.710086429448665403e-07
-2.137872496059418111e-07
-8.500470964240530086e-08
-3.799004382524213979e-08
-1.485029034089545763e-08
-2.452379556508743468e-09
-2.729323990567395474e-09
-1.482495711582751699e-09
-4.833053168122308675e-11
-5.598371803884674511e-11
-1.598845087234124390e-11
-5.938234357373730641e-12
-3.724558120150356959e-13
-2.833201680324392434e-07
-7.168772352251804636e-06
-2.276399704055025921e-06
1.839664511385073727e-07
9.749414606008463905e-08
3.068791403352657879e-08
1.386976659366822805e-08
6.213589826768092553e-09
2.272141118350043097e-09
8.231419848298513932e-10
1.184827046965108477e-09
1.419160614659598415e-10
1.937426119604635876e-11
2.094526804955995017e-12
5.452508615916369591e-13
1.002039162884420033e-12
-1.587840716819718390e-01
-7.927771171001646300e-02
-5.455671738253077205e-03
-2.608779759559676421e-04
-1.036327420418758855e-05
-3.502532094632544521e-08
2.443116287723304151e-06
3.537433374117953622e-07
-1.954190937971646650e-06
1.669140577908998441e-06
1.854105325800083399e-07
-9.387667398553109845e-08
-1.248967779219680116e-08
4.997210383693630673e-09
-3.593876860571113281e-09
7.949692039158856854e-10
8.790420789651843952e-10
3.055401462985044090e-03
9.773658616459644788e-03
1.946206513853984341e-03
1.852980491525787359e-04
9.125714944249588141e-06
5.734585445607354540e-07
3.594519154332312496e-06
7.950442972611227618e-07
-4.307747981363472371e-07
-1.219214564347289446e-06
-1.470382667779611796e-10
-7.381813062670407513e-08
-5.814756215407572651e-09
2.272648840321024461e-09
5.643782522627069979e-10
-4.622890315432781418e-10
-5.475854876415858321e-11
2.296344748826887998e-04
-6.807714911677578782e-04
-5.452307891749496281e-04
-1.072395573771356647e-04
-5.741645281614949778e-06
1.565424024986676212e-07
4.903877038876188137e-07
-1.768222470834289390e-06
1.031727297815484811e-06
-9.527369067655334949e-07
-1.334777397501148604e-07
1.626807456699623913e-08
8.274357296753238259e-09
-5.990741629054032485e-10
1.271569799592068977e-09
6.424577113201059989e-11
-1.180179186871053533e-10
1.403487137928469781e-04
4.246578429699062775e-04
1.142853577370166667e-04
5.003546381171509306e-05
4.479261318499677559e-06
-7.206963788595513845e-07
1.994584766186947730e-07
2.626354641286491487e-07
-3.149716329110426032e-07
5.657502424802438564e-08
2.712818222167033704e-08
-1.309156538723340970e-08
-1.473113792261150339e-09
-5.923696523317824263e-10
1.473252790292680334e-11
1.580514378908977491e-10
3.571119395804511793e-11
1.861898931440546233e-06
-1.179492744024881638e-04
-5.051168751411188267e-05
-1.964227565052170828e-05
-2.008628780901685553e-06
8.651629714042768714e-09
6.977615252794210772e-08
1.382810213606318635e-07
2.644727595211424350e-08
9.916816580987919168e-08
4.487457294431093482e-08
1.538793345559633147e-08
1.135819449088837749e-09
4.286382490403044235e-10
-1.830006881111927371e-11
2.540378461235339765e-11
-2.400037332778614721e-11
-1.515369421443263716e-05
-1.648698963217526555e-04
-7.153184264212571620e-05
-2.533350296209844232e-06
3.785320091397442076e-07
-1.269046178087701901e-07
-2.751747477199585328e-07
-1.218080252291568355e-07
-4.327616592536676550e-08
-4.431030410486438817e-08
-1.986811100221461258e-08
-9.062944102220650931e-09
-1.380193555001833636e-09
-3.501542391473996544e-10
-3.584563702024894136e-11
-5.831820264181664400e-11
-3.981419429933863241e-12
3.495814708182242149e-07
3.020519018183651951e-05
4.971183355901734140e-05
7.939311000708375811e-06
6.540774808833002066e-07
2.609855811003664896e-07
2.093536361940066096e-07
9.977609571197994295e-08
4.362393704652733170e-08
2.085333536177145680e-08
4.600900025498170467e-09
4.114208430899524421e-09
7.772906782789790197e-10
2.389029202115462742e-10
3.878319656140350486e-11
7.619398502952322686e-12
1.062181321681730663e-11
1.018733242527846606e-07
-1.131677044984830484e-05
-3.817398610935735328e-05
-7.804991374328400675e-06
-1.068564698218876149e-06
-2.345106880983659704e-07
-1.335520223447059912e-07
-6.293203065910149606e-08
-2.759623595050942019e-08
-8.721451260311994056e-09
-6.573989956832598658e-09
-2.927952240161347014e-09
-3.862433152169059204e-10
-1.658836753726940656e-10
-3.178449608297343695e-11
-1.630360375110672511e-12
3.052285747392272106e-13
-9.181193226437233817e-07
-1.000739292538020996e-05
-2.246871539607341411e-05
3.611617022479207395e-07
6.950040651049555796e-07
1.821966278544891372e-07
7.689341375832022375e-08
3.630456757576174291e-08
1.704977233057384516e-08
4.255105821702370160e-09
3.948215486129182898e-09
1.480495489115772437e-09
2.196840005489989322e-11
6.156221097664174614e-11
8.488081215663518134e-12
2.938187577566673422e-12
-1.583422271669864793e-12
-2.778640662644554523e-08
3.208769547725921586e-07
7.167793253738088620e-06
2.404416281948227433e-06
-1.576519155413001079e-07
-1.160211510074687748e-07
-4.109673498211593717e-08
-1.907438668412399376e-08
-9.916190759250486202e-09
-4.699425949972254424e-09
-1.746146230232607087e-09
-1.242549618957652110e-09
-1.322599893479714423e-10
-4.437385080384744084e-11
-1.791766127314048197e-12
1.141138016985581738e-12
-1.035396307905761635e-12
