1.356250908536420774e-01
1.027222241145105075e+00
4.340462394008068325e-02
1.377238197250525839e-03
4.199959335835090629e-05
4.518419986975158631e-06
3.608077412329541167e-06
3.330817193546454781e-06
-3.108718958570197949e-06
7.344819677269798291e-07
2.795417081471417854e-06
8.010320825475210933e-07
1.077795590308884904e-07
1.026750875005369835e-08
-9.528990090784507171e-10
3.695665442485101995e-10
-4.005681512021750570e-10
-3.689853677768329537e-02
9.796821839481202610e-02
-1.035835229043813137e-02
-8.937115623444874318e-04
-4.887477221546537994e-05
-3.595882277504281208e-06
-3.110581426973131254e-06
-4.602690535094808469e-06
-7.903618337869560997e-07
3.960763597930158673e-07
3.349109469117559051e-06
5.417178445435144373e-07
4.790501577932240993e-08
5.056360100096787713e-10
-8.785955493817622879e-10
-5.771427759468394381e-11
-2.424991896523295783e-10
7.604954392668398372e-03
-9.451692220734714180e-04
2.069094519519230641e-03
4.582733548487974082e-04
4.405584829618242797e-05
2.860222138954887133e-06
2.187716707533568100e-08
3.274998379578945464e-06
-3.763762987393695577e-07
-8.392926980934045066e-08
8.112086905609329930e-07
-2.169088457096922795e-08
-1.402978739271148394e-08
-4.694011674347427829e-09
-7.705045229558007239e-10
-1.540513802665418152e-09
2.119340055692931919e-10
-4.929947567834240844e-04
-4.137245837704817413e-04
-1.650508119703778703e-04
-9.348969026104196763e-05
-2.200091860978703906e-05
-5.448908062259278966e-07
-4.956298432572376705e-07
6.965926222820330148e-07
1.943816199664933332e-07
1.557839213236996678e-07
-2.472085790846771774e-07
-3.153942287415002305e-08
5.935336743677201484e-09
-5.725075730994201662e-10
-5.225669647124578640e-10
-3.056119677724171038e-11
-9.232799716455650627e-12
1.693022626258032385e-04
-9.087058468213754677e-05
1.351425168991267605e-04
1.898495195437477768e-05
9.528128906876835719e-06
7.486552486365412388e-07
-7.847984319278962041e-08
-3.521224650133256025e-08
-7.777497585876620175e-08
5.777502804695262629e-08
-6.333878101941457278e-08
-5.370441298234503251e-09
7.601022674121189984e-10
5.503515964671650063e-11
-2.802059327320629185e-10
3.314839132590285899e-11
7.400759268725477006e-11
1.130200546371768210e-05
-4.631403437518022382e-05
1.197654219558352723e-05
-8.112800883453989741e-06
-2.476692561679590578e-06
1.300861925215724017e-08
8.815537080109276845e-08
7.400409364926675372e-08
6.090369727995734601e-08
-9.728828989916826209e-09
3.240998763555227539e-08
2.129455668987394519e-08
3.196417454673635006e-09
4.030678179618591715e-10
3.036001936015694321e-11
-6.237519330272713652e-12
9.640980174716336505e-12
3.258433826751344501e-05
-1.885739090636934608e-05
5.008010240784194661e-05
-1.175931322758105277e-05
-8.231731344631671099e-07
-1.515406358030018119e-07
-1.275775260847876080e-07
-9.906954097909252924e-08
-4.360064871789793188e-08
-1.376088066143168647e-08
-7.670344891456775355e-09
-7.096458878362502188e-10
-1.119996001396132215e-09
-2.403628868551190089e-10
-4.832553317722579458e-11
-3.844651139786034016e-12
-1.279985252040982622e-11
-6.048363087342812880e-06
1.673912722531141202e-05
-9.945124275411674895e-06
7.363240292914735566e-06
1.339700677544034525e-06
2.089818513498932701e-07
1.069723010819637188e-07
5.384474423434162530e-08
2.614626623904640253e-08
7.384101724100437672e-09
3.860637664663070992e-09
2.144855652192432529e-09
2.715319986776926048e-10
1.015732401167977093e-10
3.755630398813210665e-11
9.298146526797418165e-12
2.724503172392280573e-12
2.136243410045237599e-06
-9.179013674491045291e-06
3.071059533526332058e-06
-5.575469368216367869e-06
-1.080391634159210218e-06
-2.028066854729241632e-07
-5.868532530538933170e-08
-2.818825566646160916e-08
-1.247617042883428869e-08
-4.185685451957956409e-09
-1.795004168507197975e-09
-1.601159060644398338e-09
-4.648389554502861759e-10
-5.431055908381056388e-11
-1.954901370200316551e-11
-3.084880527754617239e-12
-6.053462978823973615e-13
7.247621082843159358e-07
-2.436237487092040082e-06
3.005812543781691509e-06
-1.663628114702536289e-06
1.508583878334811225e-07
1.116542874070851964e-07
3.351641770599306544e-08
1.306475396116988139e-08
5.025223941985351672e-09
2.121809943611590783e-09
1.509281812460796542e-09
4.657611446472083843e-10
3.911382460558103168e-11
7.867984999378308563e-12
3.543479130140934436e-12
1.045597108230507730e-12
2.315029022745180030e-14
3.356305334489510164e-08
-3.543159238139784325e-07
7.137316106346908298e-07
-6.197607255895890571e-07
1.357633871049353355e-07
-3.321038092979242672e-08
-1.323222167966633899e-08
-4.447205416184641686e-09
-1.610770792892510204e-09
-6.085153508397117269e-10
-3.083484832751124233e-10
-1.442215759663151625e-10
-1.919049722571050844e-10
-1.508625551633199276e-11
-3.661164562136126894e-12
-7.203552358569403617e-13
-3.289222561450306499e-14
1.849484352262506515e-02
-1.861282813198199618e-02
-1.381616307014015563e-03
-7.155581799518082921e-05
-2.992402584499040457e-06
2.781280948892396503e-08
1.517412841156258271e-07
2.601801905087291238e-06
1.266307469644305503e-06
1.401350449780545704e-06
8.215630425270960858e-08
-4.610260737002940333e-08
-3.403189929655389122e-09
4.882260836721293526e-10
1.550718292116976903e-09
8.695911989943393895e-11
3.633939335156484581e-04
1.906623265757125376e-03
4.273464744498952218e-04
4.164154550800231884e-05
3.521414171362612046e-08
1.569420976049426041e-07
-1.311060857713409080e-06
-8.720862997501838790e-07
-2.110749849969185877e-08
5.943335373756154582e-07
-2.689064080260478549e-08
-1.614660361435973132e-08
-1.199754668329577241e-09
-5.873816049631843696e-10
7.147799706324730058e-10
-2.731157625784819426e-10
-3.299980486154231773e-04
-1.558982757016876258e-04
-9.540545302454716864e-05
-2.197984922262184422e-05
1.687095534046848398e-07
1.878921898814834838e-06
4.078539038136626675e-07
5.047546515350781776e-07
-2.665079032248568325e-08
-2.487958501925910310e-07
-4.897437343778131789e-08
6.321902404864184923e-09
1.309327455475627613e-09
4.345331453996555673e-10
-3.559895570275636608e-11
-1.636620080039193652e-10
-2.405269871559559441e-05
1.415011883014295562e-04
1.969358720629766450e-05
8.917407920412569726e-06
-5.464981098433591530e-07
-9.721213532090744494e-07
-8.195279680149661932e-07
-8.362615360008015697e-08
3.370535988030458176e-08
-4.515665598988781775e-08
1.562388911845689675e-09
2.683187918067890503e-09
3.560544765985807456e-11
5.605951801439853691e-11
-1.053744580098016461e-10
-4.275840819690937043e-11
-4.045629805155627522e-05
1.306441583069392311e-05
-8.395518966052069551e-06
-1.993060372110508849e-06
3.510638800050723122e-07
8.034659308587634938e-07
3.774057044231673601e-07
8.286298877308100374e-08
-1.218809395572934146e-08
2.297798763318015828e-08
1.826063429112553466e-08
2.378993055266105589e-09
3.127675322683268892e-10
1.351068615781461049e-10
-2.777784138200789545e-11
3.276048564913419332e-11
-2.542158515352509741e-05
4.971656476342891750e-05
-1.169611645690574684e-05
-1.153367993280019652e-06
-3.833030631399187171e-07
-3.503127146265532520e-07
-1.349252390567286475e-07
-5.508609827251815926e-08
-1.335963440846957122e-08
-4.839950840277892195e-09
5.423029993968453370e-10
-8.206544298190925394e-10
-2.446266283554430810e-10
-9.863165612148387977e-11
7.944776685402199392e-12
-1.617396622015460724e-11
1.770194853280606721e-05
-9.915956886309806642e-06
7.387066649244216122e-06
1.477090177867566992e-06
3.216739862462864244e-07
1.468840557442033274e-07
7.075093891035121056e-08
2.871266480911678380e-08
5.410932530169623257e-09
2.426700484659141922e-09
1.566547251454469603e-09
1.618605044039315548e-10
8.223331735343628973e-11
4.555344788979329274e-11
6.756061991607740681e-12
3.119745869684390316e-12
-9.488976515020620755e-06
3.039518905003960879e-06
-5.596870729172631833e-06
-1.131072687583727021e-06
-2.351952622843291149e-07
-7.915573703804737971e-08
-3.413035577434254434e-08
-1.297742870745480514e-08
-3.368289151662047279e-09
-1.245414467014880740e-09
-1.362382399347282888e-09
-4.064237234344972843e-10
-4.567551239228301729e-11
-2.263338545910062954e-11
-5.353016108224995210e-12
-8.434562303925830362e-13
-2.534108106308897653e-06
3.006884451569076533e-06
-1.657796552238441701e-06
1.671931889049108416e-07
1.226071397773395349e-07
3.862026634400778363e-08
1.567598987124163925e-08
5.896639309801503584e-09
1.992474146324094067e-09
1.322810733597372554e-09
3.631552263929444338e-10
-1.299049748402933937e-11
1.563966941588678137e-12
5.258716187147923025e-12
1.347419834373433621e-12
6.039372661378760987e-13
-3.980084732613231851e-07
7.238378625396602303e-07
-6.450533765789494943e-07
1.267439465896154284e-07
-3.677056865708679494e-08
-1.839682623326095567e-08
-6.866327577204578462e-09
-2.226970171923188251e-09
-8.670874523704042959e-10
-4.947441099221224930e-10
-1.254436485173692335e-10
-1.004607034958684431e-10
-1.812568923100193048e-11
-5.701893794376171705e-12
-7.868512891358683672e-13
4.457204944641987929e-15
-1.018560251183294740e+00
-4.315464436783261054e-02
-1.368895131169500139e-03
-3.840659484129949926e-05
2.381426783743232488e-06
5.154199282681315470e-06
4.807828503377590031e-06
3.195700190787793802e-06
-7.172436734389428678e-07
-2.739245140680106702e-06
-8.052255108076173637e-07
-1.079684172035127896e-07
-1.682530067100094198e-08
1.733442731900126640e-09
-2.292660581238765337e-09
1.261290532370604280e-09
-1.035940999219183978e-01
1.005681598064482943e-02
8.820037305383235382e-04
4.758773683969490118e-05
1.366542581387262774e-06
-9.384928151307885332e-07
-4.478905177997075567e-06
2.832143329302498660e-06
2.040115266045514376e-07
-3.204621309814654155e-06
-5.204978990649391945e-07
-4.079769369814063934e-08
-7.943491228646675584e-10
2.792240646951242701e-09
-2.119006906387830006e-10
5.083928053577912084e-10
3.803641256641808899e-03
-1.821417942481367560e-03
-4.468018018910648688e-04
-4.636367447751529175e-05
-1.776818113586537105e-06
1.621607005056004669e-07
4.759993407899194367e-07
-1.818364195878334476e-06
3.090195725388622767e-07
-8.675613649793475328e-07
-1.230602140743368905e-09
3.941957572512292312e-09
5.964628761589599359e-09
-4.427078190059423394e-10
8.611537451034840206e-10
-2.322177706820858104e-10
-1.924052446267557944e-04
5.052319648753376020e-05
8.699335392184739425e-05
2.257073598976382271e-05
1.383149429132720415e-07
-1.599281279612718427e-07
-1.647121490530959797e-07
4.808871285272135536e-07
-2.524003834166236602e-07
3.006951283527597829e-07
4.900365238548449065e-08
-5.543805834083303829e-09
1.841719692597069128e-10
2.664769909367393157e-10
8.015749511953065443e-11
-2.447969310795020764e-10
2.380487298818561345e-04
-9.166824004097238673e-05
-1.625159285048202493e-05
-1.032258330384776919e-05
-7.502887914615560207e-07
5.967103076286978995e-08
-4.476716309473665621e-07
4.066019094823636685e-08
7.956689124480957694e-09
3.417465955238237261e-08
5.637454176809769328e-10
-1.321840838789927073e-09
-1.291007222891738268e-10
1.647619107543004808e-10
9.295196250624286609e-11
-3.823534188405312547e-11
-3.444039157057529664e-05
-2.642100882310852386e-05
7.119060803134018781e-06
2.815525661659580105e-06
2.691414541108135289e-07
1.237579313542905123e-07
9.977732767317332267e-08
1.100362832563721017e-08
2.038614561099931736e-09
-1.101165720163858145e-08
-1.884408703420409151e-08
-2.414195278340539891e-09
-4.676380928474695021e-10
-4.677893831109871851e-11
-4.057660339059255338e-11
2.027857136577319132e-11
-4.160694767333172959e-05
-5.246162127847849699e-05
1.167067263347708968e-05
6.253991229800661087e-07
-1.023911945798249649e-07
-1.780866546419693485e-08
1.515794519190585726e-08
-1.188243936549955850e-08
-1.314697708233705176e-11
-2.173332696776167387e-09
-5.259176578384936156e-10
7.767022868943525429e-10
2.641744549307772583e-10
5.861784255220776810e-11
1.301844493582203831e-11
2.793117070459605259e-13
1.901070879404261283e-05
1.576753748851458253e-05
-6.765596758196704303e-06
-1.140261803137073168e-06
-5.539335234163337988e-08
-2.129858103726122398e-08
-1.086641996308423889e-08
-6.686774715652698518e-10
-4.232536109068762328e-09
3.653421955117797558e-10
-1.563819244066619665e-09
-8.248539952705844908e-11
-8.850468048332210212e-11
-3.333865601722637003e-11
-1.264817190877025929e-11
-9.715652180695594668e-13
-9.933735362650941030e-06
-8.350126281669186353e-06
4.877771789709106509e-06
9.274291512906880270e-07
1.205927011479790917e-07
1.600247666829188547e-08
7.343728790746529696e-09
2.876520222462513020e-09
3.189826818968657807e-09
-9.921985401732829710e-11
1.266056976974769777e-09
3.795034442652116099e-10
4.301996157949527920e-11
1.782101994078051177e-11
3.107327866643238865e-12
3.989978970469925425e-13
-3.001615196003326561e-06
-2.960009669308952578e-06
2.014326180330247583e-06
-5.599702306557310770e-08
-7.221157968279523723e-08
-1.520051158789157278e-08
-4.796425380686066749e-09
-2.227204383465493434e-09
-1.075093090664538881e-09
-3.433786202041794134e-10
-3.784148959507131904e-10
-8.157003079700651171e-12
-5.133900242112079499e-12
-3.035375706675381752e-12
-1.507677988656147013e-12
3.260184595924855714e-13
-4.343887180869637831e-07
7.031794922132833570e-07
5.708381115222617465e-07
-1.739904585403556743e-07
1.885511805145929335e-08
7.306575792765358542e-09
1.972735480205700462e-09
1.277979513742335133e-09
4.819013298813864263e-10
-3.010171974278382230e-11
1.069112710298009774e-10
1.848570086974411077e-10
1.158728070559236403e-11
2.534700011408162083e-12
6.914385414849830856e-13
-1.258939706727865978e-14
6.440050968858894442e-02
2.713136104531975457e-02
-1.818014578608090695e-02
-1.367067259893870552e-03
-7.265536729833317489e-05
-3.154615067431202411e-06
2.338575640007495057e-06
6.138473917690495021e-07
-2.202728568587024245e-07
1.407542267888554907e-06
1.431461240340073755e-06
1.155419234377574154e-07
-3.846739656723367556e-08
-2.117268038780045521e-09
-1.951773050191201054e-09
1.625152185390588100e-09
-3.324887942217138939e-10
-7.024065683680916043e-03
-2.299648927913317421e-03
1.669591241724868638e-03
4.145988153658980804e-04
4.293921439239227044e-05
3.228361579719925855e-06
1.771535867180872751e-07
-1.434835886972423425e-06
8.820299193248856162e-07
-1.864180386286122679e-07
5.792102633198224463e-07
-2.214206616821485566e-08
-1.439410500685549600e-08
2.553873831161927674e-09
-1.098140436873050066e-09
7.948762703220519968e-10
-8.387791633140357970e-10
4.630397292799723992e-04
2.834984414039859284e-04
-4.044760835224913131e-05
-8.839210907660236807e-05
-2.496398349729908473e-05
-3.098960283980091154e-06
-8.537894134528873532e-07
-7.176008135397837146e-07
-1.397746413932209777e-07
1.252143022421989688e-07
-2.545815138118373285e-07
-5.017911628077331614e-08
5.304095399482246662e-09
9.163695008676773657e-10
5.711189080613034966e-10
-5.137402074184190099e-11
5.490037667932032967e-11
-1.920207397482686848e-04
-1.747006629089294821e-04
9.664619006727704438e-05
1.593302731588711269e-05
1.102299554419962459e-05
1.876594697307165370e-06
4.366452320623166882e-07
-1.595305079592853129e-07
-1.651427552281994274e-08
-7.782980797719744404e-08
-3.779621333065999858e-08
1.266939786797460467e-10
3.648170716711433180e-09
2.227856937541972285e-10
3.284032850384011630e-10
-1.609126656108081268e-10
-3.202862595848487127e-11
-1.235155206386207361e-05
4.070234905587257574e-05
2.811913601031413893e-05
-7.049072873979556488e-06
-3.902446197009229142e-06
-8.713418541719073693e-07
2.608239673126505740e-07
1.118204901358927073e-07
1.974003983992243250e-08
1.710606402826529589e-08
1.137947380550339905e-08
1.767202470428219884e-08
1.833153406415919788e-09
8.921046735504149269e-11
8.470777136740216617e-11
6.007501526985283625e-11
-4.509548496444215753e-13
-3.212619375844166797e-05
3.457202062083099796e-05
5.177812806975115210e-05
-1.154662479004616758e-05
-7.949368180760677091e-08
1.730635971938274106e-07
-1.050327385820079988e-07
-2.523752675399201128e-08
-7.784986235642741563e-09
-8.701001820803068175e-09
1.149751229069773760e-09
1.014978050741595484e-09
-5.587292410862668346e-10
-1.447724019748465088e-10
-8.244392669578234519e-11
-2.492539029446255213e-11
7.828690043914632834e-12
6.197021357885135446e-06
-1.784318618622904044e-05
-1.564591277703004306e-05
6.677882302636558400e-06
9.925396488086569146e-07
6.175551269515750842e-08
2.932803702861538174e-08
2.146013815239669805e-08
7.967736339974167422e-09
5.898004012928257810e-09
-3.703326584184521365e-10
1.298242136595090792e-09
-2.573804067926097257e-11
2.387398298458874241e-11
2.855209687066809118e-11
7.037050963059458376e-12
2.135415930292612028e-12
-2.166092283207187606e-06
9.562776011554092174e-06
8.319353519966162175e-06
-4.847975017373608771e-06
-9.001755260058850008e-07
-1.229180513992820560e-07
-2.639266650374744058e-08
-1.236002446033213918e-08
-5.344642204700645055e-09
-3.667967329867127494e-09
1.135142398472600102e-10
-1.154749850461518932e-09
-3.138036201006942862e-10
-1.722933351048245404e-11
-1.484499032632828881e-11
-3.338339606357319480e-12
-1.710730649552990560e-12
-6.862740947733948062e-07
2.918596947344782999e-06
2.954101591445667408e-06
-2.021128400086794738e-06
5.366969142945389758e-08
7.558874924880206354e-08
1.680358724540680278e-08
7.269953201824566759e-09
3.673353113558827473e-09
1.366002960653087001e-09
3.585307318228564132e-10
3.401480724260274141e-10
-4.989706934952167633e-11
-8.078361337573207793e-12
1.915977158473868064e-12
1.466566977161677750e-12
-1.307162689984463670e-13
-2.031144525912024480e-08
4.000708725568709008e-07
-7.762665583738553655e-07
-6.088605801536684528e-07
1.780137853358991566e-07
-1.609394695269124918e-08
-9.464460872859336479e-09
-3.483352455458061034e-09
-1.698019504822390945e-09
-6.713564177458076392e-10
6.928333530445880241e-11
-1.100454827114460250e-10
-7.982180551126644608e-11
-1.050640249711124011e-11
-3.606290757086326660e-12
-1.007651184371642840e-12
1.921318118120367738e-13
-1.547018727036661156e-01
-4.865815487593861885e-03
-1.414416400330748957e-04
-4.129435814093412818e-06
9.675902625419589913e-08
1.533404440748065425e-06
2.494267060133550424e-09
-7.769467249277844166e-07
-1.024026689078090084e-06
-1.106252628716175463e-06
-1.512476734739301116e-07
-2.387068576271058043e-08
-1.707419910739946813e-10
-1.090928895930114570e-09
2.660691472646968111e-10
1.262234480136083148e-10
3.871657466394615860e-02
3.165704344414378181e-03
1.671730182883176445e-04
6.876638457580774494e-06
-1.178191600554891308e-06
-4.013974895070714875e-07
-2.787195408165079140e-06
2.896346256221667876e-06
-1.307182224263417351e-06
-9.024570448921863346e-07
-5.181621775885455288e-08
-1.372264169960705758e-08
1.933597199209811689e-09
-1.455855955987635917e-09
8.388842936125905414e-10
-2.758100036432999493e-10
-7.947520284245822644e-03
-1.592183631809707687e-03
-1.539788865486104656e-04
-6.482341725083236466e-06
7.175988324035850655e-07
3.120967806998497853e-06
2.718967056593591017e-06
1.430556920801419287e-06
5.083511667142941663e-07
-8.599613054661859716e-08
5.369614298201949805e-09
-1.628166958930341396e-09
-3.510539091266955773e-10
1.345850732250808290e-09
-2.041659905997063865e-10
1.697116512709284349e-10
4.026419578594694448e-04
3.488263969799676673e-04
7.374243957533747386e-05
5.133858201900980032e-06
-1.678630834669559161e-06
-1.240414840313545189e-06
-1.743315064366672209e-06
-6.373749935354458980e-07
4.533087897607564229e-07
1.211416746831362764e-07
-6.636205877684266340e-10
7.796974717840186128e-11
-2.200400511584765524e-09
6.931441423619549752e-10
-6.349111430375320557e-10
1.895730286485227973e-10
-3.703756453862380401e-04
-7.497042034409805232e-05
-2.929157579670567916e-05
-2.322113684940595627e-06
1.018999692772353070e-06
1.246244123832510033e-06
5.255156477089429613e-07
2.258716866667146660e-07
-1.272269369956610818e-08
-3.253795881105386933e-08
2.163843077117531076e-09
7.997063831937971048e-10
1.698709717367709369e-10
1.631928428476400525e-10
-5.156451869045704521e-12
-1.810078841164347543e-12
9.183829282925521243e-05
3.641944186634796607e-05
1.044864408635023907e-05
1.017899025546972571e-06
-1.264361841544271696e-06
-7.451086428383455427e-07
-2.203691239670013758e-07
-7.947932786140974487e-08
-4.745250972363922613e-08
-1.412613596177279320e-08
-5.298313001457552833e-09
-3.039106311697024580e-10
3.751382529927562527e-11
-2.318648127076733577e-10
5.454533519155478681e-11
-4.833807267558427806e-11
8.471322070657172538e-05
3.666608631488878705e-05
1.380828436156447199e-06
9.683815846609101049e-08
6.868646166154527762e-07
3.308257481570180308e-07
1.354539947911789540e-07
3.826905100418152684e-08
1.559702174104022788e-08
3.895055054841779772e-09
2.814169454970382141e-09
3.704228192004576613e-10
2.156966258823640533e-10
7.749987316076738745e-11
6.369887573769262126e-12
4.508097486861330850e-12
-1.381033446044121163e-05
-2.300166414782066143e-05
-3.655349163857640030e-06
-4.982400886086143434e-07
-2.841393097511679652e-07
-1.503898545671170778e-07
-6.626764112753958018e-08
-2.336379514507888748e-08
-7.356222493118553406e-09
2.406708394809406772e-10
-1.241947630275716490e-09
-1.699104974474058962e-10
-1.265384104964182887e-10
-3.038527026089566138e-11
-8.805897414796829732e-12
-7.043374908203671674e-13
5.374949511729048581e-06
1.639043029171749672e-05
3.242449909915661847e-06
4.985105624360626815e-07
1.457461211676793593e-07
6.674411501657590429e-08
3.114370746638849706e-08
1.081150223975596083e-08
2.400899000130043487e-09
1.788694698619103447e-09
8.825671332803566885e-10
9.350034204573454844e-11
6.346791141156080985e-11
1.533408833500882805e-11
5.026344019479185423e-12
1.861992314808823605e-13
3.356571994650847437e-06
7.465442355737464297e-06
-1.808857557974481222e-07
-2.697399088403300736e-07
-7.523608663076034954e-08
-3.007176211788636939e-08
-1.291227590317278228e-08
-4.935512655906038623e-09
-8.693315838821206829e-10
-8.046559966822198781e-10
-5.064986315551308356e-10
-2.391952802839199833e-12
-1.740489856598317624e-11
-5.356299295494526641e-12
-1.939252588405565791e-12
1.818616203707458753e-14
-9.388922656490953988e-08
-2.113266457989238274e-06
-6.640233006255443592e-07
5.530734378031207632e-08
2.956944322733544126e-08
9.716214417774001691e-09
4.109026053045883131e-09
1.757222319447929994e-09
7.083836770425886447e-10
2.767615020702977735e-10
3.264836760063955236e-10
3.918943561947053244e-11
5.352553836061504684e-12
8.093969184810667433e-13
-1.816004979342494431e-14
1.448621217945677813e-13
-1.368538216757469728e-01
-6.879806118633911838e-02
-4.846962891430257533e-03
-2.425198677487687686e-04
-9.171499692377713516e-06
-3.369798624883739117e-07
1.056931922714569871e-06
4.689978313406750079e-07
-2.006764100060056966e-06
1.083155293827993332e-06
8.762007535246782036e-08
-4.961481251184349859e-08
-8.915170091730923950e-09
3.573250258189949488e-09
-3.320582547177239243e-09
9.370278265999455094e-10
4.861398862229532861e-10
2.245478546714398550e-03
7.275234998238976937e-03
1.483489173566212346e-03
1.470907624559229993e-04
7.432139364508434518e-06
3.399838623168317983e-08
2.256912855754956745e-06
1.028333466332598945e-06
-3.858783829158396757e-07
-8.607096109842666816e-07
1.068912545406862358e-08
-5.445308998541239216e-08
-7.768883796545927988e-09
1.784966042562910383e-09
4.413928460710153832e-10
-5.629283130377011122e-11
-9.065954181045211273e-11
1.746229133537727230e-04
-3.715531122554909253e-04
-3.486523657615846704e-04
-7.166471969482844206e-05
-3.091914608632180542e-06
4.275142295231790413e-07
2.850517419611677688e-07
-1.283902705626930027e-06
5.916863654873638806e-07
-5.705634608130342090e-07
-7.566140029294045542e-08
1.191521922213382775e-08
6.325787232372576711e-09
6.717774018455722478e-11
9.015420378553940135e-10
5.314263765871568474e-11
-3.525029895984854885e-11
1.393736163112999364e-04
3.950523268769676167e-04
7.651150031583421271e-05
2.891567165631442845e-05
1.918751349016145476e-06
-3.437157808666070861e-07
9.783655099013246685e-08
6.114282705666363361e-08
-1.762201332674362321e-07
2.079191834885326110e-08
1.193743286824122125e-08
-9.885808616884978290e-09
-1.514396115830696156e-09
-2.687719132379892767e-10
5.257891768522428574e-11
7.161088746866684813e-11
2.317787311361993697e-11
-6.030883492938288231e-07
-9.023930682599129178e-05
-3.571035851644863374e-05
-9.827786714281096391e-06
-7.793638709507135071e-07
3.531997952088979095e-08
7.856618402603054932e-08
1.128029960424605901e-07
3.076594839701678547e-08
5.542337750097987048e-08
2.312398478038620856e-08
9.437143787622055992e-09
7.659520561861579530e-10
2.181204838669842525e-10
-6.109908752312890140e-12
1.758211462446438837e-11
-1.497805258987243988e-11
-7.749255385824666952e-06
-8.510596138840821970e-05
-3.695552016621287225e-05
-1.676561032496780016e-06
9.999064478213470310e-09
-1.293337144434754353e-07
-1.481312144811565100e-07
-6.665656714423059001e-08
-2.617797469446524991e-08
-2.153523565146255172e-08
-8.237073535818907256e-09
-4.437578428231421396e-09
-7.030767732197490425e-10
-2.072470106850562244e-10
-2.999599853863578419e-11
-1.951451635774340275e-11
5.611103923552141947e-13
1.320706057027745162e-07
1.363331090909499989e-05
2.308651536055411686e-05
3.704331173505916842e-06
3.766330098169215757e-07
1.489606888387968880e-07
9.616281782521749140e-08
4.387257327818794521e-08
2.002875266786109089e-08
9.741668926860629872e-09
1.457931990132727254e-09
1.845849235037164599e-09
3.413226600278355335e-10
1.064070388539268710e-10
2.127673797163454915e-11
1.116213013760292936e-12
3.198254529479140825e-12
-5.449272997140027361e-08
-5.324722281214239898e-06
-1.641353496652297471e-05
-3.228921726386330826e-06
-4.490746692274920126e-07
-1.032546375565446264e-07
-5.432389951387249715e-08
-2.437771337176990688e-08
-1.076002336035161453e-08
-3.477140799971957436e-09
-2.491370422972148511e-09
-1.129910363153622601e-09
-1.605931005227388471e-10
-5.524432632299087223e-11
-1.094551054347880026e-11
-7.248508157759272943e-13
2.131117782155900391e-13
-3.300864174308000429e-07
-3.394377127611349622e-06
-7.458242903368785760e-06
1.695834494181848824e-07
2.475125708746260277e-07
6.488379451297578659e-08
2.699753592189494530e-08
1.192887614030191103e-08
5.492461104485085172e-09
1.412898933884765798e-09
1.165095257306713592e-09
5.559423693822723297e-10
7.791929430248515483e-12
1.852464773029233198e-11
1.955323690132152425e-12
4.949207051928360951e-13
-6.910347638128539311e-13
-5.393625260568593711e-09
1.038102794765062269e-07
2.114685094303069007e-06
6.968403966861667185e-07
-4.880059836387296523e-08
-3.418978486170457143e-08
-1.216093014877378803e-08
-5.413415920034347154e-09
-2.642213692384596493e-09
-1.255655464694599279e-09
-4.854992282162017710e-10
-3.629853965668600592e-10
-3.146554245117232762e-11
-1.022143612232436708e-11
-2.967058185991811187e-13
6.609786012338849597e-13
-5.780616472212981528e-14
