1.310523367409962558e-01
1.029746633300802072e+00
4.209603538723172278e-02
1.220634756740817100e-03
2.996698333266458678e-05
3.580053807564267593e-06
3.046665762312674254e-06
4.234869969231395540e-06
-4.386969248503545767e-06
9.497025492666419708e-07
3.759251648828918398e-06
9.302423789781865700e-07
1.238555946571223938e-07
1.013027903536751824e-08
-1.487981363870915054e-09
5.140572035202149738e-10
-2.698733073358393583e-10
-4.868923340503737707e-02
1.320125699744074954e-01
-1.367228022470116412e-02
-1.097022265036627208e-03
-5.481507965357192884e-05
-3.533182671849705586e-06
-4.528609895015852368e-06
-6.437547767734837441e-06
-2.790973240849655742e-06
1.115095286046400861e-06
5.523793249121617757e-06
7.583064740620260917e-07
6.302990974271757413e-08
1.859018929196881500e-09
-3.083045809372308330e-10
-6.106759037770355521e-10
-3.896009374197613794e-10
1.350644082736323325e-02
-1.854953076218909336e-03
3.643703118604348003e-03
7.725622356532817940e-04
6.646233698782196692e-05
5.123884036144094158e-06
-2.383763638171138474e-07
6.025009806019187111e-06
-2.387180899849368268e-06
-1.627727668543264263e-07
1.508987374952983658e-06
-4.786863488907137688e-08
-2.498287922266128850e-08
-7.363873359438598932e-09
-6.881484405598552006e-10
-2.606619769571562887e-09
3.991666950055470101e-10
-1.321943256604738879e-03
-8.775120234693967788e-04
-4.608168873075022811e-04
-2.263592495579994611e-04
-4.893912183540973535e-05
-1.867953608892120306e-06
-1.812210119500183710e-06
2.826898499675695278e-06
6.209459224817368485e-07
2.864813369905284125e-07
-7.661038865660105754e-07
-1.345702552978409431e-07
8.991038346551228319e-09
-2.257377131978293166e-09
-1.149061635225580946e-09
5.165993615333441818e-10
-7.991254222664317648e-11
1.500895508591307227e-04
7.534650602469674730e-05
1.598758419136760871e-04
4.121901944253816196e-05
2.986278378525986603e-05
2.668475131948137814e-06
-1.374569004528671901e-07
-6.583463326011444685e-08
-1.118404483182740839e-07
2.428543519966838048e-07
-1.219790432030902116e-07
4.323271813440805513e-09
5.582951456635018855e-09
1.023581398033069273e-09
-1.190080475987570970e-09
8.203131727591694134e-11
3.739479779671515150e-10
2.759759731082408983e-05
-8.475073918563590493e-05
8.034386735387930451e-06
-1.481679283451720193e-05
-1.100025792109515450e-05
-5.484407793155071994e-07
-9.487214287308055013e-08
5.882522202895370732e-08
1.850397579443600900e-07
-7.876673013241408625e-08
1.043189188822492979e-07
6.412265478802320592e-08
9.741855531192898921e-09
5.226023626856732647e-10
-2.451749720430999284e-10
-9.850614726014921682e-11
2.175998143870631404e-11
1.142053858398200906e-04
-7.746746732884515925e-05
1.793772727083148201e-04
-4.196722282965502327e-05
-1.459485748135288032e-06
6.414643073361368272e-08
-2.480363990217918315e-07
-3.302652551683140211e-07
-1.448837138972282322e-07
-4.005411010259290638e-08
-3.145948577435354635e-08
-1.019415092387564719e-08
-4.973922917177076075e-09
-6.258874229207092729e-10
-1.108149643961364974e-10
2.727414139203166207e-11
-7.716667037447207602e-11
-2.741065760665365421e-05
8.034099128367244952e-05
-4.616033329324255844e-05
3.310994289571343621e-05
5.608389179801051111e-06
6.285179441933415955e-07
4.137059798224644808e-07
2.366602635124783099e-07
1.133921863082856750e-07
2.727065932834997311e-08
1.769476597179051943e-08
1.071061441321864919e-08
1.105183886485887220e-09
3.438747136227785938e-10
2.261994101121130489e-10
5.948726804683720799e-11
2.827955386010822867e-11
9.855796318498152915e-06
-5.140101996179919291e-05
9.224546024248430980e-06
-2.957769356501058029e-05
-5.939782510528667726e-06
-1.084124290503980733e-06
-3.015373455691080862e-07
-1.568290688045846218e-07
-6.860205442450108835e-08
-2.352301055319100223e-08
-5.799895843669009938e-09
-9.277486804854619406e-09
-2.610591558864408507e-09
-2.535239361580157094e-10
-1.402519745610446298e-10
-3.536668600767177983e-11
-1.147921876914051198e-11
6.377200761465976770e-06
-2.261997435601092164e-05
2.531741107684222519e-05
-1.543098820913687210e-05
9.338262302687169946e-07
8.274219343394949954e-07
2.368124890555552932e-07
9.009204900499536628e-08
3.362702886018563146e-08
1.431204338501640239e-08
1.339142679525020087e-08
3.440129470046716789e-09
4.038418647571487246e-10
2.871537657694056856e-11
3.331044590914088351e-11
9.326145382692487634e-12
-1.957002181746362579e-12
4.393909664670705134e-07
-4.015418374809772468e-06
7.990642917752809773e-06
-5.928363320431487683e-06
1.536486222514292170e-06
-3.404582294241650367e-07
-1.173811139984136006e-07
-4.037271818356516509e-08
-1.423231397430198040e-08
-6.190452797733558130e-09
-3.863881580441109475e-09
-2.754183172523208531e-09
-2.620369126886871200e-09
-1.715829033894834642e-10
-3.389541329242362573e-11
-6.571076975904185329e-12
2.522664060871549560e-12
2.514290601638866432e-02
-2.452045801952587936e-02
-1.710875893380198100e-03
-8.026870159042383019e-05
-4.992066561121728970e-06
-2.315294107674426688e-06
-1.839535971411298939e-06
5.102384228918312058e-06
2.652397027944233918e-06
2.717568666662625490e-06
9.831222914331621181e-08
-6.615749237765221975e-08
-6.095479639805367065e-09
-1.498336734418920355e-09
2.416216428753685498e-09
7.672624282770362041e-10
4.862648656832761805e-04
3.365564159398766464e-03
7.167174769802317491e-04
6.214353781654831290e-05
1.408833934802237636e-06
2.792943184811922508e-06
-1.677207287603999157e-06
-9.993061243881925409e-07
-3.970458672216994534e-07
1.115346162062581434e-06
-9.324669335720665737e-08
-3.192717801820489113e-08
-2.342824595498602013e-09
-6.020111763935826467e-10
1.098263255065378508e-09
-3.053081841657072201e-10
-7.558648591579452802e-04
-4.439375061603079370e-04
-2.307024550900138246e-04
-4.814358575171716651e-05
-1.968254264804475016e-06
2.876882031653029023e-06
-1.164022760432779808e-06
8.996211693172778529e-07
-2.453012356548108234e-07
-7.579592710286348436e-07
-1.625307183199066334e-07
1.598740074978079451e-08
4.175096363110288546e-09
1.339419265588827533e-09
-5.051194100368724724e-10
-7.283150072280916338e-10
1.046535824517096954e-04
1.655369569911256493e-04
4.147842865893938366e-05
2.826453912491499825e-05
5.092466474212408639e-07
-1.260074880477978522e-06
-1.942581351151284795e-06
-1.136429704662987753e-07
2.472793912304255617e-07
-8.063703361296051084e-08
1.604792138284004945e-08
8.505582390360963012e-09
5.236614073152140995e-10
8.431935587536527449e-10
-3.305112066036192994e-10
-7.873983276863368411e-11
-7.302541984751322762e-05
9.282899728643854685e-06
-1.611522676183123353e-05
-9.663414814202054884e-06
-4.247601662584004963e-07
2.278832655112791411e-06
1.216914596220663258e-06
1.917857782521669060e-07
-7.383104345882871304e-08
8.049936405698373980e-08
5.880979573383852743e-08
8.114086242420270345e-09
1.910942105243301931e-10
4.314953807678109179e-10
-1.651313616765922591e-10
2.017411964174189748e-10
-1.002801625711653873e-04
1.786294343511247019e-04
-4.137260714102943741e-05
-2.898963661449892132e-06
-6.425446470236942155e-07
-1.228798159698754732e-06
-4.214467531672599226e-07
-1.686816921013764723e-07
-3.742571781087075447e-08
-2.240938108622073576e-08
-7.203153329416068840e-09
-4.445455770423959478e-09
-1.014962694893969600e-09
-4.311112311490872769e-10
1.174951098539003513e-10
-8.959845604221890426e-11
8.410185024740771749e-05
-4.641139149879088514e-05
3.308512780141355513e-05
6.406531699128200438e-06
1.152732418935066414e-06
5.757224343469244835e-07
2.815641691123305682e-07
1.207439780466676363e-07
1.692951644690617471e-08
1.222644406483156331e-08
8.986112677003200791e-09
1.263927475848395954e-09
3.521402387965716018e-10
2.309511907022815002e-10
2.008572350975198299e-11
1.286510147053110204e-11
-5.219679703899467269e-05
9.224995978876836014e-06
-2.962785000482184475e-05
-6.290781979125598825e-06
-1.262595499167934308e-06
-4.120221636276274497e-07
-1.896181296082830683e-07
-6.932044950140030828e-08
-1.987874749257585162e-08
-3.434334911591936616e-09
-8.445277960793064820e-09
-2.597024485044661358e-09
-2.522962910615926521e-10
-1.499383639415800982e-10
-3.595831424893440933e-11
-4.421773177414152734e-12
-2.340502960404010254e-05
2.526239417789405355e-05
-1.543025472634825990e-05
1.099902651642533389e-06
9.063994210623328708e-07
2.854291949501554731e-07
1.193178176623665643e-07
4.551734464327109886e-08
1.545404536314874490e-08
1.264191057753079963e-08
2.584931104332102885e-09
-3.407449958853379484e-10
-5.196382408654722056e-11
5.976263711881536953e-11
8.302571140756958718e-12
6.545267892176138468e-12
-4.503864481625111579e-06
8.222207760826431424e-06
-6.279917197413481063e-06
1.430577170801406982e-06
-3.802936471830383875e-07
-1.872681812740612171e-07
-7.053695776955354103e-08
-2.328795459410862635e-08
-1.024848709845844134e-08
-6.818626843394444875e-09
-2.620709708475826964e-09
-1.283172220302206704e-09
-2.557699469964424910e-10
-8.243613126036052397e-11
-1.310672250094803819e-11
-6.311471636633988045e-13
-1.022056842050210523e+00
-4.191875564999850146e-02
-1.214884953168693339e-03
-2.689921092762069752e-05
2.734731928438174415e-06
5.194259375832848628e-06
6.491595689589338162e-06
4.231814762388294147e-06
-7.414759206099031250e-07
-3.698173603699766186e-06
-9.277145358569653879e-07
-1.186215077305720713e-07
-2.133512753399008692e-08
3.581710199723435567e-09
-4.175173473181511705e-09
2.743600551060824070e-09
-1.389677687267853734e-01
1.333042037055026142e-02
1.085767157178331617e-03
5.278518510516141352e-05
1.561999400192301657e-06
-1.189848839568214319e-06
-6.793788278452016707e-06
5.420341744776924271e-06
-2.164117057089223007e-07
-5.374739898839470708e-06
-7.402403647477858983e-07
-5.082003643261561192e-08
-2.259424608343587885e-09
4.284057446538317590e-09
-1.083589346221038997e-09
1.441569950281250302e-09
6.692609094483292255e-03
-3.258921122507957898e-03
-7.517648497752050987e-04
-6.678192866696768990e-05
-2.040087279367702378e-06
-9.113295206468376112e-08
1.055945589940704272e-07
-2.784574861658801643e-06
5.272795781610397553e-07
-1.582747770095396628e-06
2.429000499813054805e-08
9.106854706008838585e-09
1.170921910072652880e-08
-1.710774355923143635e-09
7.160425213803749120e-10
-6.386113095157711309e-10
-5.702652363005108723e-04
2.135164306440013552e-04
2.089245427217787938e-04
4.763682788014460175e-05
2.210959119449462496e-06
1.920685572008811214e-07
-1.928087508672419450e-06
1.140880869621956082e-06
-6.118815766943203150e-07
8.461258680032756485e-07
1.653530308498158621e-07
-8.879370694286159272e-09
1.617099936068698067e-09
1.506572826174096202e-09
-3.835771477015526825e-10
-7.193117411381568551e-10
2.189070191542468293e-04
-3.416272575927792744e-05
-2.985727514863286029e-05
-3.065396748854870004e-05
-3.356203337938233281e-06
4.008362985491545934e-07
-1.365799146903523044e-06
1.615252887828757846e-07
7.071412218232883108e-08
5.895515163371468023e-08
-1.370175754599577467e-08
-6.577776531815056420e-09
-9.349051918657142548e-10
3.290120377126285470e-10
5.908395699795482139e-10
-1.743909794602266018e-10
-5.463072400512046755e-05
-5.862121182257012464e-05
8.743991228842471248e-06
1.101250337266058487e-05
1.372746131846776880e-06
6.179841707364337556e-07
6.081778667391408800e-07
2.394293160721530732e-08
-1.613049141061749247e-08
-4.080263755815558816e-08
-5.946917204838628388e-08
-7.908386247058221765e-09
-1.051073523512067780e-09
2.639284094093679556e-10
-8.580647615126880006e-11
8.046854350463790834e-11
-1.605766648587269403e-04
-1.861447160808317144e-04
4.358056929380670937e-05
1.577127664402886441e-06
-9.059986444417443490e-07
-2.433813487586001854e-07
2.495160332117195409e-08
-6.923152628974579964e-08
7.686284784266987664e-10
-9.222002247542234326e-09
7.110376849847755584e-09
3.919172581623718461e-09
8.312424433791711773e-10
1.535372060569184756e-10
1.276685970751785181e-11
1.684827134729765025e-13
8.934611326656856367e-05
7.261402257890005980e-05
-3.132056418627168743e-05
-5.168438769563999282e-06
4.032910497267532632e-08
-3.797651962442661925e-08
-4.822556676849818831e-08
7.720264561073256526e-09
-1.066722644290779715e-08
4.554519754455136905e-09
-8.269921571834088630e-09
-3.444496298792185410e-10
-3.232709769684320484e-10
-1.713415109099910909e-10
-8.705423312739700070e-11
-1.071602257394513316e-12
-5.213393262332842193e-05
-3.879532847247188222e-05
2.580246259959439461e-05
5.238175350794605669e-06
6.134103753636488950e-07
5.855923288254303966e-08
3.356563289023205051e-08
1.645858036328282301e-08
1.848118436099682383e-08
-5.470037464099179263e-09
7.292707071423531630e-09
2.131543607097519200e-09
1.499326247659242002e-10
1.055421419726686088e-10
2.123798935807161558e-11
1.206027463988917278e-11
-2.702462232481147585e-05
-2.608870674351925934e-05
1.805988118822068981e-05
-2.755664649809019085e-07
-5.375578482500964630e-07
-1.005803213460237365e-07
-2.836955571622724304e-08
-1.484647007842610759e-08
-8.230676506543450779e-09
-4.174481661746021309e-09
-2.786885645716839699e-09
-1.687448900564806894e-10
2.080204812735658337e-11
-1.838725064709036473e-11
-1.147942475345385820e-11
7.588049051076894869e-13
-4.918531078861728840e-06
7.118078635206634728e-06
5.426310814374721960e-06
-1.897635965923871083e-06
2.048343916529162183e-07
6.191629065914644459e-08
1.753755535682626928e-08
1.086847784680753057e-08
2.944475057221764262e-09
3.705547867417031667e-10
2.182904674314182715e-09
2.578447506521518370e-09
1.439957708526169282e-10
2.320846078936416651e-11
9.582356687532185405e-12
-1.412374271535610896e-12
8.483170123652873651e-02
3.591285907363955116e-02
-2.402896423100222070e-02
-1.693876853826053238e-03
-7.884399200767029409e-05
-6.716968578196295191e-07
5.712179314064049508e-06
2.098066607233483328e-06
1.246379171660210915e-06
2.893491409954977112e-06
2.761776806494213978e-06
1.303958023609483152e-07
-6.323515273847861319e-08
-3.435123666004539937e-10
-6.320028953935382713e-09
2.734927519423375187e-09
-9.037515822945875564e-10
-1.249810006408833864e-02
-4.003364314587436537e-03
2.999546430632462051e-03
6.968632869080319857e-04
6.213549691461034440e-05
3.580341158796046496e-06
-1.311295705338854505e-06
-3.218452260860187173e-06
3.119216991422437398e-06
-6.239900544090075421e-07
1.122963464817462932e-06
-7.802644167963513446e-08
-3.125834627226455193e-08
4.694623096622892691e-09
-3.418100432309087570e-09
1.871522235798142742e-09
-2.134801693322846550e-09
1.244574905841640657e-03
7.025442309193692799e-04
-1.966267642066756808e-04
-2.136789253762966093e-04
-5.171428596692114984e-05
-4.718592833904684301e-06
-1.424639641611539999e-06
-2.820889498292264253e-06
-5.935429787049159158e-07
1.457024472966730220e-07
-7.710408994926562060e-07
-1.700913873990635706e-07
1.213730349851996433e-08
2.055093245980495710e-09
2.070889156105134940e-09
-5.684235964520070764e-10
3.681647435440079213e-11
-1.656530793196085065e-04
-1.904069766730016758e-04
3.883635274539791292e-05
2.866907677810090864e-05
3.055458142057689849e-05
4.180985941020061981e-06
2.158489871275538927e-06
-3.131502276670309264e-07
-1.086031511099342241e-07
-1.582616039348732091e-07
-5.432603594134884248e-08
1.567209655740490412e-08
1.225525542654174588e-08
8.531321464422892501e-10
1.539812137673992209e-09
-4.942686758095599923e-10
-1.083087927015729903e-10
-2.762334937064755120e-05
6.712768225449470324e-05
6.075644313415938438e-05
-8.725753705638530333e-06
-1.432289081620860923e-05
-3.289305637772847697e-06
7.499526667928922406e-07
3.548075269001242421e-07
9.604458223581458449e-09
7.814962439816654528e-08
3.937967856846731194e-08
5.641513282280477581e-08
6.753917962218925012e-09
-1.853629501671315361e-10
2.842532923254418959e-10
2.353800050705971143e-10
5.157419121964224887e-12
-1.128268151491609465e-04
1.360885450184215364e-04
1.840888870536618645e-04
-4.314174911210710909e-05
1.026588662873918408e-06
1.175721039534188110e-06
-4.193705489293340617e-07
-3.581976450092057113e-08
9.712488114758832399e-09
-2.888823637172728720e-08
6.886028068274683156e-09
-5.140857309482875818e-09
-3.709059814972582389e-09
-7.098290939361157815e-10
-4.314176551121383343e-10
-1.209017182763375589e-10
7.310782386608145334e-11
2.845605803025186840e-05
-8.448670707049695081e-05
-7.222939635257101911e-05
3.086137165848717030e-05
4.177235026193221137e-06
3.769652024792303230e-08
6.485100239278291228e-08
6.944758502998829255e-08
2.341753469978971801e-08
1.530218676142804224e-08
-5.229741403236516828e-09
7.148054442918417972e-09
3.732889766714095150e-10
9.123564346093158312e-11
1.865109180701424449e-10
4.988113004233066364e-11
-1.161728668909630084e-13
-1.030782819340521623e-05
5.085885061567083602e-05
3.871070831312098615e-05
-2.560819959678903713e-05
-5.002938183998481707e-06
-6.307353408211432053e-07
-1.016448321474024807e-07
-6.173199724390990237e-08
-2.771119475829170891e-08
-2.033703441827213165e-08
5.243341628187703767e-09
-6.985680565560481192e-09
-1.939366466396404087e-09
-4.070206345709294402e-11
-1.089838041943252956e-10
-1.696435956423902564e-11
-1.503002533626914319e-11
-6.078064249250218297e-06
2.639837128644819455e-05
2.608491145954630583e-05
-1.804537422082775122e-05
2.474158360059992803e-07
5.513191619685116234e-07
1.126361984954503303e-07
5.232030532077239879e-08
2.827199072765365240e-08
1.122273252945103091e-08
4.872587661940194253e-09
2.419572296537287600e-09
-7.030992105900831228e-10
-1.699568047025313092e-10
2.535269126921967018e-11
1.199225962883693404e-11
-2.983023193007468451e-12
-2.733534780600334729e-07
4.563259613657148416e-06
-8.171783114795760133e-06
-5.981217565740399640e-06
1.981309357715666126e-06
-1.672823196160597625e-07
-9.125927132662687667e-08
-3.339964274827546316e-08
-1.638130737986895006e-08
-5.345265445590065531e-09
8.326598041078423413e-10
-2.082714056364737280e-09
-1.047583330961751692e-09
-1.581805263444529965e-10
-5.926719117911891102e-11
-1.825612399733607963e-11
2.274075196641203634e-12
-1.499728348871053052e-01
-4.285946687269642785e-03
-1.029486223316721481e-04
-2.071974445616010397e-06
-1.569218465698012981e-08
8.719266493614425842e-07
-1.680203567618010425e-06
-1.779015015849193702e-06
-1.819564115414288123e-06
-1.322285734884689650e-06
-1.583952408860360156e-07
-2.429918857785930187e-08
1.911710722048064569e-09
-3.694608652514916826e-09
2.531879476477020305e-10
4.666469389169096132e-10
5.086404313618919648e-02
3.933477271137895449e-03
1.821908505878424450e-04
7.183889537985949318e-06
-1.385017188152891737e-06
1.264092155642494622e-08
-3.834602381757554663e-06
6.165718635158464667e-06
-3.232191176873695338e-06
-1.297197820691144767e-06
-7.407832234846550322e-08
-1.528367525357538194e-08
4.282777349044448767e-09
-2.396233314624754569e-09
1.724101745474669622e-09
-8.149644913456248404e-10
-1.410504120494988564e-02
-2.683880593709842173e-03
-2.369239886342826425e-04
-1.002689661591522819e-05
-1.368360604489559182e-07
4.720163870684644607e-06
3.185362018044243599e-06
1.937570436815167354e-06
1.290799075880237404e-06
-1.140185796097942834e-07
1.012287680144417412e-08
2.368486648086443926e-09
-1.029480801845047131e-09
4.168528978080911906e-09
-6.253678579800722616e-10
4.710489121384878415e-11
1.214631799683215784e-03
8.232505890271259912e-04
1.542122472729687906e-04
1.115456350756625399e-05
-1.613881458545060399e-06
9.941535439261886852e-07
-3.407768537100541025e-06
-1.587961260962244626e-06
1.205382420643416075e-06
3.484776801125598353e-07
-1.339140955761487049e-08
-1.526244860508604235e-09
-6.293267955355474884e-09
3.276344170206564003e-09
-2.272618871666957622e-09
9.177182029740629134e-10
-2.038541155368745318e-04
-1.516418543367078445e-04
-8.504216916238181885e-05
-8.029045625055366658e-06
-2.534078444210472319e-08
1.608877027531755591e-06
1.068602661056921293e-06
5.839788875914787707e-07
-9.823679292732416118e-08
-1.808539286389964835e-07
6.018132778513972673e-09
2.352002570076246838e-09
2.396935973014929646e-10
-6.130693357748510665e-11
6.316143328351184932e-11
-5.366679135572460495e-11
1.241478147711248792e-04
6.008589066422268427e-05
3.859449418676371227e-05
5.687129486250668137e-06
-3.166086955139172452e-06
-2.064536965567508725e-06
-4.684177739924583165e-07
-1.357215529095115984e-07
-1.449848846999148655e-07
-2.284477084345907360e-08
-1.799199251173420136e-08
-6.082715814513163193e-10
6.800881991267642671e-10
-8.038606574821538223e-10
3.901051244053426568e-10
-1.993427114277600405e-10
3.201029031430524833e-04
1.404757062785430685e-04
2.106386801017836548e-06
-1.401972655809307472e-06
2.482626529631583922e-06
1.133517871873766744e-06
4.141680075970879031e-07
9.939378820508198443e-08
5.148419530700297462e-08
1.956887183818142646e-08
1.739976594348598342e-08
1.531627987575643799e-09
7.312453697671818331e-10
3.278224000782826682e-10
-6.142913678823375068e-11
4.715303535215222957e-11
-6.664759037933900405e-05
-1.062865839534821323e-04
-1.594317389419221766e-05
-1.477066048366657999e-06
-1.179384964448352298e-06
-6.167453843492294058e-07
-2.738771981311336852e-07
-9.957031403623093276e-08
-2.608187990863453606e-08
8.126814515331704527e-10
-8.527851919929164332e-09
-8.066560824381419409e-10
-7.341166918604397128e-10
-1.637779203266622739e-10
-3.328527057013808109e-11
-1.460081054942395047e-11
2.224521183943515843e-05
8.526397079460315293e-05
1.814342817078055454e-05
2.647295939956196258e-06
7.426387274334317082e-07
3.577999252244929871e-07
1.712117728946930873e-07
5.776863169480133799e-08
1.445587101397245113e-08
9.009619521958841536e-09
6.726689205357194514e-09
4.133150763312109771e-10
4.670291311394829020e-10
1.021160951335964219e-10
3.036238445232185464e-11
-4.613664747420449244e-13
2.848799697070410932e-05
6.608318608007762696e-05
-5.346648179721717964e-07
-2.028412163017092808e-06
-5.183150620610246799e-07
-2.132881524739887509e-07
-9.265118985140360845e-08
-3.543969112362253543e-08
-3.326229149619583915e-09
-7.599056022177470319e-09
-4.759398577470754457e-09
-3.524287684657463617e-11
-1.157279063095081896e-10
-3.670086686297658438e-11
-2.047586104299993899e-11
2.185267884628890051e-12
-6.345643709034959079e-07
-2.222474986642950526e-05
-7.282409805030910595e-06
5.580796906840138520e-07
2.807381169625707356e-07
8.447018180818727131e-08
3.970554589426285807e-08
1.707772526913428078e-08
4.751759910125831077e-09
1.721517411691286886e-09
4.540929368650253246e-09
3.703596006518630192e-10
5.721903720059727338e-11
7.596924338033667594e-12
4.734517734340513586e-12
2.448988838935349188e-12
-1.830620900321793532e-01
-9.059558423161412355e-02
-6.048710747406003951e-03
-2.721224805449762286e-04
-1.166977548651383885e-05
-1.808557073997688305e-06
1.366478870030793004e-06
-9.767922874432957367e-07
-6.018837811584460273e-07
2.690597217632421568e-06
1.393219726967488275e-07
-1.093317658152399465e-07
-2.253713577219412074e-08
6.212874728325295973e-09
-5.390871310196986715e-09
5.897002980297526986e-10
1.735660379041805164e-09
4.091047862354346351e-03
1.292344866462908845e-02
2.499866459115870649e-03
2.244263130031323467e-04
1.130826202282169935e-05
1.078547460394574129e-06
4.549727875473075774e-06
1.123043892832747591e-06
-6.086327322777386112e-08
-2.099700231528586337e-06
9.904864112046080426e-09
-7.952007848771742031e-08
-1.315199114355657130e-08
2.133734696608540134e-09
1.230434594251538192e-09
-1.046408053226091147e-09
-1.081654627817426289e-10
3.348628348843887348e-04
-1.129050792759567342e-03
-8.222686359609393146e-04
-1.524274390216327779e-04
-8.972856864009967360e-06
-9.236868323478104992e-07
2.379190103156351497e-06
-2.637753855365115220e-06
1.510607253780377952e-06
-1.436391400472660752e-06
-2.794597269856753540e-07
1.847766909088807995e-08
1.223786695639066993e-08
-1.549669672794397328e-09
2.020482719275765897e-09
3.291166006028999455e-10
-2.119341680989907338e-10
4.553934444204784000e-05
2.122898432255462180e-04
1.532341776574619333e-04
8.589798728564198768e-05
8.105064757053727798e-06
-3.655997985869531218e-07
-1.234954151649947968e-07
3.245281976242186864e-07
-6.283586981777102503e-07
1.257309173806491083e-07
1.386611572123893694e-07
-1.645214208701476454e-08
-8.436126655491784716e-10
-2.962277749123622652e-10
5.078514424618905599e-11
2.507183055667820734e-10
1.472533317437618250e-10
5.267335022047148968e-06
-1.193100012883397770e-04
-5.803630703601756662e-05
-3.698708876190185768e-05
-4.373217000226625098e-06
-5.449720621547956461e-07
-4.793548037843962968e-08
2.991768920671034438e-07
4.056677629291406156e-08
1.769291483725091982e-07
4.482133474695596026e-08
2.772496557808790358e-08
3.786303362172107033e-10
2.708802669221135830e-10
3.381937134585132076e-11
-1.871188776381498177e-12
-1.210118469394299750e-10
-3.105214457347340521e-05
-3.229548961347734545e-04
-1.418922723943848694e-04
-3.518619182608242489e-06
1.501285764632930287e-06
1.152727862510710945e-07
-3.825286818539330410e-07
-2.232969868487446882e-07
-6.250003440486449188e-08
-7.530088145260951316e-08
-3.294253888817403652e-08
-2.183713626985047538e-08
-1.765988792163777930e-09
-4.822910955636359206e-10
-7.444220208517919009e-11
-1.103497011427849842e-10
1.106166190707731676e-11
9.932504845842854833e-07
6.615565318431028896e-05
1.068894291949270073e-04
1.637638144796727495e-05
8.992273690780763979e-07
3.971555648391367932e-07
4.004292330199830061e-07
1.766478014834577402e-07
8.884949913506358629e-08
3.753020671636971633e-08
5.724044468689032335e-09
1.008154960748206130e-08
1.279366485329422667e-09
4.526911817264510483e-10
1.170341196492034125e-10
2.525288324429550924e-11
3.220365275806816417e-11
8.726389887527054450e-07
-2.196351824698221028e-05
-8.551278118689498761e-05
-1.811981594693115239e-05
-2.323910621495830414e-06
-4.806234856920520312e-07
-3.043321084686946663e-07
-1.368656354113275129e-07
-6.116177942402676569e-08
-2.122191429296886605e-08
-1.262617972710093271e-08
-7.495052309462294795e-09
-6.169500808696598207e-10
-3.536716569773131745e-10
-8.787557144480884608e-11
-1.154148244748512619e-11
-2.023144225078237044e-12
-2.440185676739716917e-06
-2.858834261291207527e-05
-6.593123772311081186e-05
4.665334140156484364e-07
1.823143527076042371e-06
4.477214761034959339e-07
2.023259715741552833e-07
9.531994407662474900e-08
4.319732322989488644e-08
9.034424647323356600e-09
1.158958611516381738e-08
4.091739576969566303e-09
-2.669516253807853514e-10
1.578778911631572198e-10
2.923105001248701264e-11
1.558986077640785738e-11
-6.216165608610362549e-12
-1.265899474640303410e-07
7.446435533632426154e-07
2.219488834719309309e-05
7.746136329117725094e-06
-4.857573799774089451e-07
-3.527454784386962966e-07
-1.220425984386475267e-07
-5.816417419824913311e-08
-2.950671406776580779e-08
-1.307460526127752604e-08
-4.847580182591423166e-09
-4.819982236735175805e-09
-2.976530095606088643e-10
-1.735631225721915376e-10
-3.161616650329830855e-11
-1.390197685927564342e-12
-5.702512305955238168e-12
