1.277022901996406890e-01
1.031677714639298804e+00
4.113250309365441837e-02
1.116977380240733331e-03
2.255349423208044481e-05
2.812204675087234296e-06
3.016700833379097018e-06
4.620539809391014069e-06
-5.319844657944672951e-06
1.868018144815508828e-06
4.579598822515839168e-06
1.019609041054393516e-06
1.392774142613187731e-07
8.321361046055209387e-09
-3.565964862124526650e-09
4.280704993213104752e-11
-3.457198592822284663e-10
-5.553764943183769204e-02
1.529210593526725837e-01
-1.560492268870316071e-02
-1.185223877230467309e-03
-5.493742920760292311e-05
-3.017800629210279095e-06
-5.006506502740219894e-06
-7.894732491380290903e-06
-5.541763210309821979e-06
2.259085789367713214e-06
7.344708684065050343e-06
9.117059313600699067e-07
7.672260406416331256e-08
8.292931910373148672e-10
1.343491126157027233e-10
-1.453869407534139360e-09
-6.523393752673555797e-10
1.780526100441378462e-02
-2.510963074000085310e-03
4.769666394463512732e-03
9.772316573010567456e-04
7.514501577337121560e-05
5.672495316863427119e-06
3.541563235484363554e-07
9.256771230642873516e-06
-5.215230996583038878e-06
-5.468845271734476724e-07
2.039381528680011840e-06
-7.960643142016463853e-08
-3.899653189465152600e-08
-9.130202410774920531e-09
1.559234531371534234e-09
-1.859392465848963015e-09
3.169103447522579393e-10
-2.052064452327644235e-03
-1.389416487264873721e-03
-7.016786185848276338e-04
-3.375069142238585132e-04
-6.777652853184069892e-05
-3.480225206654346402e-06
-2.974711889307899345e-06
5.566160819830808482e-06
9.754966425393801137e-07
3.804513930879753493e-07
-1.309301183333151036e-06
-2.490207042959221322e-07
1.083315772541162942e-08
-3.118840083935597039e-09
-1.002818593716389711e-09
2.116551217816286767e-09
-3.231769635322443507e-10
-2.512796830201402879e-05
3.875850081990475844e-04
7.409878887654364622e-05
5.753319811131783686e-05
4.815013954652888492e-05
5.232022439731081576e-06
-8.813201531361743955e-07
-3.145325863186482446e-07
2.150166629701014317e-08
5.322464696488872388e-07
-1.272271333536100084e-07
2.803344310139814460e-08
1.497597195546799279e-08
2.720078291058353618e-09
-3.303991794887394369e-09
-1.514771362564793215e-10
8.842174880489254280e-10
3.880326059026724096e-05
-7.260723557415541581e-05
-1.876638428280260688e-05
-1.197922154770364121e-05
-2.147673727567401666e-05
-1.482408978506315370e-06
-5.436198621326976860e-07
-1.168331500137734567e-07
3.050712837276839537e-07
-1.919052674706715250e-07
1.653501273616398093e-07
1.010280354615438501e-07
1.582709006848456819e-08
2.321345929307998657e-10
-1.088643457987186656e-09
-3.166533907734598253e-10
7.894279715243972559e-11
1.737493368381683937e-04
-1.356130701385768625e-04
2.800177253809516746e-04
-6.630040135700317324e-05
-3.265687557402473734e-07
8.865713000129647736e-07
-3.417643002920320045e-08
-4.904620126377070237e-07
-2.530353270251504040e-07
-7.154647444790493093e-08
-7.131625804313472701e-08
-3.575021194881972219e-08
-1.093736590716369490e-08
-6.155192065070921966e-10
1.334863689638273274e-10
2.447527206967057193e-10
-1.718990996321790119e-10
-4.744474240757175416e-05
1.478618041695738941e-04
-7.981863193882153019e-05
5.766986965421291373e-05
9.447238650938652441e-06
6.390140251199314928e-07
6.237485011863844373e-07
4.266196676857157352e-07
2.079860790732495720e-07
3.992926928787764948e-08
3.880875069465161418e-08
2.472949426937619846e-08
2.402584376487276055e-09
6.266258331847253577e-10
5.905676990384137561e-10
1.312162009751201500e-10
6.500498120385803645e-11
1.604733320725775249e-05
-1.003532038636368884e-04
5.045993280262036235e-06
-5.552634528630879173e-05
-1.153332653388355338e-05
-2.061364269834980255e-06
-5.610087050595558722e-07
-3.054827604066218318e-07
-1.380373444455433116e-07
-5.195804575268597619e-08
-1.343543974729277972e-09
-1.929410374912449524e-08
-5.047954149459334285e-09
-5.136815424378013160e-10
-3.601728854543157554e-10
-1.250848744811195788e-10
-4.356532083381040458e-11
1.644477302272381194e-05
-6.091459643913663894e-05
6.292986789943231466e-05
-4.132760906318584416e-05
1.685244518579673879e-06
1.853770756302992948e-06
5.221814515832304690e-07
1.832775696568153737e-07
6.995395121783981412e-08
3.539743930777776622e-08
3.898608664617005896e-08
7.023829440907943341e-09
1.179717644983508800e-09
-3.127456437440428261e-11
5.023789219566409106e-11
6.981952219441936603e-12
-1.793004651306706334e-11
1.367401780622219948e-06
-1.168939175407457680e-05
2.285526246345169921e-05
-1.441982944497000865e-05
4.394496164485505817e-06
-9.077962365198097406e-07
-2.812186202132920511e-07
-9.905424239681550613e-08
-3.282745513844434845e-08
-1.683507829792445662e-08
-1.335913525977483960e-08
-1.093860156978220046e-08
-8.078592102072532213e-09
-4.427531907868605619e-10
-6.475551462099192466e-11
1.283507135589913762e-13
2.451163518042640417e-11
2.929311508022829080e-02
-2.793649638922402617e-02
-1.859366273182138903e-03
-8.092913456996142670e-05
-6.463147971622423162e-06
-4.992043206263205372e-06
-2.697893636944345420e-06
8.861045430282207024e-06
4.013794933245357226e-06
3.975453543034634357e-06
1.267468057234036950e-07
-8.776068527599481638e-08
-1.528581203265533860e-08
-4.815748201387270278e-09
3.857824365893113243e-09
2.808040827122803127e-09
5.212046548205750886e-04
4.403384267476576248e-03
9.035216046069897023e-04
7.058605705525156006e-05
1.463270263479708058e-06
4.592058045505431126e-06
-2.073391452337503070e-06
-7.250558044759385301e-07
-1.128021274030552188e-06
1.506418184761566253e-06
-1.861079373365403226e-07
-4.188148057303761841e-08
-3.321509761661098824e-09
-7.730846465989678285e-10
9.599085209185618096e-10
-2.663541317810408947e-10
-1.178992147053944993e-03
-6.702783395941649177e-04
-3.423806424541189688e-04
-6.604547953975100250e-05
-3.163073143924703678e-06
4.151490292625542216e-06
-3.783166228224126972e-06
8.794812705427955861e-07
-4.925247917759692993e-07
-1.302235247338439277e-06
-2.966232955623616974e-07
2.767625262142285315e-08
9.362794604270842593e-09
2.557161181488111334e-09
-1.880224503893547553e-09
-1.999175123198109266e-09
3.088316037169863129e-04
7.587363843559693415e-05
5.509034743484912254e-05
4.671792509441967449e-05
3.235768249531005719e-06
-6.685742165969296393e-07
-2.749375016797768551e-06
-1.020698967082279046e-07
6.068768322371525903e-07
-7.902365323563162748e-08
4.435026964834962332e-08
1.719737301792317897e-08
1.253859208373444706e-09
2.292401878125354543e-09
-1.075583400218499935e-09
2.510942480540577575e-11
-6.038082246482361738e-05
-1.868529479198689747e-05
-1.397224342549011032e-05
-1.983849805422242558e-05
-2.635299504689111166e-06
3.504840269058675831e-06
2.235715075860242201e-06
2.992688991928085568e-07
-1.630266317367306289e-07
1.322318547123041668e-07
9.680943129001324699e-08
1.279191293863771232e-08
-1.507712063638443914e-09
6.016276904548499383e-10
-2.972923011306964160e-10
6.052250561078295353e-10
-1.713449169834048219e-04
2.794092651222125894e-04
-6.491940868741463233e-05
-3.000048094505281247e-06
-1.064834704332314905e-07
-2.088206541176026240e-06
-6.981359980602286663e-07
-2.709649409905244698e-07
-6.896809052893789792e-08
-5.518995763226449702e-08
-3.162305350415471003e-08
-9.979148874869006303e-09
-1.938376209268314031e-09
-8.769634590748256224e-10
4.778294953814707978e-10
-2.551098647311903712e-10
1.536337100843221501e-04
-8.081553387676882079e-05
5.751771221128277288e-05
1.127248949194060061e-05
1.698867230049786984e-06
9.644186687410132098e-07
4.519901896846489592e-07
2.170951788756021873e-07
1.939904012345055555e-08
2.976020134442513384e-08
2.269577003073145350e-08
3.899905627602192209e-09
7.879616768550552520e-10
4.739487842169304144e-10
1.256333444022897798e-11
-9.974227589630319881e-12
-1.006717759430322384e-04
5.308042155446771305e-06
-5.557808568893935153e-05
-1.241694729643880215e-05
-2.452212840478815435e-06
-7.686808745836463771e-07
-3.731519727646293299e-07
-1.410805411000829187e-07
-4.788941086411638870e-08
2.042225688994819549e-09
-1.815765915295569094e-08
-5.474331155478232333e-09
-4.927465669968814970e-10
-3.427323325618259227e-10
-8.853418668808617593e-11
-1.048531052014061499e-11
-6.276528816873834223e-05
6.266564131362327016e-05
-4.134452916005017166e-05
2.193248741585683169e-06
2.044167723059667296e-06
6.656808726965672876e-07
2.788300751500956379e-07
1.117434137946803548e-07
4.263184811667121023e-08
3.761399593773592548e-08
3.694071355550090184e-09
-1.784403886220117665e-09
-3.216371895631138387e-10
1.695087737256268222e-10
-1.598382666582216520e-12
3.590351450606630646e-11
-1.303443007386914074e-05
2.375702292899903458e-05
-1.554865108498882108e-05
4.082819052847557449e-06
-1.032284701498590839e-06
-5.086162777183958059e-07
-1.913941808752079275e-07
-6.164358855718602205e-08
-2.802718425394980738e-08
-2.181634571460229971e-08
-1.036935571590995151e-08
-3.741493261567745609e-09
-8.418569663175167885e-10
-2.462542375058680803e-10
-4.997750238814459949e-11
1.254124869274333973e-11
-1.024651978999645774e+00
-4.100117794219382272e-02
-1.112694721226102938e-03
-2.001471630973808901e-05
2.862642667792275023e-06
5.147120841387243904e-06
8.031191371084653752e-06
5.441118182505911157e-06
-1.467473371811781339e-06
-4.542195052995970721e-06
-1.017226438982283098e-06
-1.259316253332280110e-07
-2.535265461128338001e-08
7.249028655283780899e-09
-5.523078729482371721e-09
4.750723976377261443e-09
-1.604852218239496975e-01
1.525657335105956233e-02
1.176017065984022187e-03
5.329917968686456205e-05
1.078228763848606682e-06
-2.629255649834908431e-06
-7.875439597889235071e-06
8.399771044266537574e-06
-1.051420690708097404e-06
-7.213644585214602689e-06
-8.895909106283200200e-07
-6.041037741078599264e-08
-1.876825337486989259e-09
5.757550258197327521e-09
-2.402683316410374586e-09
2.656517991960024504e-09
8.663139886939971376e-03
-4.314377449829276574e-03
-9.538009136700883539e-04
-7.463255403032262260e-05
-6.614169584667337150e-07
-6.389109173208130268e-07
-1.198095464853028112e-06
-2.774610826852009868e-06
8.838623566237503487e-07
-2.098183657519143518e-06
5.484217858691628873e-08
1.382311614332578626e-08
1.632957204296542583e-08
-4.401043336742965505e-09
-1.659556954108550749e-09
-1.156652467648727708e-09
-7.701420893857984862e-04
3.592319886824525341e-04
3.115763995860637678e-04
6.467333680405935555e-05
5.312313768785237570e-06
8.955553854375117821e-07
-4.649048919545769565e-06
1.724791961273531656e-06
-8.923371239019498003e-07
1.405538920337532331e-06
2.905019866823210033e-07
-1.075420914296947885e-08
2.459526914909907307e-09
2.855049583024158434e-09
-2.033613891918397412e-09
-8.849922090324872480e-10
3.225315971322001138e-06
1.271464312305671431e-04
-3.459310068372973082e-05
-4.926513067782105923e-05
-7.199708212222580359e-06
1.462581309552658765e-06
-2.222466575617779971e-06
2.697092951404713961e-07
8.897369613848866485e-08
3.951333157996013122e-08
-4.152619476303998201e-08
-1.549145971775035512e-08
-2.172393408383930489e-09
9.200088779099135136e-10
1.760811792505614814e-09
-4.020196803792809686e-10
-2.967354210442934152e-05
-7.123436706763858943e-05
-2.038404532159161478e-06
2.129032800830078909e-05
2.919531613805049725e-06
1.113729685739805170e-06
1.409218670639711636e-06
1.533678383328460057e-08
-4.691449892929286196e-08
-6.735035525880725915e-08
-9.491987179632892060e-08
-1.307979971186493743e-08
-1.337468525914298116e-09
1.011236941714341054e-09
4.568433236227404765e-11
-2.037146134188875909e-11
-2.694971105470595689e-04
-2.869275858985319738e-04
7.197618238629040004e-05
1.397145536165440298e-06
-2.259580112620939310e-06
-6.858964785494661467e-07
1.691917011287440246e-09
-1.484865423223473127e-07
1.305317399756482861e-08
-6.272087604351183910e-09
3.134145066361738614e-08
9.205599879138249874e-09
1.020200748611962274e-09
1.147104531605890577e-10
-1.967271836333893699e-10
1.860378024786632503e-11
1.606252337935154052e-04
1.270409988522418069e-04
-5.604232115822846628e-05
-9.410688439128229405e-06
5.845207417397730960e-07
5.799251513466542341e-08
-1.256204930006966292e-07
1.894065262495240852e-08
2.946984568632967385e-09
8.448999583742175299e-09
-1.968562464248656829e-08
-1.138159366712879178e-09
-6.292521077948782077e-10
-3.842805501567421546e-10
-2.420268291088759308e-10
5.796446181135606840e-11
-9.669508381003216497e-05
-6.309356059610146856e-05
4.837772368407153881e-05
1.048358745521046970e-05
1.106613680797945048e-06
6.285397144030907607e-08
5.432508436835072527e-08
4.075632036372939476e-08
4.000926641266835381e-08
-2.339366380681948503e-08
1.471647190855462656e-08
4.066408387058140719e-09
2.306559648501128554e-10
2.436892177183092404e-10
7.234647893844255404e-11
4.223572156694425987e-11
-7.132385940259244688e-05
-6.759108661578587052e-05
4.726111587755544907e-05
-2.938319537042422723e-07
-1.210314932805161184e-06
-2.106472774300341729e-07
-4.118884070392306580e-08
-2.720568629446952980e-08
-2.183733446669300487e-08
-1.641006261285386673e-08
-5.530864380957583296e-09
-6.783127568819902423e-10
2.133015151053445061e-10
-1.614453304765019941e-11
-1.062600323549494167e-11
-5.831303579591334295e-12
-1.416979747550139067e-05
1.863492756309693637e-05
1.307742282065387949e-05
-5.320438371303792901e-06
5.638809528603763134e-07
1.356430898064498759e-07
4.159324566428623338e-08
2.493316303706674543e-08
4.109563943194948097e-09
3.733739922080309638e-09
9.225000034770541899e-09
8.067515172753346421e-09
3.594971864140037578e-10
3.903001278145104427e-11
1.598910546955636571e-11
-1.003132754022447527e-11
9.665485232648186875e-02
4.108206108660987510e-02
-2.743514939362416000e-02
-1.842089610392675086e-03
-7.724008813863323178e-05
6.335272669025311459e-07
6.918050678287275363e-06
3.396504012630686494e-06
4.114817605358810135e-06
4.376604877631753129e-06
4.021439570836366597e-06
1.545210584949070141e-07
-8.717939774708000236e-08
1.480486930030653086e-10
-1.298671405221269136e-08
4.533526774709403555e-09
-1.004708425679388306e-09
-1.648339741652467619e-02
-5.171869570295769755e-03
3.969312022358329611e-03
8.801529273234453936e-04
6.955236974723372656e-05
4.053384400615591540e-06
-2.916082689941136730e-06
-5.128892986292894572e-06
5.683298471500214812e-06
-1.327056466332688090e-06
1.531413210570201957e-06
-1.645488604728068776e-07
-4.494324472088390610e-08
7.299592820899068985e-09
-7.120261460727535818e-09
2.843480835015562043e-09
-3.646662068756710954e-09
1.906077503612457237e-03
9.881007676314510282e-04
-3.277630114644358044e-04
-3.191272109882801198e-04
-6.949613911378302029e-05
-4.612141465089402871e-06
-1.541940802173590932e-06
-5.530998059386601840e-06
-1.217360938477345581e-06
4.077763410416351808e-08
-1.313727694146906110e-06
-3.084450197107038642e-07
2.139493610616277199e-08
3.418170519597051616e-09
4.601710159149102996e-09
-2.150303464869264866e-09
-3.483085172950081240e-10
3.413816375916785132e-05
-7.531840323329908624e-05
-1.254130308108002004e-04
3.379115251861521195e-05
4.678818679458346310e-05
5.905537166713365189e-06
4.758894128913161827e-06
-1.691762921716795290e-07
-3.132076032277445249e-07
-1.221991607125634155e-07
-3.529740974332802647e-08
4.683964154538091950e-08
2.370133863906388932e-08
1.665776899456718791e-09
3.488737618653681080e-09
-1.070562452111927997e-09
-2.308440717138189787e-10
-3.513353933627189540e-05
4.162715596659830584e-05
7.118066373291478662e-05
1.631910546485831974e-06
-2.536340019489084804e-05
-5.932812027829407759e-06
1.116580288224987299e-06
7.265549233151591703e-07
-3.951209247107323565e-09
1.641086436586264089e-07
6.291750340464483604e-08
9.178260995418205242e-08
1.126334918089195760e-08
-1.515087031309274906e-09
3.276185447469948499e-10
4.662747030077424785e-10
1.259839836431111023e-10
-1.726166671518593668e-04
2.313366622649348228e-04
2.844199064898574633e-04
-7.129807578454211501e-05
3.504926095607967640e-06
2.767339973071319973e-06
-8.191444598748350470e-07
-7.450200126310381700e-08
6.757403421143457531e-08
-6.267481449881727647e-08
5.537028737628754868e-09
-2.769162173354490776e-08
-9.519880265282531657e-09
-1.515144266720428840e-09
-9.908774186879694145e-10
-1.799782642118572800e-10
2.189105937348929729e-10
5.017622398052544008e-05
-1.527834137352759424e-04
-1.266765581121358437e-04
5.513786366237728281e-05
7.061529021049321238e-06
-3.548542965881599296e-07
1.924861806697216528e-08
1.023921418132007605e-07
3.838526517690535663e-08
2.166772755513994237e-09
-1.038508839779024497e-08
1.808153917698365122e-08
2.429675406044328689e-09
2.236267385279685746e-10
4.732098413242082894e-10
1.263411919243553055e-10
-4.707383861351875298e-11
-1.738193277991739849e-05
9.536078127990265220e-05
6.307042413465813082e-05
-4.793162576675061092e-05
-9.838837378346037093e-06
-1.161128996778562330e-06
-9.671528247589456252e-08
-1.081732284410142074e-07
-6.252380247960180167e-08
-4.185373456145357887e-08
2.139511138568197653e-08
-1.478265031976161627e-08
-3.847925111117829443e-09
6.220709626064911030e-11
-2.826375728984794842e-10
-2.768382131140944821e-11
-5.143108995489850653e-11
-1.573019306607331813e-05
6.982138798381763462e-05
6.765187483184914043e-05
-4.709154103549341826e-05
2.144346084826117735e-07
1.214798383112590117e-06
2.415707757906383580e-07
1.128352347608239119e-07
6.367437980408422437e-08
3.031107572010157932e-08
1.914012070098142176e-08
3.515687419825290738e-09
-2.823937724676958435e-09
-6.972171962865552754e-10
7.260322202688997325e-11
1.563108106221237892e-11
-6.175374206715650152e-12
-8.852014904300115394e-07
1.330441902106886157e-05
-2.195505314037226582e-05
-1.483560336984766710e-05
5.635955732385324446e-06
-4.496773873624589356e-07
-2.330196595759720398e-07
-8.185141476798313668e-08
-4.046561288315218764e-08
-1.137288610458982877e-08
2.149093736992270152e-09
-8.234355099321164487e-09
-3.132024750566843682e-09
-5.095588202858818526e-10
-1.849130237837828189e-10
-5.684301363360049876e-11
1.038490410830698498e-11
-1.465357388883335443e-01
-3.892619186523134985e-03
-8.112312317812425135e-05
-4.754022206950236088e-08
1.524919488502148363e-07
-3.365875357862708040e-07
-3.361029643404871316e-06
-2.108622755905116200e-06
-2.745746196336908729e-06
-1.529549178879600746e-06
-1.570207868674778923e-07
-2.227943199086724700e-08
5.093112062278007925e-09
-7.909264543702037735e-09
3.136005895962428286e-10
8.936610053742008167e-10
5.784862768331432148e-02
4.299138970724434954e-03
1.811278020854497641e-04
7.197899660206955749e-06
-9.949709449651280326e-07
-1.437466521272870181e-06
-5.082367584033361212e-06
9.596521647401545080e-06
-5.167526378227533214e-06
-1.560558468197560106e-06
-8.721327020113684222e-08
-1.423755977198039178e-08
7.524625915984303569e-09
-4.045711034817219803e-09
2.901854308374556836e-09
-1.557268821758658419e-09
-1.855038591427440875e-02
-3.396336093896070839e-03
-2.780132648019964883e-04
-1.121560519646284806e-05
-6.022232220535594716e-07
7.826701268036896655e-06
4.001211544521420210e-06
2.199301319818682411e-06
2.082330468440474010e-06
-1.714308873095825371e-08
3.870567009279809743e-09
9.350677400071844993e-10
-3.568598310269356457e-09
9.722482241914071291e-09
-1.356961630205212610e-09
2.453681550614939666e-11
1.907252902193983055e-03
1.215403678729779511e-03
2.085611459069306459e-04
1.381673923129658594e-05
-1.400777412437130632e-06
4.820853076354127866e-06
-4.761894588591984074e-06
-2.865890169798830605e-06
1.987191794357299982e-06
5.611040777549757995e-07
-3.128655039190320854e-08
-2.391552191901568817e-09
-1.163351979097352981e-08
7.322951374772689374e-09
-5.086543425027751031e-09
2.125150169250209558e-09
3.337181562226808340e-04
-1.996293171583325514e-04
-1.348690731981105494e-04
-1.432064581386913692e-05
-2.929680464487036270e-06
1.364469376204640885e-07
1.297558334853423306e-06
1.050421824250944420e-06
-2.153190197780490356e-07
-3.883698462563984614e-07
8.355606331962284425e-09
4.511560598702586095e-09
5.558261189758914821e-10
-1.437633919061726980e-09
2.510134131773030302e-10
-2.957383597559180664e-10
1.636294751315299061e-05
3.643227813524028898e-05
6.944205827337863915e-05
1.239740158436289593e-05
-4.023538872796459230e-06
-3.101286148842879523e-06
-4.734867216091406243e-07
-6.098413817158240169e-08
-2.500731694076401343e-07
-7.986962528391264190e-09
-2.895476802986012397e-08
1.897344552066911546e-10
2.216964429113816439e-09
-1.634098542986351226e-09
1.074622374601367073e-09
-4.380811804974726084e-10
5.246492729189813301e-04
2.352520739310931302e-04
-1.060678628488058523e-06
-4.923094704227989702e-06
4.232113695198845133e-06
2.047627373614886812e-06
6.175068863170171239e-07
9.257105084959023066e-08
6.170912964107243091e-08
4.918344685291350755e-08
3.897938796381693536e-08
2.557995587534025761e-09
7.944642820317187501e-10
7.344695576405819214e-10
-2.705920082396758558e-10
1.919058235161024752e-10
-1.199945668883877842e-04
-1.896678781834511686e-04
-2.788077590066721651e-05
-1.440801209027749940e-06
-2.081761426773647878e-06
-1.097558657418930784e-06
-4.927541480131204086e-07
-1.874924642006035388e-07
-3.011659091779933983e-08
-7.182055518866616367e-09
-2.155482593499846753e-08
-1.532060237914451871e-09
-1.591262324433265124e-09
-2.954032358062673368e-10
-3.918033354755475167e-11
-7.128168104624371897e-11
3.066680494907294657e-05
1.567205608335268670e-04
3.570044618315816300e-05
5.013185530484176259e-06
1.337223594893532852e-06
6.867730030269758181e-07
3.443338695790117838e-07
1.081326744147831816e-07
3.048387096858648491e-08
1.924866168022331812e-08
1.651183483418676211e-08
4.631828879738895884e-10
1.202312898204408285e-09
2.377304090052764167e-10
5.128846309103702583e-11
-4.203309309652885727e-12
7.179375464345149672e-05
1.719231780725823013e-04
7.139791977695641513e-07
-4.639416580421025777e-06
-1.114226315308079984e-06
-4.645610668100412461e-07
-2.148283482769612067e-07
-7.820567895202568760e-08
5.114856593857665731e-09
-2.001174207723401719e-08
-1.218007335966522158e-08
9.159469751064875287e-12
-2.416806542224422717e-10
-7.355005028450094943e-11
-7.173546558948973546e-11
1.268773726319963390e-11
-8.869923051554916121e-07
-5.947283321888208321e-05
-2.034993341530981199e-05
1.459620000915283570e-06
7.344053490322893587e-07
1.981465278602985276e-07
1.065541626939719574e-07
4.934115868037148801e-08
7.970979666038755804e-09
1.453537507369752388e-09
1.454254755388383015e-08
8.453234630387179179e-10
1.344349740893398070e-10
-7.726841807011237449e-12
2.808662141992430076e-11
1.095672890094027704e-11
-2.109887900289716123e-01
-1.032143453641352487e-01
-6.626294315238856307e-03
-2.736438531983031411e-04
-1.030935289047234446e-05
1.800402284299044216e-07
1.676370628107043283e-06
-4.694509428242212046e-06
-6.101456769183117812e-09
4.341061482322717506e-06
2.316386571294375138e-07
-1.751155258425544081e-07
-2.958111107100128045e-08
1.423003673534952459e-08
-5.665245424183691688e-09
-9.700157020999880304e-10
3.853749826583147799e-09
5.452655411207999771e-03
1.700069615064856918e-02
3.163666399398575284e-03
2.606115328645939233e-04
1.024196373072917581e-05
2.081328819884794438e-06
7.332676208909050365e-06
8.388843744750159606e-07
5.223305552396044922e-07
-3.316738754437975451e-06
-5.427474274343133345e-08
-1.090104906955067986e-07
-1.484913963564554622e-08
1.764169365720459097e-09
3.002629641281283795e-09
-2.988398457927864077e-09
-1.623076381655508612e-11
5.550462585821629635e-04
-1.750605145364430909e-03
-1.214576043557573761e-03
-2.079330549914640356e-04
-1.446910730959196955e-05
-3.079326410832863125e-06
4.938747298337708736e-06
-3.158954728508894270e-06
2.668262120011048863e-06
-2.306406977788162738e-06
-5.096356736074259380e-07
3.044660916736093113e-08
1.786726597611896074e-08
-5.333387147699845477e-09
2.560294754237102325e-09
8.379057844957587585e-10
-5.504198820123669905e-10
-1.951641579716124387e-04
-3.621661995101142957e-04
2.017875727166022087e-04
1.376053357023632412e-04
1.691625677727723510e-05
-1.104991272606144088e-06
-8.572273349346764763e-07
8.399326520579266405e-07
-1.264769645548050909e-06
2.865235925567312586e-07
3.234514552761130325e-07
-1.396078459053841623e-08
8.657409117727367380e-10
-1.298584118083784234e-09
-2.491041015364360947e-10
7.586321999437051621e-10
3.701585945519960733e-10
1.503470043321406768e-05
-8.851212144098819166e-06
-3.354332803969321526e-05
-6.795123844897265784e-05
-9.697858816728162500e-06
-1.074711558537173532e-06
-3.396432180324616007e-07
2.979625546440051347e-07
-3.440809777979244834e-08
3.009662059332200574e-07
4.027909085339999644e-08
4.271545882516692680e-08
-1.355891402410834015e-09
6.198793427736854763e-10
3.879405302663058762e-10
-1.793435423056669279e-10
-3.296144777115751741e-10
-5.194654694784953331e-05
-5.306872688279264550e-04
-2.379593819325482402e-04
-1.404586307104744786e-06
4.603280996843001630e-06
1.028894107018397045e-06
-4.352574161883936714e-07
-3.751750323429563146e-07
-2.400416452832049587e-08
-1.072339547656547708e-07
-6.961266728697380873e-08
-4.635662773008671441e-08
-2.192519074145267561e-09
-3.641320574040041154e-10
-1.039938930353318302e-10
-3.037355751943720515e-10
4.676222962376154154e-11
1.117376042902796097e-06
1.194138518299832222e-04
1.909546461384266326e-04
2.889716122176686457e-05
2.750044972871004625e-07
1.820868136282785801e-07
6.917888155992102367e-07
3.157521271221273724e-07
1.693080098292353847e-07
5.496170410652196780e-08
1.813780607018538929e-08
2.339823546842887458e-08
2.387871699411690196e-09
7.819027340068885508e-10
1.757354835167984476e-10
7.589305446941765752e-11
9.978546606514991334e-11
3.504714528066689295e-06
-3.029695181227630966e-05
-1.573815472618628642e-04
-3.575330325055003873e-05
-4.209377694535023772e-06
-7.512445099140725283e-07
-6.094344848577493815e-07
-2.825180995157409486e-07
-1.230691049246329527e-07
-4.667559413097774041e-08
-2.663599832407175542e-08
-1.708058933381062273e-08
-8.596025892191076573e-10
-8.898764796850274762e-10
-2.323196326628858955e-10
-2.695875810405100743e-11
-1.152619166640449558e-11
-5.533306585558906737e-06
-7.168598220988904026e-05
-1.714133278661008665e-04
-8.314021454030224509e-07
4.070016815053692260e-06
9.807006137662827426e-07
4.599495949475843299e-07
2.409233919928786089e-07
1.037323007710835743e-07
1.321276818732270552e-08
3.403726888443102853e-08
8.358611884521980977e-09
-1.327187352706486603e-09
4.449040290803738337e-10
1.214158355859754557e-10
6.470482424340265116e-11
-2.030792668370174777e-11
-4.807939183423661421e-07
1.211591589244416286e-06
5.929907278460089942e-05
2.184366695186083264e-05
-1.235317224565550203e-06
-9.673323096107796080e-07
-3.170435284693930734e-07
-1.610535452464485221e-07
-9.024848647636569605e-08
-3.997393142412956565e-08
-1.415756493252787709e-08
-1.452982346828798649e-08
-7.827823746214356144e-10
-5.737161346135117581e-10
-1.017790344396289126e-10
-1.792499041494013452e-12
-2.877988973738011487e-11
