1.382471791744599443e-01
1.025852834211286702e+00
4.415023561917783695e-02
1.473977687416076548e-03
4.910385419213513642e-05
4.675681781589096015e-06
4.756944022469567918e-06
2.980413713471404289e-06
-2.370561264349613589e-06
1.002640392259213816e-06
2.296840405797022963e-06
7.072811482248656479e-07
1.002942389854740778e-07
8.648026062126590150e-09
-1.196892112815195147e-09
1.771528562138032319e-10
-4.863211804494650422e-10
-2.762923848338857263e-02
7.249659439469431643e-02
-7.756042563630639874e-03
-6.955797629957749485e-04
-3.992667940476580114e-05
-2.976886381234661026e-06
-1.707982190145945023e-06
-3.668045056116458387e-06
-5.604739795448371316e-07
3.547009677953962640e-07
2.183250529443379745e-06
3.932638903144124277e-07
3.992453192760689801e-08
-2.374746901527947491e-09
-5.757696941951205428e-10
1.896525721193315542e-10
-1.938515389696200839e-10
4.211528860932707910e-03
-4.740799215567226689e-04
1.149968900998410556e-03
2.602108803011456487e-04
2.652612907278257249e-05
1.043442844156081939e-06
3.362279007404792658e-07
1.906443183822627515e-06
5.921579950959651232e-09
-1.086574713845816441e-07
4.351109534659973457e-07
-6.342235885067398657e-09
-7.891303591286826993e-09
-2.689142878590610473e-09
-3.446786162203439788e-10
-5.971387194772826021e-10
1.477295630927989661e-10
-1.756447258056030927e-04
-2.054986023287572682e-04
-5.330272547689914845e-05
-3.687160703208289107e-05
-9.079396916007716558e-06
-1.826040932941532129e-07
-8.347655382728415581e-08
1.666364922189751647e-07
2.345824806958797225e-08
7.519004693678492403e-08
-6.876894220376208692e-08
-2.592806734145389972e-09
2.862722294463082651e-09
1.500995151720168759e-10
-1.070834952738635532e-10
1.755562540928663411e-11
1.422640816785815563e-11
7.920751509364634094e-05
-5.466204536099559879e-05
6.007708493590750389e-05
7.146483556521361652e-06
2.673524594209925220e-06
2.242690231079529053e-07
-8.719572714184645120e-08
-2.959448509160530556e-08
-2.768283901442516177e-08
1.187594714942894143e-08
-2.542158567595358452e-08
-4.184679292140468397e-09
-4.647403566357496813e-11
-5.096343719076570257e-11
-7.999495508590490119e-11
1.339681394559215929e-11
1.572308230285672055e-11
3.473720574550928199e-06
-1.500233532182643399e-05
4.501129060319649003e-06
-2.530376656657814228e-06
-5.043128572114965383e-07
3.349164361108629009e-08
4.210595182997068704e-08
2.852291014602574823e-08
1.686818914024895917e-08
8.919803340850738240e-10
8.972827055196276449e-09
5.845515013763940409e-09
9.231215780430650198e-10
1.713287963258443255e-10
1.870755769265176505e-11
2.742732886069610868e-12
4.776787750643795114e-12
6.850504766582662552e-06
-3.702277303711097334e-06
1.042901703036085865e-05
-2.503602861794717387e-06
-2.280419959520356048e-07
-5.230026523609601487e-08
-3.323729625930253048e-08
-2.254774209761559562e-08
-1.063175155378855658e-08
-3.962913763279947439e-09
-1.983393010457190253e-09
-1.777170305867962519e-10
-2.555719540938790602e-10
-6.469306923161573427e-11
-1.095986626401550484e-11
3.293136746345550368e-13
-2.308150630040073644e-12
-9.602230982913978294e-07
2.622691041951931101e-06
-1.519114258795611525e-06
1.188835159167075461e-06
2.306617742911156735e-07
4.081123540158587023e-08
1.880130038802715343e-08
9.241466110222502669e-09
4.695706754444124113e-09
1.472407943258541549e-09
7.110010834441145233e-10
3.915190069582759866e-10
6.162529706623470782e-11
2.253449745092253448e-11
6.510774322681269568e-12
1.284277462910943778e-12
8.056253886963061586e-14
2.962221472516407246e-07
-1.157032172078779910e-06
4.794527183360507213e-07
-7.247475371065667904e-07
-1.388359781503053740e-07
-2.678780096174892928e-08
-7.871184807781753710e-09
-3.631940492284629925e-09
-1.633693318501279708e-09
-6.060576067299964030e-10
-2.671998096007803015e-10
-2.028266401807454373e-10
-5.940109773413243838e-11
-8.364222867063242131e-12
-2.253638365944071839e-12
-1.667336939131504445e-13
4.634434743267646252e-14
6.258105997362216544e-08
-2.052978378668350497e-07
2.656973279973701733e-07
-1.395047915489951275e-07
1.529981218356580162e-08
1.061472003363278106e-08
3.318947325020703479e-09
1.263365826076529519e-09
5.164585042306151712e-10
2.451938301013858308e-10
1.456150173278833793e-10
4.034345657144237603e-11
3.182101700479524551e-12
1.172934631140934519e-12
9.848194846416244022e-14
-8.100767485642138839e-15
-2.956626822151654431e-14
1.947576720212036044e-09
-2.303563595915720788e-08
4.693282472430620218e-08
-4.291754645420153430e-08
8.757767645971465930e-09
-2.317072978972075248e-09
-1.001020564690324110e-09
-3.324045078470296978e-10
-1.211861676284898272e-10
-4.383540902186324949e-11
-2.156947867424603127e-11
-6.063098517537246631e-12
-9.815600022791255213e-12
-9.254562544963399796e-13
-2.030718961325064167e-13
-1.827831112062086508e-14
7.580098171149254164e-15
1.361427746444972796e-02
-1.394977794477349556e-02
-1.070019716521154437e-03
-5.809643233824280978e-05
-1.085939543317823522e-06
1.114426513677755753e-06
1.024605449946025340e-06
2.054825954032952677e-06
7.824569778466180326e-07
8.300831640774579023e-07
6.944838963271963141e-08
-4.592265626902044655e-08
-3.035043741165604612e-09
5.295607148431584493e-10
8.775099782068516367e-10
-2.029324035420634641e-10
2.328035749788079335e-04
1.056519880629916332e-03
2.434171957009311318e-04
2.517621249369170737e-05
-5.033513383660120426e-07
-8.751868975027170294e-07
-8.763674629757486133e-07
-5.092363578335761275e-07
-4.588818688653216494e-08
3.098027699614756951e-07
-1.160938151599473732e-08
-7.013502244654095607e-09
6.073532718091369176e-11
-6.382911527113067932e-10
2.230646524312823815e-10
-2.124775235658643544e-10
-1.495912282883237626e-04
-4.639218575728645062e-05
-3.740830641693135695e-05
-9.060807093041004792e-06
5.975068914300028466e-07
1.089540463442433088e-06
5.321852082655430132e-07
2.367263905633005841e-07
2.413136071419331121e-08
-7.599164476260434479e-08
-1.524720858519076494e-08
2.659260826216567646e-09
3.814443754605685577e-10
-1.126320565843794254e-11
-2.291517752130499459e-11
-8.970955435265172380e-11
-2.078192843796741979e-05
6.316364326906712785e-05
7.362641857770403713e-06
2.558691992385069989e-06
-3.028109666005479543e-07
-4.558261431673249637e-07
-3.053127347266866023e-07
-4.750542813973997350e-08
-2.084993994064558780e-09
-1.961183568943805444e-08
-7.401546247738810795e-10
1.028319310249268447e-09
2.936562017210363388e-11
-4.203644442199581844e-11
-5.240289520259147169e-11
-1.945304313024827304e-11
-1.303439112479666294e-05
4.946167558550980978e-06
-2.563743338774898766e-06
-3.654932069329658778e-07
1.786065124912016149e-07
2.409510641322313642e-07
1.110026765240543419e-07
2.861322325988502211e-08
1.363606284429105070e-10
6.136895122392300578e-09
4.786957374772837356e-09
5.643615526034812684e-10
9.945470476433028354e-11
2.711739815690746348e-11
-4.418174700904742357e-12
6.669976337228651766e-12
-5.143048583449434286e-06
1.031811390148323809e-05
-2.504823008063822832e-06
-2.947664937236409683e-07
-1.118932504182111507e-07
-8.077585512220842959e-08
-3.446625888563777274e-08
-1.423678864564235628e-08
-4.021659313073852760e-09
-1.255012626233465054e-09
1.944406994254104320e-10
-1.433654761827194839e-10
-4.603119951307275524e-11
-2.219847831373064439e-11
5.127254081709589830e-12
-6.395711336318425791e-12
2.788971549492390760e-06
-1.506563737627748150e-06
1.196877789871591749e-06
2.517973117890073304e-07
6.036449541490746175e-08
2.699349502783266012e-08
1.287000427923490473e-08
5.324533701272300518e-09
1.179688724136137333e-09
4.329296160488551572e-10
2.653584028020998730e-10
2.413033449489831592e-11
1.592752967365479743e-11
6.703272972141654848e-12
1.918579942340368174e-12
-1.231205516340390563e-14
-1.209202199578717935e-06
4.730537469493419810e-07
-7.285419740481126342e-07
-1.449847230562033346e-07
-3.135225868010386758e-08
-1.059395714320501981e-08
-4.502968234098557498e-09
-1.758737853548780403e-09
-4.994299755984936006e-10
-1.850758825884063822e-10
-1.610865152128761917e-10
-4.690349661207568975e-11
-6.293802389687247157e-12
-2.602051704347526778e-12
-6.267711201968703635e-13
-7.155477780084159459e-14
-2.140923815626819897e-07
2.660966525413160045e-07
-1.384080265165771705e-07
1.676921075317955951e-08
1.176360853687869577e-08
3.819293210831535699e-09
1.492442433196359618e-09
5.764675135825060478e-10
2.208357258786094210e-10
1.209854409522845117e-10
2.760721073842515454e-11
-1.364678602372937422e-12
4.834877785295294095e-13
2.366226995403232018e-13
6.683373743119319480e-14
6.441361768288631472e-14
-2.569913528439366195e-08
4.720066528909496807e-08
-4.430883783999668516e-08
8.203148451002644719e-09
-2.570301494962469830e-09
-1.295476060447583689e-09
-4.704382507316200980e-10
-1.502339164911843647e-10
-5.215904144545588804e-11
-2.679260086224988172e-11
-3.837822249429287771e-12
-4.872263845389870296e-12
-9.305511444663315059e-13
-2.170137478383954524e-13
-5.072262145378564603e-14
4.537512978730564186e-14
-1.016601287741855986e+00
-4.385473317568187174e-02
-1.464999871629388706e-03
-4.629882189314402032e-05
1.998071620231077309e-06
4.746724868600848552e-06
4.429728653865614930e-06
2.985895164586816276e-06
-1.032198178226076058e-06
-2.274815013365046583e-06
-7.214058513954866018e-07
-1.050178458787967106e-07
-1.398393644523208804e-08
1.399156008950176245e-09
-1.425652465841966935e-09
7.419846878082236274e-10
-7.686667630185482769e-02
7.511085479393790100e-03
6.859120569100309430e-04
3.937059133778372300e-05
9.059995285802057847e-07
-1.446649059265461424e-06
-2.738806858753062724e-06
1.994118781872562458e-06
1.197330737989651817e-07
-2.057208698542106140e-06
-3.655027968075374041e-07
-3.600287296479948527e-08
2.152830792155224362e-09
1.662421226285897252e-09
-1.899830860842086768e-10
2.753798614041528222e-10
2.100181625123724929e-03
-1.002749568817139269e-03
-2.551655989986409585e-04
-2.877311332813070049e-05
-8.054336585267174472e-07
1.170736427412317344e-07
3.425353052891475188e-07
-9.098497030762531277e-07
2.145901621057125142e-07
-4.687156561415522246e-07
-1.178574897602792685e-08
5.965813584544105241e-10
2.611633859567640797e-09
-3.057243182879258322e-10
3.368957659110643256e-10
-1.954429106103552342e-10
-3.830174102991476938e-05
4.357856816860409581e-06
3.485733882539447393e-05
9.735742705724374137e-06
-9.953252336040249903e-08
-1.512890187316145287e-07
6.690805816929671797e-08
1.984079077871884738e-07
-8.993724873897780740e-08
1.005395932391907801e-07
1.149431907317674399e-08
-2.020518839906294675e-09
-2.699972734126318826e-10
-1.033968212710692385e-10
-2.403967988977042817e-12
-8.186369194920626449e-11
1.124358444031158601e-04
-4.641638964171590292e-05
-6.470098079230960070e-06
-3.136478370518347372e-06
-1.849238384785323919e-07
6.836098805378890359e-08
-1.269705161633461717e-07
8.325968538875809078e-09
-3.961556655364351766e-09
1.389480357382783165e-08
1.990288501968120858e-09
-3.304876713919231055e-10
-7.570205183488562134e-12
6.614554828983732810e-11
8.379899332628337441e-12
-1.254233054080522091e-11
-1.115620208128582390e-05
-8.114593865050392818e-06
2.393872392066115027e-06
6.948793902908580877e-07
5.527428826468768620e-08
1.145212865771297719e-08
1.182678531860779185e-08
2.295175194673556612e-09
1.390608174943397950e-09
-3.131652758107770506e-09
-4.865717318641904347e-09
-6.165168802134292606e-10
-1.647340458270917278e-10
-2.612969905327707338e-11
-1.168710661924181152e-11
1.454028718905387860e-12
-8.528222511430351142e-06
-1.099667344957128881e-05
2.429936540459331364e-06
1.516398707312227694e-07
-7.796557115790078543e-09
1.874563126165198406e-09
4.896692308151655125e-09
-1.135923745997096515e-09
3.001270012940417140e-10
-1.089808021480944803e-10
-1.818427233906242995e-10
1.591605192947562392e-10
6.851576378092806197e-11
1.074019981694760486e-11
4.736538472494994040e-12
-2.328656750356846077e-12
2.992101581421307229e-06
2.476022636966002158e-06
-1.074687194903247754e-06
-1.892766224706374856e-07
-1.387315225862231988e-08
-4.072403548644047917e-09
-2.221887133298019872e-09
-6.191100775731171095e-10
-8.066495650863178757e-10
-2.887793522033451162e-11
-2.735583235551937313e-10
-2.479266021547973844e-11
-1.926655501393004482e-11
-5.188337517870849650e-12
-2.387269744025676759e-12
6.768598190067714247e-13
-1.298566111568668210e-06
-1.150087392256637443e-06
6.339241501219126256e-07
1.178374536516944445e-07
1.616041215156050465e-08
2.315692747487156760e-09
1.078472748665784914e-09
4.397040913877481052e-10
4.147840215677005192e-10
2.132735645537419858e-11
1.562478161351131638e-10
4.661382620252466482e-11
7.014335424293910433e-12
2.259465445208994190e-12
4.138468541179366208e-13
-1.227579284814402135e-13
-2.577938637795189866e-07
-2.572223998223085751e-07
1.725855235857633561e-07
-5.981154959778267142e-09
-6.853525780094920039e-09
-1.543076767542640679e-09
-4.535571468933622760e-10
-2.165033193969525362e-10
-1.068353588451429285e-10
-3.511261358273843882e-11
-3.149533728808056105e-11
1.058075192935687461e-13
-1.269392114530520916e-12
-2.406141871532437724e-13
-7.429273917207848015e-14
6.794522003183719481e-14
-2.791322303661014188e-08
4.815005633808430276e-08
3.948082288834948475e-08
-1.156879762347547601e-08
1.276213872155210146e-09
5.471081737422215479e-10
1.382515383975731784e-10
9.473457983520327479e-11
3.966694504932825451e-11
-1.126270772522733258e-12
4.945550359578097045e-12
9.252211941028159291e-12
6.534062267368522777e-13
1.459296788042585968e-13
-2.137714980785057483e-15
-9.287818412848429025e-15
4.829009982333092726e-02
2.029340719244632565e-02
-1.359788048062961392e-02
-1.058465025735757462e-03
-6.057019629586338460e-05
-4.342475467737840638e-06
-5.833303825204179616e-08
-2.580647664062447835e-07
-2.028512801764912303e-07
8.427194155461510820e-07
8.293773434006083908e-07
1.086005913467398252e-07
-3.549551931333900501e-08
-2.068356424526698604e-09
-9.118717517621956073e-10
8.142399435241765446e-10
-2.900587763990355939e-10
-3.884477406954556320e-03
-1.284363048670609381e-03
9.144050953672850030e-04
2.357718090770904160e-04
2.687608764570366418e-05
2.357789814194543356e-06
5.267450993398959894e-07
-5.667550086286581896e-07
2.766647576946329676e-07
-1.350727100853956265e-07
2.882407744278719112e-07
-1.197566568850821647e-08
-6.280169857497748076e-09
2.017844134231731240e-09
-6.138228517849244828e-10
2.265597626927586665e-10
-4.179021700515349272e-10
1.581682254241457476e-04
9.741364685117681306e-05
3.259458393665587941e-06
-3.486133554737688874e-05
-1.086194429992996086e-05
-1.467549698841638193e-06
-4.109507348804574228e-07
-1.206139471461731013e-07
-1.177462973156637417e-08
6.440273346810538181e-08
-7.672019742199230537e-08
-1.488907118956616681e-08
2.532801069079119874e-09
3.158508149514494729e-10
6.518210956409258498e-11
-5.265792299199667090e-11
9.738051737337653167e-12
-9.042566778874609648e-05
-8.034792934627938430e-05
4.862997763501519040e-05
6.387688016872530752e-06
3.567544971442381077e-06
7.417826917748565649e-07
7.164961216197984933e-08
-4.821182373916290604e-08
-1.126201484948898681e-08
-2.772352972348954176e-08
-1.780643426657390465e-08
-1.629302884242000512e-09
1.151980629573935914e-09
1.119933602237126188e-10
5.855100259214214396e-11
-6.228262713040799769e-11
-1.193938990467483024e-11
-3.943907989385718178e-06
1.323281127986178626e-05
8.784507621132476730e-06
-2.366189818904454597e-06
-9.521937971608463830e-07
-2.066149308369660782e-07
7.953921596204691310e-08
3.741222760066918004e-08
1.045810226051689052e-08
4.551451015349415264e-09
3.485721920415705931e-09
4.693165450919806679e-09
4.045688305842734310e-10
2.380059581095934439e-11
1.257384228802640855e-11
1.232367402886156307e-11
1.232480839542115157e-12
-6.746228594438371798e-06
6.986189388073121140e-06
1.083281275121573003e-05
-2.400084031537203006e-06
-5.860513163056910468e-08
2.180603960743078139e-08
-2.284876912276536952e-08
-9.775362863845672230e-09
-3.878971047139308575e-09
-2.470428397722329258e-09
-1.635572757220752044e-10
2.658949925070975800e-10
-8.050145837773866500e-11
-2.875874198572371590e-11
-1.396693156051980578e-11
-3.099041079917112451e-12
5.893791772744681848e-13
9.812728086631832482e-07
-2.795245731233910602e-06
-2.454337589338098106e-06
1.060186992832255677e-06
1.698534784503299559e-07
1.382335094144937211e-08
6.042373455433542188e-09
4.499344150461108498e-09
1.971282860838428782e-09
1.166425040639452908e-09
5.750808809119189174e-11
2.293244663552561553e-10
-5.230685396031331986e-12
5.023277581060942373e-12
3.552026552199600264e-12
8.460890554919040572e-13
3.526663669491487182e-13
-2.962131901026921119e-07
1.240443039527432350e-06
1.145197097180064820e-06
-6.300451597637552312e-07
-1.149752746246374161e-07
-1.645836476269057899e-08
-3.683499507029297087e-09
-1.779040435369451395e-09
-8.150758914346220755e-10
-4.954430254271638541e-10
-2.685861125495365138e-11
-1.375395447880387031e-10
-3.533069754008625924e-11
-2.732218939358503217e-12
-1.572856403314071423e-12
-3.341271967206307084e-13
-1.731034654580678648e-13
-5.898236091030669285e-08
2.497901009880945924e-07
2.563510713877503054e-07
-1.735032440140990225e-07
5.843835547719739105e-09
7.232319339805821066e-09
1.741273402755311296e-09
6.831553404584693727e-10
3.433401084554802944e-10
1.336869592282985548e-10
3.472600417835272826e-11
2.572802617645409950e-11
-4.679384728324770583e-12
-8.091777059757564872e-14
-2.941206036987646838e-14
6.416228280074503226e-14
-1.760393704336883048e-14
-1.237764117080604192e-09
2.582474887620884529e-08
-5.171331249447628302e-08
-4.131075967114882992e-08
1.171344841558924210e-08
-1.148014357414290515e-09
-6.788679393314100513e-10
-2.316541703803500399e-10
-1.164483866334934106e-10
-5.073297162775076428e-11
2.431966570869673367e-12
-4.658149019808217991e-12
-3.688749255557633453e-12
-3.996428827374947514e-13
-9.256357284174783112e-14
-9.209929418453248333e-15
2.020537986365925930e-14
-1.574220901393132421e-01
-5.216628612503605190e-03
-1.671213568966424762e-04
-5.036055339400903909e-06
6.391461550257947781e-07
2.192571020714393828e-06
1.392081773565528570e-06
1.828740588609323862e-07
-7.534180406066109731e-07
-1.003904418933876875e-06
-1.288173999384900057e-07
-3.028512203417988580e-08
-4.563579582515006839e-10
-1.940831295359339703e-10
3.546194385500674150e-10
9.398210896982149545e-11
2.906735279580388576e-02
2.452379971704810122e-03
1.395881619570084927e-04
5.981063836289073606e-06
-1.036409293274898909e-06
-1.323282315388170644e-06
-2.498817042743627478e-06
1.677433837753981139e-06
-6.126426721109945258e-07
-6.222321493668483753e-07
-3.508335565836194459e-08
-1.072755711475368897e-08
1.726461677258673499e-09
-1.135555409394846638e-09
4.060007586075131123e-10
-1.107698504734642367e-10
-4.395000190718856975e-03
-9.048577566545136898e-04
-9.213078620059583735e-05
-3.676393573389341604e-06
9.027761782014342227e-07
1.924486690682754461e-06
2.115732301854691914e-06
1.018333115568548430e-06
2.165412473155261546e-07
-1.983890364408353084e-08
-4.653168255200208472e-09
-2.831347712006858125e-09
-2.980584043647792433e-10
4.432956509121201381e-10
-1.603693698765310370e-10
1.174809978222333922e-10
1.146906737973907677e-04
1.409326890231664832e-04
3.204771087111247662e-05
1.991844123273106505e-06
-1.075013012511282279e-06
-1.043683193002459758e-06
-8.077283377607771436e-07
-3.077624748050449141e-07
1.714797059088123933e-07
3.522673594344451366e-08
1.434657555917113811e-09
7.748237189783930093e-10
-7.085192903717200685e-10
8.839197222112412398e-11
-2.498641503496892422e-10
3.815272922748901867e-11
-1.840764626971381221e-04
-2.896066132651547553e-05
-9.173373353813612759e-06
-6.737101480806234247e-07
6.024631816216597223e-07
5.482812418838049093e-07
2.057515338193901876e-07
8.728445531510632685e-08
3.070497851138667707e-09
-2.961247213587860819e-09
6.847173679908361517e-10
2.062148219590190001e-10
5.284753180544469072e-11
6.204491405947400767e-11
-1.113057599134404697e-11
-8.892587454324280845e-13
3.091141608313833085e-05
1.173825884334373339e-05
2.509891647935339285e-06
1.519412909072061317e-07
-3.926959721147408456e-07
-2.247623276322666644e-07
-7.248682200540918749e-08
-2.715511393992133667e-08
-1.442255308808052192e-08
-5.219383867837505753e-09
-1.244593171655144770e-09
-4.466882835916287661e-11
-5.092183412909619363e-12
-5.499463049859981242e-11
5.716969815604874852e-12
-1.120491169917391711e-11
1.732069284845091410e-05
7.529019005247473010e-06
3.879866142446793052e-07
7.508728289017649749e-08
1.537698559611997635e-07
8.095441097936993700e-08
3.305154778246921242e-08
9.544028206146846981e-09
3.565769738819239651e-09
9.624261196179246945e-10
3.521452430353826965e-10
8.493654844915965793e-11
3.195414082395348593e-11
2.474469556947669254e-11
-5.572119577358627612e-12
9.540394743858329576e-12
-2.086167109012502253e-06
-3.665552498118193237e-06
-6.181686634500929825e-07
-9.789811787999434281e-08
-5.068549083767881592e-08
-2.760286891125591178e-08
-1.233640638930531495e-08
-4.243965555892365264e-09
-1.349674369295122777e-09
-1.056752615263276324e-10
-1.610137843895270617e-10
-3.148904194999564155e-11
-1.842619142733097142e-11
-4.147680195934050313e-12
-1.116227976850730614e-12
-4.184404262462968581e-13
7.682804196446346686e-07
2.147394447971530537e-06
4.128385399639624877e-07
6.612712009244180660e-08
1.949748974269048841e-08
9.022332218906554261e-09
4.168050408563425360e-09
1.472566040212623211e-09
3.320578377826716266e-10
2.664943190452329186e-10
8.950245666711281184e-11
1.263907117161479288e-11
7.082681147457622951e-12
1.810896248254912394e-12
4.705295546089289599e-13
1.780224996323678082e-13
2.978262787947947963e-07
6.485342434298038242e-07
-2.079992004686334051e-08
-2.556939666096102033e-08
-7.555520348275998532e-09
-2.964275371244214758e-09
-1.308386897276052172e-09
-4.942211267314174649e-10
-8.848203548225302404e-11
-6.514160387968602668e-11
-3.621070114816814658e-11
1.986115341869335166e-13
-1.781941688552297274e-12
-4.890148762044510463e-13
-1.865166709904823962e-13
1.704050362676999487e-14
-7.291218033617983865e-09
-1.409504165925989159e-07
-4.363915384861171443e-08
3.954776876086198265e-09
2.228858376455674503e-09
7.353436227616025099e-10
3.073522794690269243e-10
1.424011335731878993e-10
6.055578095106079898e-11
2.251289801607421066e-11
1.757951564200106867e-11
2.814828193723199025e-12
3.010705602216081168e-13
-2.155668838080363305e-14
-7.623922710981184155e-15
-1.959734798751886758e-14
-1.017591586454511393e-01
-5.160447413962189478e-02
-3.748434826659343549e-03
-1.986732768166565247e-04
-5.731907169851497003e-06
1.391309989369412928e-06
7.714953357601781475e-07
-9.170006299668848247e-08
-2.465286502094030701e-06
4.557024704768581063e-07
7.763496275974996189e-08
-3.120427441022856554e-08
-3.194485923806276573e-10
3.654722011614463440e-09
-1.593214027024162826e-09
6.300991402292965549e-10
1.196767396265244630e-10
1.224366866390564496e-03
4.022354732648445938e-03
8.440479525584995311e-04
8.832024705065411225e-05
3.362356893182599127e-06
-1.021162945863433976e-07
1.337068415797205138e-06
7.110052699946032418e-07
-2.938322718339548221e-07
-3.546399502634453868e-07
-1.327526176131358877e-08
-4.114846815376532791e-08
-2.827245601285215308e-09
7.711275145122356818e-10
1.964595606708601664e-10
7.796188167328234286e-11
-5.828073660968230091e-11
1.002273816084332494e-04
-9.960987662653484579e-05
-1.409316966054668691e-04
-3.083078533406151579e-05
-1.008261233935672433e-06
4.233851627936276335e-07
-1.175749417666960313e-07
-5.349647110523428875e-07
2.416869029992072609e-07
-2.313181004354640314e-07
-1.556527976902874381e-08
6.805294836005350673e-09
3.111387508359278795e-09
3.451207000272380848e-10
3.841784872767895455e-10
-1.219621437888967576e-12
-3.282214334240177016e-12
7.228668858981897273e-05
1.976752456423893441e-04
2.998182140663039979e-05
8.783090501223750509e-06
5.050965622322173242e-07
-2.719949771008945320e-07
4.654587393105640663e-08
3.894479806413421542e-08
-4.620605279848653799e-08
1.598977183700355707e-09
-6.491961973885278374e-09
-3.991114802088121672e-09
-9.908736574721111086e-10
-2.386186200371594384e-10
1.204582631980353030e-11
2.297508751670322476e-11
2.702750744090945628e-12
-5.735224643544445973e-07
-3.061945042739082644e-05
-1.157939615288232379e-05
-2.351744684782562052e-06
-1.303117063203702290e-07
7.037544551960363252e-08
3.948627633486627897e-08
2.572936075933202336e-08
9.433106847414465985e-09
1.572881925424741119e-08
8.109947171133390992e-09
2.658924542136674643e-09
3.821724839638696261e-10
9.486364424528133961e-11
-3.817807501791892560e-12
6.039632493965979574e-12
-1.502780693589182822e-12
-1.481745005060665164e-06
-1.732468704934113769e-05
-7.578511162347754450e-06
-4.318645924557191163e-07
-3.748261522083553676e-08
-4.629886881995292754e-08
-3.784990936067567389e-08
-1.532212051941462399e-08
-6.118659428342042387e-09
-4.767199365642767522e-09
-1.979584808787250678e-09
-8.303333567354184320e-10
-2.069892667043740736e-10
-5.205709547436951733e-11
-9.056630587617945422e-12
-3.358049686985486425e-12
-6.240258698459573176e-13
-1.334261395002078304e-08
2.043564227629209687e-06
3.674179720454643696e-06
6.206563533529212596e-07
7.614394323019084020e-08
2.858054397757800211e-08
1.701557746838899605e-08
8.124926468002186948e-09
3.491329468144913158e-09
1.744182989661730641e-09
4.239512653400800775e-10
3.098205054426153470e-10
7.369783347798909348e-11
2.024672066616445652e-11
2.578700182119144894e-12
-3.787399931086050983e-13
2.304899505055715704e-13
-2.099674913702018751e-08
-7.630564542558129030e-07
-2.149158064533833648e-06
-4.103135558729296076e-07
-5.961967384718324811e-08
-1.399563493577037621e-08
-7.010536308801772604e-09
-3.193787487318061848e-09
-1.419542710295920469e-09
-4.702931679534174324e-10
-3.708736417360118249e-10
-1.345865259067035090e-10
-2.516626722630876934e-11
-7.565488785417923405e-12
-1.087572042534889803e-12
1.320424963217690838e-13
5.450910343485242065e-14
-3.142501168101482578e-08
-3.023407773924959092e-07
-6.485689816183344216e-07
1.953069246053165038e-08
2.352869577006929748e-08
6.495806055427376959e-09
2.541022349411625504e-09
1.148696336652072503e-09
5.264402160014766874e-10
1.352263413008011106e-10
1.001493017008716597e-10
4.760310707259917959e-11
2.625081885001991126e-12
1.920765947112412030e-12
1.083001029656462596e-13
-4.990134632183152487e-14
-7.317925324504369803e-14
-1.596704524433465056e-10
7.917533602389905494e-09
1.411894915893159887e-07
4.539586056158744980e-08
-3.493880612456757401e-09
-2.403168245191868704e-09
-8.207468812011586269e-10
-3.604997621229402362e-10
-1.897702919814606803e-10
-9.303824858864844507e-11
-3.656756472354138174e-11
-1.971969140241119630e-11
-2.731041604986894358e-12
-3.764524216259365547e-13
1.871807138804792438e-13
1.118154268814062298e-13
2.796634050372727851e-14
