1.373689975779073258e-01
1.026304015622817811e+00
4.390063355633196107e-02
1.441114165831010666e-03
4.687043385501628832e-05
4.633308618672631290e-06
3.895336202861322002e-06
3.229745928203000258e-06
-2.539503929314921087e-06
7.563921480316438492e-07
2.473219359176948483e-06
7.553396105100911825e-07
1.002960946234678491e-07
1.050906287049754817e-08
-9.604893573183301903e-10
2.859366665251225043e-10
-4.758087740609127655e-10
-3.106686587136325145e-02
8.183707324492575652e-02
-8.721024698893247926e-03
-7.725332655704791798e-04
-4.361647514583085361e-05
-3.167411810529434780e-06
-2.290469228241434566e-06
-3.864398426854961826e-06
-4.283275687092745167e-07
2.788836828707047476e-07
2.579572223021335040e-06
4.517270546256046015e-07
4.101356906302466181e-08
3.783270834850433341e-10
-1.005502372682570407e-09
2.167972399122823622e-11
-2.141068614056657756e-10
5.344787180153407966e-03
-6.200286528032548190e-04
1.457107329200725294e-03
3.276122440605213791e-04
3.244376281791464336e-05
1.767576590390290780e-06
2.969937025348963795e-07
2.384919286319287059e-06
-9.176319452622634696e-09
-6.408249888441658520e-08
5.512077335776155953e-07
-1.691375674959234504e-08
-1.049783365429710552e-08
-3.796307015133857400e-09
-6.048090138367398951e-10
-1.061321259528626620e-09
1.483032118154941983e-10
-2.636517483318017449e-04
-2.750752559603770846e-04
-8.292338251371008382e-05
-5.346888486589195476e-05
-1.295448797211680183e-05
-2.002562058848321292e-07
-1.995854365982427379e-07
3.128354982360740795e-07
9.800714706594364835e-08
9.292967420456643175e-08
-1.264555745996563603e-07
-1.169993796999985057e-08
4.455966129110956820e-09
-1.415482369895724854e-10
-2.896796661587651462e-10
-6.114394162186510645e-11
1.398549959013780980e-12
1.152812094503194164e-04
-7.555474599543492880e-05
8.844377006261342736e-05
1.087262196470640043e-05
4.593439318368656311e-06
2.882354261118492945e-07
-7.293183630079079124e-08
-2.700997458785045405e-08
-4.982883706352990630e-08
2.476487089091474507e-08
-3.592194976268560086e-08
-3.992200357796410988e-09
6.634910690532109175e-11
-5.966423939328328241e-11
-1.466295827103621788e-10
1.438994969878421729e-11
2.927466055943518063e-11
5.609535188133468243e-06
-2.492299398269796833e-05
7.115106940268433259e-06
-4.329632670043668938e-06
-9.695209741387360045e-07
6.737589989665465012e-08
6.719968847359828861e-08
4.278978380138600588e-08
2.802621623944723927e-08
-2.157526089212470133e-09
1.470878426690614510e-08
9.983333797070481615e-09
1.576442584243509233e-09
2.504568284809425422e-10
3.234220392505699135e-11
8.636890941615627547e-13
3.781548395947197956e-12
1.347087909799601074e-05
-7.402135464569499780e-06
2.053058721690076427e-05
-4.848973723227209965e-06
-3.960477132958296632e-07
-9.091249407278464684e-08
-6.265788764354959171e-08
-4.210130892038404818e-08
-1.846661857198150672e-08
-6.177566432444953384e-09
-3.244988141654398413e-09
-1.748649532842342646e-10
-4.681298390860681240e-10
-1.104013033716271598e-10
-2.219668194701927143e-11
-1.111853554884946190e-12
-4.409785502818100708e-12
-2.113926649720822707e-06
5.765739998522810921e-06
-3.399936512135846869e-06
2.585927216914501379e-06
4.832684248079946938e-07
8.219740850949487302e-08
4.008166339199951218e-08
1.952931789422546816e-08
9.305315456792671611e-09
2.720993255131754830e-09
1.390051810817515804e-09
7.616848354953502140e-10
1.088935056079641652e-10
4.092350811070012253e-11
1.249226649591127697e-11
2.861397979222659635e-12
4.175813744615428927e-13
6.947812887847907349e-07
-2.790864411252301897e-06
1.089046789146730538e-06
-1.730310485389945169e-06
-3.306526962662261068e-07
-6.260206436730895632e-08
-1.851125139111060778e-08
-8.629695364899436778e-09
-3.793746304117871471e-09
-1.264899772681310562e-09
-5.851957094933690626e-10
-4.804271879137323719e-10
-1.385188629255921828e-10
-1.760129773984989657e-11
-5.487698145124399838e-12
-5.576759910624612226e-13
3.969678828129661105e-14
1.744910015472152338e-07
-5.790886145887284311e-07
7.353464773267801318e-07
-3.941007307802186340e-07
3.986316758081095645e-08
2.840400145628263071e-08
8.630468562780516006e-09
3.383735341720112638e-09
1.329876606098347412e-09
5.735743408438624812e-10
3.772748594274524316e-10
1.164349931863505173e-10
8.765424269965311957e-12
1.657939500374238053e-12
5.595572837792490518e-13
1.168589644178899931e-13
-2.723440011911447299e-14
6.702316226836416759e-09
-7.124913091280520122e-08
1.462940178353042492e-07
-1.311586589268798781e-07
2.756631944966880042e-08
-6.944915281933349503e-09
-2.888204865986552337e-09
-9.699861499608169616e-10
-3.563127531755591214e-10
-1.259506451876361439e-10
-6.244184169940642662e-11
-2.285397058060584758e-11
-3.483660161525683156e-11
-2.831915804283810784e-12
-6.929752415215065882e-13
-1.209926168698797788e-13
-9.363454517301427049e-16
1.539504148593861740e-02
-1.568097298435475878e-02
-1.190307191577192952e-03
-6.378107510843896366e-05
-2.121892622699162686e-06
8.264044781253698558e-07
8.269004073145251116e-07
2.208911184212282185e-06
8.953209997360270265e-07
1.025493392355870863e-06
7.451870948202328624e-08
-3.878944747678737260e-08
-3.253225035149419273e-09
7.475130835988545054e-10
1.247141321620243937e-09
1.164127308017221009e-10
2.834597222189128864e-04
1.339720537387259014e-03
3.063723538228085765e-04
3.075970577034767652e-05
-5.523870862077894137e-07
-5.426153796938602641e-07
-1.109485692275627175e-06
-6.484547313033114033e-07
2.266583299631714605e-08
4.033610827453879224e-07
-1.221539044577223696e-08
-1.109021205242684135e-08
-8.516202412928187109e-10
-5.038699553522616305e-10
4.862958781583557947e-10
-2.075460585649608517e-10
-2.057002446145885801e-04
-7.521263550880833554e-05
-5.436895002832263767e-05
-1.300902697916489785e-05
4.969528598476798235e-07
1.364509246181293743e-06
4.785166590395404805e-07
3.252609499465712733e-07
6.096816936895963869e-09
-1.288042334899195070e-07
-2.441450837052691888e-08
3.581383149514391280e-09
6.768719112450702824e-10
2.051118522678638422e-10
2.057932735425781466e-12
-8.458666674498534560e-11
-2.737367132637314737e-05
9.295524443003641253e-05
1.127562952388088095e-05
4.259950593542711486e-06
-5.085054968154592769e-07
-6.394855753315991646e-07
-4.646935259976607528e-07
-6.012231642540776133e-08
6.798749149121536316e-09
-2.555447034611731870e-08
4.012957306183437226e-10
1.459141547189601412e-09
9.228406192900303230e-12
-3.932372116722479290e-12
-6.011029521512857977e-11
-2.672115300764992060e-11
-2.176743126685319921e-05
7.789756540089297438e-06
-4.407339534218216626e-06
-7.264319653281002849e-07
2.675369828818105679e-07
4.028024455515290482e-07
1.805838419997894926e-07
4.358149055878424946e-08
-3.517785974440509579e-09
9.940416943421367807e-09
8.226180059092806702e-09
1.049537786453478380e-09
1.712943898516652146e-10
6.412199694466691927e-11
-7.191967142236295695e-12
1.141504842815143193e-11
-1.015430512708061804e-05
2.033480594863536331e-05
-4.845213873777934998e-06
-5.274452177496399761e-07
-1.911458879053296161e-07
-1.513007154475571326e-07
-5.973749569151772109e-08
-2.417798572526062709e-08
-6.153260183155953237e-09
-2.008386386855181503e-09
4.615951268881414246e-10
-2.952642802830812765e-10
-8.349063114902273609e-11
-4.267109808441035026e-11
7.400137564354974957e-12
-1.144401057714577169e-11
6.120672291594050543e-06
-3.374469876117107428e-06
2.599309445840955590e-06
5.288288536131385363e-07
1.218706288834178766e-07
5.525942167752414200e-08
2.628743272847052406e-08
1.043595527313292448e-08
2.077807624239134407e-09
8.396665278949251269e-10
5.144843694710140619e-10
4.475423689845314679e-11
2.920223509346246949e-11
1.391744636637375563e-11
3.827783365626336391e-12
1.871005297559045987e-13
-2.908094976628763715e-06
1.074253754498584543e-06
-1.738293419729802421e-06
-3.452681120908803894e-07
-7.260183058623819563e-08
-2.477483449694379959e-08
-1.052907241426095881e-08
-4.027286520958690195e-09
-1.010624289574652410e-09
-3.993140692765966132e-10
-3.919384311091885887e-10
-1.122648633699528370e-10
-1.304261741560898190e-11
-6.264692166152542084e-12
-1.623573155210149679e-12
-1.073669027733116271e-13
-6.023967300977809979e-07
7.366285192366890372e-07
-3.919712232252031624e-07
4.364877766047635038e-08
3.121504095894208471e-08
9.860479247397722902e-09
3.991589816602802198e-09
1.509718989207988297e-09
5.206653673488559185e-10
3.180271332074393769e-10
8.573937787945001492e-11
-3.766868508579478969e-12
-6.396404813555654813e-14
9.645644041365836259e-13
2.722895752205072985e-13
1.768194593850269787e-13
-8.030972384719828762e-08
1.473834760207196929e-07
-1.356723866783252091e-07
2.583596041767656628e-08
-7.648443340279620235e-09
-3.820682454106302031e-09
-1.416132328378291924e-09
-4.555709408286261720e-10
-1.619757210934164770e-10
-8.740494869486202612e-11
-1.640729984550177091e-11
-1.821908444071344289e-11
-2.977219142723847130e-12
-8.968150309563155102e-13
-1.565872931242203931e-13
5.572523683166541202e-14
-1.017252289018383715e+00
-4.362061172420923783e-02
-1.432178737622196926e-03
-4.353699098754628002e-05
2.007832096997720565e-06
4.948856173415799480e-06
4.443882295128613237e-06
2.833870910655723167e-06
-7.984284010999090779e-07
-2.421168340067173664e-06
-7.668180154233329117e-07
-1.026231023244806448e-07
-1.605845681070878009e-08
1.543012877868066501e-09
-1.739525286826576791e-09
9.567165531334752596e-10
-8.669161614766558721e-02
8.452715032631617428e-03
7.619009493121916068e-04
4.286221431944516340e-05
1.091670726142510508e-06
-1.152953950784265734e-06
-3.410409939129502597e-06
2.164670251985410580e-06
2.030782512097680512e-07
-2.440555682387738587e-06
-4.303343148443157663e-07
-3.519033304821421689e-08
-9.113888348872901006e-10
2.314703518251392137e-09
-9.612938950092766520e-11
3.383314944561637990e-10
2.664953974071173400e-03
-1.274873027895393829e-03
-3.204893455561725712e-04
-3.502171820129385595e-05
-1.248669948323413108e-06
1.411263159146279172e-07
3.239552953311202432e-07
-1.328738216543098692e-06
2.267670827864700002e-07
-5.983524020814206045e-07
-3.175338035456394785e-09
2.225009968795060501e-09
4.281036968837571647e-09
-2.469247789091861781e-10
6.805688696887974789e-10
-1.611251364842456188e-10
-7.611833164449583378e-05
1.392567882705462927e-05
5.017525955245832902e-05
1.369407351712821820e-05
-1.288585903788441919e-07
-1.998789367884874250e-07
3.356691150667953836e-08
2.777529287948342136e-07
-1.341557612498487330e-07
1.643626009860034516e-07
2.410815613896456941e-08
-3.910708854619984127e-09
-8.527276685819200194e-11
2.092347793800453377e-11
8.128198577707103676e-11
-1.318841745033427956e-10
1.629465252313318918e-04
-6.648827544735201123e-05
-9.857237549645998979e-06
-5.176821351092087073e-06
-2.782172390353971917e-07
2.870883774524512719e-08
-2.181990333730617860e-07
1.986438681669248088e-08
-7.093011391188912777e-10
1.927731290993600748e-08
9.714851119509204207e-10
-4.864963979382205960e-10
-1.351575735374788169e-12
1.098135182021195228e-10
3.563182873164958107e-11
-1.705217664345474583e-11
-1.898163307295629447e-05
-1.354445744694828778e-05
4.087800776077264141e-06
1.214072916181720709e-06
8.683199596167140673e-08
4.247539401223029685e-08
3.107458349596782199e-08
4.729126221241935485e-09
1.736303450798591963e-09
-4.653636833535335416e-09
-8.586061926077035703e-09
-1.127451438999942024e-09
-2.570185753133225416e-10
-4.189497068920082788e-11
-2.240118066480993827e-11
7.483862572943280690e-12
-1.669914595766337214e-05
-2.157778390131586901e-05
4.726061629788580886e-06
2.762223109324119986e-07
-2.085925038357652956e-08
9.259431542039140396e-10
7.636503867705937324e-09
-3.950946197074090449e-09
1.168177913584149180e-10
-6.811216394735167939e-10
-4.117893471055621515e-10
3.058788219992062553e-10
1.229255231362656398e-10
2.309714956546871097e-11
1.076231215168272007e-11
-3.961724335363168603e-12
6.567249941827338787e-06
5.455748271878101694e-06
-2.350684639951635663e-06
-3.999641053284354944e-07
-2.575218788609728089e-08
-9.420827095975094579e-09
-4.554080329334353778e-09
-6.028108975649202638e-10
-1.605309160186238984e-09
3.261786911501316062e-11
-5.433248699443751260e-10
-3.656750388319218722e-11
-3.659991588125506129e-11
-1.046636765516604890e-11
-5.348289735460154710e-12
1.020653404026930945e-12
-3.098506427072272854e-06
-2.700169766290575727e-06
1.515704313114862778e-06
2.812579183217736652e-07
3.726555216203531875e-08
5.606891014640014238e-09
2.536316582029078024e-09
9.558875523399751897e-10
9.686833806301145209e-10
2.203592648955946827e-11
3.774205978715567096e-10
1.118827461010919667e-10
1.497872785804386324e-11
5.256937541853734096e-12
1.148983539971920854e-12
-2.765673917032455897e-13
-7.199224205969545107e-07
-7.156732269658546809e-07
4.828686813721493931e-07
-1.523416973600235667e-08
-1.825249328200145349e-08
-3.998110309815477404e-09
-1.304063983830504144e-09
-5.712534222191737974e-10
-2.741861097632559477e-10
-8.884195872504575918e-11
-9.345340563492739038e-11
-1.716476683159664660e-12
-1.717141045267097195e-12
-7.318066830645689962e-13
-3.362028411307654544e-13
1.378338158600984330e-13
-8.795706254520727317e-08
1.469838920846497395e-07
1.209874762688762654e-07
-3.583958176386810003e-08
3.818384999574465354e-09
1.592304934426075553e-09
4.380869070677257625e-10
2.884683371476201544e-10
1.143869762704155183e-10
-6.947994769935578716e-12
1.734440161219476471e-11
3.343741904197359931e-11
2.095069881467873244e-12
4.935615417472134299e-13
8.047419547180386656e-14
5.781590058168942737e-15
5.427106631327041630e-02
2.282525088371639699e-02
-1.529575135909030416e-02
-1.177486387955069486e-03
-6.581387680413071275e-05
-3.950614879192834039e-06
8.172984509192173946e-07
-2.269230649748986326e-08
-1.244751340385065588e-07
9.802618635390422378e-07
1.051333532176877717e-06
1.090551337719782301e-07
-2.933601449797273427e-08
-2.353045297939415347e-09
-1.069852022187169438e-09
1.282887088970321815e-09
-1.539076542648795604e-10
-4.931476473133003004e-03
-1.624414673084420254e-03
1.164754753821879317e-03
2.970574563816136921e-04
3.235372902028276051e-05
2.599146122661497625e-06
4.972073730873321042e-07
-9.897793115690477999e-07
4.438750564234368928e-07
-1.004949679154451650e-07
3.838814576839499996e-07
-1.077190024490821785e-08
-9.889822056001613803e-09
1.875720549197509468e-09
-6.408571598945204741e-10
5.196890038492087590e-10
-5.241887353942260871e-10
2.425760583985824275e-04
1.499925088364700528e-04
-5.347564976168306565e-06
-5.051469189098452609e-05
-1.531994763419091557e-05
-2.149001145655719026e-06
-5.889899312604329817e-07
-2.870084954901914865e-07
-6.413707131345459402e-08
8.800012000019473062e-08
-1.319246215713556058e-07
-2.434188915821631299e-08
3.261165605914545345e-09
5.663076565612747430e-10
2.743332978027667462e-10
-9.811439577109085391e-12
2.883238248172818551e-11
-1.316429708406445683e-04
-1.171339190787177724e-04
6.996709616814063303e-05
9.636024718736415346e-06
5.673376136001431072e-06
1.032452805424927281e-06
1.656695248060710371e-07
-9.782016760412649861e-08
-1.007027919842794970e-08
-4.420945027740367423e-08
-2.259215776749460317e-08
-8.876018416889521015e-10
1.803743196706507190e-09
1.134917600224524173e-10
1.513314891921910040e-10
-8.197559051079571023e-11
-1.328454963027793592e-11
-6.319996354860960454e-06
2.224903343864335402e-05
1.456846307145860981e-05
-4.000879832269344403e-06
-1.709931673121547686e-06
-3.658774061674234784e-07
1.299774320269335353e-07
5.644681097085676450e-08
1.445145502384318597e-08
7.612846592972105579e-09
5.161995247308603574e-09
8.066408937902458457e-09
8.016578980998645482e-10
5.143834693568632076e-11
3.989829324373571062e-11
2.354271598416620342e-11
8.756735614749318552e-13
-1.325416159734629207e-05
1.377580489860127573e-05
2.125668515714711391e-05
-4.688468145520095219e-06
-7.328104600307707315e-08
4.988695892346647583e-08
-4.488308976998385670e-08
-1.340221790303636643e-08
-4.781711459309442238e-09
-3.988926133568032120e-09
1.198466222424896574e-10
6.046728383971272288e-10
-1.918059102307306958e-10
-5.400167177848889340e-11
-2.867577098427514759e-11
-8.430520925301098223e-12
1.782152403768482810e-12
2.153523053396707762e-06
-6.147972161439566442e-06
-5.401156013398976713e-06
2.324093609957404639e-06
3.537939993845462293e-07
2.675704399645382719e-08
1.249165344369610933e-08
8.730412138438499172e-09
3.319544021499479529e-09
2.313624686478557845e-09
8.415945106416794127e-12
4.455146781510110432e-10
-1.293813735071884431e-11
8.358873322920809441e-12
7.543338089882072311e-12
2.247859682303252642e-12
6.064103072131520740e-13
-6.955924711472102636e-07
2.966030358544452310e-06
2.686409199321976531e-06
-1.507797461381262860e-06
-2.740409295715022012e-07
-3.799680533615992769e-08
-8.739809095101785024e-09
-4.074198420363268615e-09
-1.780067131838365351e-09
-1.143787107778673245e-09
-2.307217770243700437e-11
-3.389425847966298988e-10
-8.807759216467408284e-11
-4.986405027673921420e-12
-3.815329513299276375e-12
-9.762023257128967552e-13
-3.800056618245358770e-13
-1.651701658674921337e-07
6.995614678570620555e-07
7.142859884039848242e-07
-4.850291898417446218e-07
1.475080306475788990e-08
1.918885718673582282e-08
4.390742942741235547e-09
1.901211990702392835e-09
9.215683516615618783e-10
3.487707049334041165e-10
8.820903212279646944e-11
8.147913115266805516e-11
-1.096953146807218027e-11
-1.761989821512563873e-12
1.873463608651583995e-13
2.878656116048051441e-13
-2.901111478460328630e-14
-4.188528011533006629e-09
8.062209337321928542e-08
-1.596613804184548080e-07
-1.275339446206966557e-07
3.635490429648142966e-08
-3.330883126605817452e-09
-1.980983166551461046e-09
-7.405941016600428057e-10
-3.667293682153285359e-10
-1.512455696157299213e-10
1.269838291637073223e-11
-1.726498331093786225e-11
-1.481910219103727086e-11
-1.493087217958135579e-12
-4.839819040296722612e-13
-1.249696725567764922e-13
4.399923344231283390e-14
-1.565115616589234371e-01
-5.098019550168012351e-03
-1.582825208084521779e-04
-4.780804712987577076e-06
2.530327661642073539e-07
1.794988710278541584e-06
6.840524772686011617e-07
-1.506376646172441855e-07
-8.623509395516688603e-07
-1.018296058266822525e-06
-1.513328632892612240e-07
-2.490658008537315658e-08
-9.773311119181629334e-10
-4.083892640859463530e-10
2.517182440779361094e-10
1.032901472968951813e-10
3.265475096942820066e-02
2.727161948410625723e-03
1.513961208454925333e-04
6.597676170107292087e-06
-1.269630918404338393e-06
-7.474949193255800178e-07
-2.702503020770101507e-06
2.040188831342226088e-06
-8.044904791566662245e-07
-7.321486735136105030e-07
-3.972926556318527125e-08
-1.230730688641876555e-08
1.350427642822874290e-09
-1.277286651718959904e-09
5.888207167873913269e-10
-1.626298669410726539e-10
-5.578663181045748036e-03
-1.139248621038727212e-03
-1.133103081360807763e-04
-4.428218360844976262e-06
9.442742117280425529e-07
2.553546793646335272e-06
2.376523859025159285e-06
1.090181649984499603e-06
3.407885337913395203e-07
-5.887980645143107259e-08
3.744333745520522496e-09
-2.295560273684230648e-09
-3.876957272453078406e-10
7.222322224706198083e-10
-1.059820006669621609e-10
1.564664931951967515e-10
1.888822922772299235e-04
2.027375716040583369e-04
4.500168284120311480e-05
3.035264726112715231e-06
-1.323511747079756895e-06
-1.246508375989873239e-06
-1.135974734135016675e-06
-3.836255286044300374e-07
2.489573667017877622e-07
6.601586685755261071e-08
1.010954991136100939e-09
4.529212330724400376e-10
-1.212808959442419461e-09
2.698580217299979031e-10
-3.418091750468916562e-10
7.210771361066654123e-11
-2.646305588742503914e-04
-4.391356620422882489e-05
-1.474512128120796192e-05
-9.753465265304344843e-07
7.782366346078328860e-07
8.144039906042220142e-07
3.136328295566981921e-07
1.264007869658287219e-07
-2.652401934066464328e-09
-1.122560168974368120e-08
8.208872270852216046e-10
3.653545393797958425e-10
7.198201300520364972e-11
1.110086910648860249e-10
-1.130188949148717184e-11
2.923535955300064824e-12
5.159115139435546801e-05
1.981909681523400947e-05
4.527595742125464720e-06
2.989306688011831913e-07
-6.511269779328990333e-07
-3.726549621786464932e-07
-1.191068785743008087e-07
-4.464717919225714634e-08
-2.293287096995508907e-08
-7.220319438204106238e-09
-2.322839521639224798e-09
-9.698836537766211601e-11
9.583676902045366069e-12
-9.505380884898317914e-11
1.327013848630113516e-11
-1.870087985660865580e-11
3.412729766779014313e-05
1.477643737532492125e-05
6.656073377882013911e-07
1.104790217314052634e-07
2.935490643934497927e-07
1.436086828510221914e-07
5.957428971882638192e-08
1.716323682501588289e-08
6.392006973789074174e-09
1.393129479059244270e-09
8.575234790351689286e-10
1.454659295706873999e-10
6.629563645131388552e-11
4.628258240680460607e-11
-9.629938323093128062e-12
1.569081045311063261e-11
-4.668032368005247923e-06
-8.028726499858344630e-06
-1.304690053038418872e-06
-1.955940592436874878e-07
-1.062097839494150403e-07
-5.612621007880188042e-08
-2.451899932434436631e-08
-8.537575763268342319e-09
-2.711407701244362473e-09
6.818273377734110488e-11
-3.756416639142938899e-10
-5.408232739677663382e-11
-3.716208318895174735e-11
-1.078570418232318987e-11
-2.328660157895371477e-12
-9.500857812646289717e-13
1.788208907763045291e-06
5.124345979082319991e-06
9.878922143621773369e-07
1.537025254830825113e-07
4.586031267602491817e-08
2.090122040035986042e-08
9.593591334705408319e-09
3.324102822105549659e-09
7.364325331513459718e-10
5.494396294834972823e-10
2.307648857546600942e-10
2.600186956174588301e-11
1.572404065722558066e-11
4.563834329401960400e-12
1.258599735019971724e-12
3.594990839642452607e-13
8.225522860974710436e-07
1.803386577890118629e-06
-5.236391845779951533e-08
-6.820648451768300989e-08
-1.957911428865993402e-08
-7.889414578251736080e-09
-3.355867274193377176e-09
-1.245807211819926225e-09
-2.168026965137035840e-10
-1.764893845650833262e-10
-1.122384654459186612e-10
1.951566004712166077e-12
-4.195683604118677883e-12
-1.255298931170837141e-12
-5.155780262838271048e-13
5.501654213039235221e-14
-2.145845956710301404e-08
-4.354252349357192008e-07
-1.356225903294295804e-07
1.170763863118172988e-08
6.418350291479473032e-09
2.186402736008833716e-09
8.935958743242936565e-10
3.814885185577727240e-10
1.673695006938061997e-10
6.433443053901855624e-11
6.006919706903305680e-11
7.819634284100918896e-12
9.876746132819601349e-13
4.016742342970418268e-14
-1.009717882033659979e-14
-2.722715536082511903e-14
-1.146800807616567552e-01
-5.798896914049631729e-02
-4.169977462712491645e-03
-2.168866333164086576e-04
-6.942632047280441728e-06
9.425512030785115922e-07
8.984582764152420266e-07
1.828428398124226945e-07
-2.208894499419786342e-06
6.473228730110508102e-07
6.238572853920918960e-08
-2.661238083353141648e-08
-4.233194499300383590e-09
3.648596701186170151e-09
-2.490230341526609649e-09
9.028078999430053537e-10
2.345698223602846273e-10
1.558288630372752382e-03
5.105302901046028519e-03
1.061907878072205179e-03
1.087428405239301572e-04
4.939941438781057224e-06
-2.015062498903026538e-07
1.590596022909959486e-06
8.938875351455351075e-07
-3.585802539350211317e-07
-5.315791680947932030e-07
9.340911147971675912e-10
-4.293101757480447036e-08
-6.566338883282670259e-09
1.366595313957043257e-09
2.848748900123467431e-10
1.080661385771892492e-10
-6.797307079412517036e-11
1.275637903700491105e-04
-1.688151557194210570e-04
-2.027522850454328135e-04
-4.335419032122674038e-05
-1.535522916466833809e-06
4.878492861519788551e-07
2.735624228216141720e-09
-7.768349080786507328e-07
3.300422938307544719e-07
-3.277691556914330823e-07
-3.352897261388039164e-08
8.363306739981689216e-09
4.434785867694865753e-09
2.881665383736376929e-10
5.785278603150689047e-10
1.471239279895649720e-11
-6.642243416134305797e-12
1.029800887305953335e-04
2.833635203019601169e-04
4.530722364533846651e-05
1.443065103269296443e-05
6.917840312258208655e-07
-2.789648780300082244e-07
4.618972226920911607e-08
1.397655675865630135e-08
-7.852266028762651988e-08
7.385424024836465939e-09
-8.562668109793186050e-10
-6.048772362806055708e-09
-1.209612238942204094e-09
-2.519879310041518796e-10
2.652185794584768002e-11
3.764689248154938745e-11
1.025838846494739660e-11
-7.966878431334340329e-07
-5.094194800059694027e-05
-1.957124530832453935e-05
-4.248685570985569885e-06
-2.142049305498461592e-07
6.902186428406527441e-08
5.832987480614472110e-08
5.668195770521192510e-08
1.770341039827081357e-08
2.607633966817818527e-08
1.179187375350647414e-08
4.608259834807052012e-09
5.028016300190984457e-10
1.344015916339656616e-10
-1.686316041354712710e-12
9.078798515296311523e-12
-5.572288996800773672e-12
-3.018117387433822774e-06
-3.417662835915788433e-05
-1.485674512952477599e-05
-7.710549440225808926e-07
-5.879715147530805719e-08
-7.946727569415578006e-08
-6.804821504021230748e-08
-2.855067017067267810e-08
-1.145384253185328174e-08
-8.695616065387398823e-09
-3.296021151373682209e-09
-1.676334562417379078e-09
-3.340095822733513425e-10
-9.712101144838459099e-11
-1.710346999383974124e-11
-5.444395506631174496e-12
-6.245426742628588976e-13
4.131291440077635360e-09
4.575078495978379021e-06
8.046367440619098284e-06
1.316843739230446102e-06
1.531748475433372987e-07
6.059839731805270102e-08
3.589400988031968431e-08
1.617243135116612136e-08
7.124099132021835684e-09
3.526218848922360983e-09
5.898198231558707027e-10
6.450613842246603584e-10
1.346228538068045257e-10
3.937281678427955485e-11
7.150725904942790105e-12
-5.312737931609322791e-13
6.679224182240848150e-13
-3.862200862269704798e-08
-1.770361188057921648e-06
-5.128337421599990491e-06
-9.830929246402782560e-07
-1.391510955992829573e-07
-3.330325930045496466e-08
-1.682875646992067699e-08
-7.409062224536831734e-09
-3.232416553883498439e-09
-1.057333021625210262e-09
-7.842037127522818000e-10
-3.240355219648863249e-10
-5.353042554419806147e-11
-1.588308692543223274e-11
-2.851289034699888119e-12
4.718625159666424647e-14
1.263879441671475808e-13
-8.581183897540466396e-08
-8.351360120918983484e-07
-1.802778473585038953e-06
4.933687184671875320e-08
6.293499048136974130e-08
1.695964471024752890e-08
6.921858913065003014e-09
2.983702792133556224e-09
1.346724791932420382e-09
3.455943498118243039e-10
2.653949507769352599e-10
1.368093045044900394e-10
3.794670417407898310e-12
4.586408544938182962e-12
3.113066199549356112e-13
-2.594060490623863016e-14
-2.118800066025170034e-13
-4.201847164685002600e-10
2.348619386600649320e-08
4.360160186412298986e-07
1.415204300434069817e-07
-1.041441987953599964e-08
-7.114023953547834955e-09
-2.532740177813396502e-09
-1.096285007340933878e-09
-5.330205128915418524e-10
-2.650961895191058640e-10
-1.039342161554434324e-10
-6.831874424824203459e-11
-6.549443484026592679e-12
-1.484123964278325030e-12
2.652364264930258110e-13
2.573429977355601123e-13
4.877222012081686972e-14
