1.391259155496038236e-01
1.025409471980861742e+00
4.440142020949734702e-02
1.507685647701656776e-03
5.168863169424086490e-05
4.710517978184895262e-06
4.201582126536508442e-06
3.286725906525438647e-06
-1.874408854135405985e-06
8.621111947960534474e-07
2.161095635466933149e-06
7.092163450941253949e-07
9.248351126092253953e-08
1.009605099920228977e-08
-1.000199157632908217e-09
1.498624597789775326e-10
-5.091007827328356787e-10
-2.364506211014002698e-02
6.180086730858785904e-02
-6.636708472763655324e-03
-6.030609663105771174e-04
-3.492868121455305712e-05
-2.376923917589486121e-06
-1.739923973751279781e-06
-2.933363645724385426e-06
-1.786313112832750250e-07
1.813794546590470126e-07
1.793094607360759651e-06
3.421610831688378059e-07
3.165344439258795382e-08
2.922642513924623934e-10
-9.335343326009398130e-10
1.565660993093084402e-11
-1.590190238340856534e-10
3.067641478077857975e-03
-3.256084582589659476e-04
8.372388313998698709e-04
1.911142858662920503e-04
1.939374455577797210e-05
8.951648299444428189e-07
2.424266942958379094e-07
1.428495361394102798e-06
1.301871063489059607e-07
-4.325484873299171719e-08
3.056080174876444395e-07
-1.079919616785968153e-08
-6.920109500740063861e-09
-2.533805706923705870e-09
-4.516272496808652647e-10
-5.992761188532162441e-10
7.596241159241053847e-11
-9.817632529530359576e-05
-1.419532741309400355e-04
-2.672363580709963163e-05
-2.206303704313815800e-05
-5.545642960989140390e-06
5.662936630461771065e-09
-5.467319499308257497e-08
9.676933409370006023e-08
3.543269576908166558e-08
4.407110236401847476e-08
-4.596512825910587253e-08
-1.973670672525542217e-09
2.472268612746117620e-09
6.575663123063682610e-11
-1.153555415853870285e-10
-4.373182396742726249e-11
1.202854112732161305e-12
5.079010785739386031e-05
-3.757689873335614232e-05
3.789252887521902575e-05
4.151761143273026643e-06
1.451471382420384725e-06
5.904545104265612773e-08
-3.682102129866590769e-08
-1.480017506915395825e-08
-2.062300410047317553e-08
6.431989232723971433e-09
-1.360871013089666648e-08
-1.834269628108221520e-09
-1.026093721230289322e-10
-5.859199394381210467e-11
-5.442919968661350974e-11
2.436286342906838022e-12
7.365378426327073730e-12
1.669899594620453858e-06
-7.986556011214062694e-06
2.440362125065103060e-06
-1.376127245550766326e-06
-2.215371047872952742e-07
3.543598297666891258e-08
2.589563826086392587e-08
1.439187252790755333e-08
7.830196665875887531e-09
-8.725001843460694283e-11
4.015146535381965234e-09
2.836745937455122038e-09
4.742631725486979757e-10
8.926827419914178523e-11
1.416104525180877441e-11
9.914534924996714479e-13
8.137802351111090832e-13
3.109048937635173668e-06
-1.651769764023264413e-06
4.696617108766326665e-06
-1.123412686591232360e-06
-1.046526066901871725e-07
-2.647487380158632394e-08
-1.602631747018279351e-08
-9.739661068392253566e-09
-4.337496138776167810e-09
-1.543851043606513136e-09
-7.706092442677871008e-10
-2.773518350979749004e-11
-1.092016593976702489e-10
-2.725294675108180952e-11
-5.278494006122258503e-12
8.347419314365928818e-14
-7.609747782844729595e-13
-3.679597400805367171e-07
1.007327654618796976e-06
-5.734273758449756901e-07
4.573771929512652896e-07
8.799459133933378666e-08
1.588780677763605811e-08
7.368785716745497282e-09
3.481890176082983231e-09
1.643178375358684131e-09
4.970418431917332614e-10
2.534084741791254883e-10
1.360734646873477830e-10
2.137370204368166416e-11
7.767038603457735313e-12
2.060180833370041380e-12
4.111266766591587971e-13
1.677145882666818443e-15
1.012439387622252590e-07
-3.848801277941125259e-07
1.693694411075334244e-07
-2.430501692165700459e-07
-4.596184829069906325e-08
-8.770790952511773591e-09
-2.598706307599525498e-09
-1.176028169851787677e-09
-5.086712400349369084e-10
-1.683407026689183320e-10
-8.164712939234259614e-11
-6.513517441124294876e-11
-1.844775204968176609e-11
-2.483880137406861193e-12
-6.583869265914042448e-13
-2.326794955874428001e-14
3.365518295573818348e-14
1.732555563832548442e-08
-5.642730657097046840e-08
7.385886859695987397e-08
-3.820636649322787645e-08
4.278313418440592304e-09
2.970310893607463161e-09
9.041442332259151222e-10
3.521516774105179237e-10
1.412981124889432693e-10
6.287283005697938370e-11
3.875152466625676952e-11
1.175091108532445146e-11
8.222119369773407954e-13
1.056531487121877630e-13
1.070271963789735492e-15
-1.262163980274668328e-14
-9.735480123357516021e-15
4.828908740184678409e-10
-5.261779078574874136e-09
1.100433430248266961e-08
-1.005029516725533792e-08
2.033352768750516334e-09
-5.401694815984840029e-10
-2.320148319820090087e-10
-7.749688511687034110e-11
-2.834694663209836497e-11
-9.581351328901471393e-12
-4.654927607905773924e-12
-1.213021425667258317e-12
-2.213914054326421297e-12
-1.811124697297979944e-13
-4.267635442585312481e-14
-4.987196119263209606e-15
1.347252848401069892e-15
1.158507340268434896e-02
-1.194173638098599416e-02
-9.258972304091349836e-04
-5.081540527358458962e-05
-1.079605420450114764e-06
1.370176238591594720e-06
1.246721067616893820e-06
1.720276661013082007e-06
6.035684073997792117e-07
6.742309995964431670e-07
6.058252148343975671e-08
-2.982576850268228122e-08
-3.012306395005267984e-09
6.804762813345964487e-10
9.127215048809043053e-10
1.339186610022596868e-10
1.794469433518542224e-04
7.674204058511752526e-04
1.789309233855073213e-04
1.850953118617840867e-05
-6.647006883077129057e-07
-7.063963132578175510e-07
-7.857454580281995198e-07
-4.123891923314386282e-07
2.434042526841441915e-08
2.208762233443836517e-07
-3.201205663763606082e-09
-5.941056267024471987e-09
-5.047884145228271557e-10
-3.463564335223470139e-10
2.568222292992298584e-10
-1.348350653597454860e-10
-9.789292295179869102e-05
-2.165372507920154208e-05
-2.228228761902067626e-05
-5.552949658497229675e-06
4.478421172264017641e-07
7.417039599492775456e-07
3.187241798276996352e-07
1.602095082493511127e-07
1.580843587987222738e-08
-4.803336718330764277e-08
-8.745392789995230011e-09
1.471584545492000287e-09
2.501720092578221579e-10
6.513649973846710341e-11
5.846643702152963657e-12
-3.386286131446158624e-11
-1.540481452871019018e-05
3.990860420314686313e-05
4.319190034364693566e-06
1.317740170435275118e-06
-2.597856479088064887e-07
-2.732233807302116318e-07
-1.784926455333698093e-07
-2.847321760466813370e-08
-1.800532343700759808e-09
-9.744214156915824539e-09
6.493548149969077980e-11
5.551896970914774876e-10
1.705029830556415599e-11
-1.010959063808636231e-11
-2.263348476284422197e-11
-1.128956724483680764e-11
-6.992030273123218889e-06
2.680989267065649674e-06
-1.385054751996683294e-06
-1.491074849057515957e-07
1.027390819356445781e-07
1.209356552589154836e-07
5.292400482890027398e-08
1.365560992561730849e-08
-5.322509420012289172e-10
2.565105483642908559e-09
2.227334032228369524e-09
2.758261861519017685e-10
5.170148642296778608e-11
1.795466593758766413e-11
-7.464514315873407866e-13
2.762544393839021246e-12
-2.294375193290771708e-06
4.644233532986409278e-06
-1.126881731500958230e-06
-1.334541702319395707e-07
-4.998122631816732844e-08
-3.550208346053853594e-08
-1.442369631301563048e-08
-5.810737847164133561e-09
-1.572724602592640612e-09
-4.689465328138754720e-10
1.441235677842034743e-10
-5.660716974263016493e-11
-1.491268304944780481e-11
-9.306523534104647984e-12
2.330128624945036819e-12
-3.223926466651759196e-12
1.069728703150573385e-06
-5.675392465573216625e-07
4.603472644971626441e-07
9.559418057709854874e-08
2.283235339939332165e-08
1.019063457010517755e-08
4.764658442165460041e-09
1.868869610989894173e-09
3.891313553422828574e-10
1.482866715174484512e-10
8.508774798943935207e-11
5.793371524018245315e-12
4.664779474841929683e-12
2.120423513558068183e-12
8.182388412446871141e-13
-4.003779968516310483e-14
-4.037293531050547551e-07
1.668363156103411611e-07
-2.442797548499074813e-07
-4.787537744395942980e-08
-1.013782669185831819e-08
-3.445878650643005623e-09
-1.439630083030757986e-09
-5.490016836309611055e-10
-1.324847294014063241e-10
-5.374907031922011494e-11
-5.102189709479078654e-11
-1.382765356594185449e-11
-1.595070229847560831e-12
-7.515480713011196819e-13
-2.040597573155050609e-13
-4.994079650416564462e-15
-5.880261984401673060e-08
7.406438041723406603e-08
-3.792284497248479155e-08
4.642842775953868826e-09
3.257568982278772528e-09
1.023907137863531560e-09
4.100602137205488799e-10
1.561349681793553814e-10
5.569091668098097188e-11
3.156292421098829974e-11
8.099721190443030286e-12
-4.794639100973810029e-13
-8.611166650007509790e-14
4.876436754562250006e-14
1.522775370879240296e-14
1.927576138334733602e-14
-5.909334646619835756e-09
1.101338239336152839e-08
-1.032480913031856017e-08
1.915865551176221622e-09
-5.884104629556724793e-10
-2.897187999739121074e-10
-1.055691989566059887e-10
-3.290945552121469313e-11
-1.061762967482323425e-11
-5.375578437949055582e-12
-5.092190081449361413e-13
-1.157768861243639042e-12
-1.579813752325119030e-13
-4.646784857096609960e-14
-1.154538104821407144e-14
7.534972209006571529e-15
-1.015954331962765522e+00
-4.409009014739631582e-02
-1.498753101504252724e-03
-4.934619001572116656e-05
1.608844702594644349e-06
5.148110097713796770e-06
4.139436037418446861e-06
2.453003137472715859e-06
-9.422189899081329421e-07
-2.118575996605599854e-06
-7.291116872548770583e-07
-9.788587677056869636e-08
-1.493630530389181389e-08
1.371325779328315154e-09
-1.178933433199843105e-09
6.820281583946086363e-10
-6.558682794192297050e-02
6.421416336105606124e-03
5.947638149239193586e-04
3.482270288754395812e-05
5.817217590693949993e-07
-1.098600964728631989e-06
-2.323701258052481731e-06
1.489200247820442906e-06
1.777866798544422912e-07
-1.672318075707828046e-06
-3.225358436214790153e-07
-2.733818326726709026e-08
-9.083701795902758457e-10
1.685863875107082048e-09
8.792707363358819963e-12
1.945783513397254296e-10
1.519771917623200354e-03
-7.281933182757216677e-04
-1.877506549734504857e-04
-2.155533283926629309e-05
-6.479707974336047724e-07
2.189249571810750369e-07
1.917571073381316934e-07
-7.826686030200627905e-07
1.359362082154551060e-07
-3.368444386404908941e-07
-3.677988348469051149e-09
1.275298414107068871e-09
2.474955618866663539e-09
-3.882934861757088206e-11
4.246553444668508739e-10
-8.082917380996198327e-11
-6.431196097095568259e-06
-3.693576336656253825e-06
2.100129149686103319e-05
6.089984900234495985e-06
-1.888807802738628299e-07
-1.310014631863280925e-07
6.616651659072693567e-08
1.193455672711383762e-07
-5.403039147293361023e-08
6.579582402183440420e-08
8.501867454980453373e-09
-2.002284155217437491e-09
-1.684507929301381183e-10
-4.743286612860898639e-11
4.115241575611085658e-11
-4.856542262808633685e-11
7.239037262995411776e-05
-3.050610401640893924e-05
-3.963136160619206599e-06
-1.717556632723672439e-06
-5.783929172828326521e-08
1.161098600381962002e-08
-7.173992006475379623e-08
5.675031458994462172e-09
-1.743143013232834635e-09
7.151899434151216480e-09
5.632872683603894360e-10
-9.771375162914139067e-11
3.003385683524040350e-11
4.732559592291662555e-11
1.108637219008923909e-11
-4.967532625165696070e-12
-6.240700640236057088e-06
-4.183064078706903363e-06
1.365487019682125499e-06
3.141969742600573022e-07
1.515758965771198504e-08
7.083939655883478170e-09
5.033667138444940699e-09
1.076442489102249285e-09
7.745321501162059256e-10
-1.154663939089681735e-09
-2.361964620120113122e-09
-3.206807720319098146e-10
-8.300146222489122988e-11
-1.701744153115167306e-11
-7.413582715067768906e-12
1.724056273466171367e-12
-3.780481831671365414e-06
-4.960537618013360320e-06
1.078291872687759906e-06
7.031818335375437374e-08
-6.012914507249513726e-12
1.767714723911466447e-09
1.817763867757594847e-09
-7.031218395045902350e-10
6.783184884861093044e-11
-1.002655096767938704e-10
-1.243078917255067373e-10
6.848322215028088548e-11
3.074383236157458889e-11
5.420469959226844906e-12
3.200716017708733939e-12
-1.574140586052128916e-12
1.140812259328132356e-06
9.424694455252547588e-07
-4.115481220332064638e-07
-7.151721846718637005e-08
-5.768373135777949317e-09
-1.955459024763427468e-09
-8.750799314095192171e-10
-1.502454442984632100e-10
-2.916947502878321944e-10
-1.384654022964940271e-11
-9.489712939724138539e-11
-8.023881554873287749e-12
-7.075777706678431953e-12
-1.688959557709105051e-12
-1.013939761249691345e-12
3.540393204396195811e-13
-4.372915234754343912e-07
-3.932084384217592080e-07
2.129417664940479808e-07
3.887440066330830776e-08
5.308885680863743696e-09
8.606140695858536459e-10
3.779683020626824059e-10
1.418334747445011365e-10
1.300760121857273056e-10
6.270143323587695005e-12
5.079139797247733489e-11
1.470083403697567935e-11
2.203187456610460079e-12
6.791332452115586818e-13
1.703305235835841063e-13
-7.929042507688518724e-14
-7.098783925630424057e-08
-7.123528465775413122e-08
4.746390218118192492e-08
-1.680829906747003558e-09
-1.923005466516024700e-09
-4.340921081357359432e-10
-1.389087957726759217e-10
-5.746270928385959106e-11
-2.790546456709258343e-11
-9.138213779588453912e-12
-9.246496104107034541e-12
-2.224866131037516343e-13
-2.200626272910721663e-13
-6.070731176912065089e-14
-2.776210163514780505e-14
2.520225560708265218e-14
-6.493902802431076112e-09
1.112638667349061236e-08
9.243732581254241765e-09
-2.697128614628489100e-09
2.912733716005586448e-10
1.286543055997100671e-10
3.565139134150689518e-11
2.360348507031236183e-11
9.808911976903803823e-12
-6.338380209322893799e-13
1.012804032565126288e-12
2.127749900383821537e-12
1.298787787788618126e-13
3.068652517873864669e-14
7.041363267862732740e-16
-6.832017482471915163e-16
4.135263140298198192e-02
1.736366091623794961e-02
-1.163276754864466661e-02
-9.162867931247631196e-04
-5.335250805082773301e-05
-3.863274127400997030e-06
-3.218902629380587903e-07
-2.947412932106369069e-07
-9.873825277567969386e-08
6.300458642996628252e-07
6.952566010872323747e-07
9.327825458037333502e-08
-1.975659754219281072e-08
-2.157449019266335886e-09
-5.196024460545294239e-10
8.683796279913023728e-10
-2.295342819672362205e-11
-2.827188835875679446e-03
-9.362888266586840693e-04
6.620936697020827350e-04
1.735627533940559521e-04
1.993446321616757771e-05
1.790943815773495549e-06
4.468303563070743838e-07
-5.762126434003020549e-07
1.491444894446798853e-07
-4.859294365076466213e-08
2.040700108765318856e-07
-4.127095359470017891e-09
-5.297326349818071573e-09
1.122753289989862126e-09
-2.725281281274189467e-10
2.693198323790733650e-10
-2.687565496182036180e-10
8.588693667853503891e-05
5.221266500095701844e-05
9.275753473748918877e-06
-2.085186050850032255e-05
-6.886006180969232469e-06
-1.037046826737268501e-06
-2.597142179223654488e-07
-7.192281648575455783e-08
-1.575081205222267106e-08
4.711784562753061148e-08
-4.910399633469864974e-08
-8.278986816398862241e-09
1.500830691579795287e-09
2.555972153535205306e-10
9.426285761555256052e-11
-1.536908491195022356e-12
1.027964533320456403e-11
-5.834471327410270725e-05
-5.135302933048976605e-05
3.209168626900442807e-05
3.895428882490836491e-06
1.940160356278541965e-06
3.645715821594776787e-07
3.436392762726902065e-08
-3.818281353553529890e-08
-4.791628700360588631e-09
-1.690056338759383604e-08
-9.033704066801620625e-09
-5.926288348285111184e-10
5.994736326770219231e-10
5.084097972136780304e-11
5.007359910142090373e-11
-2.647504926111354507e-11
-4.050964616126857986e-12
-1.933074126741652436e-06
7.263041143792427720e-06
4.531763131947148587e-06
-1.334187735065649024e-06
-4.521253271571238725e-07
-9.061082583270313867e-08
3.853347197092212978e-08
1.741591160829107962e-08
5.583933928025938123e-09
2.008217260088745017e-09
1.409189421980950610e-09
2.216739226499401862e-09
2.095705331534312734e-10
1.456438872650386158e-11
9.394484444779929641e-12
5.697948690259758887e-12
4.958791664803971714e-13
-3.055038303319057515e-06
3.102322404641643857e-06
4.882939568531079324e-06
-1.070853163350455246e-06
-2.901548867441782889e-08
6.351859167825443756e-09
-1.044862981414381992e-08
-3.611671682696657018e-09
-1.375030925310682050e-09
-1.013598153788230701e-09
-5.079391448995352409e-11
1.671817175234639450e-10
-3.645070027736685972e-11
-1.066071937664308229e-11
-5.198084634992978184e-12
-1.490251329529985956e-12
2.376105943310046887e-13
3.743450312441152011e-07
-1.067985429390998838e-06
-9.323152757630400873e-07
4.072765413501825090e-07
6.438283176973978520e-08
5.809138354849780148e-09
2.567107917488003521e-09
1.664468540039341384e-09
6.434316380969363624e-10
4.322900191356165252e-10
2.617302755219551163e-11
7.692819137351575362e-11
-2.622756193560001347e-12
1.048795194967203730e-12
9.080230474689064347e-13
3.264316415215568437e-13
7.584222275316710685e-14
-1.004037545807920537e-07
4.167393477779413946e-07
3.909612608258438022e-07
-2.119788328836025305e-07
-3.804350516771339451e-08
-5.417913511569944632e-09
-1.283927463080012582e-09
-5.861964294227127408e-10
-2.623459562462644856e-10
-1.564654865224860963e-10
-6.923313629164265082e-12
-4.501769748315316354e-11
-1.093505017573896434e-11
-5.495531108477301477e-13
-4.052113306935619614e-13
-1.168893998890851740e-13
-3.654597187926386554e-14
-1.638814539620718922e-08
6.883357500280567720e-08
7.107711220305051752e-08
-4.770657054618527418e-08
1.646204240042929256e-09
2.025532150438421024e-09
4.736980772735689184e-10
1.982128731472187142e-10
9.191989758642085762e-11
3.553253428879085443e-11
8.737673214394192816e-12
7.728051932749807776e-12
-9.911986280471559358e-13
-1.706804019705329797e-13
-1.386489693854866544e-14
1.746186706096883205e-14
-4.674518577404107585e-15
-3.222901801916619936e-10
5.950481744208369262e-09
-1.184651624892586358e-08
-9.614920306388194913e-09
2.712139748485397998e-09
-2.633061045337366033e-10
-1.535029063934311881e-10
-5.717287434397909591e-11
-2.870504711529938468e-11
-1.221556502557304449e-11
9.490218073567688328e-13
-8.893576412196290727e-13
-9.848303658349807518e-13
-5.198741118349838059e-14
-1.499106844829436236e-14
-3.078150353804939300e-15
3.996141646432662899e-15
-1.583346836828527782e-01
-5.337362703454989581e-03
-1.764023796477555439e-04
-5.155458692085498337e-06
5.551438295216183998e-07
2.261870099110658031e-06
1.683742823892074015e-06
4.024523810915790468e-07
-6.865207756912867639e-07
-9.270224222056351381e-07
-1.527097348267261101e-07
-2.674458125472450688e-08
-1.915764371823302771e-09
9.281211569909890677e-11
2.558123508560023697e-10
1.242415291220342137e-10
2.489741874676472400e-02
2.123599073884336903e-03
1.235039910527235428e-04
5.329067101652359708e-06
-1.245157926747263485e-06
-1.037525784336022370e-06
-2.335074399258593951e-06
1.264425168363726478e-06
-4.069144277035360373e-07
-5.357743326005567130e-07
-2.707642954189898765e-08
-9.172311210206253301e-09
7.323440843391950585e-10
-9.992382775101281894e-10
3.542557627679781032e-10
-9.077003335132060215e-11
-3.194091408991034647e-03
-6.646036107733514298e-04
-6.782128008164534918e-05
-2.400127111693834639e-06
8.948928861689414906e-07
1.799951622652043397e-06
1.620949845079133087e-06
7.042483918618125701e-07
1.939630395629155548e-07
-3.018583503298493216e-08
2.081897955364090688e-09
-2.182619499056574768e-09
-4.299223496870240915e-10
2.788661077916066220e-10
-3.967056773481407889e-11
1.077348685917843502e-10
5.192281212511510430e-05
8.581288635698915883e-05
2.007356808171801809e-05
1.224052576375054734e-06
-7.932250058720118983e-07
-7.690889485404220640e-07
-5.503824835085099199e-07
-1.802718449693531384e-07
9.812268620237984541e-08
2.617403004564096047e-08
1.199928143083872424e-09
4.250493414342754529e-10
-4.636946157327144785e-10
5.831737362709663508e-11
-1.419188342488030538e-10
1.329501945670712868e-11
-1.207276670215374077e-04
-1.726632745284263285e-05
-4.910957502706960242e-06
-2.294823285856928842e-07
3.703451705702037136e-07
3.370702094900095697e-07
1.253455776054157836e-07
4.846538253867847778e-08
6.027824337522140225e-10
-2.099278182836151242e-09
1.410913036080890158e-10
9.526503692102459057e-11
1.702360140121337165e-11
4.130892643988125762e-11
-4.511511232134156446e-12
1.058617950229109052e-12
1.717733892837501497e-05
6.414966251769676884e-06
1.179985933439324898e-06
3.269212582583835252e-08
-2.007629099312970785e-07
-1.121157319568311678e-07
-3.845944658013023551e-08
-1.495936332823461260e-08
-6.933520012146495746e-09
-2.190991790578256749e-09
-6.237511142163784554e-10
-1.004385788725345612e-11
6.581661279891663392e-12
-2.343488064881372766e-11
2.008566774501667654e-12
-5.366145784410467590e-12
7.710952401301104939e-06
3.356211181879672889e-06
1.797944071636355646e-07
3.994175972073410171e-08
6.817496727816935154e-08
3.387247954950176959e-08
1.416991621826185027e-08
4.112871492024137330e-09
1.432973627330963929e-09
2.742438318822422738e-10
1.336590253496842512e-10
2.896502963930566259e-11
1.034399632994049681e-11
1.260449434253255455e-11
-3.875152793233608167e-12
5.664462272921729289e-12
-7.854263421710341414e-07
-1.413564670938513630e-06
-2.367619179750880792e-07
-3.817845611458140843e-08
-1.953643291296309254e-08
-1.020069980073624542e-08
-4.434621266766345232e-09
-1.547978062978662399e-09
-4.854015808667686557e-10
4.460395531415118158e-12
-5.774139529439910840e-11
-8.201439434457470488e-12
-5.279890947561503235e-12
-1.777022772448302525e-12
-2.760467290916104771e-13
-2.520020367670397237e-13
2.664541192128933865e-07
7.246558557658054298e-07
1.370809537419170552e-07
2.162254337698784644e-08
6.440477100959328485e-09
2.875219542093800038e-09
1.305791416374343106e-09
4.594405123016207123e-10
1.048784120703917049e-10
7.731653622562846732e-11
2.741598932900621807e-11
3.029910138829552723e-12
1.658970689048368754e-12
5.523648250720429072e-13
1.544452613945426874e-13
7.109077341246177719e-14
8.270425377506212129e-08
1.792944548336370118e-07
-5.939155641056480464e-09
-7.096139872608304684e-09
-2.068457515026463476e-09
-8.269575403533670162e-10
-3.487530666279673550e-10
-1.251215766517323300e-10
-1.924955091098183138e-11
-1.491160123051154915e-11
-9.924583616978530896e-12
5.230333039369450526e-13
-3.812565646215097271e-13
-1.200906358936795818e-13
-5.430470175528800635e-14
8.155941823571067831e-15
-1.659915816693774377e-09
-3.241729278021386529e-08
-1.005602192318255182e-08
9.383186036956135280e-10
5.196394022076102157e-10
1.796875017606957386e-10
7.083114162213269308e-11
3.028681525419021392e-11
1.401118847202509554e-11
5.300795490686402725e-12
4.023029392104618539e-12
5.493615787662891334e-13
5.552128905812820775e-14
-1.095293761829147054e-14
-3.914986408942291350e-15
-6.742452992875397991e-15
-8.690536712903967898e-02
-4.419710543847580470e-02
-3.243572036054438636e-03
-1.746971369036835915e-04
-4.233957852559408967e-06
1.672289030723861945e-06
5.742467290449730455e-07
-1.926551750344526944e-07
-2.137135263820746504e-06
2.983592666695671740e-07
4.006700172318018778e-08
-1.021241735019101147e-08
6.824016389544689415e-10
3.521364673056954156e-09
-1.496506244162633648e-09
7.050583404982011548e-10
8.571870139024208218e-11
8.827615507775671364e-04
2.923519034098334690e-03
6.202172759395131567e-04
6.531351754574580518e-05
2.583728951687159312e-06
-3.695719039536498456e-07
9.494672146304818240e-07
6.186504867926191937e-07
-2.419910118670299390e-07
-2.689636100285844109e-07
-6.154688188608875329e-09
-2.809100565026108056e-08
-4.549965082871451781e-09
7.311204412834249523e-10
1.799491810333216739e-10
1.351645962555232955e-10
-4.045698172667528967e-11
7.315268851745879272e-05
-4.094119489494855470e-05
-8.576039988329481768e-05
-1.919033110711623681e-05
-4.390013767443738400e-07
3.412174605090578331e-07
-6.308119831537615886e-08
-3.497181408722774542e-07
1.384436767113403418e-07
-1.377341291759421625e-07
-9.841875630265836935e-09
4.609195133582773782e-09
2.315363774229387084e-09
2.822984079344927325e-10
2.810947549434304561e-10
6.852955450677343097e-12
2.599401522604140102e-12
4.810285015769415640e-05
1.297540917940555837e-04
1.795705971875242210e-05
4.772105896125968003e-06
1.177435194518178570e-07
-1.350646092000827974e-07
1.126021891880882142e-08
6.744891608396592477e-10
-2.371072989357432001e-08
1.380212765666645893e-09
-2.674050930522056113e-09
-2.464880363319963652e-09
-6.065639367251220550e-10
-1.360484892065586682e-10
4.874568372202808555e-12
1.375886188323319286e-11
4.184604734382173376e-12
-4.051609911557133535e-07
-1.702210253719256387e-05
-6.355686495676292931e-06
-1.105475259283821660e-06
-2.093047570064090673e-08
3.452873339655229341e-08
2.214515667272530030e-08
1.710293041937871623e-08
6.263856921599722894e-09
7.616992862307828636e-09
3.621909174167820841e-09
1.383754979848981386e-09
1.869681288930681658e-10
4.689685473783874172e-11
1.258160633208597410e-13
2.050405071478403274e-12
-1.392627364912757394e-12
-6.624842807512302930e-07
-7.706920634520499156e-06
-3.369567936141995803e-06
-2.004045117836513245e-07
-2.626177472516279105e-08
-2.303596364875533581e-08
-1.652527211609516434e-08
-6.717907267645369232e-09
-2.688437490790619705e-09
-1.931235169489296449e-09
-7.364503812087818930e-10
-3.527797577162876721e-10
-8.512191362278886990e-11
-2.463989111643002372e-11
-4.701137657379126133e-12
-7.835837283212960690e-13
-2.332140674094242664e-13
-8.040578369991103608e-09
7.652660979702300243e-07
1.415199634584706806e-06
2.379830277231208808e-07
3.073875872943395387e-08
1.183742629384713674e-08
6.492003628744644395e-09
2.928909554011810908e-09
1.267693765766643931e-09
6.283028477685845207e-10
1.215437795661960997e-10
1.146139023530127642e-10
2.616754941831341280e-11
7.202617994291324393e-12
1.068062443482032248e-12
-2.746947055324991790e-13
2.560010148667980922e-14
-8.811002330097733573e-09
-2.642943901642829758e-07
-7.249206322875544757e-07
-1.362988094817911927e-07
-1.966944263243762081e-08
-4.771868725392307353e-09
-2.302867146263806999e-09
-1.001882489462988334e-09
-4.415976163861404977e-10
-1.492920812735593964e-10
-1.122314345879221460e-10
-4.247773669349345589e-11
-7.756693512873205221e-12
-1.988407088406943705e-12
-2.900720486882214689e-13
4.715984556717609148e-14
2.901822667664044611e-14
-9.008306931228750393e-09
-8.422415630518948849e-08
-1.793308805659188530e-07
5.604297775447438007e-09
6.587396610982427746e-09
1.806258917509487464e-09
7.166407150683091944e-10
3.025328622409286566e-10
1.331420929522412328e-10
3.229138805875595627e-11
2.428043030448862001e-11
1.351751800766320556e-11
4.564508621183401901e-13
4.503464698745557543e-13
1.835936078130998721e-14
-1.706173200090290425e-14
-2.511208844305385655e-14
3.074042194745955699e-14
1.812846917625123031e-09
3.249006239429790834e-08
1.042565939614781407e-08
-8.517959291252366090e-10
-5.515406815243691401e-10
-1.923640560429231361e-10
-8.031852374203827300e-11
-3.894149415576718227e-11
-2.016868975012184881e-11
-8.103363223588211267e-12
-4.714284780959820069e-12
-5.070677664502802800e-13
-6.053971106415223404e-14
4.797279800570512176e-14
3.096492885754597428e-14
8.853611013210903428e-15
