1.356262125490013404e-01
1.027224303019036444e+00
4.340293615172122893e-02
1.377196872367946997e-03
4.124965048878035783e-05
3.891258632588943900e-06
4.499474903743255305e-06
4.152785234382284479e-06
-2.536003921994308769e-06
1.470781153521615269e-06
2.960601573832538694e-06
7.665017981010433531e-07
1.190740299969338608e-07
8.665646628776243188e-09
-5.442084214578189946e-10
-3.021700199641746402e-10
-4.246140495595051723e-10
-3.689756154076286737e-02
9.796522106572384814e-02
-1.035862609258850903e-02
-8.938447884893937611e-04
-4.896689511805932347e-05
-4.001878494690751856e-06
-1.954837026236397749e-06
-4.323180759486289812e-06
-1.150807194490263416e-06
1.102983673908789302e-06
3.448380218978162027e-06
5.550608119475677368e-07
4.498496709847014261e-08
-8.055898788003539055e-10
-7.092720617196883799e-10
5.176882112604160305e-10
-3.947660255810665117e-10
7.606264949433013713e-03
-9.485358392868120572e-04
2.068457091596032950e-03
4.580954873662928281e-04
4.299205939920170078e-05
1.719975633440313416e-06
7.218742383292813706e-08
3.482377559818966846e-06
-4.638965754598688331e-07
-2.973127211050562562e-07
8.317171629680654993e-07
3.980773066851442384e-09
-7.838316260460633065e-09
-4.078118958222105033e-09
1.772428500083097310e-10
-5.885791371775288932e-10
3.238579423209144069e-10
-4.944700871391021412e-04
-4.145530121444972269e-04
-1.659070001652840690e-04
-9.435392604943641640e-05
-2.114407773285161183e-05
-1.259511522546401945e-06
-2.888723361982428422e-07
7.169027770607501384e-07
9.365542540927475979e-08
4.750534174828479448e-08
-1.938109360215623820e-07
-2.248701286990719307e-08
6.165258488334195519e-09
4.015205630236857177e-10
-1.649021854904297065e-10
1.355131765227980549e-10
8.567130103526923129e-11
1.699904909715955364e-04
-9.202235258947265447e-05
1.348536841715889485e-04
1.910712316679348094e-05
9.056595121474736784e-06
4.526771588078606529e-07
-2.465960299562272924e-07
-3.984697147745391052e-08
-9.179294728755643572e-08
4.043340305277959727e-08
-6.283142331939940985e-08
-1.284620988005394781e-08
1.202562178330132679e-09
-3.183156836175279914e-11
-1.818856999635279564e-10
4.819638197187917214e-11
9.130686538586278463e-11
1.155004059442564256e-05
-4.658201006764715765e-05
1.224657842742417247e-05
-7.829347321292551385e-06
-2.563087570352633034e-06
1.412036119195069822e-07
8.480833638261778095e-08
4.707989469691237290e-08
5.457737953829404834e-08
1.225770553181783651e-08
3.804445192445768909e-08
2.245886317952395014e-08
3.141539029898057342e-09
5.282950438720631114e-10
-3.472481708589804660e-11
-6.295289635466973141e-12
1.376206098101514209e-11
3.294174730277697391e-05
-1.886194834535759711e-05
5.054616190889726636e-05
-1.191807861993030383e-05
-9.216511577867756181e-07
-1.879506789949694583e-07
-1.227334706499722166e-07
-9.637928002024604842e-08
-4.292850399727903985e-08
-1.620865899087885499e-08
-8.840025364416400562e-09
-1.097265295990860326e-09
-1.133902993193559124e-09
-3.192738185984544651e-10
-1.370906678961371953e-11
4.290565895735386361e-12
-1.398117746787713175e-11
-6.220866124752320642e-06
1.692635683247191631e-05
-1.018417438931754926e-05
7.472218697319270185e-06
1.408311729706817033e-06
2.238230663270181456e-07
1.072930896957114627e-07
5.296001405703281639e-08
2.900691072704792187e-08
9.039486218692566484e-09
3.602919402297665396e-09
2.347332923788446446e-09
3.687109516652295041e-10
1.591231499572971738e-10
3.779837392424560367e-11
7.534952395236592888e-12
-4.611550006898016521e-13
2.225188205121497753e-06
-9.476722413656908916e-06
3.217623867902104258e-06
-5.767510288745790798e-06
-1.122367262766437211e-06
-2.107408218703445183e-07
-6.273352417422648975e-08
-2.787132964078071995e-08
-1.220790418383205688e-08
-4.860094009743833116e-09
-2.251051866888715071e-09
-1.532797117450712394e-09
-4.970124351154033937e-10
-8.119643267750943769e-11
-1.742298785585367672e-11
-4.062190460931902995e-12
5.210963603071735710e-13
7.563049281285467245e-07
-2.560242483833354333e-06
3.133243241809126497e-06
-1.753438842533898305e-06
1.549558568136354524e-07
1.149091892728019268e-07
3.441921020158709774e-08
1.284278105283106877e-08
5.109401185072551558e-09
2.174602471783589128e-09
1.668559435762071098e-09
4.249617887499771804e-10
1.496301948779339981e-11
1.687282025182108995e-11
1.711344372030085516e-12
4.792498178316740188e-13
5.101032589061361218e-14
3.543046555552496327e-08
-3.681986198326773747e-07
7.494606247905549900e-07
-6.489041506668352241e-07
1.427201304361215335e-07
-3.498911799975828565e-08
-1.334322787089588072e-08
-4.632544909625362832e-09
-1.692303631722166127e-09
-5.755511902351482882e-10
-3.209194680701665697e-10
-1.742233567353738193e-10
-1.883847179881057853e-10
-1.665727789660253929e-11
-2.757886211605452948e-12
-2.907430221155535114e-13
-3.902377635040947946e-14
1.849527043755469849e-02
-1.861294707507250498e-02
-1.382127050541722638e-03
-7.245857660750375825e-05
-3.245368693125648152e-06
9.197502885458880114e-07
2.923648222476094098e-07
3.178779710354216731e-06
1.924659653674495766e-06
1.411331938244416824e-06
2.481079698605103273e-08
-5.117176296479626891e-08
-9.759216365449355085e-09
1.537882600464671056e-09
6.331732391677265969e-10
-1.699969567069162239e-11
3.619979751621133011e-04
1.908939910761648946e-03
4.280727002808412804e-04
4.123211780887151191e-05
1.862898574262460306e-07
9.774827366867710452e-08
-1.061379238027313194e-06
-1.894866981106430676e-07
-2.709391048851778006e-07
5.947135854599676275e-07
-3.947513476804479307e-08
-1.019232969812328477e-08
-7.072427951064886178e-10
-1.086904817871029843e-09
6.692547852519497072e-11
2.147175734756373688e-12
-3.295847129670875569e-04
-1.564757748625120941e-04
-9.551600912401640069e-05
-2.232200310033058735e-05
3.655800985462625658e-07
1.760183448502434312e-06
9.943020928529695049e-07
5.863966447258635198e-07
-1.651781291497791849e-07
-2.163886015580293040e-07
-3.710855359234997059e-08
3.732252964932605547e-09
2.114309797602437519e-09
-3.221580179793617228e-10
-6.886243379747736854e-11
-2.146420687986765370e-10
-2.386475558943883964e-05
1.416141312817962281e-04
1.947711162175361533e-05
9.180449672158407862e-06
-5.602163555109205156e-07
-9.345386146210104679e-07
-6.648054972520551998e-07
-1.377733532119207702e-07
2.090001464053349435e-08
-4.827892302607926797e-08
-5.505574078056255450e-09
3.407090588866292733e-09
-5.865013653580304168e-10
-6.307669384131977960e-11
-4.890891679081393689e-11
-8.197203934257081160e-11
-4.076862083780973694e-05
1.358743626797778358e-05
-8.396938816177733990e-06
-2.095791067395836927e-06
5.130803924959925616e-07
7.674727260246597941e-07
3.671518022613318732e-07
8.224288102944804913e-08
1.012406888881020242e-08
2.890503654401131890e-08
1.865293213753271963e-08
2.492122718886415950e-09
3.118468862248255062e-10
8.510574262397732478e-11
-3.026177446743315690e-11
3.293424853373128446e-11
-2.560354385405622668e-05
5.006595970795913543e-05
-1.180332880908765090e-05
-1.206076501753531916e-06
-4.616148321632382513e-07
-3.417821619384318103e-07
-1.451283379909846142e-07
-5.538357809269129118e-08
-1.616954085729505331e-08
-6.013423260524557979e-09
2.373818145227903857e-10
-9.050887286994141546e-10
-3.219463071199823196e-10
-7.005122706152788840e-11
7.381128985788268361e-12
-8.948736445897174130e-12
1.795247581331643446e-05
-1.015446662706693349e-05
7.514938077515314295e-06
1.530777624756921728e-06
3.453008497148787189e-07
1.525551419811793158e-07
7.253252858273034519e-08
3.130726895383864336e-08
6.973539394663369529e-09
2.072088161595508255e-09
1.767012656229473720e-09
2.445457843902552253e-10
1.493879044551125168e-10
4.635564922043893281e-11
7.570530614800232576e-12
-3.818149945318183799e-13
-9.802349225695984413e-06
3.190176445163826725e-06
-5.799420811915201428e-06
-1.169861498520668296e-06
-2.464177429945590549e-07
-8.311455609892850256e-08
-3.389918603666691584e-08
-1.277899578684653799e-08
-4.050906680200241939e-09
-1.657229681601756773e-09
-1.295046399475588254e-09
-4.398484649449830519e-10
-7.892416844166158448e-11
-2.166615288264166673e-11
-6.981577584757332879e-12
2.125054248709636662e-13
-2.663107674112852379e-06
3.131691435636332202e-06
-1.742440524718699699e-06
1.722488279260478372e-07
1.272000464535029311e-07
4.018477326221466197e-08
1.559851241501708649e-08
6.018053049541107551e-09
2.035846331792947214e-09
1.454145284578792575e-09
3.031268893467931697e-10
-3.518609914179918479e-11
1.067608832856937506e-11
3.531802137151144229e-12
8.329335274084768907e-13
6.896129020242367574e-13
-4.109288802397372717e-07
7.599611749211774542e-07
-6.762862793326718505e-07
1.337039900099624384e-07
-3.915606528155454004e-08
-1.842407906568108749e-08
-6.997916795247330370e-09
-2.342354951264920672e-09
-8.389249341984094560e-10
-4.306661828148760462e-10
-1.428971515458054424e-10
-9.199123076599533855e-11
-1.929027382729742402e-11
-3.988222520381290423e-12
-8.149403200776138176e-13
4.699067665428336451e-13
-1.018563885406492009e+00
-4.315287595337077148e-02
-1.369639287068397885e-03
-3.885101792263588030e-05
2.381952016266753358e-06
3.886172120900804118e-06
4.775207782209459492e-06
2.696310622524457087e-06
-1.258577155691438435e-06
-2.957143658463298862e-06
-7.673202985610476123e-07
-1.196955643316827185e-07
-1.381462482047820053e-08
5.625440033788759858e-10
-1.589824735755577683e-09
1.070588402911002874e-09
-1.035910811428751993e-01
1.005663029118486311e-02
8.821031481242803864e-04
4.821136936502804133e-05
2.404093977404068653e-06
-1.667816900345323096e-06
-5.043413237257401790e-06
2.826950786414278929e-06
-4.008943435824758280e-07
-3.287156978576852788e-06
-5.401740313616045691e-07
-3.625199449030918790e-08
-1.483621250667751606e-10
2.501691791023544795e-09
-6.042243596572218262e-10
3.779423449450746828e-10
3.808967391605995369e-03
-1.821693157889678859e-03
-4.473897446229831956e-04
-4.558499418696788810e-05
-1.284270247279411070e-06
-2.193329799595124368e-07
1.190628066878114491e-07
-1.326936625174939973e-06
4.220881349680206424e-07
-8.713877019651512628e-07
-2.358978233751802066e-08
-2.807688920590015934e-09
4.137094003666714911e-09
-9.666454301561659897e-10
-6.833118481726461365e-11
-6.056571603384610271e-10
-1.919639233843037981e-04
5.265975399637162362e-05
8.672705822156027511e-05
2.226764889116610279e-05
9.818572260436962340e-07
5.922493459796091701e-09
-3.489351165550279916e-07
4.100774274839907222e-07
-1.028254423381927516e-07
2.441828854201536899e-07
4.052570408459752148e-08
-5.756834156100776249e-09
-5.816087149043532964e-10
-1.329671974105948379e-10
-7.165557784133292380e-11
-2.973138826870644729e-10
2.390864008717048707e-04
-9.245895355533689255e-05
-1.607372726552216453e-05
-1.019443566822776247e-05
-4.866081718539396774e-07
2.102714823959549402e-07
-3.203317543491670651e-07
6.844056937929602885e-08
1.671593378771099512e-09
3.447367951082798308e-08
7.859701168175676425e-09
-1.876425328860210031e-09
-4.485506027991114565e-11
1.203480464686411402e-10
5.548335063375132190e-11
-3.457111214046237543e-11
-3.451477383049165055e-05
-2.676380549359667606e-05
7.103840265359088942e-06
3.090857644969860355e-06
1.175934927234215093e-07
8.900134204853816476e-08
8.909851673356535385e-08
1.645722708042016935e-08
-8.431052491353828192e-09
-1.736623045118628913e-08
-1.965250972263246714e-08
-2.301167339574024696e-09
-5.512137542794704512e-10
-1.769535642849839702e-11
-2.373029896656153696e-11
2.137818285930349515e-11
-4.216872612546554178e-05
-5.300237916533179363e-05
1.170116421977770478e-05
6.290055230135052567e-07
-5.332217269789657872e-08
-7.810961294158977099e-09
2.233812689491849748e-08
-1.235254262318889470e-08
-1.549349750235918739e-10
-4.293283759408666142e-10
-3.012914050602256286e-10
7.222739954535758453e-10
3.271991789163086471e-10
3.098901581625707976e-11
-9.724385057753851614e-12
6.958225235052640356e-13
1.931657424908050702e-05
1.611185308109566836e-05
-6.833388271234833103e-06
-1.178939565757027972e-06
-7.109408459696288235e-08
-2.130449030037068859e-08
-1.240768070743787750e-08
-3.730940093460073889e-09
-4.813604084438969612e-09
5.765353277292803789e-10
-1.744677955473893538e-09
-1.300794781132218980e-10
-1.447332170919994056e-10
-3.281855793766515933e-11
-6.973467590400276166e-12
-1.664033705700355495e-13
-1.025704157841843264e-05
-8.642420140280187744e-06
5.043701387313615367e-06
9.581118554014323132e-07
1.292314455734816457e-07
1.861524008968380412e-08
7.628874878974512934e-09
2.943239218719091074e-09
3.065446946392354594e-09
2.006368880567084314e-10
1.218147476639725503e-09
3.751741442481100553e-10
7.434051016708253086e-11
1.398136368068314057e-11
5.058974068334020974e-12
-5.401567900556944154e-13
-3.163304497772216609e-06
-3.112764342506962040e-06
2.114486866149354187e-06
-5.516593598488808377e-08
-7.540701685988628841e-08
-1.590237699575932967e-08
-4.847453713638135579e-09
-2.166270585569117039e-09
-9.257872197515331296e-10
-4.392342436572191836e-10
-3.455412472862043683e-10
3.075213499565331634e-11
-1.323692267123026091e-11
-1.217736343404010634e-12
-8.817282249374877896e-13
4.000247839972351174e-13
-4.450345514812084702e-07
7.415286607471313467e-07
5.982054220718101010e-07
-1.819343919306627951e-07
2.023996155169565217e-08
7.277429678312154075e-09
2.184215257317080329e-09
1.158239764464754392e-09
4.279144327532782786e-10
5.240151948467302944e-12
1.379208248577086803e-10
1.762148342549577348e-10
1.295331908635850515e-11
1.356901799845812638e-12
9.384849084604099513e-14
-1.201353350747863302e-13
6.440035936571691932e-02
2.713192711430605086e-02
-1.817954323139096134e-02
-1.366972271577362097e-03
-7.334386849009511325e-05
-3.661999242484409512e-06
2.080506693203730754e-06
1.482288497861493991e-06
3.491488265455000204e-07
1.858218930973677828e-06
1.504414676763782133e-06
4.429135290238580496e-08
-3.654628173261039189e-08
-9.535534890525363211e-09
-3.454963569099012967e-10
1.948475740166081192e-10
-3.599314557940571322e-10
-7.027086430669475872e-03
-2.300719074895457138e-03
1.671915863673597213e-03
4.150589428940001241e-04
4.244269963863461569e-05
2.609162076793111265e-06
6.361823359397252677e-07
-4.673697520876372936e-07
1.310679960882411973e-06
-4.383458334528002319e-07
5.887924693868729579e-07
-4.125440263718262150e-08
-8.740426659184831899e-09
2.132865803076484258e-09
-1.012317457855050705e-09
-3.396285034833033333e-11
-5.682370343982457707e-10
4.648409919418066360e-04
2.849549690332736770e-04
-4.061818797550024692e-05
-8.870799645710707030e-05
-2.438914163737179001e-05
-2.937593802168032500e-06
-7.867422023760816853e-07
-5.122327786006462503e-07
1.392521053507753939e-07
-2.997305887375941597e-08
-2.263818765136710031e-07
-3.440524890039341799e-08
2.089375681422911813e-09
1.860023856928858901e-09
-1.999557345054243694e-10
-7.697610159937427710e-11
3.450258264313753526e-11
-1.916498235935955926e-04
-1.747574407678340362e-04
9.641547756010034238e-05
1.619452195996137504e-05
1.098355696763403257e-05
1.875510456445429961e-06
4.977633079577883387e-07
-3.941176369422485815e-08
-1.009143911475341491e-07
-6.135564727375989738e-08
-4.401910326661019959e-08
-7.060416068265365006e-09
4.313256376325399493e-09
-2.022939522496883844e-10
1.217286460024611818e-10
-9.620344401106192406e-11
-3.196574974063141482e-11
-1.264655794574829726e-05
4.142041848932517714e-05
2.854277576735678171e-05
-7.278429266409602817e-06
-3.789101868162152879e-06
-6.882134147882658968e-07
2.086966361826128479e-07
1.354293230530171107e-07
1.903808608943102807e-08
2.634501716617072916e-08
1.912320544936218292e-08
1.759544571339986058e-08
1.846359453490199106e-09
7.939469629560275637e-11
3.901276373478104359e-11
5.099200226276464459e-11
-8.431903001181546890e-14
-3.254586841159839007e-05
3.469291361615858973e-05
5.241235129293286593e-05
-1.151546913639462245e-05
-2.256358079573508468e-07
1.144934814819965177e-07
-1.003246737012519050e-07
-4.431647147095610811e-08
-7.568122174900090635e-09
-9.127141573229541975e-09
-7.166228150375018673e-10
8.251598931848423289e-10
-5.221822858098223251e-10
-2.135413065648248859e-10
-4.443365330753203613e-11
-1.653362597523648015e-11
4.572322474712400311e-12
6.411806109352290525e-06
-1.806566525498369330e-05
-1.604642359630086679e-05
6.737299116184175066e-06
1.059266184386092132e-06
7.331106335759936783e-08
3.369561357806182220e-08
2.522443898063660090e-08
1.058898322905942170e-08
6.604163662745146763e-09
-6.468297643555619030e-10
1.495526704511601349e-09
-1.259089365949031341e-11
8.189310233070376678e-11
2.663980324186787663e-11
5.008488150254381808e-12
8.648858126714174999e-13
-2.268010805901087043e-06
9.880215826256699574e-06
8.624921162440909132e-06
-5.011342292226872146e-06
-9.336064270983351942e-07
-1.300331791217233970e-07
-2.987823745132817581e-08
-1.255665034643139867e-08
-5.441875254081826094e-09
-3.640028215556930679e-09
-1.625820155664862179e-10
-1.105395971205469917e-09
-3.006876348009320927e-10
-5.025202693125486891e-11
-1.302201810618731502e-11
-4.624312130036021505e-12
-1.070481686605764911e-12
-7.139001080868607156e-07
3.066957187303132176e-06
3.104731451215008677e-06
-2.120829177288019947e-06
5.442635944880976987e-08
7.914221089114107855e-08
1.861820058374471589e-08
7.340165162911056451e-09
3.664104086455168371e-09
1.207867224137912812e-09
4.521769851792102765e-10
2.799761081858391021e-10
-9.243190658876436025e-11
-5.400592286084057653e-13
-3.489902928920290767e-14
9.581262284211149289e-13
1.777972181085104739e-14
-2.095953867730089735e-08
4.139600503060515377e-07
-8.185409148710883153e-07
-6.371112402505383866e-07
1.856247802618245996e-07
-1.784364957531345469e-08
-9.442337079069975718e-09
-3.611113665526044314e-09
-1.513219336836177082e-09
-5.730449708689347568e-10
6.659340945691238807e-11
-1.190310911712204330e-10
-6.038360684727593473e-11
-1.169801232971804382e-11
-1.547787563668673947e-12
-4.375140412022851598e-13
2.074279978992365122e-13
-1.546999577315273378e-01
-4.865075267006802040e-03
-1.412826546359843437e-04
-3.547503100929096614e-06
1.453859984312832339e-09
6.664045201878188324e-07
1.619949576473059848e-07
-1.220598329113224573e-06
-1.322914761831072879e-06
-1.041274906862698731e-06
-1.797876897950808747e-07
-1.335097647304167995e-08
-3.308454858857928503e-09
-1.384394260636355801e-10
1.985706527227369698e-10
8.665143690220587583e-11
3.871568189590452597e-02
3.165022440955851668e-03
1.678517205829603825e-04
7.886546330251734734e-06
-9.386492515259873833e-07
-9.314009226096132633e-07
-3.597425547994553569e-06
2.695641249590205458e-06
-1.361493323410161975e-06
-8.896487075088963330e-07
-7.054166069657355321e-08
-9.087577244583571838e-09
2.317108524418360942e-09
-1.146556353525312966e-09
4.366728351152521776e-10
-3.294279507593486867e-10
-7.953016900878340928e-03
-1.593293421168958616e-03
-1.534775920022245395e-04
-6.686268567479806736e-06
-7.062015219955278508e-08
2.139251904211648989e-06
2.307728897011491327e-06
2.302581178655003697e-06
3.036995381008294435e-07
-8.291794645565540941e-08
2.932075968237068951e-09
-9.147942780952045725e-09
1.509142401445274329e-09
5.474684022625141094e-10
-3.292253019939358346e-10
5.533715916647278771e-11
4.040826204041156658e-04
3.498115913180259049e-04
7.383707674527601893e-05
5.128920115558311124e-06
-1.278748975211783251e-06
-1.635027131635014320e-06
-1.568649076803117297e-06
-6.340220155409330404e-07
4.990065645560301157e-07
7.644115795998205426e-08
6.903461930197629348e-09
1.156718410013976858e-10
-1.895002737947391817e-09
4.341993628701167056e-11
-4.213186067325272482e-10
1.715911283072664012e-10
-3.703550333845762456e-04
-7.518368213322794262e-05
-2.960780147082101816e-05
-2.191504365153880642e-06
9.196424400828175397e-07
1.126621220659281151e-06
6.200515744087109621e-07
1.387080401277519839e-07
-1.655571703073458249e-08
-7.568076010007058744e-09
-1.192651195689767364e-09
2.242951860470483383e-09
-9.390147897017964868e-11
2.264670355934633367e-10
-8.558430436829092955e-11
2.749657339209495616e-11
9.299870866170876192e-05
3.682621769378382608e-05
1.058252679818351045e-05
7.444715384220995091e-07
-1.117915650978930950e-06
-6.990312885774350593e-07
-2.207183988070556054e-07
-6.958185324088297842e-08
-4.844063964268587569e-08
-2.097470781151860952e-08
-3.567072626942075505e-09
-9.987062753222683353e-10
-5.043704740376069664e-11
-1.934463153064142595e-10
3.827129058543910992e-11
-5.750474966212057605e-11
8.517265130787514925e-05
3.669794807101554494e-05
1.579429917684798046e-06
2.443770607647994395e-07
6.480927144917041347e-07
3.557187099175664796e-07
1.283232782439326572e-07
3.852544940914300948e-08
1.921070739047777651e-08
5.557870026786872630e-09
2.010468333380721276e-09
5.552969245566763634e-10
2.170034886685378634e-10
7.487827065975475936e-11
1.400815114674240371e-11
4.299495701593644581e-13
-1.392170550738011600e-05
-2.322003453117155682e-05
-3.794859165784520933e-06
-5.492152631375964385e-07
-2.903023421575101417e-07
-1.587729895486590286e-07
-6.866850152852740386e-08
-2.362079287705577539e-08
-7.091598730760137339e-09
-9.224166029283259270e-10
-1.079944634780492285e-09
-2.915886496398479983e-10
-1.369551607278952697e-10
-2.834938887597650730e-11
-9.950995275181981761e-12
2.096235040088877736e-12
5.553980173880852927e-06
1.693877897508700976e-05
3.347580058075505590e-06
5.238176262739543365e-07
1.545848669492228082e-07
6.856013289317931765e-08
3.114281263923262670e-08
1.111602389729100939e-08
2.409682068324110380e-09
2.096685974759963853e-09
8.201639545103014551e-10
1.728334937414956671e-10
7.557345590836337622e-11
1.749284220929045165e-11
3.678688838490603799e-12
-6.339681091046692503e-14
3.520345157176375343e-06
7.840617583041734889e-06
-1.775984322852844606e-07
-2.804633511707358927e-07
-7.958297726910428766e-08
-3.023173444666666186e-08
-1.308341880699339841e-08
-4.945403058417347772e-09
-1.135291634522297674e-09
-9.247006841910672739e-10
-3.822814217898778785e-10
-4.279260434919236246e-11
-1.919693412493400875e-11
-7.053603980136240312e-12
-1.551985560319006036e-12
-2.417874372785736432e-13
-9.463777597480387823e-08
-2.224402132203021877e-06
-6.983833316394594210e-07
5.790964807473219562e-08
3.056583867125479583e-08
9.947560860760803122e-09
4.172609693466879582e-09
1.794933900537362300e-09
8.339461311951231911e-10
3.357991338111239545e-10
3.069879717329493761e-10
4.770687296444786812e-11
5.551923388338301074e-12
5.173043704693220901e-13
-9.073194608416408610e-14
2.572446528162847072e-13
-1.368546195829262735e-01
-6.879900826606402675e-02
-4.848111067775823582e-03
-2.442597923819005254e-04
-9.717458684056072920e-06
6.845135980618774063e-07
2.329618028404524584e-06
3.385300173605630891e-07
-1.925386858204894089e-06
8.237766304125919586e-07
2.304755093620003064e-07
-8.258074090488443722e-08
-1.029112895996317033e-08
2.771641301020368806e-09
-1.022756270041571639e-09
2.747142879277372117e-10
4.780880481682433259e-10
2.246824252673794778e-03
7.278129287188413177e-03
1.485678830963124957e-03
1.459800564730169721e-04
6.011566172322122257e-06
1.048313627416271982e-07
2.552787878583617780e-06
1.045761492764094950e-06
-5.915077806218711828e-07
-6.671638398849579502e-07
-6.620946363694555522e-08
-3.864113791638298470e-08
-7.794089372717911388e-09
2.465416843805725999e-09
6.254638202095124278e-11
5.730345277636857733e-13
-8.361842188256609719e-11
1.723677159664426927e-04
-3.754750826406804917e-04
-3.501486332800911230e-04
-7.053285570617929005e-05
-4.219620020351813018e-06
6.285430238640322595e-07
2.763299241822311206e-07
-1.134885807545378048e-06
5.113015175091663042e-07
-5.831355466054888586e-07
-5.324181826061236035e-08
7.166239364520995654e-09
6.795904950307202885e-09
1.807799623918377558e-11
5.059390846704385986e-10
3.287120032078964353e-11
-7.871414470448516428e-11
1.386810271248789311e-04
3.958160899086366944e-04
7.681089889657440810e-05
2.824404249322103494e-05
1.712347139622602570e-06
-6.017023218815350841e-07
5.086732239290589228e-08
1.196204238636245303e-07
-9.877731743486411792e-08
2.116631908407567791e-08
-7.301029019470815487e-09
-9.223953826855360487e-09
-2.232664557733976832e-09
-3.959112304975736230e-10
5.587590525165932273e-11
5.712727899880631409e-11
3.527900836065043930e-11
-1.056769804032759776e-06
-9.188065726137029663e-05
-3.564797046349879990e-05
-1.020068647302165182e-05
-4.544945157161295195e-07
1.373434883023887880e-07
6.937484270924245161e-08
6.870185425056075175e-08
2.586721828010932156e-08
5.398707459495157734e-08
3.048248476948384171e-08
7.836031854199874780e-09
1.435039123773734696e-09
2.236983685004053949e-10
-1.273396853790701373e-12
4.149426752976742279e-13
6.607217246213990116e-12
-7.554681283330452789e-06
-8.550448746173396877e-05
-3.714025102646249522e-05
-1.739063534001808062e-06
-9.855083896959221050e-08
-1.608332462699081213e-07
-1.515053405832372628e-07
-5.469783299104714716e-08
-2.631399135313759496e-08
-2.461449210442522200e-08
-1.044394294941691039e-08
-3.541728733872986041e-09
-9.541383991790440065e-10
-1.901532965541698066e-10
-2.767829572246259042e-11
-1.234832033757416012e-11
-7.878868007370919588e-12
7.769684270606916179e-08
1.378587686159006119e-05
2.330571114743792556e-05
3.815138320936275699e-06
4.118010546979127771e-07
1.555891479253382928e-07
9.718329345940813970e-08
4.632505895956389301e-08
1.995727657056144284e-08
9.364037209454403702e-09
2.743233582914838968e-09
1.698577292211257332e-09
4.621259368640329737e-10
1.093420775660910147e-10
1.162866322787735836e-11
1.120753172505025424e-12
2.531908703185067753e-12
-5.728288536387900525e-08
-5.522528585423897528e-06
-1.695340585921421584e-05
-3.329836572524647095e-06
-4.692546001355208316e-07
-1.105846847161940302e-07
-5.404667251934458211e-08
-2.442871998134792421e-08
-1.093908676789033003e-08
-3.544476672869707093e-09
-2.812188480826070367e-09
-1.082613654248266422e-09
-2.352865949296742949e-10
-6.361909436722810236e-11
-1.070698668870809436e-11
4.478800232908402002e-13
8.715443485659993337e-13
-3.407007901462348192e-07
-3.555727035860537222e-06
-7.840624202984443995e-06
1.646440795170317669e-07
2.559183371568563477e-07
6.817764722254818594e-08
2.717162573022346055e-08
1.204100820263675671e-08
5.505384682003117973e-09
1.715023124208797507e-09
1.266611799145323271e-09
4.325878328640061163e-10
4.963799300226068535e-11
1.707988563672101855e-11
2.884667692359525695e-12
1.017268722782688044e-14
-4.936591039048727135e-13
-7.711319843392744885e-09
1.078786407929174421e-07
2.226844001176881505e-06
7.326893305523816672e-07
-4.974754354240530979e-08
-3.450287712887776872e-08
-1.261995912483165763e-08
-5.398790650203069869e-09
-2.737795548001336864e-09
-1.422732602164815941e-09
-5.933103757433059533e-10
-3.146103104212921310e-10
-4.764899826442919646e-11
-6.865993080689954166e-12
9.640966853534711651e-13
7.021700099061951857e-13
-9.215463433305793486e-14
