1.279763617938696474e-01
1.031517466833607122e+00
4.121295317418043752e-02
1.124768341655068985e-03
2.341822062450533387e-05
3.021901521712020275e-06
2.252916759990174291e-06
5.031897542512291274e-06
-5.002694746713374301e-06
2.489325752728369838e-06
4.533904015207339021e-06
9.610159654147212934e-07
1.346248449539275980e-07
2.143281568644702441e-09
-1.806822243942544861e-09
-1.538480155209472958e-09
-1.112990660656270771e-09
-5.500851131945696387e-02
1.512742804753705594e-01
-1.545532511958074701e-02
-1.179114967050667829e-03
-5.468454341290125237e-05
-1.703805964750833436e-06
-4.365804788164118340e-06
-8.047807558195652693e-06
-4.786832760592430827e-06
3.087943582193093044e-06
7.080200382766856515e-06
9.246955721145220769e-07
7.021255627220007159e-08
-5.551492219239484138e-09
1.081388691844230072e-09
-2.905288167745718405e-10
-1.248814202949379938e-09
1.745030562244678438e-02
-2.461709767604112076e-03
4.678090982694714864e-03
9.613831613047406225e-04
7.387331544211810726e-05
4.631176369668220010e-06
1.478565908091202278e-06
9.885137207884161359e-06
-4.299844020161095415e-06
-7.098323913977838661e-07
2.119439044076760407e-06
-3.819990969736174113e-08
-2.337163576377078170e-08
-1.806778535453688743e-09
3.738151532330652464e-09
-6.875364055579772645e-10
1.110205129531153050e-09
-1.990294204377279514e-03
-1.332740478660549574e-03
-6.834600482887397523e-04
-3.263502817467091787e-04
-6.780167682895039917e-05
-5.891250787262759915e-06
-1.717069761455412494e-06
5.471605106160212834e-06
7.553611773463231750e-07
-1.344475720433019619e-07
-1.122919859542307779e-06
-2.329671760774876865e-07
8.854160796775844570e-09
3.454314897631502058e-09
-3.075272354183200314e-10
1.743430150918361034e-09
-8.803382392894053500e-11
1.617159615980977581e-05
3.363492158477382845e-04
9.673043107138362998e-05
5.834495941469671843e-05
4.594184294257516970e-05
3.603411697501593495e-06
-1.699922030763685431e-06
-4.729711130495021871e-07
-1.655152101019359460e-07
5.062434101854835335e-07
-1.244987584195442904e-07
-1.274005549590879009e-09
1.971777142740162655e-08
1.096453379056780873e-09
-3.841243455540709818e-09
1.185365184520380795e-10
8.964632238439753048e-10
4.034378187308107342e-05
-8.251719178361489123e-05
-1.369381194415442024e-05
-1.227614859836673941e-05
-2.187402930705276065e-05
-6.257660634846591599e-07
-3.066945666536094218e-07
-2.175715287834322536e-07
2.164160438293555757e-07
-7.473566861803646670e-08
1.927356814088048550e-07
1.045249475753923109e-07
1.314936776780048151e-08
5.930026836577235637e-11
-9.144956696518436515e-10
-1.045850972076392952e-10
1.733347577470896869e-10
1.746093510988675304e-04
-1.316917795287974929e-04
2.809223565462584107e-04
-6.633617191310667142e-05
-8.128854417521168715e-07
6.253485811088659805e-07
-1.085451849496236746e-07
-4.780468099332884177e-07
-1.938045373535841848e-07
-7.895261198057897815e-08
-8.107477895286700591e-08
-3.176383692759472707e-08
-8.956717200809733305e-09
-1.082252823040646252e-09
6.079740393589317435e-10
2.491759462559446080e-10
-2.561262992989448193e-10
-4.823953587128157635e-05
1.456539107730123292e-04
-8.111297532765179093e-05
5.728322929611409897e-05
9.854158028162110489e-06
6.641456557766131056e-07
6.284415331732753961e-07
4.269506952570910974e-07
2.129879606480402000e-07
4.456279314623916327e-08
3.504658458265619906e-08
2.127291334476987527e-08
2.243340334620269684e-09
1.260436636192377384e-09
4.953286932156763575e-10
4.869471022004609563e-11
3.204878256476916619e-11
1.681872042502319291e-05
-1.009378282757823108e-04
6.633074177496594977e-06
-5.613249874634200682e-05
-1.169720812571016612e-05
-2.038404128948384656e-06
-5.770963117210728065e-07
-3.015574575410115852e-07
-1.378987519189087547e-07
-5.605672987416930863e-08
-6.761232618800298098e-09
-1.627548214830687625e-08
-5.000964450885137682e-09
-8.873323502174557535e-10
-4.115353451484273271e-10
-1.334153643960762583e-10
-1.497728893584516913e-11
1.650517553403232568e-05
-6.196116583118542486e-05
6.346843679685443306e-05
-4.219241861004026606e-05
1.610761873252526538e-06
1.827517889625303717e-06
4.977798396308080405e-07
1.696930722611090028e-07
6.587803747235240097e-08
3.447081227251736370e-08
4.067332851753422735e-08
6.453693087646969962e-09
9.914507534656360844e-10
1.892202703869311616e-10
1.814056857239621083e-11
8.290026051469825742e-12
-7.143104143761334450e-12
1.437059661365204469e-06
-1.155525941429094362e-05
2.314403463402162040e-05
-1.468331049844850760e-05
4.500703907931147388e-06
-8.951841334837039450e-07
-2.592143562226182864e-07
-9.336212642679959281e-08
-2.692705178419602633e-08
-1.423525288418337128e-08
-1.363775109453713330e-08
-1.099408754071770639e-08
-7.985631696196161546e-09
-5.558400490576099106e-10
-1.314931663035428035e-11
2.724389145034680534e-11
8.623169300360399422e-12
2.896440487000420325e-02
-2.767391077541094327e-02
-1.848769051998434094e-03
-7.969261321344248952e-05
-7.274830763668830869e-06
-6.675800957349532037e-06
-2.755652353794536381e-06
9.534924642730036729e-06
4.454919493434829225e-06
3.841166892134228814e-06
6.762548579659893547e-08
-1.013355860280733407e-07
-2.254195059588671711e-08
-1.992388600132327858e-10
1.408935733718568420e-09
3.168716771345805979e-09
5.196602399092946009e-04
4.319001888042420245e-03
8.886464398321656860e-04
7.131124813643550725e-05
1.482611148935697175e-06
4.377569656309081753e-06
-1.888606930831201004e-06
2.641839872368099617e-07
-1.401692357314655350e-06
1.558217781964421745e-06
-1.939475127311054115e-07
-3.401997385483096837e-08
3.261994843903635994e-10
-1.188467027636736032e-09
-1.400955634354522620e-09
1.104460426423205252e-09
-1.133669331826039428e-03
-6.512423555634601954e-04
-3.317756820081241569e-04
-6.402436880390863195e-05
-2.078009345056387582e-06
3.152007293283126420e-06
-1.230128133877065104e-06
7.949728808357292883e-07
-1.098509270221289799e-06
-1.197829280073748097e-06
-2.568266173022893973e-07
2.144468606897505454e-08
9.746648122639213571e-09
4.756261994748318892e-10
-1.630164613675567276e-09
-1.959333589349210444e-09
2.839629577241111879e-04
1.017061286430240405e-04
5.672245750857815832e-05
4.738275619746591384e-05
2.079695006304401682e-06
-5.808267503313878333e-07
-2.148799875199374768e-06
-2.836521974338354039e-07
5.795232746472571118e-07
-8.653499607929565013e-08
1.322639123307999105e-08
2.345777960983449910e-08
-2.067970683772414232e-09
2.706703347700076009e-10
-7.733199523367560288e-11
-3.802325546304623830e-10
-7.063889734611626041e-05
-1.218741457507867879e-05
-1.626337511453221637e-05
-2.077893325119058054e-05
-1.315010372173118334e-06
3.206059384810772465e-06
1.913136199772695291e-06
2.568692120440012938e-07
-4.302841890224649954e-08
1.638055716541125479e-07
9.415314423057313053e-08
1.071728640164851430e-08
-1.807504883591784109e-09
5.644019180242783903e-10
-3.494607493407132002e-10
6.904665744295950049e-10
-1.675912610562249247e-04
2.790866904931179823e-04
-6.426331658179210377e-05
-2.678912957944555428e-06
-6.702160188231480310e-07
-1.890776028714109164e-06
-7.266254556763250697e-07
-2.190913511659786626e-07
-7.867714525100439032e-08
-6.600009954124115972e-08
-2.716243120221398574e-08
-9.278661293803930303e-09
-2.112118109722184773e-09
-3.097029818841535651e-10
4.105975873191182595e-10
-2.389340591778102465e-10
1.520193426482213022e-04
-8.182069475886351686e-05
5.723540437187010522e-05
1.117652499374207708e-05
1.806779658517244600e-06
9.613356366491517599e-07
4.856090176809186158e-07
2.179408934429066078e-07
2.386943421982129852e-08
2.561566481908683354e-08
1.996968519736149408e-08
3.507341410226993128e-09
1.576412534638505073e-09
4.155700094076966360e-10
-1.855144050740266654e-11
-6.988600177232756715e-11
-1.015326482171556956e-04
6.848453050111521519e-06
-5.629632337037070047e-05
-1.239779773719597956e-05
-2.460210669907396562e-06
-7.761621505481352433e-07
-3.697351150168283629e-07
-1.390914357029263858e-07
-5.160679821578336578e-08
-3.329246826672869471e-09
-1.564974257924882952e-08
-5.536957846795285599e-09
-9.885286629760412898e-10
-3.552993174988962960e-10
-1.191003348205696364e-10
1.843128862283839079e-11
-6.379627616142040240e-05
6.323511967907528462e-05
-4.211793033532143206e-05
2.066516727880221647e-06
2.028466853817923890e-06
6.407459117797488392e-07
2.607519973087477381e-07
1.057660141894148776e-07
4.334574177536630683e-08
3.857638570574395507e-08
2.340038535543298332e-09
-1.571007996776186729e-09
-1.750696275185295090e-10
1.009715141501029563e-10
3.140212117339323090e-11
4.348003310207333249e-11
-1.292276546783578388e-05
2.397003298871977373e-05
-1.583977491039566623e-05
4.223151523243826143e-06
-1.025747840504830667e-06
-4.661102903043406081e-07
-1.767167024821312705e-07
-5.459463143585020475e-08
-2.572753583306234432e-08
-1.816387268210094033e-08
-9.447289447024332503e-09
-3.579850079259088684e-09
-9.185136170677261659e-10
-1.941569575566230426e-10
-2.946007551826912640e-11
1.364464949863168791e-11
-1.024438628622898584e+00
-4.107896925081228751e-02
-1.121134794946328141e-03
-2.179384647369592221e-05
1.792053827724073908e-06
5.516732504434169830e-06
8.384367413477341170e-06
4.611549518244782433e-06
-1.857012552868239869e-06
-4.529684567842544986e-06
-9.544298426876128365e-07
-1.249093322791223538e-07
-1.374922435088269679e-08
5.198633159564885090e-09
-4.224184538695515232e-09
4.992678818476372485e-09
-1.587960987518048372e-01
1.510680840137140248e-02
1.170041684778550190e-03
5.369157588590152500e-05
5.067118891795621827e-07
-1.777722478019503730e-06
-8.721362235444156508e-06
7.974014208133644108e-06
-2.074254448677573971e-06
-6.902729325111621543e-06
-9.108881660094507604e-07
-5.349518575149431409e-08
2.467769795951882294e-09
3.632921252761806644e-09
-2.082585780115727283e-09
2.231108396431063557e-09
8.509766557388774230e-03
-4.227495625168013228e-03
-9.378590824586797298e-04
-7.272871295771367176e-05
-6.294814021354107628e-08
-2.586259820395428075e-06
-2.291862329332337256e-06
-2.742033324087823695e-06
1.041095808379130159e-06
-2.190255683296074315e-06
2.045232018837249047e-08
-1.538765247008066825e-09
6.275099070521638050e-09
-6.811369318034525903e-09
-2.193045456297749301e-09
-2.544296705032716748e-09
-7.626472725057424499e-04
3.467198831980840019e-04
2.993176555111088342e-04
6.549492069180904027e-05
6.896196934219940820e-06
9.302263870571618153e-07
-4.653064027576081957e-06
1.405517199705062978e-06
-3.464783819403388340e-07
1.230798237356399059e-06
2.632804186158480032e-07
-8.325440254445289109e-09
-2.738677153272267586e-09
1.888031614897709192e-09
-1.764394951877717848e-09
-1.070714138780271474e-09
5.707325796848168684e-05
9.785355695139866922e-05
-3.726468458880375761e-05
-4.823556656769875032e-05
-4.931565222986649156e-06
1.666028070457720283e-06
-1.565093282001335600e-06
4.541538504271559790e-07
3.874695642109842155e-08
2.155791666481380978e-08
-3.034744852362182676e-09
-1.918994498057557653e-08
-9.349873886535481239e-10
2.233761929001624498e-09
1.323981903533429370e-09
-1.512675122796153488e-10
-3.772100418074254434e-05
-7.577692064919716488e-05
1.960065022134752826e-06
2.292860265831392339e-05
1.466206831089026700e-06
8.328276055880973786e-07
1.219489444068012899e-06
5.810128331844925564e-08
-1.123501189991617998e-07
-8.817959784105757324e-08
-1.026494101703380476e-07
-1.029603203200185960e-08
-1.055582745190041349e-09
6.446060430937024844e-10
-2.352502792926253794e-10
-6.395148379938043831e-12
-2.666133232935453262e-04
-2.871207725297103162e-04
7.018418747027661147e-05
6.273875621216545831e-07
-1.709369918623866692e-06
-4.105586062503131292e-07
8.462043490463764504e-08
-1.521606809512075565e-07
1.713959883964615575e-08
7.872116195414103998e-09
3.048120994533550539e-08
6.107303617646912890e-09
1.310015242547202073e-09
-3.569203994320691830e-10
-3.117815392009085980e-10
3.163161467691514993e-11
1.597055994726988607e-04
1.274160396913294479e-04
-5.531963858970814139e-05
-9.122912588864169126e-06
4.977917567698510700e-07
-2.276990255098651474e-08
-1.558893313997151755e-07
-6.732397585009389256e-09
-1.185183705184193578e-09
9.949809612833201248e-09
-1.972158496385838088e-08
-4.358415986983574774e-11
-1.255785978527219750e-09
-3.062493062135521871e-10
-5.868333538375999293e-11
6.020484463066678538e-11
-9.777877609379640421e-05
-6.445578577411411637e-05
4.904470865770218802e-05
1.042275110053116636e-05
1.106119064057036658e-06
8.692507624900916118e-08
6.746665014368894085e-08
4.956008782517597643e-08
3.923742515906521288e-08
-2.018010188573483733e-08
1.446399846876889190e-08
3.390537808570785057e-09
7.689257534630717063e-10
3.023512096394188997e-10
1.012566308985136192e-10
2.500407670695696572e-11
-7.258772510508650360e-05
-6.886281355183418223e-05
4.801352861260621844e-05
-2.001989213764066546e-07
-1.211236495042872655e-06
-1.979742644656891336e-07
-4.006881812612772677e-08
-3.160732168102885555e-08
-2.089920174367679782e-08
-1.770576864031185195e-08
-6.171408255567437291e-09
-3.853196185649523057e-11
-5.849800862017829461e-11
7.083876332035586923e-12
-2.541510638398048127e-11
-1.341092949307775258e-11
-1.403979177689096140e-05
1.916961831621120192e-05
1.339952588884536269e-05
-5.376548349505699897e-06
5.719817701740456092e-07
1.246482490327878468e-07
4.129259176121370968e-08
2.061074754925118631e-08
3.508978762639045993e-09
4.607748367608396180e-09
9.785245240390997716e-09
7.670117198329445387e-09
4.800293768923956328e-10
-1.244478539003082824e-11
-1.289491983601714189e-11
-2.515114609883639042e-12
9.574713510862935262e-02
4.068235712088107137e-02
-2.717351711423198965e-02
-1.831479315447150178e-03
-7.642579407032184038e-05
-6.744588425570985991e-07
5.868023201806374694e-06
3.565969381994110510e-06
5.118434098459287321e-06
4.597349601550179079e-06
3.921927224045858532e-06
7.314425081835547222e-08
-9.189915369329965068e-08
-1.171738565270040355e-08
-7.607973398926169835e-09
1.130528993722698090e-09
-4.678043593896920425e-10
-1.615499792196424533e-02
-5.079648607730779739e-03
3.888906675190849978e-03
8.666526068774695925e-04
6.992315864808401030e-05
2.450112815328566259e-06
-3.001732457558788792e-06
-3.599083668893491887e-06
5.958793644691250718e-06
-1.756380313618920283e-06
1.628095370991635726e-06
-1.782061582940958663e-07
-3.779975471029393240e-08
7.501034043312164248e-09
-4.143330309685958747e-09
1.491237497275452703e-10
-2.481429359296253165e-09
1.852788568572566160e-03
9.719806542002146178e-04
-3.179256582843560512e-04
-3.070882928332411741e-04
-6.615050204371200442e-05
-6.431073887295478093e-06
-1.182474146749883487e-06
-4.141054927828618999e-06
-7.753894993085824069e-07
-4.763475537744311243e-07
-1.241983511299561181e-06
-2.509883953222956666e-07
1.370016250710015684e-08
6.346813186511727937e-09
1.115308370297405061e-09
-1.598537890203959426e-09
-1.847216014454244521e-10
-8.562427399813847398e-06
-1.036900009321367649e-04
-9.425927824104467245e-05
3.650576119107790574e-05
4.708224213912954871e-05
7.057240046018923309e-06
4.406659531406983595e-06
3.465184378734026744e-07
-5.755556780324231429e-07
-5.903390514320362249e-08
-3.235871966999360350e-08
4.961260744488542025e-09
2.906953106252062114e-08
-1.516915820799872238e-09
1.292439413024632019e-09
-6.996698918439619303e-10
-1.797728311107030120e-11
-3.747791877770714097e-05
5.254789610861626255e-05
7.637396795304616181e-05
-2.135038604857760782e-06
-2.528091377503285234e-05
-4.872969114610687204e-06
9.883594011795078164e-07
6.675718034331200973e-07
1.372066185277142710e-08
2.134733858028688500e-07
9.241010389907191990e-08
9.235492236749031686e-08
8.239626827885229377e-09
-1.652776250970239429e-09
4.065433927258921067e-10
5.630882203677458863e-10
6.755545160863613577e-11
-1.735162676819015709e-04
2.260088482647467560e-04
2.847169160845428211e-04
-6.947180233228611240e-05
2.855832635048054879e-06
2.204117879365991874e-06
-8.403739438482818543e-07
-2.127882671975041563e-07
7.314229359074065441e-08
-6.640539761693572140e-08
-9.228730236228093290e-09
-2.635934338312027277e-08
-6.904378140540379808e-09
-1.830092490801663500e-09
-2.926017219089286054e-10
-1.153550512324322162e-10
1.170255563038092757e-10
5.108600299207864952e-05
-1.507986143974029915e-04
-1.273649597917434059e-04
5.441612844029680506e-05
7.384399035291507205e-06
-3.155756320026022521e-07
1.220118161492093421e-07
1.686578512248166685e-07
5.449441672191184596e-08
7.713450874689382455e-09
-1.263812360375427015e-08
1.876036303284722348e-08
9.877626903453984655e-10
1.090845617965838529e-09
3.358060110576427072e-10
1.544411476317165494e-11
-6.224704116470053545e-11
-1.824379589391645742e-05
9.616849943629176656e-05
6.457184459147072449e-05
-4.854861685824387056e-05
-9.956016574332676673e-06
-1.128921692744011530e-06
-1.453121836794805393e-07
-1.196310413579141003e-07
-6.713616401083546957e-08
-4.196838532185580691e-08
1.794036606674772293e-08
-1.454610279740776125e-08
-3.243701794375223566e-09
-6.291694526090227159e-10
-2.950873067619039595e-10
-5.933496635298545909e-11
-2.723803460391610631e-11
-1.576988883334556915e-05
7.105660615759019157e-05
6.891302865669718229e-05
-4.786260691925126216e-05
1.984807700263492380e-07
1.220818747510312737e-06
2.448720404827948404e-07
1.029189975217063980e-07
6.491285307960222718e-08
2.874764265241212134e-08
2.056522463493365837e-08
3.017650166079514569e-09
-3.197985301748876730e-09
-3.883655978705268252e-10
1.334998450558866184e-11
5.175282373591128426e-11
6.112251432253027730e-12
-9.091561343099028076e-07
1.316442952541561955e-05
-2.254068028352412766e-05
-1.514393995538008164e-05
5.624703510773545998e-06
-4.800630365259080665e-07
-2.121011868545056713e-07
-7.535583207525640506e-08
-3.295834749387739404e-08
-6.898422080134444155e-09
2.708001260353721025e-09
-8.064279660172085751e-09
-2.362380556244403023e-09
-7.078181808857509980e-10
-1.187373469263555626e-10
-2.562116113658804277e-11
7.273166077649174303e-12
-1.468190047839866286e-01
-3.925132529284962660e-03
-8.297070956218072690e-05
8.876845401019203211e-07
6.318027564536408542e-07
-2.607891604744778584e-07
-4.719578477778841131e-06
-2.254359535881162689e-06
-2.983118989506814573e-06
-1.374967477219524089e-06
-1.592088712739193527e-07
-9.710892252384547930e-09
9.033232492499400634e-10
-5.067180516362445247e-09
3.033555205825923772e-10
8.205196568562992660e-10
5.731225365475813016e-02
4.273173728667137815e-03
1.800904235790941278e-04
7.775679393730719274e-06
-4.312740147503927073e-07
-9.942592901828620016e-07
-5.072780317709329548e-06
8.392622487250490362e-06
-4.932062090310200497e-06
-1.467344019469105934e-06
-1.161145929294736781e-07
-1.316343448283911052e-08
7.330924986764373692e-09
-1.973935144735646407e-09
1.253943418066596476e-09
-1.483164403604712314e-09
-1.818344198725613953e-02
-3.340557224636138758e-03
-2.768313626437139468e-04
-1.062779804756109615e-05
-1.264472187177676528e-06
6.372102168526513747e-06
3.792789544938896321e-06
4.047185235822032656e-06
1.522650605928571426e-06
-1.100109246641811992e-07
-3.878740573486373594e-09
-1.569471489683136161e-08
1.392773236219092559e-09
5.716400864518569980e-09
-9.290158943862804559e-10
-4.312681463910227544e-10
1.852990021435397183e-03
1.177711374824441356e-03
2.022316073252079284e-04
1.568193026788365817e-05
-1.168434404684728837e-07
9.592904856194720087e-07
-4.332802312778949460e-06
-2.679633833658137349e-06
2.113763201378779808e-06
4.247940980434266084e-07
-1.201174947645563382e-08
5.425138262241115844e-09
-9.264187229884134230e-09
3.877966336159116105e-09
-3.365553403623349771e-09
2.043805418996538994e-09
2.385545062219068205e-04
-2.036379930188978522e-04
-1.339092073990707447e-04
-1.396516845655814184e-05
-3.053820866039643659e-06
5.028369261957259026e-07
1.677078003890152154e-06
4.983041078340343043e-07
-3.415276160508740125e-07
-2.411837161398648593e-07
-4.144737019069628049e-09
8.559341249209305829e-09
-9.161741265000442949e-10
-1.541802174481220921e-10
-7.765624608462585541e-10
9.240273021462078379e-11
4.020486664016351922e-05
4.691240109181596358e-05
7.087702873374471897e-05
1.048424331896160108e-05
-3.307469247612981681e-06
-2.441564649468321165e-06
-4.542983387919252926e-07
2.879107502571695949e-08
-1.907617282985730429e-07
-5.582363744257600291e-08
-1.565621858614645676e-08
-3.469120369005538139e-09
7.133460340268526566e-10
-1.504359935847608235e-09
1.098021054058972601e-09
-6.783424215176640274e-10
5.207468300344788572e-04
2.299685580007638857e-04
-9.510488692456938802e-07
-3.632198226666821874e-06
3.832483726575765339e-06
1.996160411421606954e-06
4.993331508187254272e-07
9.521486761864001888e-08
8.468786159994600754e-08
6.104630977659065531e-08
2.644368077627742874e-08
2.557255489676997434e-09
1.019360272008289524e-09
6.329606191084852346e-10
-5.812919703992935781e-11
1.724491284613885732e-10
-1.188557992028628512e-04
-1.871964794617120200e-04
-2.796491821793717591e-05
-1.733796329072998092e-06
-2.052705963170620370e-06
-1.181272947675408229e-06
-4.751239403792587183e-07
-1.709749915828655009e-07
-3.711062359713554604e-08
-1.689642517346579405e-08
-1.559962200045891253e-08
-2.004141926361290578e-09
-1.347850638113736220e-09
-1.551121317617517024e-10
-1.019692737465385532e-10
2.901040433157893267e-12
3.154209009687913254e-05
1.588230375232126124e-04
3.577915843312111203e-05
5.018175004595166895e-06
1.386104698381062388e-06
7.023639768059744223e-07
3.361627259690827177e-07
9.998928232848887970e-08
2.518862135246138080e-08
2.265419853797526732e-08
1.346674546337442674e-08
1.542195256847748366e-09
1.242815405555556170e-09
1.526588863753381492e-10
2.085624031661470835e-11
-2.910280607860881475e-11
7.302550001537002342e-05
1.748203508794400152e-04
9.841866908323983727e-07
-4.579934225942454527e-06
-1.099755503593505069e-06
-4.514878314447702194e-07
-2.077736358810767807e-07
-7.090840747673078528e-08
3.917237183083245485e-10
-2.159174174777940249e-08
-9.281134053039626774e-09
-6.136142301122068824e-10
-3.484242391655265905e-10
-1.066285121345839190e-10
-4.539038785238943438e-11
-3.797872748001456338e-12
-1.049805407987531907e-06
-6.104684260974530810e-05
-2.072094761749401708e-05
1.411256376266948451e-06
6.874902747501920528e-07
1.930597314168842188e-07
1.027573138700350885e-07
4.540525381576314429e-08
1.345156023839480645e-08
3.655159239167206498e-09
1.309838853556886460e-08
9.673268284274038735e-10
1.317033603580965902e-10
2.712888418334022362e-11
1.847653160378950659e-11
2.413997385231085463e-11
-2.088086468919864436e-01
-1.022454321200348959e-01
-6.585392024142258313e-03
-2.749705505795504621e-04
-1.112656476566624678e-05
4.878969541182654763e-07
2.099566487060342483e-06
-3.314077271611360840e-06
3.611477911960931650e-07
3.656924834868887421e-06
3.782871987542243229e-07
-1.719986337163529648e-07
-2.138000639499683670e-08
9.111744792152989677e-09
-1.251050791601568015e-09
4.108376391897286469e-10
3.038359265133187425e-09
5.342720527756980066e-03
1.666698387825064215e-02
3.111252360131996821e-03
2.567009748093325981e-04
9.453761361818713180e-06
3.664051691463593821e-06
7.966029909743979124e-06
1.071991659456356141e-06
-9.523953106906879356e-07
-2.558195092369994482e-06
-1.593304958819024154e-07
-7.997027378316588722e-08
-5.631273544574923161e-09
1.773435057034740876e-09
1.361976945427084748e-09
-2.515955206631944741e-09
2.690154793038985053e-10
5.214229066202602124e-04
-1.708695610985719792e-03
-1.176481935542790427e-03
-2.048824242964593031e-04
-1.678395906090382892e-05
-2.532661398863726548e-06
4.354533969625679800e-06
-2.543141739775685829e-06
2.373413460899298400e-06
-2.367128776494255108e-06
-4.143964302722765954e-07
1.331577973956592724e-08
1.164737811685884393e-08
-6.530875326096452977e-09
1.607836231722769537e-09
2.895234062115745646e-10
-7.840485055228532712e-10
-1.614848770614558113e-04
-2.646877269467493737e-04
2.058547941528329024e-04
1.337291540986117395e-04
1.405915038112647674e-05
-1.941762044708524156e-06
-8.312331934546480063e-07
6.351544541808396583e-07
-7.541665861270730868e-07
3.682342677229074449e-07
2.142472468437179961e-07
-9.443667096193174022e-09
-2.061288126007201837e-09
-1.623682477453676071e-09
3.842525557844430848e-10
6.332938583193707467e-10
4.822093464909503619e-10
1.582567359995976837e-05
-3.375591647903535344e-05
-4.226621892122711899e-05
-6.982017086061219054e-05
-6.636209060051477926e-06
-2.613339212729624626e-07
-3.779014794259822733e-07
1.030467408369705592e-07
-7.823265135551197130e-08
2.289518292473284452e-07
8.596761772032763746e-08
2.989759289993273206e-08
1.542391165186559632e-09
1.916218230345984008e-09
3.010549667821794484e-10
-1.662233912612593564e-10
-1.219515465569978112e-10
-5.013575307959163393e-05
-5.253179176152492731e-04
-2.336277153556907851e-04
-7.476476787333214167e-07
3.419629399367923868e-06
3.599399958108311437e-07
-5.088932223232967934e-07
-2.075699312151665515e-07
-3.757216528607047233e-08
-1.214633910129552591e-07
-8.592189188411190224e-08
-3.212663268777028764e-08
-2.825173957146654060e-09
-6.700532020687870497e-10
-2.125584889623144146e-10
-2.747094211341743006e-10
-1.192631797925746232e-10
3.823856452761870598e-07
1.181316439773067128e-04
1.884429832368479879e-04
2.871449184997592561e-05
4.573065736434136577e-07
4.155348465092719607e-07
7.453824563834648220e-07
3.038313967188538037e-07
1.511973799111763955e-07
5.895101965724811395e-08
2.861069301753330935e-08
1.721427270004550195e-08
2.673403729757021652e-09
6.617467627356367871e-10
2.577972738023112791e-11
7.178966487602892833e-11
1.124019143475981608e-10
3.686531677058098637e-06
-3.116112087649281100e-05
-1.593620455231252507e-04
-3.577654764375457478e-05
-4.155956295343200875e-06
-8.157396349778092955e-07
-6.099344036477598109e-07
-2.751044296463227670e-07
-1.107362725034093363e-07
-4.040882776321417579e-08
-2.822989299760737111e-08
-1.398915415912771545e-08
-1.851815701035248585e-09
-9.433054553581994401e-10
-1.388803307364719730e-10
-3.987029853486622161e-12
1.154664515635242107e-11
-5.702001833244101320e-06
-7.298613472743290009e-05
-1.744053717890044035e-04
-1.131640231817663805e-06
3.977523722396491788e-06
9.529948849796405021e-07
4.452772071826758443e-07
2.272499584095525861e-07
9.652527345191728661e-08
1.609208101369551900e-08
3.213766392983454193e-08
5.183729231418899641e-09
-3.385946017517943480e-10
5.229058329130130394e-10
1.275422278487510847e-10
4.528486849882518404e-11
-1.573326481220793971e-11
-4.655782106426933253e-07
1.445356508209774226e-06
6.088935431825259352e-05
2.221843960130970291e-05
-1.154433719794976988e-06
-8.772039174954154504e-07
-3.039640931742798888e-07
-1.528244919643829037e-07
-8.717345459454820325e-08
-4.437767298899163595e-08
-1.696577240429378679e-08
-1.198305408238324287e-08
-1.296207965967527671e-09
-4.573415885578364977e-10
-4.777549002224151951e-11
-1.712386055501687830e-11
-2.995605378584219872e-11
