1.338985518423643217e-01
1.028157735704887887e+00
4.290980998660902379e-02
1.315828052035451909e-03
3.717447209476260853e-05
4.131246298372245949e-06
3.664178485016345819e-06
3.384150794432193638e-06
-3.722252181072336606e-06
1.011351167273752749e-06
3.148610215716996993e-06
8.306163038311159195e-07
1.169362261703183360e-07
8.763737518481453858e-09
-1.608927478056061752e-09
3.520296341145834433e-10
-4.376702257150829764e-10
-4.180964964013314522e-02
1.118850829484143161e-01
-1.173833471814689396e-02
-9.857845653859706458e-04
-5.229049411320348730e-05
-3.899189531057903288e-06
-3.091624288896479537e-06
-5.580474816058979216e-06
-1.495615710367943645e-06
7.618035071998271112e-07
4.152076904522033704e-06
6.217309507542790819e-07
5.910046194539632034e-08
-1.653044086698313271e-09
-7.427698928794073747e-10
3.729204684908833571e-11
-3.578678010323580047e-10
9.837148065954775047e-03
-1.280107896166933360e-03
2.667833541592136253e-03
5.807018364035412437e-04
5.400220002857154220e-05
3.155171941075650262e-06
-2.494780904198088925e-07
4.391583837801979413e-06
-1.092127110495766873e-06
-2.205917030347603020e-07
1.096251445950168672e-06
-2.081858195787422764e-08
-1.666042952526868810e-08
-5.283267587364466407e-09
-1.619527343304980316e-10
-1.654417791103393424e-09
3.506199724808939441e-10
-7.766953014398984226e-04
-5.612494515304474645e-04
-2.687631344889134834e-04
-1.405592645237324070e-04
-3.154793681856366347e-05
-1.261902047202213503e-06
-5.443326751898109450e-07
1.209646373156919214e-06
2.165159351876271487e-07
2.112763738495427011e-07
-3.851268367370586021e-07
-5.422628248946838048e-08
6.721025341541796239e-09
-7.180955728524319909e-10
-4.760911181683319719e-10
2.510707024394549484e-10
-2.979220733122045799e-11
1.946674072018789441e-04
-6.740885899835038521e-05
1.643881694674760889e-04
2.770857628903075067e-05
1.535094475293650036e-05
1.543295650008803007e-06
-2.637168934228252291e-07
-5.940197397826903535e-08
-8.120940867251493135e-08
1.085763757381971439e-07
-9.524960825440697109e-08
-8.554251957261360450e-09
2.529853954017111162e-09
3.624302518303149860e-10
-4.802641318678062355e-10
7.130023466335008123e-11
1.559216176756168898e-10
1.863471156463536416e-05
-6.644563608255803612e-05
1.464732308654733197e-05
-1.123540445836833726e-05
-4.775649279052173203e-06
-1.531391318823417583e-07
6.541978483497953288e-08
9.275170117158948233e-08
1.059491896363122087e-07
-1.879906721135577702e-08
5.978098036368600163e-08
3.656367913266878128e-08
5.107719293152130707e-09
5.829780178641356546e-10
-3.621361201724160523e-11
-2.275391443643204567e-11
3.402389222857909702e-11
5.592745053777776164e-05
-3.391306744923990404e-05
8.696218836880813968e-05
-2.041788234623365903e-05
-1.246081628914448804e-06
-1.765432656799038472e-07
-1.873889411424019175e-07
-1.752676910993490988e-07
-8.142259998144944125e-08
-2.531395333498664053e-08
-1.565891072471548283e-08
-2.832543604075048762e-09
-2.140108506282781173e-09
-4.236067921132558192e-10
-5.762333377108572313e-11
5.406501609180284446e-12
-2.978911152628861628e-11
-1.178342626786945583e-05
3.302924776452578607e-05
-1.960349689795791515e-05
1.426457123242779697e-05
2.598905164748491149e-06
3.783479213478056236e-07
2.035103901039777536e-07
1.062744423896539538e-07
5.489191853272292914e-08
1.532226114095429976e-08
7.998226937479653893e-09
4.542586876502972245e-09
5.443825996505555210e-10
2.142963565884203983e-10
8.869594638907524538e-11
2.258058835439917255e-11
5.474689976061924975e-12
4.319465950491330188e-06
-1.969991704651531309e-05
5.507801456497798941e-06
-1.175014906578015541e-05
-2.335660264396472190e-06
-4.431390765299679939e-07
-1.284880939671714670e-07
-6.204059260935009757e-08
-2.845328041419598115e-08
-1.033071844712575458e-08
-3.836872253834093499e-09
-3.552169995234066704e-09
-1.046255330939612598e-09
-1.234598352947436013e-10
-4.820053402947036141e-11
-9.953858905459160942e-12
-2.295156980283659336e-12
1.877439088693558554e-06
-6.483757253751921649e-06
7.696478758066381280e-06
-4.424767671579244021e-06
3.565502248120475931e-07
2.775266645879300086e-07
8.484542430899291339e-08
3.212210226608786390e-08
1.251405633601598171e-08
5.579703280315913724e-09
4.118004005427467503e-09
1.100924536038457427e-09
1.097254986156448398e-10
3.270625484085869526e-11
9.507332567594000260e-12
2.807045478072527703e-12
-9.727003461432050615e-15
1.052662812482623902e-07
-1.029605754309688556e-06
2.091212866749026011e-06
-1.731967476856949658e-06
3.984699564525252806e-07
-9.625133272120541484e-08
-3.740395814616584020e-08
-1.260137178763283346e-08
-4.560514271807699623e-09
-1.808447823318061840e-09
-1.003467771981814983e-09
-5.168842456248411365e-10
-6.073884371453461332e-10
-4.825914443990701887e-11
-1.047164100480760378e-11
-1.616968161339392167e-12
2.576759245747655907e-13
2.119476735098782538e-02
-2.107723819635909379e-02
-1.529403815009644984e-03
-7.691457002153113205e-05
-3.582548081597143228e-06
-8.125489332874150087e-07
-6.250799894017699576e-07
3.574043787540484649e-06
1.719574667543545834e-06
1.839440252448633145e-06
1.027428871048772862e-07
-6.188991950715306697e-08
-5.470385384203129957e-09
1.314724403311534597e-10
1.773331268277889982e-09
-4.519731750482994848e-11
4.233607852630524035e-04
2.461763878797665773e-03
5.410549960582903325e-04
5.046868059565868685e-05
8.245312406760965472e-07
5.769078347864840412e-07
-1.337887844274261737e-06
-9.334298180084302967e-07
-1.892612491994277861e-07
8.055145208279444273e-07
-5.547358592368375885e-08
-1.921270950092874823e-08
-5.154759176935407458e-10
-9.853537834386040748e-10
7.684688955982219550e-10
-3.411154657134255132e-10
-4.709461553929954821e-04
-2.580259135397716588e-04
-1.430384720732008781e-04
-3.213592464775961430e-05
-7.443729956839910456e-09
2.385620387768296600e-06
3.721364171776777819e-07
6.295308122128595191e-07
-9.109262226423756506e-08
-3.905626645116624810e-07
-8.327322201562381908e-08
9.903452154283158192e-09
2.202676781868548700e-09
4.002456427010977552e-10
-2.625860159200812686e-10
-3.616185815582195430e-10
2.428199125670463848e-06
1.719424304086690069e-04
2.812577626981827144e-05
1.501386991904163102e-05
-1.467468979872833994e-07
-1.224314825150216597e-06
-1.186633808164784782e-06
-1.067198255152714558e-07
8.003155337028985432e-08
-7.227498774017112123e-08
2.103078307327636548e-09
5.017794871911194478e-09
6.746643506807280689e-11
1.437310708408943509e-10
-2.282440525927386710e-10
-6.922073225600596670e-11
-5.717471528261506463e-05
1.603318438843161388e-05
-1.179636237937582539e-05
-4.031739473723486644e-06
3.102417295235025482e-07
1.311733501246034432e-06
6.518857601881339265e-07
1.349162267167750968e-07
-2.048670103742171119e-08
4.431036083976090471e-08
3.236913182010007450e-08
3.941433704506908918e-09
3.321248458143046266e-10
1.616254880951302374e-10
-7.185746690114145047e-11
7.914907826133352674e-11
-4.542199001838389378e-05
8.640103880111983019e-05
-2.025088167094325520e-05
-1.857503295535480245e-06
-6.145642556052223472e-07
-6.310319764641950468e-07
-2.445172746260579131e-07
-1.016248505475418008e-07
-2.462159843782156436e-08
-1.024926693516463604e-08
-7.476359555850130327e-10
-1.677495036501964526e-09
-4.941779858453298468e-10
-1.892451317536484498e-10
3.924659251836827021e-11
-3.155093434957861774e-11
3.491682949361145545e-05
-1.958871369407034363e-05
1.432022713822713495e-05
2.896702304275135821e-06
6.201229537936721365e-07
2.897769100235294164e-07
1.404123129566696829e-07
6.025646954332283961e-08
1.117260363909913967e-08
5.143267114698077251e-09
3.504985022053602901e-09
3.900414660529779045e-10
1.934640415986622456e-10
9.898869413963349743e-11
1.150134727973860966e-11
2.875914572422788168e-12
-2.025589885055277726e-05
5.458489087525511344e-06
-1.180435292717417542e-05
-2.456223185981067461e-06
-5.216932924834943857e-07
-1.760433624370571156e-07
-7.654723996889006890e-08
-2.962910494218603473e-08
-8.593923607204560684e-09
-2.674568114331507968e-09
-3.065491151888353129e-09
-9.549595479770345207e-10
-1.142242226364824863e-10
-5.348946074388449358e-11
-1.262961201696634505e-11
-2.007261426651342991e-12
-6.721436702400545020e-06
7.694130850264222236e-06
-4.406437271771090577e-06
4.049365032882270928e-07
3.085819428376390124e-07
1.004965721832423820e-07
4.023868859921287200e-08
1.540227066100716565e-08
5.451403857035945351e-09
3.689793930440179061e-09
8.277067797790914457e-10
-4.928358783654692031e-11
1.182772982607294214e-11
1.374405560188851411e-11
2.671226306189990033e-12
1.954619423980327509e-12
-1.162556926283874114e-06
2.131055913654280724e-06
-1.818045461882460368e-06
3.694033790737036596e-07
-1.087828441861167284e-07
-5.495316527832842767e-08
-2.061718580110928717e-08
-6.854372402616011750e-09
-2.704046816091403568e-09
-1.616584473191532746e-09
-4.765590197668822374e-10
-3.036475907581271075e-10
-6.402841230455737937e-11
-1.753200158340141107e-11
-2.655287802177547338e-12
5.443614344134399018e-13
-1.019871429351381975e+00
-4.268852235093302527e-02
-1.308448870411683951e-03
-3.340810124341263624e-05
2.950958964921872123e-06
4.976988685189726368e-06
5.268326947535302425e-06
3.765965255640856961e-06
-9.108894462863818143e-07
-3.113414002017920560e-06
-8.310300719911698872e-07
-1.146700253621109179e-07
-1.726878203042801483e-08
2.747263503705913655e-09
-2.895191827867218076e-09
1.763248118086498792e-09
-1.181059332179076465e-01
1.141539406072918615e-02
9.737975123302475495e-04
5.049458220837118254e-05
1.888214826724053267e-06
-1.206940874410928162e-06
-5.349419210862024577e-06
3.837676356346092481e-06
2.788671278885616036e-09
-4.012459399785002940e-06
-5.938624668657871539e-07
-5.029250803649452150e-08
1.360172331755769336e-09
3.265512048640614751e-09
-6.225979277445346707e-10
7.833519860151174340e-10
4.911088280983165640e-03
-2.362571076925721377e-03
-5.661289814252593641e-04
-5.592423006895237594e-05
-2.411120694936889997e-06
-3.553809835424652729e-07
5.424508532908257059e-07
-2.050991362804831372e-06
4.725284665245632202e-07
-1.150488430173076780e-06
-4.949643059563861438e-09
2.966389323523134283e-09
7.384455324860792239e-09
-1.378206040009859454e-09
5.517439608223957451e-10
-4.457374726119136741e-10
-3.388699453162500263e-04
1.050259474016402845e-04
1.300566506001347772e-04
3.233956532931779262e-05
1.068429839476872076e-06
-4.820621505827825638e-08
-5.739937869676533399e-07
7.446696738948742569e-07
-3.689815095023598692e-07
4.596304114838017166e-07
7.658972910471755423e-08
-6.266912774308931832e-09
4.008356243263440931e-10
3.273868137442735747e-10
-1.637603976652774834e-10
-3.696952030665010079e-10
2.739197792573128836e-04
-9.442377396085173402e-05
-2.193147394444515936e-05
-1.678351440540513836e-05
-1.504360085023387529e-06
2.877601127357780415e-07
-7.216649258023161091e-07
6.576972207225563937e-08
1.503226786003329590e-08
4.973222224335058335e-08
1.956013053004454289e-09
-3.233071372101088372e-09
-5.249143266620543494e-10
2.620134673130788402e-10
1.578678391216409349e-10
-7.191409387587260365e-11
-4.455052479216641394e-05
-3.992767839450483665e-05
8.898501301224801666e-06
5.392805317326170338e-06
5.486465633825835591e-07
2.226477418588227026e-07
2.092205754232666631e-07
1.687958140809114179e-08
-1.135984454833890096e-10
-2.300030328729046242e-08
-3.290597031349726399e-08
-3.803054927786012889e-09
-7.138902487201494293e-10
-2.191638379962667026e-11
-3.338275271764882374e-11
1.960510149281505770e-11
-7.421216709820070083e-05
-9.070702588712317163e-05
2.057039938329239281e-05
9.390254463065742671e-07
-2.713068038384644766e-07
-6.200705946391464753e-08
3.437277854198489204e-08
-2.124858126388843883e-08
2.010238088474614481e-10
-3.546445858449422701e-09
7.922036495303021770e-10
1.472128611698623839e-09
4.672656822509647958e-10
6.952312915254412439e-11
4.426993183594152631e-12
3.809783089092575230e-13
3.746113274130390993e-05
3.093379363050479622e-05
-1.320762516147728748e-05
-2.245805254717696899e-06
-6.792323771466467825e-08
-2.891501467010751004e-08
-2.356991797800288089e-08
-2.589835840763701015e-09
-7.995521913672569983e-09
1.257643998268367331e-09
-3.414011328857679095e-09
-1.507234266563761890e-10
-1.889897256396119038e-10
-6.878331690774559568e-11
-2.917577032528537406e-11
-1.314384102441185121e-13
-2.083312415072817241e-05
-1.684358348855138140e-05
1.024282510849764077e-05
2.012542198201554640e-06
2.577422224502807997e-07
2.983049822101466219e-08
1.580097544378678830e-08
6.752090615755868076e-09
7.390542224905342295e-09
-6.368275326040716062e-10
2.837249998815586033e-09
8.339780639361722291e-10
9.183201150317698975e-11
4.262981548336170064e-11
6.681071272097864543e-12
3.452036716648108037e-12
-7.891203762063856783e-06
-7.719105990225839575e-06
5.295048857853490521e-06
-1.204545439762046103e-07
-1.782151888879334999e-07
-3.728121038972919845e-08
-1.119288531170753177e-08
-5.739824842740699373e-09
-2.891757104824954704e-09
-1.059752738653828477e-09
-9.272308543943511725e-10
-9.674706452612234810e-12
-1.843860261067008474e-11
-7.863023311214295611e-12
-2.821091537241757815e-12
-6.366076810046491123e-14
-1.266887137714579363e-06
2.015631154309825972e-06
1.590112879969464628e-06
-5.069850362642841344e-07
5.569065063072190814e-08
2.022202402330821430e-08
5.352489235781823399e-09
3.415018275145933612e-09
1.262972262960545349e-09
1.551805038659970712e-11
4.068006846008313629e-10
5.842012582957703691e-10
3.739722232088795572e-11
7.206083560796352829e-12
1.605353410943712761e-12
-2.463343115624773983e-13
7.291952909584251130e-02
3.077434466202292121e-02
-2.061416027659648126e-02
-1.513958265051673245e-03
-7.747903203961841660e-05
-2.825317779713161600e-06
3.505910347308809703e-06
9.448716696476349154e-07
1.612867629468412123e-07
1.964566505538962137e-06
1.853590302089933618e-06
1.339126580388990547e-07
-5.346930155170037883e-08
-2.424763325988604532e-09
-3.269484345819804213e-09
1.942713242032415608e-09
-7.299370267340348967e-10
-9.094311041698775397e-03
-2.954781637956341907e-03
2.170728674432538269e-03
5.249696468858915544e-04
5.144968098438661229e-05
3.463187558692109046e-06
2.642864726065885168e-07
-1.626646922320232640e-06
1.515929975864460820e-06
-3.894445101356846992e-07
7.964155014309998169e-07
-4.828458590376141914e-08
-1.830200576141626875e-08
4.084991881546683892e-09
-2.144676228889053051e-09
9.509552368637090193e-10
-1.246027282455897759e-09
7.339857567390961233e-04
4.389002262979717242e-04
-9.337827138460711471e-05
-1.330622931222990646e-04
-3.501677850947510477e-05
-3.639774397019063803e-06
-1.395686466218425515e-06
-1.192128118151148500e-06
-2.116546431859820187e-07
1.185788913322775464e-07
-3.991155186584020820e-07
-8.465533965585768869e-08
8.110509319348493748e-09
1.363402753679488907e-09
8.120989383391546622e-10
-3.107746785141884217e-10
4.486435321542595533e-11
-2.188685161433997952e-04
-2.072995680687426078e-04
9.981679868669999568e-05
2.161068408644839861e-05
1.729886560631770559e-05
3.154053048247446218e-06
9.364884174177424272e-07
-1.618945814836435278e-07
-4.514735652189317790e-08
-1.077130975103164140e-07
-5.811937354975225109e-08
2.382293739419131299e-10
6.608959620267488557e-09
2.590301430794971440e-10
5.130388439981083395e-10
-3.040283731356096895e-10
-7.215149518292833767e-11
-1.963135760590721638e-05
5.434764964635533312e-05
4.214349179596924347e-05
-8.800904154674479122e-06
-6.894086279611896259e-06
-1.637647300704818077e-06
4.321745535134548391e-07
2.048892856132142972e-07
2.167366438059398047e-08
3.520394711718413803e-08
2.257730441794587730e-08
3.128768170711963098e-08
3.037597114019349679e-09
1.446986724391298027e-11
1.018945171788685790e-10
1.046684471479458415e-10
3.734121288678104901e-12
-5.531608136623832885e-05
6.190748977439416610e-05
8.962355550207559175e-05
-2.036598272045486634e-05
6.327223115094042738e-08
4.169717719276161939e-07
-1.917898357997396658e-07
-5.367988010433490758e-08
-1.432640137900746228e-08
-1.637423150482816812e-08
2.364506995202275945e-09
1.810346877106280517e-11
-1.151788654199433630e-09
-2.871550910821796282e-10
-1.696151145399818383e-10
-4.184925497402600459e-11
2.242769929102585962e-11
1.215820705191292551e-05
-3.519035105498700082e-05
-3.073501813556104233e-05
1.302904703081002590e-05
1.920118550274035698e-06
8.207111123386289811e-08
4.721847719316255114e-08
4.376548221470027665e-08
1.806196612748436359e-08
1.114462157997946972e-08
-1.344315330281871354e-09
2.948351301559454719e-09
-4.124310528260585590e-11
6.917767693180364735e-11
7.169756789146872110e-11
1.372936480173478911e-11
3.320818725267695166e-12
-4.431757818154091969e-06
2.014604988121467108e-05
1.679109403740877251e-05
-1.017065208271166556e-05
-1.940083816905476121e-06
-2.628461256385897593e-07
-5.239771867736956110e-08
-2.784298926279633580e-08
-1.241359193344518704e-08
-8.403228540439894912e-09
5.789320312269732684e-10
-2.610832992323035474e-09
-6.981740332582396606e-10
-4.815666640160925379e-11
-3.888110143201989170e-11
-6.538116375537475084e-12
-5.485286566756280036e-12
-1.782245397911458584e-06
7.685655174641603930e-06
7.710387950103229202e-06
-5.307094985728701063e-06
1.140521522410496055e-07
1.862248219172198715e-07
4.239383639013302877e-08
1.834761626847279019e-08
9.697603917389410729e-09
3.682889168513013096e-09
1.172694223535984318e-09
8.127345566721603620e-10
-1.792327872070137849e-10
-1.712616985921715788e-11
5.310424804566664888e-12
3.349440113147666645e-12
-2.111266106767497574e-13
-6.265274520251383838e-08
1.168859111987405527e-06
-2.259813172726235755e-06
-1.715289471317057921e-06
5.225962153370639654e-07
-4.697674813661340131e-08
-2.752592031187212349e-08
-9.859588373824997557e-09
-4.656820878825716457e-09
-1.866273154220325715e-09
1.609116142074345422e-10
-4.102315959579677012e-10
-2.281331055163145520e-10
-4.059318431589307202e-11
-1.170307528819578406e-11
-2.961994033429271229e-12
6.758690774340150992e-13
-1.529115469298304442e-01
-4.640437816989501085e-03
-1.250309506712491206e-04
-3.217263923366945037e-06
1.417302737228044716e-07
1.168306023219635256e-06
-7.058010595992080580e-07
-1.118516366871334150e-06
-1.302046163670014755e-06
-1.229759622299694154e-06
-1.373525886722756376e-07
-2.333700309166052566e-08
5.758632742060351604e-10
-2.011595465839615126e-09
5.271871286050013092e-10
1.764418483751900950e-10
4.379607163604182923e-02
3.506643715430290357e-03
1.766994422081481070e-04
7.214850572197342589e-06
-1.124634288802738070e-06
-7.210724724880010701e-08
-3.408243067159487714e-06
3.991393208573644963e-06
-1.933557439658069940e-06
-1.054256011287955839e-06
-6.519955904676804064e-08
-1.507248684489929804e-08
3.629601852507238750e-09
-1.920833159871925442e-09
1.127125415430465371e-09
-4.419520406148663014e-10
-1.028078823734302621e-02
-2.019657611809314805e-03
-1.891955372648236068e-04
-8.418205733108417331e-06
3.793571885110209531e-07
3.067746645402315223e-06
3.378893276132180890e-06
1.864706732838494409e-06
6.315472993473027352e-07
-6.666554101694311944e-08
-1.531493110348364479e-09
-3.269024214705901525e-09
-1.415549278887582630e-10
2.316230116189970623e-09
-6.364598025606478397e-10
1.677252543119359215e-10
6.795126106482066511e-04
5.163304542139870177e-04
1.044746367852864911e-04
6.842103234979160533e-06
-1.529944031578708697e-06
-9.875701401583288542e-07
-2.368315037465557753e-06
-1.003980206989534833e-06
7.346453824300834218e-07
1.718390732720314415e-07
-2.444165199666198262e-09
5.346813892564967164e-10
-3.450871158578814676e-09
1.360932765730620704e-09
-1.076121165095164566e-09
3.798475009796830586e-10
-3.954373250218232052e-04
-1.059526562327922731e-04
-4.734256918557065968e-05
-4.533137668869220668e-06
9.088817549655539064e-07
1.575021439110339498e-06
7.241813750297324199e-07
3.377282082198255426e-07
-2.809506571944933947e-08
-6.035349745222693409e-08
3.871895455497243451e-09
1.535210604238410697e-09
2.643476692935513959e-10
1.229227676074015430e-10
-3.795235413332814801e-11
-4.603776090344069656e-12
1.168292426204558599e-04
4.917767735871013754e-05
1.866527672412189026e-05
2.356422828568884495e-06
-1.941119026302002524e-06
-1.215074464234895082e-06
-3.157058389624480712e-07
-1.024404275054826309e-07
-8.030239369912806042e-08
-2.525399404037109285e-08
-8.699973976890152079e-09
-5.551213227503241781e-10
1.256591119381804631e-10
-4.520474473192989400e-10
1.331826061515020238e-10
-9.633611360868749590e-11
1.500978698527929273e-04
6.501088173556794397e-05
1.969309470190162053e-06
-1.021263706823881549e-07
1.234098757714731917e-06
6.210578454675090838e-07
2.394466938324959674e-07
6.371339126909483510e-08
2.842267168991157162e-08
9.894821602729768454e-09
5.837092784927872799e-09
7.267882142721813973e-10
3.903094479562229770e-10
1.411384616293997637e-10
2.201442707810496527e-12
1.086492222725088990e-11
-2.748797493301943315e-05
-4.479140045366318882e-05
-7.096421151973442986e-06
-8.955811637331397457e-07
-5.596704796691826821e-07
-3.059640356354675103e-07
-1.375753271205133673e-07
-4.647528634943249988e-08
-1.392358197436620576e-08
-5.870444372079640290e-10
-2.657204522717139171e-09
-3.863956961331693336e-10
-3.007731955614190638e-10
-5.219111147777358081e-11
-1.753062149574777783e-11
2.332383855848129373e-13
1.039809129917195056e-05
3.420164631976351682e-05
6.993209467144967945e-06
1.086888723092441986e-06
3.182789110738529967e-07
1.509869019916784200e-07
7.189221333078405885e-08
2.450435714893992779e-08
5.289622686230652481e-09
4.225025373345274828e-09
2.101871010983946696e-09
2.157574375503759170e-10
1.736575601984638011e-10
3.307214510875563185e-11
1.071917789558634355e-11
-8.692884204993896773e-13
8.647084525724044881e-06
1.952776693315351440e-05
-3.538050747854397697e-07
-6.752344643247141953e-07
-1.894389621774840024e-07
-7.550368185376227318e-08
-3.348784654624530648e-08
-1.300548446846314713e-08
-2.156051095096191832e-09
-2.270888731855555674e-09
-1.318339987397206074e-09
-2.845074175412481953e-11
-4.793534541164896432e-11
-1.320520732037408502e-11
-5.448888716074412099e-12
-8.541571533844790860e-14
-2.513738962072013631e-07
-6.148076093923613244e-06
-1.949238571631204460e-06
1.572475525339097970e-07
8.434652294569813155e-08
2.686754614986284968e-08
1.200365740762752951e-08
5.343945801657327332e-09
1.900016486513905313e-09
7.023788350801755035e-10
1.014398121124508856e-09
1.184279883693793380e-10
1.648734903160355717e-11
1.747394324293607105e-12
4.928016487166942300e-13
7.156197026460010981e-13
-1.558464949865605575e-01
-7.788773189755490711e-02
-5.377657024083087184e-03
-2.586775927373089054e-04
-1.050704425191964829e-05
-7.173449660631044356e-07
1.785407322813059909e-06
6.491791403131015971e-07
-2.057526336393924132e-06
1.633146902953418559e-06
1.586227666377514896e-07
-8.373381849095603462e-08
-1.295071003996191414e-08
5.795212265430462668e-09
-3.900168821051451509e-09
7.882891280839710718e-10
8.557427083365054183e-10
2.936248215377662563e-03
9.414765216862469241e-03
1.881304509479210865e-03
1.806308891348626432e-04
8.839584595167541587e-06
5.517568000722699606e-07
3.022645707729867931e-06
8.402202880285194155e-07
-3.626177367887107519e-07
-1.192863771475538931e-06
4.727026537361122056e-09
-7.150816647583432467e-08
-6.467150951508358304e-09
2.171399326793624484e-09
5.299241484807173127e-10
-4.000019250998340386e-10
-6.680437863097423579e-11
2.206980271798703811e-04
-6.339907249421249591e-04
-5.159653937024955830e-04
-1.019358947391684763e-04
-5.491550361691403245e-06
4.774628246910512101e-07
6.148603953781529275e-07
-1.724128638226038845e-06
9.817329173270598924e-07
-8.917642383755304230e-07
-1.267585209126132386e-07
1.578142564334168082e-08
8.237505564244545888e-09
-5.791024763006156360e-10
1.230990037080390422e-09
6.192292191691567666e-11
-1.001064515490671914e-10
1.395694487785287480e-04
4.194144917591884980e-04
1.076441814202833521e-04
4.665009528896846340e-05
4.123257736194169575e-06
-7.610813597010482378e-07
1.727548316769283330e-07
2.395976731718685742e-07
-3.055394877287335864e-07
4.919879264279502883e-08
2.684527242994290981e-08
-1.321014073527770532e-08
-1.639531192865561833e-09
-5.243497087489221051e-10
3.334377777385044376e-11
1.539591100777676639e-10
2.972160442213520195e-11
1.372948386964230322e-06
-1.140212279398330087e-04
-4.802213167538565785e-05
-1.783607995725308522e-05
-1.755569927812147091e-06
3.554038946312079696e-08
7.474451559381516035e-08
1.375571682210973502e-07
2.555276325115440537e-08
9.287779153802123539e-08
4.017724917053310986e-08
1.489243655021392840e-08
1.064194457487510066e-09
3.914173261123320044e-10
-2.423411046007178615e-11
2.916591409762830962e-11
-2.482490736076804534e-11
-1.382818479176384458e-05
-1.510040473213198969e-04
-6.556171666516910851e-05
-2.467514891210658369e-06
2.569317599083056563e-07
-1.448046632455860862e-07
-2.567913807260291441e-07
-1.163575374980250684e-07
-3.986693504203543081e-08
-4.010841392071212159e-08
-1.746165798403059135e-08
-8.529893857541256117e-09
-1.253152743836286007e-09
-3.294021864770480644e-10
-3.358224139470614434e-11
-5.247605162727637567e-11
-1.110561928544508876e-12
2.831492730774392998e-07
2.719810405083397824e-05
4.496041560443121021e-05
7.199405451352300088e-06
6.359825920661196966e-07
2.540749780937565450e-07
1.917955459685097236e-07
9.016798763307377107e-08
3.954533331159685028e-08
1.909190340009080670e-08
3.818530348815734775e-09
3.794405312244711679e-09
6.919676025646044197e-10
2.144332007690595572e-10
3.785938051948361901e-11
5.204146459253648272e-12
8.673480740018508830e-12
7.684014214512264863e-08
-1.027743612489105687e-05
-3.425229840408371352e-05
-6.967903605415660321e-06
-9.641820344544156682e-07
-2.153702307880212895e-07
-1.206336755185035746e-07
-5.590957069797573965e-08
-2.461016087868518352e-08
-7.805070619393347481e-09
-5.755723670695050571e-09
-2.623363107312916524e-09
-3.374361263469451653e-10
-1.430676853510452202e-10
-2.770920543614208712e-11
-1.194394905443072517e-12
3.086866218205153226e-13
-8.112274338160492740e-07
-8.723213696714930004e-06
-1.950539552806411820e-05
3.273259888873311337e-07
6.101436589966198831e-07
1.613078716184559311e-07
6.792023719163841323e-08
3.165389685146520599e-08
1.479161799150285171e-08
3.705341411407850465e-09
3.342667383069547218e-09
1.344633090412094403e-09
1.165670578404870391e-11
5.306945765060002845e-11
6.439068238558635824e-12
2.488273991952361179e-12
-1.528467763987990253e-12
-2.106886396674070002e-08
2.841104088056468830e-07
6.147252434555601554e-06
2.056426521163643250e-06
-1.345236163823436355e-07
-9.977155164069555004e-08
-3.545089383619452533e-08
-1.638203688205710345e-08
-8.459477482798813759e-09
-3.938621104309195469e-09
-1.463432911375365735e-09
-1.082121653668989479e-09
-1.060528933985241882e-10
-3.703749685520978045e-11
-1.507852538087795768e-12
1.196701854606860644e-12
-7.329766918658812644e-13
