1.279794423072978526e-01
1.031513953417458884e+00
4.121206205472369155e-02
1.125550565161345358e-03
2.310146327679930942e-05
2.951493475280809395e-06
2.822703467374899397e-06
4.477065506781391180e-06
-5.230988477285439938e-06
1.894810987319839209e-06
4.531683368989170131e-06
1.009434572088767222e-06
1.386554679242073299e-07
8.102945475181508478e-09
-3.299352832411357402e-09
-6.482161700134507171e-11
-4.188076087998865359e-10
-5.501125588321303939e-02
1.512791108862984180e-01
-1.545594661301576307e-02
-1.179109269095970133e-03
-5.478497061929233990e-05
-3.497775081964039876e-06
-4.798014419166250072e-06
-8.107373368794937494e-06
-5.185428591006873245e-06
2.235393883177090195e-06
7.202700013734572836e-06
9.003018219149007440e-07
7.706920088697855552e-08
-2.033348887227341336e-10
-3.687710945812853894e-11
-1.293746642169848942e-09
-7.144469401602148194e-10
1.745160800391309594e-02
-2.458653421013377253e-03
4.677681004728176557e-03
9.609220060564208944e-04
7.448709216468301047e-05
5.646764071582095956e-06
-2.397709644492051154e-07
9.082591483967709516e-06
-4.998433905603128046e-06
-5.547725565927154786e-07
2.003700502449789209e-06
-7.591130135192363817e-08
-3.719012209733511362e-08
-9.097756224219095448e-09
1.548169013205127152e-09
-1.938108459823690801e-09
3.757473663029112780e-10
-1.991948221398877859e-03
-1.338323177088614375e-03
-6.832000826046607600e-04
-3.286779932090904766e-04
-6.620955947837075248e-05
-3.543927975109188063e-06
-2.630770582730381355e-06
5.292445957440163303e-06
8.973334228933221078e-07
3.419470482710049622e-07
-1.247046765368544251e-06
-2.360176668075364054e-07
1.047400816140253433e-08
-2.560340370451521568e-09
-8.994123425474949958e-10
1.997178890548870465e-09
-3.308390718550866927e-10
-7.362026166478127477e-06
3.578025430145733571e-04
8.325688827783302008e-05
5.592519451166741749e-05
4.629690582373439212e-05
5.049494096953231684e-06
-9.290415269875730671e-07
-2.896564211329878802e-07
8.032713275411559449e-09
5.085292610605768657e-07
-1.302704630098242056e-07
2.287938050230733739e-08
1.474868276509995464e-08
2.520966531898981571e-09
-3.091199859844822606e-09
-9.268437468345347191e-11
8.563472253955877433e-10
3.917559773860406646e-05
-7.561191120494200376e-05
-1.500521122000222555e-05
-1.184207525228365365e-05
-2.044196491206743218e-05
-1.362720573584935201e-06
-4.648998122379385894e-07
-1.066681623926961125e-07
2.904735038415520961e-07
-1.738522633506434648e-07
1.648674080670104847e-07
9.848994258065370335e-08
1.480745024139693809e-08
2.832290496761909160e-10
-1.008928463013308041e-09
-2.762336928334168540e-10
9.970255718481097841e-11
1.676445772638707611e-04
-1.290044232287274007e-04
2.696977539734363681e-04
-6.402871644188055738e-05
-6.227277209035144338e-07
7.481716212440516451e-07
-7.986593504923942588e-08
-4.757058885563730907e-07
-2.441240006852266747e-07
-6.907677976773775551e-08
-6.898764457148823368e-08
-3.306463877225971990e-08
-1.018707011769315144e-08
-6.589209639133355103e-10
1.573753414113862019e-10
2.260263157170800741e-10
-1.732677331805192599e-10
-4.557120749704745205e-05
1.405057072654790091e-04
-7.647288577961630402e-05
5.513642515334927531e-05
9.188920164887433986e-06
6.752494615909207484e-07
6.176271785065001188e-07
4.056879185217693241e-07
2.014312150562044589e-07
4.040116770340719776e-08
3.684131229097449744e-08
2.303630545442050700e-08
2.322036080191665904e-09
6.640282552687054999e-10
5.529038229442677902e-10
1.227857123099851104e-10
5.551894012260570692e-11
1.562159631075399487e-05
-9.517530885872261029e-05
5.906295769153398407e-06
-5.288445395131869813e-05
-1.101127881320901305e-05
-1.982451231165124718e-06
-5.457588303903069345e-07
-2.903066948788150878e-07
-1.317531533391542960e-07
-5.030712731075083761e-08
-2.838303776650997055e-09
-1.796519487744925985e-08
-4.823343521214230393e-09
-5.158539231714108001e-10
-3.445653280695565029e-10
-1.172981417138144799e-10
-3.708159695114829036e-11
1.527683906118144306e-05
-5.670888972487161776e-05
5.876382883454567377e-05
-3.845817260515661823e-05
1.617444960637155761e-06
1.754786011442719016e-06
4.977277097357088347e-07
1.748495983120814857e-07
6.677353236720881623e-08
3.355961598298081921e-08
3.634425085883666042e-08
6.474301981149111446e-09
1.070797929727184404e-09
9.192386340818878918e-12
4.595507465297112356e-11
8.799790869347995346e-12
-1.488775562982580306e-11
1.272875340738363951e-06
-1.070947556762100444e-05
2.118262103654779138e-05
-1.353132061205798635e-05
4.079810357207206785e-06
-8.479556580551981227e-07
-2.654419494727592659e-07
-9.349294782708053871e-08
-3.111844655750837502e-08
-1.543038132962810141e-08
-1.235041834011558535e-08
-9.878184584751726244e-09
-7.454519050780296974e-09
-4.257196995235804269e-10
-5.951290776727827447e-11
7.708187197748202422e-13
2.036758886004056283e-11
2.896670308178002015e-02
-2.767413050376582931e-02
-1.848568755221118584e-03
-8.115292189914378735e-05
-6.320896270276228598e-06
-4.651542481754748391e-06
-2.878984583086131780e-06
8.673742398128239434e-06
3.926530666799410720e-06
3.871341179250283920e-06
1.300918441779856711e-07
-8.835815286497761649e-08
-1.488092165807273523e-08
-3.985533482140806065e-09
3.665157282624777744e-09
2.607876511467737966e-09
5.191143881830879861e-04
4.318230219093082377e-03
8.883678840737329902e-04
6.975048860866904260e-05
1.856514443349481892e-06
4.015079322866954375e-06
-2.115074328293880546e-06
-6.697961859180502613e-07
-1.085893262924721293e-06
1.485511213481391401e-06
-1.809435881979475729e-07
-4.008683737093253381e-08
-2.316586141652547973e-09
-8.768246833985830511e-10
7.383210932210240236e-10
-2.124107025155788303e-10
-1.140139071641020456e-03
-6.547554013607329807e-04
-3.334639499415891373e-04
-6.528174706349225886e-05
-2.851692961443984107e-06
3.966276433281030281e-06
-3.257910275429678082e-06
8.637101268420385003e-07
-5.098367357428562917e-07
-1.244472335884813607e-06
-2.829851119988710888e-07
2.699400359148479883e-08
9.090530130487016233e-09
2.233722422052974229e-09
-1.806642497864932739e-09
-1.921249362633495124e-09
2.896039429158824030e-04
8.561662784631912551e-05
5.367789901937251808e-05
4.524530750695129698e-05
2.988232286291592414e-06
-7.323983001215323347e-07
-2.611256258123422259e-06
-1.149640371662294068e-07
5.732610614823569641e-07
-8.565792839382062545e-08
3.957591946696635261e-08
1.738229053865940232e-08
9.458525223671620457e-10
2.018645152137611262e-09
-9.797825943899761997e-10
-6.542222177082083082e-12
-6.244948678745089541e-05
-1.458145531671941322e-05
-1.394607036994793465e-05
-1.885563287394477342e-05
-2.291881903711554819e-06
3.417642556652695958e-06
2.115501719146125359e-06
2.907791780820990355e-07
-1.469669866294694615e-07
1.322816846474415825e-07
9.383644947813729545e-08
1.198047815392587839e-08
-1.442003384035139587e-09
5.281800179187246736e-10
-2.993997453705146396e-10
5.907328002544954013e-10
-1.639968688869309851e-04
2.689240604293738281e-04
-6.270107976553347434e-05
-3.097166124561711283e-06
-2.682258909028365702e-07
-2.019121847073860446e-06
-6.801910297217896285e-07
-2.647646790045357314e-07
-6.682327016222720660e-08
-5.308966651406670477e-08
-2.885957693396101920e-08
-9.309569648999956456e-09
-1.845897189500474002e-09
-7.994457498249650201e-10
4.509181903167041735e-10
-2.447311713276402195e-10
1.463595992923245458e-04
-7.732467520776756655e-05
5.504154964059173834e-05
1.086524811325925741e-05
1.703778216501836807e-06
9.448929925491719453e-07
4.409989289594888206e-07
2.111313741645928680e-07
2.085916436937021114e-08
2.796815304551307724e-08
2.099335958793456517e-08
3.581792121537244680e-09
8.090129286123031974e-10
4.491735248175597300e-10
1.219748532658425008e-11
-1.608935910068123281e-11
-9.567991013828318293e-05
6.106142037607110647e-06
-5.296837395666000221e-05
-1.182382769494743183e-05
-2.362166525552252382e-06
-7.455110453413345203e-07
-3.560570982331234598e-07
-1.348001065239376857e-07
-4.600458379989465394e-08
6.083992814387696122e-10
-1.682131696360420923e-08
-5.183995828987337495e-09
-5.009676417802467513e-10
-3.235451256659328999e-10
-8.698834796670977159e-11
-5.638807554184613097e-12
-5.840682808824851504e-05
5.853735955218862606e-05
-3.845751446448591971e-05
2.083599454488405313e-06
1.936779988333636609e-06
6.314294543436129058e-07
2.627796009545240284e-07
1.050085492929765098e-07
4.002837075694348746e-08
3.485027874961688607e-08
3.373174910333324421e-09
-1.599583459240029961e-09
-2.731517496027694881e-10
1.480186941924733532e-10
2.513043014210876569e-12
3.299210962935512476e-11
-1.197929844701807716e-05
2.199097481930802295e-05
-1.457627640201997414e-05
3.794008898740403249e-06
-9.634639378682933820e-07
-4.740822526323463957e-07
-1.781760727268274742e-07
-5.807752818380840684e-08
-2.586375058085002346e-08
-1.984971566597293894e-08
-9.274765006259484014e-09
-3.457976801573986462e-09
-7.855305703893335773e-10
-2.224649557077830082e-10
-4.437671559338396091e-11
1.091612099884053786e-11
-1.024434974131471110e+00
-4.107724510291679842e-02
-1.121098406052721021e-03
-2.072589813297892323e-05
2.905239784010886118e-06
5.111911291501135725e-06
8.010519127146158323e-06
5.278480359739402119e-06
-1.487588533907798423e-06
-4.497240315746934544e-06
-1.007383025010326205e-06
-1.256626672348425198e-07
-2.433993494265501982e-08
6.905100627261351178e-09
-5.307563106416138068e-09
4.616372210331750685e-09
-1.588012942680738782e-01
1.510772561595784096e-02
1.169452190312468554e-03
5.334909575750134808e-05
1.382165033757152352e-06
-2.332097910056184457e-06
-7.573654226545962481e-06
8.094243446151442494e-06
-1.062071800438638498e-06
-7.069212110694945747e-06
-8.768862138428694491e-07
-6.100505030476739638e-08
-1.067961060139154390e-09
5.555449678505376143e-09
-2.240010133946366167e-09
2.530837405116834546e-09
8.506178791679091730e-03
-4.227781841976794609e-03
-9.375918810709355997e-04
-7.426469184838444188e-05
-6.169475862803427132e-07
-5.554431183915035357e-07
-1.067252615538448350e-06
-2.715450598622252669e-06
8.996519546248643910e-07
-2.063885274772062904e-06
5.118761647462593032e-08
1.225208456230160750e-08
1.580763255537753375e-08
-4.341147095119543761e-09
-1.458080648071642429e-09
-1.188045911208175687e-09
-7.626705278507718956e-04
3.481593455435393774e-04
3.034015813159865764e-04
6.376556970960830259e-05
4.804453918726995921e-06
1.017043379539978933e-06
-4.418960243026398893e-06
1.687636723870852851e-06
-8.431314820690737196e-07
1.348173255744402342e-06
2.758914511166411354e-07
-1.049274550388339956e-08
2.184483388399508389e-09
2.582747524501887175e-09
-1.893924755835773155e-09
-8.426151483720058152e-10
2.504293389436465435e-05
1.109139088267609456e-04
-3.424557373279483579e-05
-4.774600380558406909e-05
-6.636499404053320582e-06
1.324221829606048103e-06
-2.130372431118607074e-06
2.514021229086586798e-07
8.113298484343967219e-08
3.925150545938830312e-08
-3.497802394136296465e-08
-1.519321331746560360e-08
-2.186162930040033319e-09
1.005053216060881583e-09
1.577877848116626658e-09
-3.683372967998519943e-10
-3.106397225964216413e-05
-7.102171688409263952e-05
-9.604593617372922293e-07
2.056475478748076194e-05
2.662708281122017435e-06
1.059653360730419170e-06
1.315995550599465475e-06
2.393313438750096325e-08
-4.600994406769740274e-08
-6.691764843780664508e-08
-9.317652706078534011e-08
-1.198831563576174350e-08
-1.256984422383332109e-09
8.426899772153291688e-10
3.299611150999401888e-11
-3.573641611673423202e-11
-2.587896544877995057e-04
-2.768415598263467936e-04
6.900777425998607946e-05
1.390856782065735290e-06
-2.069097085518817136e-06
-6.227364991260022212e-07
2.131177618740588796e-08
-1.358124075470956353e-07
1.154057095445518845e-08
-5.848480348252677487e-09
2.933291871870767314e-08
8.298621828480133498e-09
1.021540686157952998e-09
8.100537981627874825e-11
-1.971399343118174461e-10
2.257892096677142319e-11
1.533188771363072427e-04
1.216840484565657142e-04
-5.335585671435561205e-05
-8.998355911098984217e-06
5.066981747396431435e-07
4.339221498663035396e-08
-1.223073342340272940e-07
1.360683381396628519e-08
-5.715689633435674764e-14
8.355714272953164740e-09
-1.875638662406172795e-08
-9.642446385147485742e-10
-6.773340427746171838e-10
-3.563412123538277308e-10
-2.123915624739385213e-10
5.534595000795142516e-11
-9.219771442193373313e-05
-6.101588466941479616e-05
4.602570385983035167e-05
9.946828590214960814e-06
1.069651786261084902e-06
6.286947734400583683e-08
5.528224674926308800e-08
3.893227496560969385e-08
3.837596899372560249e-08
-2.102392087875876928e-08
1.404479446419130169e-08
3.801778067226964638e-09
2.720583402505932681e-10
2.412719900750164501e-10
6.574348066582427698e-11
3.818453157583115533e-11
-6.643729051558324361e-05
-6.301713510446869254e-05
4.405923247101730284e-05
-2.827509032587391912e-07
-1.144803474522674739e-06
-1.999596296416205516e-07
-4.208606700340703979e-08
-2.728512524444830803e-08
-2.084642117918766474e-08
-1.499042864744737924e-08
-5.311093752966042683e-09
-5.258550757529624146e-10
1.548600824831407421e-10
-1.930544300880319727e-11
-9.876649385712657350e-12
-7.755809763135581785e-12
-1.303770804244546889e-05
1.744706649144223240e-05
1.228075973543781054e-05
-4.946819566192546519e-06
5.263472004204235914e-07
1.292423017071677636e-07
3.990443147699259471e-08
2.386924125733207121e-08
4.297122344198775227e-09
3.408839907027463396e-09
8.400925603585779674e-09
7.402783226698154798e-09
3.499617745421818420e-10
3.564625962252819955e-11
1.272988002705144860e-11
-7.735398258419251208e-12
9.574955984990952962e-02
4.068339981591203441e-02
-2.717346944310572443e-02
-1.832181395772384700e-03
-7.770835735530055182e-05
6.423902944806980051e-07
6.688716318547958444e-06
3.098529280741266036e-06
3.977513163645318012e-06
4.303344286254516330e-06
3.911145888255909127e-06
1.559226398971923856e-07
-8.609799866367929903e-08
-2.847554696252107101e-10
-1.190683489118625226e-08
4.252458980564119002e-09
-1.011691381191840077e-09
-1.615563478263502828e-02
-5.078864295949859012e-03
3.889397690198921186e-03
8.656369631035098437e-04
6.916535908281212905e-05
3.889141182522190997e-06
-2.647899260311840635e-06
-4.968774343813367167e-06
5.488156149101512125e-06
-1.308822820095958935e-06
1.513909521581615747e-06
-1.601462430888240487e-07
-4.352884198682824208e-08
7.823047605637545496e-09
-6.731333597024070992e-09
2.516643963946656513e-09
-3.477112515704661862e-09
1.853310548849164841e-03
9.680372090517878588e-04
-3.190907343088721267e-04
-3.111607044616009738e-04
-6.863600546984003313e-05
-4.628099329192590938e-06
-1.788460721201093705e-06
-5.123132277542507031e-06
-1.129353586275514112e-06
1.567876540154281324e-08
-1.260796868769783259e-06
-2.921519380410309323e-07
2.097022443517679579e-08
3.564362918676078057e-09
4.116176093105015474e-09
-2.059677966226203439e-09
-3.352634912132103716e-10
1.370298052060166824e-05
-8.738833279638964595e-05
-1.096128114314925207e-04
3.315718583723223454e-05
4.542433347974094354e-05
6.071078638970648937e-06
4.570403214570672688e-06
-9.560733988507105546e-08
-3.004633266037070894e-07
-1.218993484369027080e-07
-3.947866687131482594e-08
4.018554772154521250e-08
2.346174500574075590e-08
1.340192422674423944e-09
3.065886655565463703e-09
-9.979302992007962680e-10
-2.137950094139301568e-10
-3.575064619834594651e-05
4.415828270733005952e-05
7.155933020348611965e-05
8.419629896967700898e-07
-2.428725504899502565e-05
-5.681486339369964764e-06
1.080072463346925422e-06
6.857113141485273522e-07
-8.148186803554333444e-09
1.594127265974640181e-07
6.297192606521577901e-08
8.976942056386954469e-08
1.034894953779800917e-08
-1.485170667249857767e-09
3.359454364006772310e-10
4.399918258119146430e-10
1.251410665444235785e-10
-1.665783517787043275e-04
2.214586076777226825e-04
2.742806700433783216e-04
-6.845617706507516357e-05
3.155468858673671149e-06
2.572875260569946029e-06
-7.799660855948046954e-07
-9.269576716412908469e-08
5.593648259701165822e-08
-6.016362706787495251e-08
5.396623795986638259e-09
-2.588269705866187913e-08
-8.599493105675375314e-09
-1.427719025012521454e-09
-9.010797558181273266e-10
-1.600984108412245833e-10
1.952388542677766012e-10
4.814116127797550413e-05
-1.455646601472289456e-04
-1.212784380377050260e-04
5.253030574592675229e-05
6.839863810160662828e-06
-2.982201922180022341e-07
2.963199040686811090e-08
1.093999086877563134e-07
4.197456918498540661e-08
5.489415195530792340e-09
-1.015081051134075391e-08
1.728505664719070732e-08
2.034383854038713215e-09
2.910069971312886626e-10
4.395515537724990190e-10
1.032606050722198671e-10
-4.375136184822781738e-11
-1.685367142911230016e-05
9.077454890946255620e-05
6.095874664785893882e-05
-4.560920911092053817e-05
-9.361276363119364275e-06
-1.117541391275574973e-06
-1.007484125533078439e-07
-1.075603769993782607e-07
-6.006832876653254162e-08
-4.028282546605803960e-08
1.916250251088665921e-08
-1.403462822296171180e-08
-3.567025438621881314e-09
-1.580633829024488224e-11
-2.703730273803659655e-10
-2.419495114858741409e-11
-4.761884057146232927e-11
-1.461634659012623666e-05
6.504605112466010192e-05
6.307893848268850199e-05
-4.391115900208015892e-05
2.186912958740706830e-07
1.149915272259223334e-06
2.302065588021397537e-07
1.084391962197073817e-07
6.074400971319497598e-08
2.854123254698248925e-08
1.750392162308608871e-08
3.441084805863959206e-09
-2.650935161018813438e-09
-5.928458359717849471e-10
6.221142062641332153e-11
1.649238886791002769e-11
-3.471665030949443488e-12
-8.186818792283622096e-07
1.221598853266527484e-05
-2.051595235612244298e-05
-1.390209990906180613e-05
5.229272072548823535e-06
-4.206345696913303773e-07
-2.188060668923101755e-07
-7.786037207451495398e-08
-3.790884996875972820e-08
-1.094155449163401761e-08
1.900067312804405988e-09
-7.523360698346717188e-09
-2.816193790277163925e-09
-5.035586920221649362e-10
-1.652686730523403877e-10
-4.816976482362140261e-11
8.346637894152333967e-12
-1.468195292003996455e-01
-3.924031554830345429e-03
-8.260235698709122076e-05
-1.673525978865026415e-07
3.578799509948282353e-07
-2.535306232508133952e-07
-3.306358832346514793e-06
-2.112181669135862150e-06
-2.689131596994700925e-06
-1.522983005273223756e-06
-1.537211575063172704e-07
-2.175139781873096740e-08
4.483417452295149328e-09
-7.493240479159892761e-09
4.024009783362084488e-10
8.229250581057776844e-10
5.731418125423370230e-02
4.273107393385037166e-03
1.814639637291838657e-04
7.021582636541966348e-06
-1.203473039109259549e-06
-6.073766190548365895e-07
-5.177460219419342072e-06
9.268049915240359092e-06
-5.004117631486162376e-06
-1.536238520028220572e-06
-8.859755012148308571e-08
-1.521181947221972596e-08
7.690305852529361573e-09
-3.883179319948330675e-09
2.759340959666876006e-09
-1.499570472166613755e-09
-1.818579032701634138e-02
-3.339832668135279785e-03
-2.748514495110392325e-04
-1.134990757649884895e-05
-1.753272046557816339e-07
7.133585831553440038e-06
4.149294277435898947e-06
2.365380091810207907e-06
1.948241201394472240e-06
-1.974239810608171827e-08
2.201397145529471556e-09
-6.733455666263685531e-10
-2.808047894399379471e-09
9.250044556590586596e-09
-1.343293177891188767e-09
3.523566192081535309e-11
1.853952995561246146e-03
1.183708985530003421e-03
2.053291519194867007e-04
1.350743332105112914e-05
-1.274448743663407771e-06
4.037216532372040914e-06
-4.660475731415154404e-06
-2.779728252021270515e-06
1.942578764245949871e-06
5.282798651712831939e-07
-2.929884977355965308e-08
-1.039433173931729095e-09
-1.106861716560607840e-08
6.728443467798234148e-09
-4.680161623089881352e-09
2.007902240965937384e-09
2.789720542115883958e-04
-1.952133144458631628e-04
-1.307538101408782375e-04
-1.390456980455537238e-05
-2.696948072381315029e-06
3.723241036806439084e-07
1.314340134596809209e-06
9.679794658666619112e-07
-2.110758573314082988e-07
-3.564203418399687230e-07
8.135717142132244334e-09
4.616754347101533850e-09
4.641535055502429169e-10
-1.234206526521039717e-09
8.743334639564649187e-11
-2.428385435758367726e-10
2.738395085977102914e-05
3.844121016375467184e-05
6.652417316032517851e-05
1.168301072075065216e-05
-3.945590307173719321e-06
-2.973533290140722925e-06
-4.779509194043069973e-07
-5.409169015334640075e-08
-2.369243533471270666e-07
-1.567880189749673543e-08
-2.686904551979155367e-08
9.550179198895360420e-12
1.961933381377515691e-09
-1.588531507078350306e-09
1.018637964786941686e-09
-4.417891838646466537e-10
5.036011428011631522e-04
2.255753063864854042e-04
-5.082659273795535907e-07
-4.408350102532077779e-06
4.081062757297245976e-06
1.982264562971757750e-06
6.044964987805374681e-07
9.170440832922845466e-08
6.227255218140352137e-08
4.869811538582243277e-08
3.565329753261282871e-08
2.287437982810402183e-09
8.218028640964279537e-10
6.780042016840705857e-10
-2.226998043938666569e-10
1.818504414044300437e-10
-1.141168310562057890e-04
-1.807712951575875606e-04
-2.683914028896995337e-05
-1.552373461368986324e-06
-2.023877239536160770e-06
-1.074517698103572095e-06
-4.849510935112650164e-07
-1.771553546223034472e-07
-3.031009114735016648e-08
-7.828260456439114844e-09
-1.956973519247240579e-08
-1.430002020989321999e-09
-1.514935341653993405e-09
-2.541033888816741834e-10
-4.690729289775478686e-11
-5.913971147454587571e-11
2.991353494308224880e-05
1.494091960077642512e-04
3.393638778799352464e-05
4.831803974833434115e-06
1.299728414161925564e-06
6.652773773836367859e-07
3.332330397994222702e-07
1.037818953838483578e-07
2.839356506002294136e-08
1.877034304326972402e-08
1.519357909829279196e-08
5.131346033542464215e-10
1.152680589457133913e-09
2.071523732755310928e-10
4.762611385209107251e-11
-8.061777872284369675e-12
6.712594989424672080e-05
1.603339489727653299e-04
5.658139360073837909e-07
-4.378595307743051940e-06
-1.062960188337544142e-06
-4.408634263626375475e-07
-2.032554814978595499e-07
-7.414896306718127593e-08
3.251113440879911283e-09
-1.865215168881811383e-08
-1.108169292443280693e-08
-1.957412898897411758e-11
-2.485968407379922262e-10
-6.734598583372160245e-11
-6.472466971145844323e-11
1.024345374445878986e-11
-9.249802887475199175e-07
-5.559920758991030956e-05
-1.893528642906954691e-05
1.357440952951429993e-06
6.840848408292097886e-07
1.872928515745287869e-07
9.891277344372006641e-08
4.555592701251816194e-08
8.387807215004356668e-09
1.642459737806491563e-09
1.319914791603828639e-08
8.050084333155748459e-10
1.281178193902148095e-10
-4.916732171913982032e-12
2.451753537644622787e-11
1.139406729552219124e-11
-2.088125730853037099e-01
-1.022474151235219786e-01
-6.585399078637661080e-03
-2.740679025541033036e-04
-1.103963514544744690e-05
-6.130108539394537497e-07
1.526072667348231913e-06
-4.175595143417433240e-06
-1.640176172827824990e-07
4.161012341986348939e-06
2.398607316407086748e-07
-1.704465541201802516e-07
-2.905838000848953651e-08
1.380189548407591779e-08
-5.314603840292005069e-09
-7.472628174659247609e-10
3.616113655273380383e-09
5.341740737666786365e-03
1.666765874600599495e-02
3.111139281739388508e-03
2.582786015570464407e-04
1.048570628579635335e-05
1.815928634532971504e-06
7.548213906090963972e-06
6.196694624019544525e-07
3.645916252848865380e-07
-3.153840251065286534e-06
-5.325657293518136412e-08
-1.074414265030171588e-07
-1.351718297766093701e-08
2.061875706517595714e-09
2.628546224317087568e-09
-2.833144261743831513e-09
9.090640793889525720e-13
5.309071686100234628e-04
-1.702709481123998447e-03
-1.182582479928530675e-03
-2.040258423732177961e-04
-1.383874970780875146e-05
-2.549849693492408923e-06
4.546545381405911514e-06
-2.982653959423214299e-06
2.610777895383886790e-06
-2.246864182207734744e-06
-4.806788141065085956e-07
2.999137679823234285e-08
1.724389251776021219e-08
-5.177164958427830032e-09
2.522806903933537608e-09
6.886673935179198562e-10
-5.381476607049306244e-10
-1.712718931166830338e-04
-3.035129157552331767e-04
1.975061666333533992e-04
1.327868785008994392e-04
1.575400073755749155e-05
-1.251836707171527015e-06
-7.522994283187307916e-07
7.997916312190920374e-07
-1.178272808381897348e-06
2.805486764323169564e-07
2.931557196231980798e-07
-1.473793109596061458e-08
6.972662129109875252e-10
-1.347852892804070833e-09
-2.073728941618285621e-10
7.742597833630718605e-10
3.437252003029416967e-10
1.375588658379182759e-05
-2.072758899198644944e-05
-3.570653978178417085e-05
-6.515434802343886386e-05
-8.894637588420939710e-06
-9.027408006126673342e-07
-3.071588604929376523e-07
2.731573565717814216e-07
-4.236469731638255718e-08
2.832289263302529555e-07
4.766712535640501039e-08
4.030568185027932473e-08
-1.089274983483224429e-09
7.821222317317114957e-10
3.222706277717320553e-10
-1.599769014542023807e-10
-2.850626567115810144e-10
-4.921469412433591062e-05
-5.089788268697956067e-04
-2.280726626702355602e-04
-1.754448097630187824e-06
4.123544519816835182e-06
8.546058776839699729e-07
-4.583844451099424776e-07
-3.557442686482318315e-07
-2.392287854416211530e-08
-1.056929290286870466e-07
-6.879848611614909621e-08
-4.259991997080104577e-08
-2.142066774539525130e-09
-4.385851462466332672e-10
-8.508524464327947429e-11
-2.999162069354429196e-10
2.375149534009725953e-11
8.309529375495766013e-07
1.134032036015861504e-04
1.819069342109006036e-04
2.776636933961400876e-05
4.308131038688652323e-07
2.504237067856538018e-07
6.776729656285767592e-07
3.125759302917539508e-07
1.583980798803826547e-07
5.387750870850891082e-08
1.838836125292552520e-08
2.150987105860065820e-08
2.268052930504920831e-09
7.534831750561794668e-10
1.467076378468356673e-10
7.137542325885957235e-11
9.583175863774847206e-11
3.312513229968495428e-06
-2.947425166735277241e-05
-1.499805546289772909e-04
-3.397801067650712875e-05
-4.067214804964244220e-06
-7.440512525681788857e-07
-5.824373188125695903e-07
-2.715244364624278272e-07
-1.165767055530008129e-07
-4.335938509495536295e-08
-2.566368671767326148e-08
-1.588306028379975874e-08
-8.862707210919884061e-10
-8.570579284468174575e-10
-2.058668420354716583e-10
-2.068547483198824746e-11
-8.436846782442184460e-12
-5.242647676537242655e-06
-6.708687119144419498e-05
-1.598832717931264577e-04
-6.828517068265496768e-07
3.839225504401583188e-06
9.299952665796428266e-07
4.323043221248833426e-07
2.247921382497620274e-07
9.746174866630736576e-08
1.336287517629376816e-08
3.129361463616172421e-08
7.645780256460746820e-09
-1.137606402017493363e-09
4.320897467381732382e-10
1.044493794988241037e-10
5.738386956454465201e-11
-1.832769085284732966e-11
-4.286219067610480533e-07
1.245143875308928340e-06
5.544393801148024087e-05
2.031391449798023140e-05
-1.140280457882124947e-06
-8.928160158477401342e-07
-2.957480898188138735e-07
-1.494256921732362092e-07
-8.319920240418721580e-08
-3.785091236182702205e-08
-1.325827251659368928e-08
-1.309693557945513553e-08
-7.753796397066229355e-10
-5.256760451442476316e-10
-8.252908715921101444e-11
-2.538564483216621504e-12
-2.620719584944603867e-11
