1.397184359088736449e-01
1.025113117840877441e+00
4.456826603903427803e-02
1.530521984162118735e-03
5.282721034553039617e-05
4.586527739338039818e-06
5.037860118376973746e-06
3.597014254167396865e-06
-1.689271375420937361e-06
1.072949917286870206e-06
2.003518738558273021e-06
6.615147380096439271e-07
9.349660313730880122e-08
8.418194534668898523e-09
-1.221888137387153572e-09
9.304834697713338050e-11
-4.311774168542641719e-10
-2.053582570990570427e-02
5.353297995543868093e-02
-5.763727661968309768e-03
-5.281167002370057732e-04
-3.027442463986858517e-05
-2.169994591581006099e-06
-1.204176456032407463e-06
-2.721924140543330601e-06
-3.465957673175306727e-07
2.597560440675329716e-07
1.484539112439499071e-06
2.877281102057100735e-07
2.917319945869091947e-08
-1.545624438488444697e-09
-6.081217434470615436e-10
1.745106009898409859e-10
-1.124180243895014444e-10
2.307389618030747207e-03
-2.389884071385968802e-04
6.300457500514382520e-04
1.443261716160821175e-04
1.501375131557340980e-05
4.143150414198770686e-07
2.260003231483501900e-07
1.068295096086978216e-06
8.367821641426030202e-08
-6.931061583367539393e-08
2.255817902712056764e-07
-3.952254154887357312e-09
-4.857535564597634691e-09
-1.740965784793371914e-09
-2.753004760992079185e-10
-3.055612084884677830e-10
8.178440952446925964e-11
-6.072303425452398929e-05
-9.790934490488216175e-05
-1.552389322209383760e-05
-1.415000671527877967e-05
-3.573593712793123567e-06
9.379250334796194064e-09
-3.471104980510198211e-08
4.242935002658062977e-08
6.370758760120697531e-09
3.295423563312727408e-08
-2.197519292889599317e-08
9.529611540455523370e-10
1.508999615405187704e-09
1.249859114308877881e-10
-4.191378425218344580e-11
-4.507267365760543250e-13
5.837915905708813538e-12
3.021104971794947981e-05
-2.293107848432300840e-05
2.241943459948416049e-05
2.382434030074131728e-06
7.660882943412045168e-07
3.893432584610957295e-08
-3.155563751212475723e-08
-1.093263193027663136e-08
-1.080294309359072097e-08
2.118493867776264577e-09
-8.463867409952049472e-09
-1.576878947659657597e-09
-9.258483000861362701e-11
-3.728022331220624784e-11
-2.378302400977013239e-11
3.110212968954115530e-12
3.653418359193458048e-12
9.030897660234013171e-07
-4.116034620619897537e-06
1.314835695543900701e-06
-6.839874710584688945e-07
-1.021314455057088080e-07
1.727188130533751951e-08
1.344291126616642186e-08
7.890914470394137352e-09
4.167772354536106998e-09
5.251884483138860462e-10
2.176109702294316281e-09
1.440863227709863456e-09
2.396605074937016029e-10
5.016879763496405559e-11
6.431437970346543145e-12
8.175930247994900687e-13
9.218855544672895478e-13
1.364549610088926801e-06
-7.237602416260487659e-07
2.058643255938384145e-06
-5.011440927101967006e-07
-5.046081184477066815e-08
-1.244517749573156136e-08
-7.096889002034103277e-09
-4.417341071099103810e-09
-2.115380134811437635e-09
-8.223724913701358167e-10
-4.017859753933120503e-10
-3.473686720305076043e-11
-5.036774538065709900e-11
-1.292977999690623451e-11
-2.062719282793483994e-12
2.400665414127103327e-13
-3.576396891531344897e-13
-1.403919066376002995e-07
3.872166648676878634e-07
-2.154372176556630765e-07
1.767205844707273218e-07
3.503325917469090370e-08
6.475025046516324505e-09
2.859785891988530818e-09
1.359545912233192960e-09
6.894588225897557060e-10
2.228789180701012233e-10
1.061252667376199391e-10
5.773556382187288227e-11
9.984376481563504785e-12
3.421283431918550858e-12
8.482671383395644342e-13
1.438455430476543314e-13
-1.836187989759403983e-14
3.474165679951682474e-08
-1.303076851657732152e-07
5.908657661652055607e-08
-8.275021868966757288e-08
-1.571050548110746651e-08
-3.031695370169593571e-09
-8.888204098121681733e-10
-4.024823172367951350e-10
-1.763279115931898703e-10
-6.509450020710792248e-11
-2.943267615652053951e-11
-2.188298037481159865e-11
-6.368786809548903256e-12
-9.311991495743000851e-13
-2.124102261052784712e-13
7.908312880428637421e-17
1.500747847618620160e-14
5.017716243513781060e-09
-1.613272662849783304e-08
2.143859237558083095e-08
-1.091718144403617355e-08
1.287827429089109139e-09
8.821983398689297804e-10
2.723198106654023633e-10
1.036974651072247780e-10
4.301575230016207981e-11
2.065023025799911753e-11
1.189281850395298684e-11
3.226141406272503541e-12
2.262971951933582003e-13
6.869548718659878524e-14
-9.959782076427063497e-15
-8.258225348169006642e-15
-4.654850409012381075e-15
1.077599202373176043e-10
-1.328541796618475936e-09
2.758245102824396365e-09
-2.543481219182948675e-09
5.060989178788294121e-10
-1.404122445865816503e-10
-6.146890217998636669e-11
-2.050797860553786921e-11
-7.494134124112056403e-12
-2.556355238877836020e-12
-1.249766125983401446e-12
-2.579551262444851601e-13
-4.731015868856456093e-13
-4.479247477906056471e-14
-8.320872662842199745e-15
-9.841034261204299229e-17
9.554676823058658141e-16
1.002496184669817228e-02
-1.037285713534415003e-02
-8.090354700232249259e-04
-4.443083243057183363e-05
-7.432924523826127047e-07
1.123459815975262029e-06
1.084899687007005184e-06
1.654620868573163374e-06
6.111145506420742794e-07
5.324728217871115788e-07
5.004316934935547449e-08
-3.456758066616121169e-08
-2.802548444959379648e-09
4.532303188011799843e-10
6.138296542698600320e-10
-1.607510273397798612e-10
1.386417795132579276e-04
5.770226046313475451e-04
1.352562314561849412e-04
1.430178895876123951e-05
-4.951820655969478370e-07
-7.592390146461977673e-07
-5.741335856380556267e-07
-2.887283829688472161e-07
-2.430165538832536557e-08
1.576736767290279456e-07
-3.994555220155621328e-09
-3.352063278396917184e-09
8.270726619729123862e-12
-3.969609387022347778e-10
7.253779746093961456e-11
-1.198528521425657387e-10
-6.627725030317014742e-05
-1.157067923570114273e-05
-1.428471722751086476e-05
-3.610496142942946907e-06
3.927975102180759814e-07
5.142349835371267163e-07
2.864242851571521131e-07
1.110480317729055300e-07
1.681590509805446229e-08
-2.575613989147763333e-08
-4.918006338732931655e-09
9.561205894904817077e-10
1.406146454981483589e-10
-2.808526338419240014e-11
-9.206877898774647077e-12
-3.463895092216306501e-11
-9.550034124002258775e-06
2.364697532935890957e-05
2.472016271487281169e-06
7.273150844544942537e-07
-1.432672793705222953e-07
-1.675369082783338457e-07
-1.039018826544599885e-07
-1.955698630500995996e-08
-2.928263209975971652e-09
-6.458586881942222854e-09
-2.775449045312286687e-10
3.397573887375024365e-10
1.203916385180267048e-11
-1.610727151663132404e-11
-1.712300591727869290e-11
-6.852206765205415050e-12
-3.590941183578525828e-06
1.437734184474909490e-06
-6.915474936661762525e-07
-6.670860972203955408e-08
5.684132366931077029e-08
6.264209578018490841e-08
2.814996723728339271e-08
7.513323089280087938e-09
2.808929080905124781e-10
1.416115617647819073e-09
1.118706882759568734e-09
1.310934012876154312e-10
2.623491355336294536e-11
7.146067643078333499e-12
-4.103329956660213548e-13
1.517969381642010999e-12
-1.010627897967849689e-06
2.035838633415852429e-06
-5.021569459269421681e-07
-6.280392263557170737e-08
-2.411040001178026684e-08
-1.600113763330124227e-08
-6.925238267445760888e-09
-2.836567380217739755e-09
-8.340694914208740891e-10
-2.505435727112937094e-10
4.822213826822463808e-11
-2.433098693835382463e-11
-6.986676386277701106e-12
-4.300867446182890015e-12
1.446780354485906910e-12
-1.664602792762749632e-12
4.108342365670836816e-07
-2.135591763658478136e-07
1.779255355300974732e-07
3.794117773151912909e-08
9.266039385767278298e-09
4.084295952385619080e-09
1.901326015939734066e-09
7.806067596690110161e-10
1.787567532751113712e-10
6.209047483051725676e-11
3.692006930218173230e-11
3.230608854511300734e-12
2.219985139189384463e-12
8.312027193724401699e-13
3.531021434567701330e-13
-4.535695012299866416e-14
-1.367746235597986629e-07
5.829633609487941878e-08
-8.318062295361028629e-08
-1.635765760993145470e-08
-3.525417830294447412e-09
-1.178018777802787824e-09
-4.948880490231239257e-10
-1.905685176510895097e-10
-5.252550383963395280e-11
-1.954761680913365445e-11
-1.676726565530235760e-11
-4.746931140979122565e-12
-6.534644230607661873e-13
-2.600289239434451814e-13
-6.474705753805387211e-14
-5.216623270847463168e-15
-1.687000496682417763e-08
2.148014794873945065e-08
-1.081660403872922461e-08
1.400346960211245727e-09
9.726285212932038344e-10
3.099788908268762789e-10
1.206049999245408299e-10
4.674258137040404206e-11
1.818259591565010992e-11
9.638210099459693582e-12
2.084025230436973779e-12
-1.479489123279946417e-13
1.432006289928981426e-14
7.395071205267832733e-15
1.980429697601483970e-15
5.603621461419480121e-15
-1.473777804720383066e-09
2.758849033592965554e-09
-2.608404222068180650e-09
4.779773974619644522e-10
-1.532044344377302400e-10
-7.502562228150276290e-11
-2.687698718535875550e-11
-8.404116612250954823e-12
-2.649366658314671422e-12
-1.281787732804171030e-12
-7.672682931806022390e-14
-2.341625292928899447e-13
-3.959261402958400792e-14
-7.936186555255721799e-15
-3.699805657178944710e-15
3.568233796798083112e-15
-1.015518561032667355e+00
-4.424675322008193162e-02
-1.521713309741770052e-03
-5.232079995501197502e-05
1.496868501065776553e-06
4.740825492200265833e-06
3.980598163686273568e-06
2.612405651527983196e-06
-1.120235953171828007e-06
-1.993902602472768471e-06
-6.829696148127580335e-07
-1.011956994759051918e-07
-1.313879417266843879e-08
1.203587340624341985e-09
-9.436465806692294500e-10
4.253474160773025013e-10
-5.684831547570373678e-02
5.574340805726568475e-03
5.207730722344319600e-04
3.071093560400608270e-05
3.502744189446964926e-07
-1.158495925855183461e-06
-1.993644033831854350e-06
1.383851937386042286e-06
9.273174882827078222e-08
-1.380052993699481479e-06
-2.652017260042625147e-07
-2.627853726612208315e-08
1.132503584041102779e-09
1.201514555839280450e-09
-9.468271239069498544e-11
1.342667644991107892e-10
1.142640327846018451e-03
-5.467298381223078055e-04
-1.422302469170440742e-04
-1.675816262931407958e-05
-3.130386888569481111e-07
1.805694731058169962e-07
2.406672076388299494e-07
-5.049978970220854612e-07
1.239871077121186261e-07
-2.467283603425851951e-07
-8.111882612865383996e-09
2.558645075069752038e-10
1.444629117911684123e-09
-6.741509100187877419e-11
1.933712253172017700e-10
-1.101506732457601774e-10
2.050940663381080060e-06
-4.401746018765547947e-06
1.360866137678420291e-05
3.960930602834109235e-06
-1.329288877186196281e-07
-8.325263152599030379e-08
5.022641957753576374e-08
8.144638705162647398e-08
-3.408720936468252122e-08
3.681124149390273302e-08
3.382120695182335210e-09
-1.030518194856184102e-09
-1.850137208032820122e-10
-7.210305484957108039e-11
7.291914926072611917e-13
-2.795827795261372506e-11
4.326567791972227756e-05
-1.828544316235637890e-05
-2.273474798148784066e-06
-9.400193379596331130e-07
-3.144452896492059379e-08
2.325585844973507917e-08
-3.819592461235226078e-08
1.626465714720707541e-09
-1.546740292351735719e-09
4.466426620765383697e-09
7.581263808437510575e-10
-5.650980105713438794e-11
1.887068235319345664e-11
2.269270441552690241e-11
2.110532772639949791e-12
-3.382980350245034879e-12
-3.168300753107392230e-06
-2.172277235300189372e-06
6.805507516555244761e-07
1.585262325183707906e-07
7.910871306385112202e-09
5.278723789679899378e-10
1.546118975050342332e-09
4.435851186686069897e-10
3.619240753795459651e-10
-7.191020044141752493e-10
-1.162573491155928124e-09
-1.524504773003542031e-10
-4.578346486909716813e-11
-8.263248349160306879e-12
-3.398317033062321325e-12
3.502150106366557581e-13
-1.672747654728204131e-06
-2.183201167760104298e-06
4.793948934763893501e-07
3.326658057670231711e-08
5.872336466582335176e-10
9.604258831879989669e-10
9.391617027668525770e-10
-1.650348957679465056e-10
7.941784854957204640e-11
3.314197632383302669e-12
-4.128125205312072222e-11
3.026638851544453012e-11
1.453095665914504571e-11
1.845126438158552290e-12
1.407111607633779832e-12
-8.889105709633085524e-13
4.371984886947878724e-07
3.598692818761854306e-07
-1.583159464912783838e-07
-2.839470458011871294e-08
-2.516124911161766016e-09
-7.109744137067627703e-10
-3.434079933327343623e-10
-9.796115354317710946e-11
-1.214621756838679090e-10
-9.789427301319272173e-12
-3.963537376127017259e-11
-4.356029730369972336e-12
-3.059011900275452148e-12
-6.326200360403624688e-13
-3.959126927462843997e-13
1.904837609881985503e-13
-1.487761046062276362e-07
-1.351190074565795901e-07
7.239654936569684150e-08
1.329133224095320396e-08
1.861285593653569386e-09
2.848264197213393581e-10
1.315058818862675846e-10
5.022470474357816288e-11
4.523074061276814944e-11
2.873988712818584108e-12
1.667488251024294517e-11
4.911736674840068112e-12
8.124690137593010024e-13
2.248407977785907499e-13
4.974297013843785006e-14
-2.904536163402183101e-14
-2.050237292156995073e-08
-2.062308066529574959e-08
1.366287855036077795e-08
-5.149763886106176687e-10
-5.752591940370285584e-10
-1.305926331812923990e-10
-3.807112004236323218e-11
-1.693052119215726183e-11
-8.384898400533928760e-12
-2.796193167350426999e-12
-2.461365597250662808e-12
9.098680129017303096e-15
-1.103345630326064491e-13
-1.283646341509431513e-14
-4.341903505205517957e-15
9.521423631278589844e-15
-1.606489641013485210e-09
2.828872421070958183e-09
2.332181685125755094e-09
-6.793239888605589930e-10
7.615325641577679898e-11
3.357429253433234432e-11
8.752475698551629187e-12
5.925754559432607975e-12
2.560263683836992565e-12
-9.175795967787793244e-14
2.377281890886225823e-13
4.430015425412403379e-13
3.075327145747460007e-14
5.689565093021330928e-15
-1.365316278152300550e-15
-9.357763361897074216e-16
3.592977437106352478e-02
1.507850554758056322e-02
-1.010071802040917940e-02
-8.009402450278858788e-04
-4.723264807838352468e-05
-4.128734742637483762e-06
-8.939160037786040736e-07
-4.035177127735042023e-07
-1.154579286631723270e-07
6.179679687023195998e-07
5.376724548904220820e-07
8.425343999417682195e-08
-2.427215793927397261e-08
-1.935151632271494525e-09
-5.100493846987331301e-10
4.598560153515238260e-10
-1.773750831782668547e-10
-2.125574627887669241e-03
-7.054859714536633334e-04
4.961623663278228640e-04
1.310138271341492865e-04
1.570066524583884585e-05
1.446863037651632325e-06
3.567333939201741546e-07
-3.159859700318508261e-07
1.015044246613728110e-07
-7.504260965854514416e-08
1.424442764165993347e-07
-5.673229014604373284e-09
-2.959087806148620525e-09
1.150699650442393623e-09
-2.610204544405125642e-10
8.824417824677960849e-11
-2.126447629373286270e-10
5.140791263471740244e-05
3.077038767321527835e-05
8.798513883533319241e-06
-1.343213435571434683e-05
-4.524330038662574523e-06
-6.141114658456817759e-07
-1.727466213613845488e-07
-1.229840267087005023e-08
6.391184215176172625e-09
3.082874659153298547e-08
-2.588579708830486803e-08
-4.444588531939944628e-09
9.959232133654329599e-10
1.320881743081854714e-10
-1.696772379260984249e-12
-2.310760413787823982e-11
2.778695092118513529e-12
-3.472028130052948685e-05
-3.061988067773338887e-05
1.917353898087152813e-05
2.260348553622620071e-06
1.107521752683215832e-06
2.263921349608699563e-07
1.213598259774796408e-08
-1.762939931193321701e-08
-4.793323493196464305e-09
-9.625287762249908012e-09
-6.089075594355076383e-09
-6.513837724803162877e-10
3.443527099255261175e-10
4.272750187006956140e-11
1.923913088587425157e-11
-1.762991590281522331e-11
-3.534998316198230833e-12
-1.035762079268900009e-06
3.722071238955016910e-06
2.357842799856179247e-06
-6.741364102124715185e-07
-2.225479011547338615e-07
-4.424016310514656736e-08
2.045698357905097324e-08
9.992346232596278500e-09
3.177415241354375353e-09
1.154163669940929052e-09
8.589124495329808983e-10
1.107524106326113110e-09
9.153415514325986967e-11
4.995522086753446977e-12
2.320013787003949815e-12
2.679833439178924882e-12
4.504416187473917584e-13
-1.343583667317167972e-06
1.366863732911819675e-06
2.150796855648506995e-06
-4.736564111067820274e-07
-1.669031094771078585e-08
2.049577782194196978e-09
-4.610071130718586949e-09
-2.088888463060204696e-09
-8.204770532807109448e-10
-5.176048823057732737e-10
-6.306148600666417236e-11
5.931389052999586324e-11
-1.274341169155319296e-11
-4.816879329198892365e-12
-2.063956273620370470e-12
-4.603048657342083883e-13
6.222446760679003741e-14
1.436529043061409924e-07
-4.091850490699979690e-07
-3.567604680160345223e-07
1.562582431735213730e-07
2.579701264897967690e-08
2.454162680163213569e-09
1.038878485980116389e-09
6.902557182758048925e-10
2.953025080207155276e-10
1.774122856046644059e-10
1.452550179618964591e-11
3.252172298134279972e-11
-6.728306339593257220e-13
5.848354677583178513e-13
3.366726976278950680e-13
1.032407601742197535e-13
3.174974954055650166e-14
-3.450627968949787960e-08
1.417150317796608751e-07
1.344987405011898204e-07
-7.200005702815882069e-08
-1.301003230004210422e-08
-1.898675613438437181e-09
-4.341671537936555668e-10
-2.059403958039879064e-10
-9.275385092706678383e-11
-5.447492176541680453e-11
-3.358401254850601069e-12
-1.444262267355071336e-11
-3.521547389489146201e-12
-2.574559912837314235e-13
-1.327037637283341604e-13
-3.193799929236293466e-14
-1.326905422967173738e-14
-4.722580579748850741e-09
1.980961874742280310e-08
2.054507107648755405e-08
-1.373922488707552001e-08
5.074145200504872601e-10
6.083253015796188996e-10
1.465312835868169008e-10
5.590083240006329667e-11
2.676922259843720258e-11
1.048718151255720816e-11
2.653983797744293554e-12
1.918675912326612485e-12
-3.709907726225462616e-13
-1.022119918861924715e-14
-1.116186254002588157e-14
2.100011977673358908e-15
-2.150970547586270443e-15
-7.409938039277430500e-11
1.488364528807530570e-09
-2.981676434960441252e-09
-2.410653260328936011e-09
6.824671275697514842e-10
-7.095097871404027687e-11
-3.990062273946944640e-11
-1.373765437360268337e-11
-7.006813930355796105e-12
-3.102477651276644809e-12
1.745151999864309143e-13
-1.836394523254720549e-13
-1.804335734720670897e-13
-8.541474383060884769e-15
4.171334532920608262e-17
5.952466281659604928e-16
1.322848618703278767e-15
-1.589480586425354169e-01
-5.418375677848504338e-03
-1.821649202472495096e-04
-4.997022440562242529e-06
1.178543056935554811e-06
2.604095788722190190e-06
2.124218491338889178e-06
5.542949791729403361e-07
-5.504259015215086497e-07
-9.096025543596928512e-07
-1.325729550880508492e-07
-3.185692210121270167e-08
-1.450702231009657248e-09
1.961424673518913857e-10
3.504462401744063952e-10
9.154932623491117255e-11
2.163722531087396844e-02
1.857898484437232487e-03
1.094059364142738812e-04
4.889350914597645871e-06
-1.066763332673533781e-06
-1.311295927564660741e-06
-2.151333533516776958e-06
1.040308407049610211e-06
-3.053721732329857645e-07
-4.398992340422370753e-07
-2.384471403565603482e-08
-7.209259802917704578e-09
9.582112586989567429e-10
-8.348139109787284557e-10
2.079211032252100688e-10
-7.230334934559518055e-11
-2.401129330228228120e-03
-5.023383735130173503e-04
-5.219791395371392736e-05
-2.010882965522917087e-06
7.259501116335696243e-07
1.198747120929537866e-06
1.320520071131755090e-06
6.294414217250581613e-07
1.204182241269976403e-07
-7.520687575537142203e-09
-2.920700947300656491e-09
-2.255310459814324549e-09
-3.135671123317745144e-10
1.482373432108096103e-10
-7.452851196230494712e-11
6.874847336874852124e-11
2.688058311792830262e-05
5.560436522572302848e-05
1.325456990152209596e-05
6.949195113332694057e-07
-5.552312041053828657e-07
-5.532542551457285617e-07
-3.584737860125193345e-07
-1.324976917922293767e-07
6.220720584837015910e-08
1.248994268963417253e-08
1.131912859099288815e-09
4.207257673271758818e-10
-2.462058860432452985e-10
-6.908014121053949553e-12
-9.949568063857448213e-11
5.650092730106021705e-12
-7.238450033232032366e-05
-1.003709496825637863e-05
-2.786404442846079542e-06
-1.377220534959645526e-07
2.365028072612567229e-07
1.995181149144493486e-07
7.339064085844707646e-08
2.913030561315769889e-08
1.744065735057014128e-09
-7.925791583384472646e-11
1.068849979587679932e-10
5.912453135500854496e-11
8.122835654466846862e-12
2.142423062796902651e-11
-3.656875225189545665e-12
2.602352365999384213e-13
8.861783858634414237e-06
3.258732440304806257e-06
5.792675959084159254e-07
1.149566790350074666e-08
-1.040955425892772488e-07
-5.841805857977032160e-08
-1.995196321858335405e-08
-7.708518986034999503e-09
-3.811605653734594416e-09
-1.326402011859005864e-09
-2.912360161106973370e-10
-6.479331785324247448e-12
8.366296102334972719e-13
-1.176234388181492453e-11
4.792340549938800821e-13
-2.748364335834161537e-12
3.385081294341631797e-06
1.482357895704843466e-06
8.787956652679296822e-08
2.054983629786004850e-08
3.036990099408425391e-08
1.601410574535861030e-08
6.507131507242081767e-09
1.896189110812376364e-09
6.902129638226644373e-10
1.640266280432480460e-10
4.623178519165329657e-11
1.608847340133607476e-11
3.878706235866939068e-12
6.334359295927865859e-12
-2.292927731229641288e-12
3.202588141249575106e-12
-2.959044855390160993e-07
-5.430243144555609278e-07
-9.378368708246690677e-08
-1.564525368424946398e-08
-7.718725436100224571e-09
-4.090273134545990534e-09
-1.807302907431702727e-09
-6.261915177052505728e-10
-1.992772275153122905e-10
-1.718914252228660469e-11
-2.149749474008998189e-11
-4.334876907369585157e-12
-2.274174697283409701e-12
-6.270307615745105478e-13
-9.589993610222833246e-14
-1.142511245607897998e-13
9.193533535566554122e-08
2.466703082164385473e-07
4.672088485532233066e-08
7.524817309857300473e-09
2.202617638398792390e-09
9.929623597551293297e-10
4.501055075530181979e-10
1.626591830556962005e-10
3.888340109945560643e-11
2.967754518335406227e-11
8.919738003410023574e-12
1.299726437319017809e-12
6.435590832672182694e-13
1.820644433403934026e-13
5.018999343889063425e-14
2.516209356344831805e-14
2.402541871384652157e-08
5.189852117806607517e-08
-1.814957578671650383e-09
-2.114193854268957652e-09
-6.243768415370386363e-10
-2.437128900804116026e-10
-1.059068177376891864e-10
-3.880546769452270455e-11
-6.325418349889705258e-12
-4.347532050103167483e-12
-2.529443046745616528e-12
8.000181867645008238e-14
-1.321844772965100887e-13
-3.991660398820271876e-14
-1.665874498324629247e-14
2.084741558161639084e-15
-4.208552888093013122e-10
-8.150511737696087453e-09
-2.525535516181640248e-09
2.475830929864809041e-10
1.380353777379605847e-10
4.600766238689149359e-11
1.847369390678465983e-11
8.623548457860002515e-12
3.834314089203727089e-12
1.435261033729186993e-12
9.225868967366006632e-13
1.536949959405177255e-13
1.313413573938090832e-14
-5.106982871450707597e-15
-7.737379535292155819e-16
-2.599854458039094347e-15
-7.537204794516985662e-02
-3.840521741164620168e-02
-2.837062097957485443e-03
-1.541528981011926550e-04
-3.236452673677016079e-06
1.790590525315503144e-06
3.030150859953928668e-07
-4.053577595612098270e-07
-2.155451665510841176e-06
2.012563677831724535e-07
5.448402420633788215e-08
-1.688131588521451104e-08
2.781595527888648093e-09
3.346375195482207395e-09
-8.006111670565577474e-10
4.266612507362069149e-10
2.016655121434448738e-11
6.618378214636703874e-04
2.197708664676239869e-03
4.690762929543526908e-04
5.022618305798095411e-05
1.509431694203634014e-06
-2.394106285531795355e-07
7.206170666178974072e-07
4.935918932653574752e-07
-1.674447657912603766e-07
-1.770601431508946459e-07
-1.403364388771499886e-08
-2.406629508958314415e-08
-2.335829578688749962e-09
4.349446125744305091e-10
1.223357568026778364e-10
8.655291502358265780e-11
-3.598633604116498047e-11
5.242716972352560984e-05
-1.915654082598934683e-05
-5.548566129370950423e-05
-1.256888508069723362e-05
-2.070344545289105651e-07
2.405442605749100108e-07
-6.856143344235650802e-08
-2.288130561575426921e-07
9.343441515369474835e-08
-8.845946179936368288e-08
-3.424061658633090463e-09
3.405343586512039315e-09
1.526568721279523832e-09
2.460923395931103287e-10
1.646813061622837999e-10
-1.061415427763282785e-12
1.629554004477412884e-12
2.900353328796872654e-05
7.794151456081007626e-05
1.044795234971677411e-05
2.626683872232835940e-06
7.476715233171682213e-08
-1.022589842908725675e-07
1.118034250912109547e-08
1.140383745031027814e-08
-1.290084689205375233e-08
-2.440605551000767814e-10
-3.184752616922241138e-09
-1.472519428461432834e-09
-4.140339087918255411e-10
-9.547092806616917599e-11
2.967101518491777899e-12
7.514765175233295971e-12
1.530304304999285056e-12
-2.393156561151403317e-07
-8.790923576808227775e-06
-3.216437446775488224e-06
-5.397798610144087770e-07
-1.003170748322020899e-08
2.363340708092421882e-08
1.171894965784473799e-08
6.797008046714851868e-09
3.052360456362550986e-09
4.088566426406879305e-09
2.125909978426827448e-09
6.967101407927173414e-10
1.171287735454854663e-10
2.541828762484130145e-11
-1.172900018418915094e-12
1.153993741903911550e-12
-4.101683174347815103e-13
-2.847665979315283669e-07
-3.384622185372692029e-06
-1.491784187877261624e-06
-9.578623579789099445e-08
-1.291463633312365854e-08
-1.092195474159512013e-08
-7.630570788274489300e-09
-3.029597779471849726e-09
-1.226587319679156135e-09
-9.234006460662014970e-10
-3.769349022058576570e-10
-1.516259821854853953e-10
-4.355828770798167865e-11
-1.073485581097950407e-11
-2.071122945647591551e-12
-3.754317206884890104e-13
-1.834358356559683347e-13
-4.538419187823627878e-09
2.889786915553627640e-07
5.440945578939971758e-07
9.400867712423397615e-08
1.254933359399299871e-08
4.593226926676500012e-09
2.528714135164945566e-09
1.203884302052321860e-09
5.141648333476491768e-10
2.591546985609106976e-10
6.784998545715584250e-11
4.608095506273445638e-11
1.157523705586156396e-11
2.958098706738003793e-12
3.005594371706699461e-13
-1.302139955635363323e-13
8.949647871510073219e-16
-3.468972135614793267e-09
-9.155051983229364675e-08
-2.468311019179031526e-07
-4.642897539061643051e-08
-6.828641740063631285e-09
-1.612708674818710442e-09
-7.760196192057585850e-10
-3.462308919042515959e-10
-1.569765041856055858e-10
-5.497150372576538108e-11
-4.207668186088881237e-11
-1.446733266343809292e-11
-2.908357604313680420e-12
-7.552486616071115132e-13
-8.192518211579847690e-14
2.919783695825251780e-14
1.078415800431681890e-14
-2.604028109658683576e-09
-2.442778512363312723e-08
-5.192008762279075073e-08
1.707959920508219788e-09
1.957793516566178563e-09
5.419833182507607734e-10
2.092964188485191103e-10
9.214465271585451133e-11
4.127565365479739089e-11
1.023394450377154180e-11
7.258574909907584706e-12
3.684699976285067316e-12
2.217690547179664218e-13
1.456110447426909705e-13
5.186152894198279422e-15
-7.650045568727127710e-15
-7.009445612860911692e-15
-6.860987251793937309e-12
4.553507750159307988e-10
8.170908508684395338e-09
2.611187276141043042e-09
-2.237624739275010102e-10
-1.434122704252553405e-10
-4.806532095986568336e-11
-2.029915309329688957e-11
-1.077918182431283986e-11
-5.426198619892911426e-12
-2.200318226112539187e-12
-1.074904551184782742e-12
-1.598677190300047775e-13
-9.304912452700365069e-15
1.711115121989554235e-14
9.096873067916224001e-15
2.900408039166257334e-15
