1.321830684058104832e-01
1.029109054568381421e+00
4.242220068231841723e-02
1.258193891087620473e-03
3.284097844616977956e-05
3.780917749590862223e-06
3.533115705211781324e-06
3.601856841202671919e-06
-4.183349878346572129e-06
1.192338703848724580e-06
3.540944030162056993e-06
8.775678089478369407e-07
1.236736951210634594e-07
8.248689194286460159e-09
-1.814519326031660950e-09
2.451683020141047288e-10
-4.422505488272328065e-10
-4.609484095953202132e-02
1.243289301578471839e-01
-1.294238965598391161e-02
-1.057484208202283784e-03
-5.422270978024762797e-05
-3.998616915663054619e-06
-3.251831309016793599e-06
-6.351092016544310045e-06
-2.213774169405086399e-06
1.113454016534842720e-06
4.990432986255259009e-06
7.042890129994404638e-07
6.565127244786216333e-08
-1.853893559444831769e-09
-5.673950625713615981e-10
-1.112206607926857443e-10
-4.794185332156323213e-10
1.204681239192141595e-02
-1.626665704295111176e-03
3.256810664922847858e-03
6.975538401260573257e-04
6.204813822006904325e-05
3.956896166565097221e-06
-2.235253131257289735e-07
5.659705676539915787e-06
-1.888378375847026178e-06
-2.878719759366943631e-07
1.375125097757558589e-06
-2.852761991737339883e-08
-2.041108409735683561e-08
-6.078832478799889218e-09
1.851343660963889122e-10
-1.867505750922858718e-09
4.410935513457779493e-10
-1.098673600327292965e-03
-7.333904421972867052e-04
-3.845992228567540554e-04
-1.915743209312798889e-04
-4.182389563543058227e-05
-1.936957397486944612e-06
-8.918073544351234455e-07
2.038668178718548252e-06
3.295227616056068639e-07
2.409605107063195514e-07
-5.777116084723432240e-07
-9.318736322266835783e-08
7.610850220026945599e-09
-1.034201493358730921e-09
-5.514598872805613308e-10
5.469072704921014973e-10
-6.719716967622171339e-11
1.874344689129285547e-04
-1.417098246692615182e-06
1.736694508749045439e-04
3.669387180695051317e-05
2.295013040717143243e-05
2.381334527888691258e-06
-4.080081901053220990e-07
-9.362500936390733645e-08
-8.510610767473061577e-08
1.836595416474519149e-07
-1.202766688106166441e-07
-7.001198794477964543e-09
5.159720191713020596e-09
7.641142681538413963e-10
-8.656577712119519250e-10
9.046488109752262675e-11
2.862821475861333555e-10
2.532966061924035947e-05
-8.182609717449715336e-05
1.297831187793313691e-05
-1.374968888482187751e-05
-8.168434360747302999e-06
-4.125080243940421206e-07
-7.058885553446205286e-09
8.482952805335462620e-08
1.539507401913408085e-07
-4.000254578091658765e-08
9.121151923925999235e-08
5.411298687239828033e-08
7.390539237510941081e-09
6.384829491871440475e-10
-1.653018843782564228e-10
-5.365559342790775022e-11
5.627724997942785089e-11
8.625899179344795982e-05
-5.560136674033624516e-05
1.353427348715848281e-04
-3.172385817840406622e-05
-1.489319011205587294e-06
-8.832684994450370417e-08
-2.262221667429507752e-07
-2.653064229491807026e-07
-1.236944818111113059e-07
-3.700642891946031069e-08
-2.603208488975059366e-08
-6.646312686064256618e-09
-3.578365416450655040e-09
-6.070693180706409506e-10
-4.972923157102752876e-11
2.857234473074598761e-11
-5.892897218012668037e-11
-1.988338475084344494e-05
5.702657158366270375e-05
-3.335546267815302132e-05
2.399870837443504753e-05
4.271810928329601860e-06
5.445838147462750842e-07
3.221515115169869148e-07
1.770648687539683805e-07
9.232020189667652594e-08
2.443429073536227292e-08
1.359898210221107442e-08
7.894987239918705474e-09
8.728134198843585398e-10
3.514920468278125247e-10
1.699582144990000554e-10
4.200686290901893183e-11
1.197537305260465103e-11
7.304248321335648386e-06
-3.583647280504577979e-05
7.911529426602681935e-06
-2.093529395954865025e-05
-4.223664777036117830e-06
-7.914440441099315924e-07
-2.265114065034565046e-07
-1.120124585925693783e-07
-5.165309298310466979e-08
-1.912345206675896831e-08
-5.979081516372474846e-09
-6.487119923463902656e-09
-1.900157282013919746e-09
-2.195739650848266016e-10
-9.868331943611970626e-11
-2.462043236655110260e-11
-6.026057585474125722e-12
4.031183203367693397e-06
-1.420404446832832503e-05
1.624423097333308963e-05
-9.693923064144844615e-06
6.683455878404709883e-07
5.572247068350282478e-07
1.671331430925578918e-07
6.247039211787016226e-08
2.409164879266760187e-08
1.105477950990451135e-08
8.956987392345407614e-09
2.174911589648710600e-09
2.456492470500313581e-10
6.301821111176807618e-11
1.985289291237999611e-11
6.028544472387720647e-12
-3.274063806121351970e-13
2.601165947475264899e-07
-2.407347120600399454e-06
4.878668068327101443e-06
-3.815083354727736487e-06
9.326946996885064116e-07
-2.172284720742819932e-07
-7.967310793348519875e-08
-2.703119673234116101e-08
-9.590112419393639502e-09
-4.015078366061871409e-09
-2.471649935665009021e-09
-1.477952341000063563e-09
-1.533053880531852227e-09
-1.148046119270708913e-10
-2.230838742462540729e-11
-2.883425601164590177e-12
1.188962251455081078e-12
2.362912050299710229e-02
-2.322317266587759985e-02
-1.646352121016964477e-03
-7.975877882648633955e-05
-4.066868325625800811e-06
-1.748871462492038182e-06
-1.289859691255601855e-06
4.637631308142292149e-06
2.255373835090384444e-06
2.349158593050481395e-06
1.113414963496306534e-07
-7.048177806936323437e-08
-7.409398976805084863e-09
-4.672000168993487178e-10
2.113264458476451821e-09
2.716825303394751681e-10
4.647593793074970597e-04
3.007892519280005571e-03
6.486073260667729124e-04
5.784952920749933652e-05
1.300235184734546126e-06
1.392275756870200074e-06
-1.401882650647125371e-06
-8.989743109406551546e-07
-3.648832660195249675e-07
1.019183131292904020e-06
-8.596390353131182561e-08
-2.449996436514249939e-08
-5.245063107675985693e-10
-1.080746480719821100e-09
8.297527453662692474e-10
-3.015499280153625200e-10
-6.315108321865956246e-04
-3.712155753397501689e-04
-1.949231302345535326e-04
-4.233390623182183281e-05
-6.257294342658308518e-07
2.733891122992936038e-06
-1.070494836344635702e-07
7.270837654526248358e-07
-2.055449190196965361e-07
-5.841155644425340251e-07
-1.276337626579758024e-07
1.369311671229291446e-08
3.506077683265122132e-09
6.485227260793794926e-10
-5.146966896266753266e-10
-6.067312013107180379e-10
5.349905805590591184e-05
1.812777541511724521e-04
3.681646804906096968e-05
2.259944564466648191e-05
3.607001479675118410e-07
-1.301066799651153903e-06
-1.569919268996047440e-06
-1.156146389194012490e-07
1.648514155543546568e-07
-9.113849271568409396e-08
6.059763049627639591e-09
7.917799396019101393e-09
1.351973394465125642e-10
3.524793638176946422e-10
-3.333274746144945407e-10
-1.013196302537891563e-10
-6.990896255556151081e-05
1.435089743605628165e-05
-1.478324863947778007e-05
-7.131416359941665768e-06
3.251857588564484000e-08
1.872652720143165400e-06
9.734598039689729317e-07
1.785957565947815674e-07
-3.960631674100050156e-08
6.984301331327463887e-08
4.906682742532684080e-08
5.977037261920600540e-09
1.953871192783374173e-10
2.143709891572098382e-10
-1.304939126943497942e-10
1.574889692176090757e-10
-7.331986664861212118e-05
1.346396031800696491e-04
-3.133743724415747445e-05
-2.501084788660596711e-06
-7.538136014391574511e-07
-9.672965545906558002e-07
-3.628323234080257066e-07
-1.487612824795760605e-07
-3.528726349394729435e-08
-1.782439209229196270e-08
-3.865212959759790976e-09
-3.066292814873210990e-09
-8.306905889245914756e-10
-3.049913487412651632e-10
9.467848524190506763e-11
-5.947556211666390712e-11
6.004379642898504543e-05
-3.344359671784291480e-05
2.406956780394885404e-05
4.820367350390813359e-06
9.650967827195024552e-07
4.626892115017110275e-07
2.256547428140595777e-07
9.942146003438024850e-08
1.687749740465945471e-08
9.057281813238468318e-09
6.443006230814617417e-09
8.074616101868252116e-10
3.474366502958845822e-10
1.782805414157061302e-10
1.527966356698732919e-11
1.670407291008197779e-12
-3.660001768231086513e-05
7.868400080939936574e-06
-2.102569808765194058e-05
-4.461263201612207235e-06
-9.360783836438522549e-07
-3.114114276966531486e-07
-1.379092945801584109e-07
-5.302817177310300008e-08
-1.617983491727861378e-08
-4.062945062519964618e-09
-5.766754513250893215e-09
-1.830513586668326376e-09
-2.178211519260353674e-10
-1.051352396102856064e-10
-2.620394665357823401e-11
-3.069415810322686616e-12
-1.469706427927998842e-05
1.622486286041811815e-05
-9.662559757336309409e-06
7.778402231891242432e-07
6.200150234402644997e-07
2.013740946703448761e-07
8.123013318731043023e-08
3.126903922749425887e-08
1.135543117277657440e-08
8.236431302254343718e-09
1.594586110630353826e-09
-1.573536944923247994e-10
1.121791527436155594e-11
3.190399708838423033e-11
4.988593668569438497e-12
5.274723237413964145e-12
-2.716060973603636672e-06
4.997428171244786188e-06
-4.032080265952339252e-06
8.639008649998599892e-07
-2.468100504088923378e-07
-1.230345527435868043e-07
-4.622247475612738691e-08
-1.534080660411314178e-08
-6.313702710556621104e-09
-4.033155678129860385e-09
-1.388064395968088862e-09
-7.521384581102510023e-10
-1.657609154462956799e-10
-4.477737151614064355e-11
-7.157264706752280617e-12
1.139300429784264479e-12
-1.021185283255109599e+00
-4.222746262740111750e-02
-1.251628259534969759e-03
-2.929668235432771997e-05
3.319455724117605495e-06
4.869400899295328518e-06
6.034347530202679969e-06
4.103879643933357206e-06
-9.905382188006479627e-07
-3.508022056173195033e-06
-8.756399674420913344e-07
-1.190818172916809620e-07
-1.833884104295108058e-08
3.469473878300999487e-09
-3.486771248942076457e-09
2.385528296675281953e-09
-1.310210475787052520e-01
1.260580188784375319e-02
1.045788178841916723e-03
5.217916662003419274e-05
1.923751187855225631e-06
-1.488947106391142490e-06
-6.151784681573896089e-06
4.810027942622608641e-06
-2.419829143301914251e-07
-4.850796677815998417e-06
-6.768810370634335164e-07
-5.485608368946120966e-08
1.399150863498658605e-09
3.754083306873345779e-09
-9.751285701271587134e-10
1.147404305574499512e-09
5.993501851733216111e-03
-2.901510747902510262e-03
-6.795657957177590747e-04
-6.315329526656168551e-05
-2.474512839270632819e-06
-8.174133817106912892e-07
2.319302106957478935e-07
-2.380306818423952969e-06
5.794579938789607962e-07
-1.432568190522701353e-06
2.509581546913520725e-09
4.225489768078296549e-09
9.167141769730677925e-09
-2.064608358453291474e-09
2.599848635623754247e-10
-6.539675842701040604e-10
-4.892921300945193624e-04
1.705165296700278138e-04
1.767330079199707943e-04
4.182792927241859530e-05
1.895424970257958210e-06
2.208139787903950114e-07
-1.280709001847662942e-06
1.014204233371264671e-06
-4.878087434923266426e-07
6.651012103052541986e-07
1.197304570360555894e-07
-7.454836416030732524e-09
7.430554428171335312e-10
6.718964920586842174e-10
-4.327718607350636176e-10
-5.431755835594689531e-10
2.656921314233582428e-04
-7.217723848583323780e-05
-2.730431020329468985e-05
-2.450692029932625336e-05
-2.454048676323842397e-06
4.760226064723275153e-07
-1.064155063018515775e-06
1.083783181977145049e-07
3.481602336053276094e-08
5.894144222934598935e-08
-6.933378934870643645e-10
-5.867643837779729734e-09
-9.336899454592696720e-10
3.990008708412981719e-10
3.425471303859003382e-10
-1.195459577597224075e-10
-5.103505231003840312e-05
-5.246478235350015114e-05
9.404539305158702718e-06
8.818460369387526952e-06
9.489099957292215433e-07
3.934366801732401366e-07
4.010598823231060263e-07
2.557946531072853722e-08
-8.927344247389082996e-09
-3.680496966682737369e-08
-4.993050591328416848e-08
-5.631115953413789940e-09
-9.046275382796119873e-10
7.332741492380522169e-11
-3.652579291998353337e-11
2.716052199509615406e-11
-1.188657464183448786e-04
-1.405402733852195794e-04
3.254034776953248804e-05
1.217298661325126067e-06
-5.809225154665914417e-07
-1.478461932102758741e-07
4.829891578929004018e-08
-4.075471547434918574e-08
6.343132487983510603e-10
-5.593096719913691064e-09
4.098447832683546476e-09
2.540043349356685178e-09
6.988187082881929574e-10
7.539622593997563748e-11
-1.607498649156871154e-11
5.918090083340857049e-13
6.411960329456430313e-05
5.250170183145980797e-05
-2.248877377182061270e-05
-3.795633945210047149e-06
-2.729155835623965941e-08
-2.978926881664771715e-08
-4.083414027759010585e-08
-2.563422728422173854e-09
-1.133081305677539320e-08
2.976578643005695393e-09
-6.193113092020048098e-09
-2.091986326894092329e-10
-3.213928357186920781e-10
-1.230539176424441016e-10
-5.556333056982301988e-11
2.586399985322229699e-12
-3.696339460746612016e-05
-2.853031023660407563e-05
1.823474586167196342e-05
3.676590887996521303e-06
4.518854622410014748e-07
4.438501926193223295e-08
2.653773263537673133e-08
1.279857156579023690e-08
1.384017238123864428e-08
-2.446958929297386569e-09
5.262838826167468689e-09
1.495540462644159310e-09
1.552738557981846295e-10
8.179481798700597352e-11
1.476091151332858943e-11
9.175984175490374549e-12
-1.709757017165925157e-05
-1.659170543975395571e-05
1.144944706561220827e-05
-2.054449626324994256e-07
-3.593041670030462178e-07
-7.126753063137900975e-08
-2.041550042312961621e-08
-1.114004261331903343e-08
-6.092952477844035232e-09
-2.601241161046346874e-09
-1.879688049833435136e-09
-3.311097319290912552e-11
-2.683653405727941443e-11
-1.450496790305935995e-11
-5.478494678126718771e-12
-1.201428938465084963e-12
-2.958997338100457094e-06
4.529174969651316584e-06
3.493423232888097397e-06
-1.169594814780250778e-06
1.289175767414981350e-07
4.223330285786869767e-08
1.139742282657104490e-08
7.214333426776630204e-09
2.376559962824254903e-09
2.141530943629096426e-10
1.201331891208178317e-09
1.482830266822688735e-09
9.197397800463879242e-11
1.501957950999840330e-11
3.481118432850716176e-12
-7.170999437250288913e-13
8.034244075857688294e-02
3.396955138888790859e-02
-2.274027413960721250e-02
-1.629828460152327532e-03
-7.924526878904102371e-05
-1.877939562515263687e-06
4.582152120811135585e-06
1.618467561602173516e-06
8.198873598193129141e-07
2.556938447935537146e-06
2.367757842776367716e-06
1.390708939510672782e-07
-6.315652506143500698e-08
-2.489780161877956776e-09
-4.861656986068598291e-09
2.312522847099703221e-09
-9.124518567887462070e-10
-1.114522918842300418e-02
-3.592278886404572536e-03
2.669726528894796318e-03
6.298477699534027951e-04
5.819859373086457027e-05
3.630508152364593622e-06
-3.368233458862779213e-07
-2.208600158505442196e-06
2.436109879324630253e-06
-5.999538157486693841e-07
1.023465466702592769e-06
-7.504634731526947187e-08
-2.435217259937092654e-08
5.209996129182947311e-09
-3.056260722384666842e-09
1.247208665266971949e-09
-1.697912948224297885e-09
1.038407575918219019e-03
6.023701307362118625e-04
-1.562223687422056298e-04
-1.812621333483594138e-04
-4.518693532160138985e-05
-4.234685766824922546e-06
-1.703546168146693878e-06
-1.945412068129682212e-06
-3.800261375030882956e-07
9.549386747236321127e-08
-5.973447043122051655e-07
-1.299269466426290330e-07
1.083875097371332048e-08
2.002515737223693049e-09
1.300703196496824813e-09
-5.769450290869483679e-10
2.256496675262541661e-11
-2.085580690711337862e-04
-2.129665653607178567e-04
7.716016320793804952e-05
2.685786992875436514e-05
2.479746376059223189e-05
4.229756065636757770e-06
1.631088983345250305e-06
-1.532929599057208741e-07
-8.993145845185085745e-08
-1.334981260578416590e-07
-6.791053655458732077e-08
4.088353496697670136e-09
1.053409593374368267e-08
3.266945583251857331e-10
8.450249624242834785e-10
-4.446953603029162124e-10
-1.099600942225607149e-10
-2.577255580315211212e-05
6.374329320829460143e-05
5.482588941563368984e-05
-9.396771720712227105e-06
-1.095378152484333179e-05
-2.574974500327668925e-06
6.299693767801801128e-07
3.059912686057133098e-07
1.434611405096694834e-08
6.091023841671752271e-08
3.535659822913614455e-08
4.738403977186640162e-08
4.691184628774357464e-09
-1.543768076420301518e-10
1.398807619834737066e-10
1.705314532095789100e-10
1.136236851668626105e-11
-8.545885593921163253e-05
9.983908745780762880e-05
1.390291758125493740e-04
-3.218908054462376564e-05
4.780508318436699810e-07
8.045353088196564748e-07
-3.137536736010518231e-07
-7.426341540198672710e-08
-1.048007188864933661e-08
-2.480418950144278578e-08
4.461328027518447463e-09
-2.717520454881604812e-09
-2.254877956927193167e-09
-5.225174672955554979e-10
-2.898153460268269430e-10
-6.862025806947568637e-11
4.839964981910999861e-11
2.065648627473248985e-05
-6.040370055236879155e-05
-5.224952820470283015e-05
2.216053946284442922e-05
3.174823113346959478e-06
6.875577411543828009e-08
6.057104265253120716e-08
6.808831159854550615e-08
2.778846232308439459e-08
1.569985693463814581e-08
-3.421066668626573205e-09
5.452136964100925168e-09
3.888807476925999849e-11
1.383180075189070583e-10
1.405247092879331386e-10
2.553529127637968543e-11
1.057237362148875702e-12
-7.592963780132477103e-06
3.593487338760727748e-05
2.847028924047665923e-05
-1.809279209712068466e-05
-3.528843141819872940e-06
-4.632278884740687908e-07
-8.218747065824099397e-08
-4.847246274243494028e-08
-2.232286840220281028e-08
-1.533777201375584307e-08
2.280435544937122633e-09
-4.944629775580369404e-09
-1.297842944297980836e-09
-8.979308298434345841e-11
-8.049979520525358362e-11
-1.217905029598282448e-11
-1.174862986444475505e-11
-3.835115011354803739e-06
1.667363992594725198e-05
1.658121452353889254e-05
-1.145683975300544117e-05
1.929251269521462379e-07
3.728902691072626100e-07
8.215149950895409543e-08
3.623340341381280166e-08
1.963474977543521713e-08
7.798226223666063213e-09
2.968201245574774938e-09
1.610210437555570511e-09
-4.618004431618655729e-10
-5.446690783548198239e-11
1.299949166568983354e-11
7.308252321468124793e-12
-4.040483516070470258e-13
-1.566025327990274997e-07
2.740572839990249606e-06
-5.150039378940681060e-06
-3.813810477813343495e-06
1.213400519334584767e-06
-1.078570389613857996e-07
-6.055334340546620133e-08
-2.148913042262636092e-08
-1.012068770907650047e-08
-3.749108995178471106e-09
4.130116501236255157e-10
-1.170458143855893012e-09
-5.620031057548646580e-10
-1.114033495791152850e-10
-3.110423436127182009e-11
-7.948275286822240842e-12
1.541932472042433581e-12
-1.511406242173273795e-01
-4.425227642604293889e-03
-1.110489109982632606e-04
-2.480319280687289574e-06
2.227734138368910463e-07
6.983516120144906964e-07
-1.387615156514154278e-06
-1.486316558684057871e-06
-1.631691558214526614e-06
-1.317155007270685912e-06
-1.400198720747202882e-07
-2.222111028601600354e-08
1.243020825570501266e-09
-3.053492933319873251e-09
5.838292884628433196e-10
3.027327884090013455e-10
4.820465940749125294e-02
3.779608808821261542e-03
1.812802759201796884e-04
7.242765022094278888e-06
-9.876750116862412868e-07
-1.155354624662424205e-07
-3.791423373417389678e-06
5.222544537984184163e-06
-2.698089451874970220e-06
-1.197553491712302759e-06
-7.638951210766200471e-08
-1.567684484116415897e-08
4.797779762308975539e-09
-2.317416445877735648e-09
1.412155404058462821e-09
-6.495836265064173485e-10
-1.258622915922634998e-02
-2.425212029430848324e-03
-2.193303134079838395e-04
-9.802704098726710660e-06
1.769275155127246953e-08
3.645486328030912926e-06
3.642136593440509970e-06
2.157798134670824385e-06
8.729365144864396271e-07
-7.101290529745006019e-08
-1.150453046801514703e-09
-3.513476167466623147e-09
-2.539175979604198310e-10
3.458617547410687116e-09
-8.856415593340599208e-10
1.229406715865234482e-10
9.989322265229298725e-04
6.980941476110733360e-04
1.353214679141314194e-04
8.939518859487313761e-06
-1.430109236199800587e-06
-2.885500622525179780e-07
-2.965077375374911161e-06
-1.399025775749347047e-06
1.057069352348945818e-06
2.486258866323955155e-07
-6.802150280095772350e-09
4.587040890788093275e-10
-5.024013720316921772e-09
2.303854425653003078e-09
-1.650755311101507607e-09
6.632104838769928386e-10
-3.301213898481552829e-04
-1.364993437127654929e-04
-6.903277129850329580e-05
-6.928402322473673716e-06
4.273312043688171793e-07
1.671542189261038241e-06
9.097645772492827442e-07
4.567280697239131324e-07
-6.581696541973568096e-08
-1.105465671226660357e-07
5.074635933610002339e-09
2.405568653448114771e-09
3.239851744300102582e-10
2.619161557987506174e-11
-6.996073169428623930e-11
-7.568104850520227949e-12
1.266518237985634406e-04
5.797808953835249416e-05
2.978456564292966262e-05
4.220413853833084463e-06
-2.628904322257302507e-06
-1.700755626887587673e-06
-3.923634472197089226e-07
-1.123706542757033709e-07
-1.172283976593412128e-07
-3.307579545675741676e-08
-1.299288439616808630e-08
-8.034661983235017116e-10
3.226206426611773176e-10
-7.154744850545934388e-10
2.700133844599392218e-10
-1.693761466994105719e-10
2.383002700262227278e-04
1.037467920014610833e-04
2.181542681537617234e-06
-6.574720414762917771e-07
1.917113449256706685e-06
9.561389904225517293e-07
3.470417679574922575e-07
8.554057574772711387e-08
4.270724343080754256e-08
1.795723275868469879e-08
1.093958017593952211e-08
1.174562112750367695e-09
5.846760423147255958e-10
2.368335921561390296e-10
-1.636522094433798724e-11
2.768114845658311424e-11
-4.742282382338837383e-05
-7.617011115817576045e-05
-1.184506996567591672e-05
-1.297755478415156208e-06
-9.119295607779140853e-07
-5.016021238402829054e-07
-2.257695962925517131e-07
-7.590707734173701166e-08
-2.113699699812296670e-08
-1.560839589160441036e-09
-5.189879553441589300e-09
-6.691941421934982941e-10
-5.547796650709202715e-10
-8.788061035325086796e-11
-2.905506758520241127e-11
-1.215191598596267947e-12
1.681512185512445829e-05
6.048108132751633508e-05
1.273215231251811021e-05
1.942347439511484921e-06
5.573749860018038115e-07
2.696327244375155405e-07
1.298836890309815109e-07
4.363599024741138673e-08
9.665153217632744474e-09
7.651751099259840141e-09
4.267136257352565951e-09
3.756655923529914117e-10
3.561811118410035047e-10
6.194552362301237551e-11
1.930377154610774518e-11
-2.710849311494450805e-12
1.831178936315124727e-05
4.203075208400296062e-05
-5.020826597160413308e-07
-1.365096172419385228e-06
-3.695338115800782929e-07
-1.481289461763044074e-07
-6.629090082436056429e-08
-2.570132951260660688e-08
-3.495944423534409239e-09
-5.022649366404407287e-09
-2.859084163009039813e-09
-6.924447854753325712e-11
-9.694275495345827969e-11
-2.609534477961484153e-11
-1.260085015183403719e-11
-5.736256677888611871e-14
-4.827948896573486511e-07
-1.401197709141989950e-05
-4.509234137279292614e-06
3.528595164262034101e-07
1.842115387068477508e-07
5.663297807106941392e-08
2.632558977273139410e-08
1.190780849461648357e-08
3.783084787676240141e-09
1.333288490377878591e-09
2.553878659645432444e-09
2.610434300567648949e-10
3.795331389240356644e-11
3.772902943098447534e-12
2.211017013961802117e-12
2.275424936561137519e-12
-1.727070903564356663e-01
-8.580688127875463200e-02
-5.806336914833505440e-03
-2.685213752808051019e-04
-1.133723892609764640e-05
-9.913417222361185682e-07
2.150021189808232330e-06
5.347229733588087924e-08
-1.562485926618862020e-06
2.225862462246612939e-06
1.984938072024946794e-07
-1.093697821338098538e-07
-1.782204537389589407e-08
7.030382874955843404e-09
-4.259892552093371873e-09
6.097071377008809919e-10
1.349740136113337144e-09
3.631956346375371514e-03
1.153094635731226683e-02
2.259167703450748899e-03
2.085163482146228336e-04
1.017053969262636123e-05
1.240727972084874259e-06
4.100746232440018760e-06
7.050823237085933205e-07
-3.109391791649511862e-07
-1.622769853325533993e-06
-1.423857599950112678e-10
-8.180985115043615319e-08
-7.325001706106558261e-09
2.401978973365586335e-09
8.107928630444496915e-10
-8.240527738026565993e-10
-4.129704379813445091e-11
2.766870807044706287e-04
-9.335256062921481503e-04
-6.973476005292112822e-04
-1.325803716740121319e-04
-7.805439043472236235e-06
-1.210895531991726250e-07
1.295970352016219817e-06
-2.162055992239876387e-06
1.380753545361556564e-06
-1.246521822762319924e-06
-2.026020592043141198e-07
1.889538883416611582e-08
1.019125818118805302e-08
-1.415212906045832502e-09
1.567250610110426925e-09
1.436580462894204614e-10
-1.925607554203613045e-10
1.018548210537640849e-04
3.472569195542226403e-04
1.380690934043096458e-04
6.830218087818849620e-05
6.647630508800043602e-06
-9.084331294422487765e-07
1.285711679985939461e-07
3.921408731990606371e-07
-4.748558568471127347e-07
9.520069717117821773e-08
6.796724215150243726e-08
-1.535871029792643428e-08
-1.245301980294686155e-09
-6.644174968045331508e-10
7.231410192069913470e-12
2.519775899583496048e-10
7.150851288190575839e-11
4.049479662857676829e-06
-1.224623305695189365e-04
-5.614653402864695401e-05
-2.864390725847938948e-05
-3.159211752977077102e-06
-1.106374378292635959e-07
2.235693209035909364e-08
1.749237885319157372e-07
1.959666316152520446e-08
1.377145743375805632e-07
5.368906759846455450e-08
2.115202472670641547e-08
9.537243476079593444e-10
5.372314603598939853e-10
-8.011320192295881660e-12
2.237825033222626122e-11
-5.189625595953832479e-11
-2.240564285591412088e-05
-2.401888796979461727e-04
-1.047841942690780971e-04
-3.015678722019854331e-06
8.412470162886722900e-07
-6.274162881641194600e-08
-3.620825546043782015e-07
-1.728112577206809935e-07
-5.156629244463050403e-08
-6.204811738878505400e-08
-2.924236524042411670e-08
-1.459171738095971362e-08
-1.707021369510275853e-09
-4.455129420927888302e-10
-4.016419657093286611e-11
-9.827445046381438375e-11
-3.721770131892212929e-12
5.551970496056787283e-07
4.705501353145842710e-05
7.651878391546627402e-05
1.205580959433780322e-05
8.339683778650224826e-07
3.476850576427048581e-07
3.166092824517183995e-07
1.484058191528208017e-07
6.596034781169247396e-08
3.030322367802446168e-08
6.672596559594552330e-09
6.732313683346683985e-09
1.090716520570383364e-09
3.515523472102984517e-10
6.116379725136071047e-11
1.491494086600789077e-11
2.006361981287346556e-11
4.466893196732646175e-07
-1.661210431563168693e-05
-6.059816057062650897e-05
-1.269209280366695061e-05
-1.699696269906614646e-06
-3.634219541246512233e-07
-2.190403555444208434e-07
-1.024071625483066916e-07
-4.505360441547752923e-08
-1.449495675716898614e-08
-1.029184340548916408e-08
-5.034482604448467910e-09
-5.445971303358420458e-10
-2.790067712898193536e-10
-5.606050621002893770e-11
-3.510030435496064078e-12
1.735039310559048918e-13
-1.625661410821164713e-06
-1.841780633557975073e-05
-4.196581949936954383e-05
4.500176915269254760e-07
1.222398604259369488e-06
3.147867545507933972e-07
1.364043731495931503e-07
6.533698529916200148e-08
3.034720313555293469e-08
7.050153231515588251e-09
7.484958898285326380e-09
2.623439385910111095e-09
-4.790064944402688594e-11
1.154728151173827251e-10
1.729076438939649556e-11
8.372422466239528242e-12
-3.182509319214710056e-12
-6.619820453330546345e-08
5.615822550575062886e-07
1.400199506932959974e-05
4.781429665442854246e-06
-2.997993831544152277e-07
-2.244716615541685407e-07
-7.906774081251630189e-08
-3.741928726856727538e-08
-1.979644940869670734e-08
-9.102162912302263536e-09
-3.314254713203132740e-09
-2.647234287701063298e-09
-2.417371485526369037e-10
-1.002902426034463847e-10
-8.717630434770482636e-12
7.049430569912148884e-13
-3.088164103912129688e-12
