1.310499938963697042e-01
1.029744409369577340e+00
4.209722962879944297e-02
1.220998758887117041e-03
3.049297313886298498e-05
4.113898576732036824e-06
2.977912245282195544e-06
4.463440391058606202e-06
-4.201071159603157325e-06
1.765980230515853205e-06
3.847554199935333377e-06
8.777277720906192143e-07
1.283982405901793974e-07
5.129930505478372157e-09
-1.188995364227431361e-09
-6.035862508674787065e-10
-6.866405580675070812e-10
-4.868694717948771761e-02
1.320075988733047379e-01
-1.367212968632572009e-02
-1.097200913083283243e-03
-5.476149748531361142e-05
-2.489586173696131045e-06
-3.799115562497113144e-06
-6.460347732882940938e-06
-2.979630371032573475e-06
1.969190148489355048e-06
5.524372348057465318e-06
7.731270030321010360e-07
6.291739928194312045e-08
-3.627226543555278509e-09
3.746966570330483842e-10
1.329792543030795822e-10
-7.938200937189518623e-10
1.350816278618867210e-02
-1.862881107755493806e-03
3.643964345492464035e-03
7.717223149540677852e-04
6.512582171890515651e-05
3.181214708238617355e-06
5.966650119945980144e-07
6.675413525298327022e-06
-2.279282524993043702e-06
-4.442029728516798245e-07
1.610971552340259961e-06
-7.583076439301467170e-09
-1.480725346127347622e-08
-2.962851527697968299e-09
1.847160936363931688e-09
-1.113730068181479758e-09
7.112544608562375180e-10
-1.325275504466045867e-03
-8.695747122581787801e-04
-4.634678424227238773e-04
-2.270510253366644395e-04
-4.883501796116973803e-05
-3.538159313449223462e-06
-7.651782269597589477e-07
2.880036679881260831e-06
3.971241300086217877e-07
2.149467283652591009e-08
-6.647437266255606970e-07
-1.212104329912546699e-07
7.767735580022845960e-09
1.478886983050216553e-09
-1.693372100695096788e-10
7.794623049538147276e-10
4.476511270092711157e-11
1.704036943336434385e-04
5.607705454253724688e-05
1.713073612525580782e-04
4.295127720545007785e-05
2.818294527595510503e-05
2.089864538609887014e-06
-8.909419488239401108e-07
-2.138517816058913504e-07
-1.595837075673186375e-07
2.306339733228450002e-07
-1.259271567117336185e-07
-1.518413343955880274e-08
9.076634230249149633e-09
6.654246151229126764e-10
-1.470589128829913358e-09
1.545274365563765449e-10
4.195897248187389414e-10
3.117466139140725523e-05
-9.137027504090763908e-05
1.129538098166424560e-05
-1.469700618712733675e-05
-1.137933942782154194e-05
-2.292730791552159683e-07
-2.155583426049302979e-08
6.870886927253307706e-09
1.569841970603733036e-07
-1.819745093641756008e-08
1.227268213801393045e-07
6.863423086493086415e-08
8.764932931828701812e-09
6.944800956765040535e-10
-3.557159000163169378e-10
-5.482323745586377098e-11
8.033497710445749800e-11
1.152932752513322610e-04
-7.680253877694645211e-05
1.817163067048957535e-04
-4.276119950251461223e-05
-1.810795359093024217e-06
-3.030890284885768004e-08
-2.367663924772253074e-07
-3.321253280726315298e-07
-1.377540398101090206e-07
-4.812035721258781434e-08
-3.723173630697339639e-08
-1.006111380011830646e-08
-4.440822637230693348e-09
-9.271010605873483833e-10
1.084724075369367405e-10
6.985980044521705865e-11
-1.036732960624970934e-10
-2.809669669590241561e-05
8.114157603212407367e-05
-4.721620561071654599e-05
3.359990823844255140e-05
6.002189403806652868e-06
6.649368637624315874e-07
4.112315445073469534e-07
2.422971811259863940e-07
1.270776959018161003e-07
3.231443974618110672e-08
1.679400989548246182e-08
1.076505212816887063e-08
1.188817931614012924e-09
6.532016891385928866e-10
2.362621053688296897e-10
3.940214870078921163e-11
8.876932472058631404e-12
1.031095182903029467e-05
-5.289367819102776741e-05
9.680626308273110783e-06
-3.050796425892573894e-05
-6.211422701571125961e-06
-1.122915078940705830e-06
-3.180828891800673440e-07
-1.563916753405897253e-07
-7.063575412485180179e-08
-2.775300935974309170e-08
-8.312674336507919212e-09
-8.791191905233254824e-09
-2.740048253296259035e-09
-4.285331126235011957e-10
-1.552342142400329304e-10
-4.588765895655355507e-11
-4.722808763347033593e-12
6.631625528133536884e-06
-2.388547604461294880e-05
2.642883095531059075e-05
-1.632382176094119468e-05
9.571967051776930401e-07
8.520154034086260869e-07
2.418269369022602812e-07
8.637299959844482943e-08
3.305479273489039779e-08
1.538854840166638644e-08
1.515538885089269473e-08
3.124873087622647865e-09
3.126139128682585600e-10
1.286911348819519041e-10
1.976624920267687567e-11
7.303176845410277084e-12
5.632044202291851211e-13
4.790844033105889391e-07
-4.166770793805694245e-06
8.454095108568482477e-06
-6.244719484595933059e-06
1.634772233606478310e-06
-3.576225246598714812e-07
-1.183088696668975527e-07
-4.051905101371931996e-08
-1.300711497689961377e-08
-5.769249034199893474e-09
-4.300093646626291460e-09
-3.000894801971715110e-09
-2.677542018401551368e-09
-2.079585653372701418e-10
-2.272001858523939611e-11
2.168508898684549967e-12
8.818727683478106301e-13
2.514242049181577773e-02
-2.451990380228165345e-02
-1.710460050092293396e-03
-7.923429107549184193e-05
-4.775043733520418052e-06
-3.779550549360071871e-06
-1.819093594578198381e-06
6.009933113364313946e-06
3.031601675053262017e-06
2.699151913345657500e-06
5.827786955419800256e-08
-8.042001417853219086e-08
-1.433562678565131509e-08
-2.854400378353651130e-11
9.576502243540602080e-10
9.105097295980977856e-10
4.845941659173259690e-04
3.368580060221624487e-03
7.176689006743481192e-04
6.297217518769648197e-05
1.487397501356439596e-06
2.785684179692634682e-06
-1.432836162218551188e-06
-2.057431054933696415e-07
-7.417412058560055675e-07
1.179681245128082343e-06
-1.150534449729188256e-07
-2.318279844054183421e-08
-2.961540450637513092e-10
-1.647124694921682873e-09
-1.785263088044846548e-10
3.238440093888726218e-10
-7.502123069736653382e-04
-4.452083943745212095e-04
-2.304797924226910908e-04
-4.778401746866899643e-05
-6.098975189979955778e-07
2.648638567205149443e-06
3.152376488347785515e-07
8.280068376007133063e-07
-5.798415685361101873e-07
-7.081345062595331872e-07
-1.467262722880474706e-07
1.242154494964239165e-08
4.889841585507615585e-09
8.202007486696469997e-11
-6.396407140288794724e-10
-8.528552402119266530e-10
9.830075733503882871e-05
1.794327735287615374e-04
4.290061110539147539e-05
2.918697591375819317e-05
4.887038038607390057e-07
-1.215352399941232177e-06
-1.602483254908811228e-06
-2.199947607388477901e-07
2.353587541243804796e-07
-9.533750133180868580e-08
-1.922343746178087830e-09
1.209000487956583569e-08
-1.285104607235750472e-09
5.281156678063163975e-11
-9.772745437881112124e-11
-2.310115280866708623e-10
-7.896552420405474363e-05
1.334736094784463266e-05
-1.689747284000007893e-05
-1.044537900713959077e-05
5.021340242881961801e-08
2.174112580001399688e-06
1.154074897720469906e-06
1.934171687570664989e-07
-1.180215824244046956e-08
9.980929857335799128e-08
6.102268040621858561e-08
7.369029243650821257e-09
-1.874068469605595998e-11
2.651537692885719422e-10
-1.796877208332978758e-10
2.467597538091417573e-10
-1.004167957140723731e-04
1.803591162196473759e-04
-4.187396426476566784e-05
-2.910836841276010622e-06
-9.223079452026326893e-07
-1.171025446608798441e-06
-4.683317227979146831e-07
-1.655885494197430939e-07
-4.720404879301697373e-08
-2.786557519923883809e-08
-6.831982478252842450e-09
-4.326898141971362898e-09
-1.255025843968530547e-09
-2.516502473673170977e-10
1.400346222658071996e-10
-7.762155907632254726e-11
8.533352456268197882e-05
-4.736770061269092539e-05
3.367039907262678615e-05
6.654927288299228263e-06
1.257873608874142910e-06
5.939767432614254626e-07
3.029862365293856856e-07
1.331829456860491156e-07
2.177143156339954634e-08
1.093047522858601718e-08
9.250444204719589261e-09
1.283159038641966930e-09
7.197922423464984026e-10
2.407084044049101552e-10
1.204643535995894302e-11
-1.523109151487156553e-11
-5.381867821352238288e-05
9.677066640992622841e-06
-3.062714907790164482e-05
-6.519582254521529635e-06
-1.330848326566982889e-06
-4.301744430834738430e-07
-1.912476749835509166e-07
-7.177887097665401732e-08
-2.413268060549732906e-08
-5.856958067264202169e-09
-8.064365936191209281e-09
-2.775186879169921326e-09
-4.636025989735990718e-10
-1.565706372246961248e-10
-4.909195302146699607e-11
2.174068882185833093e-12
-2.467895318499942938e-05
2.637041475824554335e-05
-1.627161817184330446e-05
1.123992782868557988e-06
9.451536858937422513e-07
2.958520127694388911e-07
1.171696472463506650e-07
4.557252348455610700e-08
1.692981992583249374e-08
1.412107023834481299e-08
1.967061983508125255e-09
-3.818405482680915916e-10
2.809671024021648686e-11
4.014160051727496230e-11
9.440734864151962767e-12
1.205028560382728051e-11
-4.679666752631736599e-06
8.683120972385205365e-06
-6.634642996294671413e-06
1.529772306378437241e-06
-4.055115753618212195e-07
-1.886359080970427711e-07
-7.076306711096540694e-08
-2.225606843165035838e-08
-9.784679919115785099e-09
-6.230962278551360642e-09
-2.624859856137293361e-09
-1.239602536087291239e-09
-2.993020363627767585e-10
-6.513645162377048339e-11
-9.584211081988475216e-12
3.065811415592907724e-12
-1.022054416129125842e+00
-4.192023195195906243e-02
-1.216141973226943056e-03
-2.778043023533851726e-05
1.686035457445722090e-06
5.266337570973747805e-06
6.445676641359128671e-06
3.936506461238765839e-06
-1.345764678824888413e-06
-3.837871753488535200e-06
-8.711965210227629503e-07
-1.234096338224968745e-07
-1.406813948132833702e-08
2.899286111492786035e-09
-3.243305702071827199e-09
2.933331537163281776e-09
-1.389628385580064240e-01
1.332907613713526195e-02
1.085634677419001571e-03
5.386106346902526062e-05
1.455671470638076004e-06
-1.295036702436176052e-06
-7.353243974930773823e-06
5.575590836384949192e-06
-1.069045678518854849e-06
-5.361108950198533376e-06
-7.559088547647717237e-07
-5.053537267063183932e-08
1.919119007300754794e-09
3.068598133822608070e-09
-1.323133592112574644e-09
1.360170968346731323e-09
6.701306648815742208e-03
-3.258929365002713203e-03
-7.514049446534352321e-04
-6.562931181213991496e-05
-1.584811557283286303e-06
-1.561480467929382103e-06
-5.748249208105276949e-07
-2.310226609496075211e-06
7.060778599875395627e-07
-1.663313009217763799e-06
-1.288812182920389784e-08
-2.602183330299137823e-09
5.729934801578563938e-09
-3.794466011755864804e-09
-6.928875291552725410e-10
-1.358888182287357268e-09
-5.778191259770376446e-04
2.161633970839834350e-04
2.086500845761711292e-04
4.879969077617418819e-05
3.813197201215381086e-06
1.465358740639733038e-07
-2.183957584690068055e-06
9.677483416404060202e-07
-2.984228190429971428e-07
7.507179613907295258e-07
1.472648320313289047e-07
-7.784412480998056160e-09
-1.328324897675826514e-09
5.145420066269701748e-10
-6.992427538311587696e-10
-7.697768423719567318e-10
2.475815937895387247e-04
-4.710569579395204701e-05
-3.125081810816494687e-05
-3.042989863242166903e-05
-2.424328020078047966e-06
9.221306678586847293e-07
-9.936757756566923765e-07
2.542362699733363567e-07
3.698760383818911852e-08
5.621126128433047790e-08
9.059728022132425681e-09
-9.342200574014891621e-09
-7.901069194547653516e-10
8.521282919587346005e-10
4.711287368646918056e-10
-1.079536680358742775e-10
-5.650545304154408049e-05
-6.312149995836232892e-05
9.721117161564369453e-06
1.244406186103297714e-05
7.749667170235925802e-07
4.030578004315258294e-07
5.316108504836998520e-07
4.315179712495971314e-08
-4.440444246889290250e-08
-5.735858409392470821e-08
-6.482293279137352787e-08
-6.784692529154077923e-09
-1.082416663224395400e-09
2.107825118368010107e-10
-9.080301708853845547e-11
5.009543156728615672e-11
-1.628565619814956688e-04
-1.882602207215125902e-04
4.383099314308704824e-05
1.302519898653054561e-06
-7.253880138115603764e-07
-1.470412527730138222e-07
8.295662240696740685e-08
-6.623590921104715176e-08
2.077960632305346827e-09
-1.962088807509234341e-09
7.593348432888364443e-09
2.926280047132584989e-09
1.019711594934654551e-09
-3.564916875083415443e-11
-9.211904312827473395e-11
8.670392285371925890e-12
9.098345173331192314e-05
7.406770699593786189e-05
-3.167723896573270841e-05
-5.319169081836392313e-06
7.282341773774270997e-09
-4.817610281710947037e-08
-7.129033646558413964e-08
-9.655827007214396350e-09
-1.336906879294202937e-08
5.321790509622911190e-09
-9.125014282529735600e-09
-1.148314730506574419e-10
-6.195867697477864397e-10
-1.701600539238450248e-10
-4.224232410401313947e-11
7.976690365979425204e-12
-5.373674742478055027e-05
-4.000968430315788980e-05
2.661755676646815764e-05
5.428570056658282463e-06
6.497833958261701214e-07
6.684540888186038610e-08
3.740875341641299561e-08
2.019913434334282733e-08
1.937559840999715131e-08
-4.310914778138469063e-09
7.516081867552876546e-09
2.011230883282631192e-09
3.656228813268745609e-10
1.195826289024452666e-10
3.839654509872469793e-11
1.006207376530955763e-11
-2.853562212525321003e-05
-2.751876167965148297e-05
1.902913897486353885e-05
-2.628155738771358648e-07
-5.642355977204987101e-07
-1.036232926074693862e-07
-2.571367554659658139e-08
-1.581321617830670551e-08
-8.255028958066453839e-09
-5.230289765158840005e-09
-2.838463569416309223e-09
9.145024309455223339e-11
-7.248217897926165375e-11
-9.024743285622628028e-12
-1.095226186384883581e-11
-2.867697137774118640e-12
-5.087548494193256432e-06
7.620636774320429311e-06
5.721913809234007062e-06
-2.003736531127508989e-06
2.229349758683427802e-07
6.199467384763689357e-08
1.716031758733620376e-08
9.452949200738261041e-09
2.784094144632671638e-09
7.540471057661733790e-10
2.558314930779983205e-09
2.551695076367527527e-09
1.724422338576698091e-10
1.012842072652851202e-11
-2.715949089551987846e-13
-1.058677423005943623e-12
8.483204313374440031e-02
3.591544639050739396e-02
-2.402804121169984514e-02
-1.694508337677520663e-03
-7.942175424366552743e-05
-1.789706060915430386e-06
5.007460495390672212e-06
2.263863894218604104e-06
2.216944280739364484e-06
3.151219740912828382e-06
2.771664110801856562e-06
7.189755034327992293e-08
-6.963128308985369593e-08
-9.733579833260566553e-09
-4.673085356143488407e-09
6.482143227689298079e-10
-7.376197862051515458e-10
-1.250221000700076773e-02
-4.006820065452201297e-03
3.002005390739525669e-03
6.981490353386857672e-04
6.249679076235282094e-05
3.250760160980947769e-06
-8.126912387918182022e-07
-2.005921376300114540e-06
3.478999034128122787e-06
-1.027140388749146064e-06
1.208758851961149560e-06
-1.066417235226457956e-07
-2.406695146498835218e-08
4.957729578595836707e-09
-2.955793027612302878e-09
2.959565755937579196e-10
-1.552043502872552003e-09
1.249414101518042794e-03
7.094411717438261914e-04
-1.984014755211883842e-04
-2.130721239750683253e-04
-4.940611079961235169e-05
-5.004406187730565489e-06
-1.194602312162154809e-06
-2.104783580155880209e-06
-2.176393780718922678e-07
-1.911557223583660530e-07
-7.316015484878472664e-07
-1.431519202798026811e-07
7.719700620623094475e-09
3.553283107647932975e-09
4.039418173091623326e-10
-5.938308845515837548e-10
9.149499466663460367e-12
-1.857672709586855140e-04
-2.058261279510616290e-04
5.224888921185728922e-05
3.076729007699908146e-05
3.067846081021555400e-05
5.044704092762979515e-06
2.086311601837384696e-06
2.372238985927784466e-08
-2.971290221963243572e-07
-1.116528880504704893e-07
-6.877235475083643685e-08
-6.433802145115538721e-09
1.541360245501149500e-08
-8.432951579476348483e-10
6.378172172375845380e-10
-3.959350755714025753e-10
-5.675756510473038708e-11
-3.143874237764573905e-05
7.126798201307473293e-05
6.568549345125145012e-05
-9.875164224724171396e-06
-1.441533144916789963e-05
-2.878917175140726712e-06
7.306218116773318735e-07
4.068529480660376733e-07
1.492916137128678353e-08
1.035919319747079637e-07
5.940373126494289033e-08
5.886762077979330742e-08
5.629521929115835670e-09
-2.951479581315128580e-10
1.588772970761063891e-10
2.523251080883076723e-10
7.621116043954209488e-12
-1.141365969353213834e-04
1.365064037386454047e-04
1.863309699020335110e-04
-4.329131354409700649e-05
5.920848546521300547e-07
9.934740146772738504e-07
-4.447280680765722206e-07
-1.356263378527668619e-07
7.387351951233186432e-09
-3.271087003875276233e-08
5.485079394726805936e-11
-5.524180022003534356e-09
-2.898955027151687596e-09
-9.373926789214782345e-10
-2.075036905480635381e-10
-7.184742689047066000e-11
4.952696375680946326e-11
2.932804575158716481e-05
-8.553730348143756231e-05
-7.386692499821428265e-05
3.119543512953239006e-05
4.543182297982895784e-06
5.241648203432722029e-08
9.635010994287615214e-08
1.045858643969615049e-07
3.869690234851929723e-08
1.874517261054442086e-08
-6.429729640563152351e-09
8.276246744264244466e-09
3.798777743681623309e-12
4.422998242411397072e-10
1.793347256508080733e-10
2.101757568158863830e-11
-1.035654464595733981e-11
-1.084659651114653606e-05
5.236131508451110359e-05
3.999811131570294462e-05
-2.638244220471125972e-05
-5.234089856082121584e-06
-6.584615337765596310e-07
-1.184111628936990026e-07
-6.579646420135634601e-08
-3.158160264309923356e-08
-2.147074665056963657e-08
4.000633781302458692e-09
-7.228379040779686876e-09
-1.803259893971683270e-09
-2.959340027531408158e-10
-1.206099505388044559e-10
-2.920297851507641071e-11
-1.223251575331968505e-11
-6.302881379685856701e-06
2.785971193945892971e-05
2.750574255091346268e-05
-1.901952289146472113e-05
2.593006119310257323e-07
5.809466492359672239e-07
1.241042404262395600e-07
4.933107488805966692e-08
2.905284174061536844e-08
1.099350307001159869e-08
5.995406496811933217e-09
2.089861621140316697e-09
-9.877387582852132321e-10
-6.581015765770554507e-11
7.430377860076504662e-12
1.648091389391893177e-11
9.722226895204215716e-13
-2.931522431236233848e-07
4.734558659307568269e-06
-8.747521219288427103e-06
-6.298838218311061927e-06
2.076351937333067509e-06
-1.906070408546446966e-07
-9.234369930860533992e-08
-3.159723744490771607e-08
-1.367404125614635360e-08
-4.283337489358151275e-09
9.734841451109737142e-10
-2.216557592777511881e-09
-8.157913261358977978e-10
-2.184287707624475674e-10
-3.812839402156043556e-11
-8.953384668404223593e-12
2.722239632140768415e-12
-1.499719797704264224e-01
-4.287173944983875898e-03
-1.031804236714326651e-04
-9.316384562674134438e-07
7.715708751426113018e-07
9.447985751412511701e-07
-2.827298236519340013e-06
-1.699710453353347543e-06
-2.140529119834273611e-06
-1.260007365661541773e-06
-1.590107106995729819e-07
-1.316541121132826775e-08
-2.530056072608041449e-10
-2.524639664007155518e-09
4.157115736407631588e-10
4.162887031158810750e-10
5.086122136650334663e-02
3.933220887007960430e-03
1.818952242405934934e-04
7.586103222588762572e-06
-5.759821732231836470e-07
-8.597997746268084412e-07
-4.070972413597028052e-06
5.710543644308066019e-06
-3.238943073714668268e-06
-1.255178185991022858e-06
-9.899884856017314608e-08
-1.253752383164572819e-08
5.446105957764196274e-09
-1.748232892709990016e-09
9.137131487471963046e-10
-7.948239214694106091e-10
-1.411114208050171827e-02
-2.686024290058095561e-03
-2.385883502629429173e-04
-1.068706267851328339e-05
-1.847449528560102625e-06
3.838160455559881329e-06
3.190742815800695365e-06
3.242858388535442710e-06
8.451168022350581341e-07
-1.154577555801783525e-07
-2.976125370406643222e-09
-1.136933331429903893e-08
1.236666660297814014e-09
2.638069354789659439e-09
-8.412132256188750564e-10
-1.292689533575301239e-10
1.220259948725367378e-03
8.232390682272701030e-04
1.528544816929815740e-04
1.144748262120726604e-05
-3.614668114130841969e-07
-8.030379011437367586e-07
-3.152357913406885609e-06
-1.645668396515212763e-06
1.369349258961197661e-06
2.534762679400623394e-07
6.464997460500445682e-10
2.436160718927169797e-09
-5.761013128792490662e-09
1.789227376033546277e-09
-1.645481092999750726e-09
9.059919686508909394e-10
-2.478583843216499143e-04
-1.576712877427288294e-04
-8.583376174947365551e-05
-8.420667833951765398e-06
-2.412527969173158742e-07
1.493547464813592287e-06
1.222905741144573429e-06
3.457902186163948471e-07
-1.482063805244343339e-07
-1.051360883799167207e-07
-1.613363906818094621e-09
5.135284024244347468e-09
-2.744929161033763317e-10
2.620709152809132221e-10
-3.563069263565533899e-10
8.795227315290839875e-11
1.316225855639236515e-04
6.413851364938143922e-05
4.017564205711798993e-05
5.250495970665971559e-06
-2.788292260539884329e-06
-1.828167801234221453e-06
-4.201651557438973525e-07
-8.194902677601887275e-08
-1.311097927492657317e-07
-5.079823370990480561e-08
-1.130950688364893886e-08
-2.603994437246818821e-09
1.587166057619796199e-10
-8.089814621613547213e-10
4.073220134437141441e-10
-2.891175261981890747e-10
3.242311185566951887e-04
1.408316826706923627e-04
2.441639642513005150e-06
-9.673436776798341253e-07
2.335674774069355596e-06
1.223771817731328650e-06
3.759464804711412363e-07
9.619443176502568831e-08
6.077215623160643554e-08
2.829356624815387182e-08
1.226614559166102569e-08
1.868855730675979338e-09
7.368655498584901678e-10
3.035221470435000659e-10
3.005288018173873831e-12
3.913115670136223435e-11
-6.732970566905666847e-05
-1.072762201424352403e-04
-1.663235629186392124e-05
-1.652105694820915043e-06
-1.191847122156141429e-06
-6.844974975120383991e-07
-2.883141333213783584e-07
-9.804604579857674112e-08
-2.568682917021611347e-08
-5.260070148132377199e-09
-6.515827256621497858e-09
-1.210226586644063710e-09
-7.289520784879603813e-10
-1.047096370796067991e-10
-4.719096002913350705e-11
9.156100401135143792e-12
2.270500403542656135e-05
8.776363781710413818e-05
1.877510214905933814e-05
2.783896406451664252e-06
7.809014398861776650e-07
3.757590025397720672e-07
1.765355180720085061e-07
5.855998619193111965e-08
1.223265560902158131e-08
1.176306756897482184e-08
5.942871214129561882e-09
8.522729019102336127e-10
5.526176706892374528e-10
8.892632447725640214e-11
1.746974736264246050e-11
-6.996006505355968004e-12
3.003018932723500674e-05
6.972763774764988804e-05
-4.602194082721443779e-07
-2.113475765570442213e-06
-5.455023590266420336e-07
-2.137157303577940286e-07
-9.584971548218550908e-08
-3.544387650713645602e-08
-4.514175978547322054e-09
-8.804455414354775092e-09
-3.854624254649157655e-09
-3.078586356845740328e-10
-1.554347616354911233e-10
-5.026845488351650813e-11
-1.613825954580649851e-11
-2.839374875420960851e-12
-7.155871811329030251e-07
-2.377223572340721628e-05
-7.752528037903434174e-06
5.797670570059266641e-07
2.872364887196711563e-07
8.495810225632962491e-08
4.088641818166843084e-08
1.766701308217702837e-08
6.403880057438884499e-09
2.330781545044167150e-09
4.309166743156117010e-09
4.518615684841002718e-10
5.911128241391561451e-11
1.040705523806102188e-11
3.396683240194781844e-12
6.419888190958170102e-12
-1.830624606180930314e-01
-9.059731817250304964e-02
-6.050029589332933319e-03
-2.736703784367052047e-04
-1.252593917623406106e-05
2.250691605203615224e-07
2.630135832416545803e-06
-5.921184989174508082e-07
-7.907704329106241691e-07
2.342182331229273778e-06
3.150961168977213595e-07
-1.374437065619635212e-07
-1.826514206517818676e-08
5.414399211563966342e-09
-2.434881237075097951e-09
4.830253466116437371e-10
1.549484712282064132e-09
4.095517929334322078e-03
1.292835649130942566e-02
2.500284317960820187e-03
2.232678103060153766e-04
9.742334875132139968e-06
2.535052281645169003e-06
4.938593514003082785e-06
1.089794067474535917e-06
-8.218019868779187510e-07
-1.640087434502955803e-06
-8.263823027678257629e-08
-6.613574297382873157e-08
-5.668131702085652858e-09
2.416775277820557827e-09
5.421756006095593472e-10
-1.023766433640531985e-09
6.816206788456242696e-11
3.254718467546647859e-04
-1.139860646261998045e-03
-8.231443425357693258e-04
-1.523321384201405614e-04
-1.098175221124831195e-05
-3.718049991652219384e-07
2.057205721608572287e-06
-2.158838860519703332e-06
1.490128155427094017e-06
-1.550188267760542730e-06
-2.306076990126504001e-07
1.041643766544439359e-08
9.713756280923211876e-09
-2.746573965049986256e-09
1.331819208564512889e-09
1.353521015643404261e-10
-3.513449640256612571e-10
5.751642805518394615e-05
2.566497809170399246e-04
1.595797363388639311e-04
8.442886150665763697e-05
7.685953514246374264e-06
-1.466951131939637964e-06
-1.115001389901309020e-07
4.183542352580125296e-07
-4.245950367272447235e-07
1.668076090945834625e-07
7.554654497421524373e-08
-1.278179336860862998e-08
-2.275404161692654045e-09
-9.632800040729662058e-10
1.707820078132725584e-10
2.607787967738898178e-10
1.824184422446180843e-10
6.474165582712041807e-06
-1.272998146765483242e-04
-6.104580161850740893e-05
-3.899335610369468621e-05
-3.339718912126187548e-06
4.740979639386625092e-08
-5.155624409757986998e-08
1.240016729501019831e-07
3.561056365828666585e-09
1.534580597905942675e-07
7.419875124377866129e-08
2.109522165335028991e-08
1.950505879797650497e-09
8.848166262858234251e-10
3.061706209094730347e-11
-2.694013099226202668e-11
-2.761760180088200314e-11
-3.054365358621696948e-05
-3.264917627161627854e-04
-1.427608578052495434e-04
-3.389204692845682950e-06
1.133793884987228015e-06
-1.183293136446074493e-07
-4.370799821800869151e-07
-1.591056460157536036e-07
-5.786913465253694737e-08
-8.268393736158892626e-08
-4.378580520750914882e-08
-1.608197589801268065e-08
-2.405114777775283654e-09
-5.083257626114664493e-10
-7.952870220643810447e-11
-1.106447163787869022e-10
-4.709914555675653762e-11
5.419390202339233283e-07
6.682025064206686211e-05
1.078517230890104698e-04
1.692235567446133385e-05
9.820173423370298516e-07
4.417035743493228319e-07
4.342992232923078987e-07
1.900695029748799453e-07
8.498789486501685205e-08
3.697453971215281752e-08
1.208324512175442340e-08
8.076831602795290831e-09
1.645554344738790827e-09
4.366199609212156062e-10
4.373463358981839527e-11
2.377812036265118126e-11
3.432278591082701213e-11
1.026759505311844942e-06
-2.245099516608524656e-05
-8.796093210427584862e-05
-1.872447748283919566e-05
-2.407891089504779574e-06
-5.083041801302969486e-07
-3.106322168523755161e-07
-1.410655598452671904e-07
-6.074341047416418174e-08
-1.909089922494502731e-08
-1.500472970729515321e-08
-6.760503024922103682e-09
-1.035131962980527754e-09
-4.261760637199858933e-10
-7.281641077033899271e-11
-1.648258859958553036e-12
5.016877303794455570e-12
-2.579251638257565068e-06
-3.014195214677594512e-05
-6.961766578078116771e-05
3.791992997096903721e-07
1.876652724720469279e-06
4.673945016898256709e-07
2.020889060132470994e-07
9.668045807465549534e-08
4.349356463327884824e-08
1.023783750733392715e-08
1.231111190479564193e-08
3.044774649801568321e-09
8.338394759924517646e-11
1.843522416261860213e-10
3.972818810317307037e-11
1.337853241539328444e-11
-4.089302012336842970e-12
-1.311933385786673240e-07
8.605386433074110760e-07
2.374486951651611267e-05
8.246996015536005447e-06
-4.862416993598189217e-07
-3.524970874922624959e-07
-1.232378896634291616e-07
-5.810293792404855506e-08
-3.143607055914976194e-08
-1.566368333382937803e-08
-6.124740031285722825e-09
-4.129656531121055174e-09
-5.052506699290426626e-10
-1.494001060648886409e-10
-1.283039959757613514e-11
-3.146496947999547526e-12
-7.278244827289933459e-12
