1.379519993075627449e-01
1.026003516319363040e+00
4.406944979454090194e-02
1.463569382586005045e-03
4.914883710613071496e-05
4.905228421875907170e-06
3.511825735876343101e-06
2.896181023721811185e-06
-2.362619063486682955e-06
1.508898822130551316e-06
2.609848945005076664e-06
7.065992069155914955e-07
1.095811766326267103e-07
8.238593564206777882e-09
-1.259435185608499703e-10
-7.757971778716832053e-10
-4.176881450504191297e-10
-2.882383511188659278e-02
7.573216031900979750e-02
-8.090988035315847815e-03
-7.226614398319904748e-04
-4.135163837433630032e-05
-1.965191180540621772e-06
-2.425220006655260058e-06
-4.088354472182042330e-06
-1.165859433427146691e-06
9.610927577645995759e-07
2.448052556317884015e-06
4.163452599109757292e-07
3.541814938048673446e-08
-2.564384407171807643e-10
-9.173025388874533149e-10
2.245639561325163831e-10
-3.118561526703196110e-10
4.590210211546501620e-03
-5.269730705910313090e-04
1.252849123363576405e-03
2.822808839542244753e-04
2.840787565120907169e-05
9.842707339334233965e-07
1.834609876283687813e-07
1.789770056265030690e-06
-9.697967240795939026e-08
-2.673811163859574721e-07
4.454318425824823204e-07
-8.893607828076749150e-09
-7.241597048210559545e-09
-4.319296288034596511e-09
-5.941871307874341992e-10
-2.796810175092123556e-10
9.163038423218298036e-11
-2.103303395083186216e-04
-2.226098589872860549e-04
-6.658759583634157430e-05
-4.254405006352373193e-05
-9.968248775175234306e-06
-7.366253852033791888e-08
-1.021080526144064195e-07
8.815763144089160672e-08
1.259216911073500821e-08
-6.491773523464017313e-10
-5.504295845207339382e-08
3.264587348351014805e-09
4.721830558312503193e-09
1.942109907919298812e-10
-6.266924622847732069e-11
-1.633798934761891372e-12
5.732021227389222045e-11
8.016186647199043721e-05
-5.176807652128596063e-05
6.166217355657628986e-05
7.536755279700075773e-06
3.029957744839274367e-06
1.444325646964300528e-07
-1.704999200743958293e-07
1.970851470863745517e-09
-4.263085624349307409e-08
2.670123932219490410e-09
-2.879144205229458147e-08
-7.638972014514992284e-09
-5.799151158131393800e-10
-1.523068840194691171e-10
-2.264713267254541644e-11
8.283599717446091939e-12
2.441520323165179941e-11
3.716330141892306290e-06
-1.609620971341639814e-05
4.742332933359031253e-06
-2.646377551949063327e-06
-5.223486117856654163e-07
8.368577473744678898e-08
5.915812636111308796e-08
2.380418244291556403e-08
1.732680345042452691e-08
8.829852091934632836e-09
1.301588428388812150e-08
7.233058616208458322e-09
1.257619531450679808e-09
2.625774548679847375e-10
9.990269168551284121e-13
-2.917277600631838047e-12
2.131269027053034722e-12
8.156140759465235258e-06
-4.499270890621005938e-06
1.232006389950351071e-05
-2.971843437121713117e-06
-3.282714302405779637e-07
-8.657875139425613796e-08
-4.377316821234403113e-08
-2.879707898063584256e-08
-1.235009431214475842e-08
-5.543473631686206362e-09
-2.738421877271651704e-09
-5.236669758432658421e-10
-3.746353306626517945e-10
-1.001912251890499525e-10
-9.959519058426592916e-12
1.974639845980775114e-12
-2.221531121043581367e-12
-1.224664909695965020e-06
3.286380590590531141e-06
-1.934662881341562869e-06
1.497256138937771320e-06
3.052576240131389422e-07
6.119602013861123157e-08
2.660386974791523540e-08
1.252592252721801665e-08
6.303634600002153042e-09
2.357682568782971380e-09
8.560673681635376422e-10
5.589780932000671465e-10
1.178528372591251465e-10
4.019789202109502375e-11
5.986760850647428282e-12
1.054375152252846819e-12
-6.419619013250354092e-13
3.939277503727798073e-07
-1.546403986526613920e-06
6.333172746472289067e-07
-9.700302127833504025e-07
-1.874012506768843887e-07
-3.854334910907537590e-08
-1.196379992156137045e-08
-5.248921111312770258e-09
-2.296002004251905371e-09
-8.856829553880722156e-10
-4.605888430459622846e-10
-2.517615278161000898e-10
-8.129421637191860323e-11
-1.543490116838388136e-11
-1.880880882733832229e-12
3.490179569161469577e-15
3.605903685865500320e-13
9.079884810756264518e-08
-3.000478854209802924e-07
3.803658388160635176e-07
-2.036125230835036595e-07
2.127165119598049596e-08
1.552304592992544821e-08
5.048221518422158684e-09
1.866110259911405442e-09
8.381492941258410174e-10
3.531092901905109394e-10
2.241387530538919139e-10
5.545713335292952750e-11
-8.109651373688000338e-13
1.607975543923828525e-12
-1.044425398418526790e-13
-1.674168219824691748e-13
-9.832368139716197274e-14
2.966613532902067395e-09
-3.428390511145073964e-08
7.119568752099325073e-08
-6.421848390847787348e-08
1.331510441887522824e-08
-3.527102210727545541e-09
-1.570113697166138168e-09
-5.499834841914941392e-10
-2.203380233776143485e-10
-7.634335579263909739e-11
-3.100568945347064570e-11
-1.388400576920798069e-11
-1.439769610262738544e-11
-1.095236985077843676e-12
-1.998183581368287758e-13
8.094608368878399440e-15
1.665851678693054749e-14
1.422977676292959230e-02
-1.455164773829204471e-02
-1.112235126241231491e-03
-5.995954115710218189e-05
-2.176166675253368670e-06
5.350004999325686337e-07
1.445527930110394078e-06
2.695018522011159752e-06
1.436342815013735172e-06
9.499646056013326641e-07
1.097507519078900456e-08
-2.788721503241244287e-08
-9.523678960582511192e-09
2.560496965786853100e-09
6.110944163972266798e-10
-2.471453377286949999e-10
2.487991198164747359e-04
1.150886360208265612e-03
2.646536097525774788e-04
2.695041080471525171e-05
-4.483471184466853550e-07
-4.452280496951866616e-07
-8.602505279712756833e-07
-1.582619749246787929e-07
-1.711135789772277187e-07
3.218026054614519124e-07
-1.721206847764109549e-08
-5.063738643979244434e-09
-1.081675924659392951e-09
-4.532589109279810469e-10
-7.637335280401572954e-11
-1.016017057595127653e-10
-1.665994148518755305e-04
-5.952881268568568435e-05
-4.299288630953410409e-05
-1.044206451509830206e-05
4.095722269457534285e-07
1.249656926560671755e-06
6.319564495428258671e-07
4.049165756546128090e-07
-6.180051260008901666e-08
-6.299814504468005088e-08
-5.043682726111458331e-09
2.002344309164711677e-09
1.239209667624380586e-09
-1.565129111440405963e-10
-2.094093354619794362e-11
-9.315006659137040190e-11
-1.879217922752580796e-05
6.524165945259990246e-05
7.526822973508806644e-06
2.912299951883017004e-06
-3.210523445029854875e-07
-5.267543182863102340e-07
-2.598490691850674860e-07
-7.080212778037362327e-08
-7.599651756644147173e-09
-2.135215870716497314e-08
-4.222655539004677103e-09
8.522907684627761088e-10
-1.939529730365537997e-10
-3.407296425463021000e-11
-1.709329465782157069e-11
-3.737889466860668262e-11
-1.400938247380612837e-05
5.223641562392815814e-06
-2.756083957518004588e-06
-3.616945384857260694e-07
2.455578061824634620e-07
2.727998709317908880e-07
1.325481519034258286e-07
3.077337161552349309e-08
8.279193211163021996e-09
9.502754735914817698e-09
5.540992809013213873e-09
8.911225191186672609e-10
1.467707484415668144e-10
3.253846625953307223e-11
-6.100730078838033264e-12
6.281382483538556378e-12
-6.155269866912502582e-06
1.216620014630529268e-05
-2.962335433237640697e-06
-3.961925292198447726e-07
-1.602036700008753991e-07
-9.992305848937260974e-08
-4.634387755067691609e-08
-1.725288691418317401e-08
-5.691982137731097392e-09
-1.879179490329758158e-09
3.736257491279622316e-12
-2.512993203015958634e-10
-7.755169603957161262e-11
-2.377993107278448785e-11
2.997028359045583163e-12
-4.222677697634706747e-12
3.492307828125884367e-06
-1.917777264727569312e-06
1.509679631001610250e-06
3.286548353242751661e-07
8.590992331666270313e-08
3.786621823975575257e-08
1.750991738052477307e-08
7.126901867420670240e-09
1.942458460543311764e-09
4.715175572983699365e-10
3.822884855953104647e-10
6.486999895655118549e-11
3.520397533199040494e-11
7.385669344307004559e-12
3.193954612859712468e-12
-9.980879932195903182e-13
-1.613750845945931246e-06
6.251086352624752234e-07
-9.760295140363757996e-07
-1.953619249874199380e-07
-4.439590961990222388e-08
-1.551169455706133114e-08
-6.361098923877820677e-09
-2.462478680509205223e-09
-7.328329443586518498e-10
-3.304965481375141694e-10
-1.930822492480445498e-10
-6.278297182221997607e-11
-1.411046221020518298e-11
-2.936278602320677105e-12
-1.026977058178045168e-12
2.999078628025643911e-13
-3.122448317525012614e-07
3.808004631023081406e-07
-2.019136951951513049e-07
2.337096082662716763e-08
1.712698791837480108e-08
5.834119962513845246e-09
2.219789263775773703e-09
9.363167643652603633e-10
3.156139192551076223e-10
1.844680400907265299e-10
3.561671001797735819e-11
-7.387994305022051358e-12
1.061755875653566341e-12
3.146301280795164426e-13
4.100540772952325533e-14
-2.758061715788210115e-14
-3.851680825476211120e-08
7.157964380041096848e-08
-6.637692522352585906e-08
1.244601885450681214e-08
-3.934300615514331289e-09
-2.032282775892316528e-09
-7.708890726068998246e-10
-2.767241021595637652e-10
-9.684359076358724144e-11
-3.430683639178371676e-11
-9.573084220823946218e-12
-7.234157216369953945e-12
-1.192143831570008227e-12
-1.935519468756865551e-13
-1.005233053824447038e-13
1.339200572673087943e-13
-1.016818955417117865e+00
-4.377840069724265454e-02
-1.454693165742187945e-03
-4.495569573888411958e-05
9.639751313350556347e-07
5.822663319205108807e-06
5.178690052961389154e-06
3.237870831138840683e-06
-1.452918803021373833e-06
-2.611028880305404732e-06
-7.211789892531548431e-07
-1.149845488909766279e-07
-1.180773235801536406e-08
-6.078266580443993130e-10
-4.985212644450117511e-10
6.133960742417300065e-10
-8.027227320835084168e-02
7.837569331385666263e-03
7.126222437758107306e-04
4.044255977600348754e-05
9.647501537833682359e-07
-8.996777374870391437e-07
-3.055558133138675046e-06
2.215548344391847855e-06
-2.897909210902572454e-07
-2.299453455560643061e-06
-3.984303966774908412e-07
-2.854277667661345624e-08
-4.115046498432159895e-10
2.123709821878218969e-09
-2.604509571855379744e-10
2.891464100240063453e-10
2.291973533670397904e-03
-1.093628575694439520e-03
-2.765527123795451692e-04
-3.101006025726103007e-05
-1.764245354116609934e-06
-6.000777359910637795e-08
5.027678617348569508e-07
-6.493087919299737688e-07
3.224173839446181647e-07
-4.755286345460383519e-07
-9.571131898059081076e-09
-3.725721381399871539e-10
3.199178163084305643e-09
2.380868308673187189e-10
-1.152633943593009684e-11
-2.794551829385526831e-10
-5.736398077971174468e-05
1.159992532111583043e-05
3.960918948452189060e-05
1.072284337544531864e-05
3.299923476904607558e-07
-1.109834333942681258e-08
5.883474581519380449e-08
1.651451570658446367e-07
9.493513133167154120e-09
8.441842580492385746e-08
9.422936034662400243e-09
-3.897449081015281954e-09
-2.754014233777642877e-10
-2.042449277720601833e-10
1.873776555221758306e-12
-1.137067405204340136e-10
1.142598713159716624e-04
-4.624054091241334855e-05
-6.730246994750582535e-06
-3.638661091443083345e-06
-2.197212907554924347e-07
1.370909544547477018e-07
-1.038772152570682758e-07
2.533910732884723788e-08
-6.113290742777538575e-09
1.650528971195084668e-08
4.291452079700463697e-09
2.411804416966840986e-11
1.039145129449634674e-10
2.614818934831679561e-11
1.069908249808305045e-11
-9.310976699337240606e-12
-1.238458056732514492e-05
-8.814591589378478189e-06
2.588438433419647693e-06
8.085625761730117298e-07
3.751578042804779475e-08
9.238683945697512902e-09
1.098851162730387030e-08
5.680823465422662267e-09
-2.411135689709509927e-09
-6.145780700285508486e-09
-5.737776676566906093e-09
-8.626633693301210322e-10
-2.427811005779026029e-10
-2.331232789032320608e-11
-3.046170402325268076e-12
7.157510016128876355e-12
-1.009124431631001858e-05
-1.307201803391033260e-05
2.820162236473606118e-06
2.026539913257842271e-07
6.673449330110867080e-09
2.912053035405463738e-09
7.529014133237685659e-09
-2.410400344909369187e-09
2.128380858057665720e-10
2.414917364885032254e-10
-6.071020170412670040e-11
2.363005246859627547e-10
1.000862970411955349e-10
1.366894986182566095e-11
2.614052624129528574e-13
-3.544903687603307587e-12
3.743639501384805447e-06
3.146369803301530497e-06
-1.328507609749148375e-06
-2.401827913719401977e-07
-2.372725434538043334e-08
-6.567196939402628612e-09
-3.072520547749838182e-09
-9.729331685834256217e-10
-1.056944959939757926e-09
4.112130381532761056e-11
-3.597317399668498105e-10
-5.877544344102460668e-11
-3.610753252533384005e-11
-4.978697018960426464e-12
-2.194048996940894400e-12
1.422267396784093304e-12
-1.724699973255885887e-06
-1.523389803811262175e-06
8.426021446145171454e-07
1.551903423245341871e-07
2.305712163622063593e-08
3.983737572177197138e-09
1.645002516351886857e-09
7.012835807729660636e-10
4.314302880974364880e-10
1.084378804557017546e-10
1.752605901925718751e-10
5.910165948788640495e-11
1.427842177279039447e-11
1.560716403301452894e-12
6.787981769456169029e-13
-6.139124733549291797e-13
-3.749032700330197849e-07
-3.738287420877676439e-07
2.508682179127977630e-07
-7.082564894996941896e-09
-9.707474467481805829e-09
-2.304061237883520827e-09
-7.256376505842254285e-10
-3.580045625930185392e-10
-1.135118270150718565e-10
-6.811493680558371908e-11
-3.651420942312635295e-11
5.837758823472386115e-12
-1.475301947900205952e-12
-6.972735642609474186e-14
1.332210995403278381e-14
2.286411874959504319e-13
-4.193516335672572905e-08
7.346572716315104587e-08
5.929464263438180629e-08
-1.765149554003500017e-08
1.812166707713200037e-09
8.214481451240057472e-10
2.640170515362157159e-10
1.322134662101345836e-10
5.126360960818978164e-11
4.993809025806409358e-12
9.813096737714689714e-12
1.350148376962640341e-11
6.838039676099018118e-13
1.057163593762430898e-13
-4.071109856851160907e-14
-3.826505393752195569e-14
5.036946701741608357e-02
2.117266302168158143e-02
-1.418732625258299629e-02
-1.100179808323392119e-03
-6.246028908308001932e-05
-4.074202733440705692e-06
5.236898261181822756e-07
3.019793587006852502e-07
5.455839301664397055e-07
1.194145744676073590e-06
1.053978120610435921e-06
2.910165110440853625e-08
-1.140203580567538540e-08
-9.600512359889821339e-09
1.479077587277444037e-09
1.151868761897774999e-10
-2.354549261647604828e-10
-4.235255578647210278e-03
-1.399878878467393896e-03
9.987556087741498393e-04
2.563960920948669324e-04
2.796337062292362691e-05
1.790668576651251025e-06
7.560483874706230685e-07
2.327976352589802084e-07
5.479763263917311131e-07
-2.550966145616390664e-07
3.001726559473007005e-07
-2.120728651251367723e-08
-3.044603073736400716e-09
3.265467688502837877e-10
9.267720501205382352e-11
-3.183542738519864885e-10
-2.667291823890715087e-10
1.914167450465136585e-04
1.175552104902206397e-04
-3.831315470260119223e-06
-4.036665997826611530e-05
-1.209141851465939906e-05
-1.460868368087299756e-06
-4.271842572503018107e-07
-2.558358612213505813e-07
2.013978733705816033e-07
-2.078799700841793218e-08
-6.670693605975817028e-08
-4.202089211269394997e-09
1.444452627515114741e-09
1.142177753783717667e-09
-1.152857982508168663e-10
-1.481410564400525901e-11
9.070334467274054666e-12
-9.228036081974555949e-05
-8.277424466698966171e-05
4.868805582680717860e-05
6.612042633571327464e-06
3.975517351093780350e-06
7.176052431663938858e-07
1.792417972320151515e-07
-1.079745656796446348e-08
-4.002363211910016790e-08
-2.436617071163923632e-08
-2.149296346674128696e-08
-4.440611464498840884e-09
9.919190910335693126e-10
3.856491311477715803e-11
5.185963503484324340e-11
-2.498129189728808832e-11
-1.359266225037369383e-11
-4.032558337359857820e-06
1.461948564301313586e-05
9.382686203124134374e-06
-2.623540227234038038e-06
-9.924257836080475271e-07
-1.938397678533533441e-07
5.080966188224311838e-08
5.492695790166065863e-08
9.104763997992198079e-09
9.394870530432354410e-09
7.138991198159723257e-09
5.033388288016685754e-09
6.671733400344714828e-10
3.304828378802852800e-11
9.637711224169906117e-12
1.017063049349672151e-11
3.548871919817805857e-13
-8.044418695331206144e-06
8.281139041171819640e-06
1.291747726303638493e-05
-2.776751236012390785e-06
-1.202632077003200971e-07
1.327371487934676129e-08
-2.338335578292083721e-08
-1.531325343116018244e-08
-4.257655864213866616e-09
-3.162869454242148300e-09
-7.224216954281794726e-10
2.189191414609732218e-10
-1.444867935080349066e-10
-4.218800999730253826e-11
-1.131266543858647133e-11
-2.386703427050677145e-12
3.211658059858995028e-13
1.254399342477263842e-06
-3.499082886005908111e-06
-3.127975066878816513e-06
1.312327874488110376e-06
2.196079570529357406e-07
2.207678494404032899e-08
9.411504831220573471e-09
6.125091464337071196e-09
2.748161089623605365e-09
1.593612022449317924e-09
-1.155169297656529767e-11
2.994514033733451772e-10
1.070847209315933701e-11
1.502681240421089260e-11
2.743349033502294127e-12
1.139791827050357562e-12
1.636846157522304191e-13
-3.950515036062897523e-07
1.651455695334232948e-06
1.517830866254708999e-06
-8.386578652627582540e-07
-1.516608695268654502e-07
-2.280344802541411812e-08
-5.727880888487413715e-09
-2.498880832277257730e-09
-1.215228695492888212e-09
-5.678982131609157815e-10
-1.043491371073480681e-10
-1.497151819542195066e-10
-3.984193409869362655e-11
-7.434907123083802415e-12
-1.137774297497427222e-12
-5.359569110900794359e-13
-3.402983566596328592e-14
-8.562345981387701635e-08
3.629583795553186764e-07
3.728002341211356160e-07
-2.517591251714034976e-07
6.777242961878284404e-09
1.017835658658222361e-08
2.685700222014104233e-09
1.058813183311441276e-09
5.612588924007972239e-10
1.552250160773592833e-10
6.690172511262777833e-11
2.574474491802968627e-11
-1.340231132462634784e-11
-8.081649102066874628e-13
-1.538851948081929532e-13
-3.544637909989362535e-15
-4.729286028618091042e-14
-1.777829638703644509e-09
3.864908312812625432e-08
-7.938442010593672281e-08
-6.223831774144120098e-08
1.790771250573872758e-08
-1.593239850709104431e-09
-1.002595266305798825e-09
-4.050620014802900730e-10
-1.683385632730756506e-10
-6.872247536069252954e-11
-2.696098567758461240e-12
-6.638721042335301641e-12
-4.885444233674947468e-12
-1.280915690169649033e-13
9.640852902517726819e-15
1.056856045510488124e-14
1.863884389193654136e-14
-1.571184722745180562e-01
-5.178009675119710047e-03
-1.645935030349890578e-04
-4.731703808563416030e-06
2.004689421342642989e-07
1.608834896920854317e-06
9.226267145908104456e-07
2.353976917240836189e-07
-1.249228259254315880e-06
-9.046004217605531389e-07
-2.009889074187004899e-07
-9.779451743207614996e-09
-5.654308547855216254e-09
7.927180765717982964e-10
2.501459864739799773e-10
1.035207640443686206e-10
3.031466298857866601e-02
2.548943604181464536e-03
1.438030645872032532e-04
6.345147013829605033e-06
-1.045410095908513420e-06
-1.153995158495085565e-06
-2.675716136058752475e-06
1.312637075221032888e-06
-6.244598319493945400e-07
-6.759821861617735892e-07
-4.693277409374935005e-08
-6.518728191990902025e-09
1.522767038441947158e-10
-3.221078550612134291e-10
5.523957097123980821e-11
-9.071911520012427514e-11
-4.791179107488707616e-03
-9.833091370285128047e-04
-9.851102633823591954e-05
-3.782676675465948586e-06
3.310912387524169051e-07
1.592370426320442167e-06
1.882567904231426576e-06
1.597758512158290801e-06
1.679705223822181140e-07
-3.677203494741158350e-08
8.041140931105581910e-09
-7.393917000122582291e-09
1.287201400602504599e-09
1.797813297994200789e-10
-1.114432587814585131e-10
7.412890557744268949e-11
1.520776731792994687e-04
1.617998161991226255e-04
3.582141563972146737e-05
2.086726106961046872e-06
-1.129141222738614580e-06
-9.400633300456718819e-07
-9.731418662383390671e-07
-2.436175152409369261e-07
1.898211574603827918e-07
2.216835848528992011e-08
4.555840061257197604e-09
-5.115104369410929400e-10
-5.442119019766970812e-10
-2.485572171187853155e-10
-1.488089852548466468e-10
2.849599519445915026e-11
-1.865012127419358524e-04
-3.082312775709639862e-05
-1.040459219634678582e-05
-6.374440929729597373e-07
6.288933606574946885e-07
5.093984279717886781e-07
3.261266881641040299e-07
4.783752359391878151e-08
4.403192289188332371e-09
5.219907536098196724e-09
-2.449283521545979171e-10
1.098672058850809108e-09
1.537771219745351840e-12
9.791511099755343054e-11
-2.754664383703208036e-11
1.012079148841756603e-11
3.425302327207588847e-05
1.289516059329117043e-05
2.707651406965407543e-06
7.723705954479570416e-08
-4.030681156542601732e-07
-2.665141598402295467e-07
-9.311239651662711372e-08
-3.116763900963549506e-08
-1.784005766187173812e-08
-7.467480251324928297e-09
-1.269488892692299543e-09
-3.360378624252633018e-10
-3.716473851909467217e-11
-5.326602066703082408e-11
-1.401322227095370875e-12
-1.535048276205640927e-11
2.034471593733919170e-05
8.813898104426997265e-06
5.733203071676995566e-07
1.442680385357774665e-07
1.807209210818222432e-07
1.089919921358494320e-07
4.016200141026532102e-08
1.307479262973815848e-08
5.880547271571806081e-09
1.485239272899602214e-09
4.342586337252221630e-10
1.673817224049905167e-10
5.015705499120256975e-11
3.305222615544813363e-11
-4.359946065400265637e-12
8.949865399920240363e-12
-2.634133285396941922e-06
-4.555626912641489662e-06
-7.928345018057619634e-07
-1.420012103423654725e-07
-6.996070162834742443e-08
-3.824354246824483699e-08
-1.636014592898874717e-08
-5.838853602609475933e-09
-1.718386730304703569e-09
-3.498227385045986858e-10
-2.254651391493212125e-10
-6.945744863285631738e-11
-2.849359779347342786e-11
-7.572531872740415315e-12
-1.942443064043647969e-12
2.992906249151493509e-13
1.019255580177616817e-06
2.860296885543763374e-06
5.484808240561911299e-07
9.261252283144471871e-08
2.901385367224109477e-08
1.308600865188750287e-08
5.925515049437989193e-09
2.093597786557038303e-09
5.448007965978624583e-10
3.710551057012845708e-10
1.146855581224436702e-10
3.269908984743898792e-11
1.108579249346167847e-11
3.471017494779449551e-12
6.211313808818807869e-13
7.828331696626421620e-14
4.265823582778932751e-07
9.374729132747272172e-07
-2.541351149081411620e-08
-3.649060480571533371e-08
-1.150617407396343127e-08
-4.462866325191273919e-09
-2.025975877488571214e-09
-7.035805486186645568e-10
-2.201444920696991273e-10
-1.061130577102611110e-10
-3.318328172530334479e-11
-5.720357917848527302e-12
-2.465907802568171118e-12
-9.944369992511822665e-13
-2.389435230087654869e-13
7.521096749704557857e-14
-1.071747699283927194e-08
-2.145951034656290459e-07
-6.669559935388096034e-08
5.618249757360224588e-09
3.423767985877606861e-09
1.202422136439995889e-09
5.196738946779282394e-10
2.051235079127148104e-10
1.087109119308256141e-10
3.889388674997210580e-11
2.487828000785619441e-11
4.499508157217805381e-12
5.665994252242062350e-13
-6.621138792059001003e-14
4.287186147686084850e-15
-4.962740590363243535e-14
-1.062407817916484060e-01
-5.382391055084047998e-02
-3.896239486677630613e-03
-2.048634490825084376e-04
-5.961341918597354540e-06
2.041822314936002673e-06
1.618725990702830990e-06
5.135818897478968401e-07
-2.275636191663984006e-06
2.101783714954324166e-07
1.625118636113435670e-07
-4.586328586539364369e-08
-1.242767990663080987e-09
1.616208952703325733e-09
7.654890741979059404e-10
-3.012226124871875544e-11
2.282691931799172342e-10
1.339992953014804795e-03
4.387643731988520243e-03
9.163536977813646579e-04
9.506068716668553392e-05
4.053215172678647863e-06
-4.080885192093196532e-07
9.450363257505657483e-07
8.739266167139478695e-07
-3.744125227378911296e-07
-3.103579216908820629e-07
-6.538057729138413392e-08
-2.837560641349266480e-08
-7.075149042963968646e-09
1.390024565561114754e-09
1.683553338941531501e-10
7.305024547530194947e-11
-4.459264226109491842e-11
1.046502940185909232e-04
-1.350760918822340589e-04
-1.612083167509228325e-04
-3.411520404379431306e-05
-1.505346143245332718e-06
3.936909670111771696e-07
-2.223908019724442703e-08
-5.269417827917462973e-07
1.506758185829773812e-07
-2.365909917867744125e-07
-2.305737963137150253e-09
6.036044982242827468e-09
4.614607169957448649e-09
6.710203955297530651e-10
2.236256910872387922e-10
3.343469925984064268e-11
-2.527509852572714585e-11
7.299145052930722678e-05
1.998957044979959201e-04
3.208992705632851740e-05
9.997737654303285668e-06
4.928868631520156971e-07
-4.154623061133847731e-07
3.670027279156771291e-08
2.978649692922995300e-08
-1.244100605474541918e-09
-2.648174629634701650e-10
-1.219684582896358731e-08
-5.537034893884066193e-09
-1.559305598440564273e-09
-3.196641167078903460e-10
2.970055468727902058e-11
2.675113652047341956e-11
8.079718311523458017e-12
-9.311129004854890724e-07
-3.385795089767430614e-05
-1.261713375707494995e-05
-2.653483355094132421e-06
-5.556543728841138195e-08
1.275979173225773495e-07
5.268906616987984665e-08
2.905664470821194236e-08
1.063670136624519475e-08
1.932065785311004596e-08
1.099704187586404193e-08
3.073049810430358946e-09
7.405047166642294800e-10
1.004576612028650065e-10
4.766989824249795618e-12
-3.807715488632552507e-12
5.886359725847370418e-12
-1.757953632223364582e-06
-2.037653311308205357e-05
-8.899725448716693725e-06
-5.936082494931083638e-07
-9.792772981151138790e-08
-7.173972331615819106e-08
-5.041395576703427158e-08
-1.782319304135441380e-08
-8.629611010379376558e-09
-7.261682772690653330e-09
-3.006426674560334586e-09
-1.014282234176808327e-09
-3.484373748731555537e-10
-6.592671815117563626e-11
-1.053736983285102268e-11
2.645490103017816122e-13
-1.944424395428492665e-12
-3.158429507532144599e-09
2.590370176428527974e-06
4.564488084462954814e-06
7.925879694701293549e-07
1.153895690188564104e-07
4.322833821722219183e-08
2.373590150679142245e-08
1.080854064382904174e-08
4.775539821836831744e-09
2.207428466672713244e-09
8.346812846457036467e-10
4.240300682689705931e-10
1.301216465987131391e-10
2.818989157133048267e-11
2.102135727053270412e-12
-6.585771280983352039e-13
-2.750974573107691220e-13
-2.771339635340710849e-08
-1.012967687092250224e-06
-2.860467702541867218e-06
-5.449063457818632943e-07
-8.473800264517997474e-08
-2.174736302793198282e-08
-1.019622760393582515e-08
-4.586735879555109669e-09
-1.992570366952914850e-09
-7.531348765025839914e-10
-5.264416449213859757e-10
-1.823100386422691148e-10
-4.987604852793585713e-11
-1.029911419179668682e-11
-1.363264933741954305e-12
3.859711505607821866e-13
2.773558614979610357e-13
-4.429254040251906676e-08
-4.327630375681191563e-07
-9.381609140785044542e-07
2.379804529780919425e-08
3.376807336002282613e-08
9.936955735448303050e-09
3.908717633519943962e-09
1.802030182566896130e-09
7.504500442590402717e-10
3.021506101834545088e-10
1.570633508978727149e-10
5.187894252678098016e-11
9.653306650190207391e-12
1.896371861947281581e-12
1.568177212532999877e-13
-2.300337193269848884e-13
-1.218653843157850217e-13
-2.276803540053986136e-10
1.191818594745471575e-08
2.149288300508529966e-07
6.924302626951196905e-08
-4.781855199917464320e-09
-3.664793215420681797e-09
-1.393080975650424949e-09
-6.073581446061874453e-10
-2.898184864117543327e-10
-1.645363173972419810e-10
-6.540427071875743349e-11
-2.836139321552434399e-11
-4.843017987046248365e-12
-1.902545895690520187e-13
3.930557311334167110e-13
2.025211318314701317e-13
4.998241278492707679e-14
