1.288125122123808530e-01
1.031031542944288448e+00
4.145044372232846441e-02
1.149874634471852175e-03
2.489494264925537481e-05
2.848240965658842925e-06
2.663771629408488113e-06
4.649038842759962149e-06
-4.837156788133831616e-06
1.323550535328932908e-06
4.302618726768688813e-06
1.005069935652501470e-06
1.302513628066097117e-07
1.057426831114161703e-08
-2.074967625972146485e-09
4.581362795797145508e-10
-3.191397964481778371e-10
-5.338856338834663262e-02
1.462554667734899394e-01
-1.499779505278490618e-02
-1.160135788704461839e-03
-5.521466834063070583e-05
-2.969273689307299159e-06
-4.803515630619090444e-06
-7.339434986449401005e-06
-4.412792785606401794e-06
1.758461346426191136e-06
6.718991777434100668e-06
8.677626625199742077e-07
6.786639383317476353e-08
3.578896766051999700e-09
1.740748549158287803e-10
-1.261112721456462110e-09
-5.341858252500970302e-10
1.638362756536244219e-02
-2.296244376828889509e-03
4.398892845838242929e-03
9.115608638716195906e-04
7.303170938071845892e-05
5.615409434926720722e-06
5.177783094390154050e-07
7.932557204700563431e-06
-3.999669240322222579e-06
-2.964964709005664828e-07
1.820208106388405611e-06
-7.464239296088406862e-08
-3.203738976190610879e-08
-8.819685432356474489e-09
-1.896502219805898430e-10
-2.753111173142760509e-09
4.787291938311597684e-10
-1.805169933804140481e-03
-1.200862115306701710e-03
-6.233978396811963541e-04
-3.000768828135043516e-04
-6.218041162266576638e-05
-2.982818269997926512e-06
-2.855903995332879961e-06
4.705427550401064246e-06
9.544366458801123049e-07
3.082302252114289761e-07
-1.128925060865048026e-06
-2.142074002110311935e-07
1.103136347952048840e-08
-3.449386476717180971e-09
-1.511039960209642943e-09
1.291792301462612541e-09
-1.030955065408193458e-10
3.920968545543927921e-05
2.753241709388024689e-04
1.067399671024143684e-04
5.132592878890141413e-05
4.279840874556703511e-05
3.699033544289501668e-06
-3.004147371076161242e-07
-1.648961031777242407e-07
-9.741633525686382769e-08
4.133992174804160719e-07
-1.179288432987970359e-07
2.379198778203595483e-08
1.004307905219978647e-08
1.818852930758171626e-09
-2.298774589174625008e-09
8.256075803648872866e-11
6.622384143583002175e-10
3.422084588867593889e-05
-8.034779402785660325e-05
-7.695318492623486121e-06
-1.370684019757457190e-05
-1.782082719387011839e-05
-8.337760597209200547e-07
-3.624846595118545060e-07
-6.256886734667693014e-08
2.595085169614603643e-07
-1.452710714735136493e-07
1.418204879236647874e-07
8.670211353118603840e-08
1.406979294826548061e-08
2.856414942000432962e-10
-6.663105337060821608e-10
-2.212086757799610029e-10
2.492292650009199548e-12
1.617863928590253123e-04
-1.200069686104147243e-04
2.572451818908894701e-04
-6.053530026589403992e-05
-8.281606639354532295e-07
4.935874287744523372e-07
-1.905322082494096076e-07
-4.487510193610622285e-07
-2.021459793049690963e-07
-5.715830767146582426e-08
-5.409322861184129242e-08
-2.410225013238893353e-08
-8.734378383576754615e-09
-6.161432215099240926e-10
-4.260399052405054125e-11
8.873353843638153658e-11
-1.330353951641770223e-10
-4.221602444206754142e-05
1.285779427839125696e-04
-7.117333027585624262e-05
5.102326437162061289e-05
8.257184956469620018e-06
6.867088870954775261e-07
5.847040492405567862e-07
3.684226516852596542e-07
1.690316560225835104e-07
3.395274120852393400e-08
2.942515011066494914e-08
1.909385136417515283e-08
1.993938435865712340e-09
4.787519169644958211e-10
4.214279607133978068e-10
1.060712497825811978e-10
6.036894726709508200e-11
1.459170781618612190e-05
-8.557073391119814001e-05
8.243485270634982558e-06
-4.792223825711647571e-05
-9.737613582688584514e-06
-1.731791800665659466e-06
-4.783667120798899230e-07
-2.583708671333370399e-07
-1.110778096650090005e-07
-3.841511187772087403e-08
-2.963117620667560548e-09
-1.578340205780168934e-08
-4.286927588279068953e-09
-3.957487225792179493e-10
-2.745471769244473554e-10
-7.676210985220219054e-11
-2.640710357500521358e-11
1.280261930545367093e-05
-4.664831796469675213e-05
4.953536817181588241e-05
-3.173670965385398023e-05
1.458443214248626975e-06
1.490620640946649827e-06
4.130938876365269098e-07
1.539284136978726584e-07
5.679534336107401887e-08
2.522763027231218595e-08
2.817729445563234576e-08
6.088751623053950687e-09
8.601938296643244257e-10
-4.487755287756919834e-11
5.352023976353421691e-11
1.095093649074491300e-11
-1.087025559495056082e-11
1.009879933127455386e-06
-8.740624214199503965e-06
1.719906623738285680e-05
-1.147348256402934651e-05
3.318560069494127864e-06
-6.867934316729688705e-07
-2.150340904156902074e-07
-7.664573150396775611e-08
-2.613894831304561605e-08
-1.205910552918089503e-08
-9.234514105249558093e-09
-7.515705678384168931e-09
-5.964802077569884891e-09
-3.402345684272585591e-10
-5.189209889040138442e-11
-8.313567748666343726e-12
1.156829475663932772e-11
2.796544163895057708e-02
-2.686576224236871674e-02
-1.816239264507981148e-03
-8.092343801210389318e-05
-6.056499563037541935e-06
-3.648724347794807666e-06
-2.655520112210197507e-06
7.581397122252633818e-06
3.617480371005507977e-06
3.562148656454138044e-06
1.015596366159389804e-07
-7.687652088037843736e-08
-9.089931596544772649e-09
-3.171068903403818392e-09
2.892614144104135852e-09
2.148813007340245940e-09
5.136584168176184595e-04
4.062278017632945347e-03
8.436120936764015827e-04
6.809826962237082763e-05
1.294539040443610433e-06
4.117404965430438289e-06
-1.885331416511280743e-06
-6.487133857547156606e-07
-8.031089562202096877e-07
1.350884989936547948e-06
-1.435322086418196062e-07
-4.180232427919097650e-08
-3.329958905494310239e-09
-4.797064460190087337e-10
9.245635890495048806e-10
-1.418324192251756203e-10
-1.029381315842916277e-03
-5.974171947036500561e-04
-3.050506538313802743e-04
-6.057279549824553204e-05
-3.749493009194914354e-06
3.433272870922881220e-06
-2.876882984554883702e-06
9.577374788244872151e-07
-4.276186106899830338e-07
-1.112765806095222608e-06
-2.461055585766627883e-07
2.209267930844755227e-08
6.744560420851090612e-09
1.898778968661721542e-09
-1.064040464285945933e-09
-1.384200158760721653e-09
2.346384201726649298e-04
1.100711854184972441e-04
5.042738305790622620e-05
4.064033829918187114e-05
1.574417248602658868e-06
-9.177786665854394558e-07
-2.565307739971541752e-06
-1.398638751564926564e-07
4.686602461224733490e-07
-6.449138952326316598e-08
3.631466072841482596e-08
1.344583449208033652e-08
8.165907225269154568e-10
1.840416180956990151e-09
-5.597529471777291970e-10
-5.403531727707777477e-11
-6.852269199062435343e-05
-7.300380805154584522e-06
-1.572059156351124525e-05
-1.601775960360540100e-05
-1.520574245164772852e-06
3.170204209147509590e-06
1.834980329980186434e-06
2.526143281568143462e-07
-1.255125243511234139e-07
1.114431330540914778e-07
8.114873051572292604e-08
1.173454600846665983e-08
-5.665054709489363507e-10
7.413093451307523105e-10
-2.457391698645097755e-10
3.825530706495890853e-10
-1.521829167089774459e-04
2.564937323546714800e-04
-5.940199640966579140e-05
-3.223323489148005552e-06
-3.935837234149901475e-07
-1.838817628756762604e-06
-5.808160964784072347e-07
-2.209069870480214344e-07
-5.280939634714134624e-08
-4.155875747382414304e-08
-2.051303914528383456e-08
-8.098550131699700936e-09
-1.527236016608527895e-09
-6.977746073855577643e-10
2.551475115825452132e-10
-1.805295010706066236e-10
1.336962001685240784e-04
-7.186421345137392806e-05
5.087981343703218792e-05
9.731052336178011377e-06
1.530997296371139738e-06
8.396196866681049889e-07
4.000115714021515244e-07
1.760787826015697090e-07
1.646445107159497272e-08
2.173829562091416074e-08
1.701070157439175888e-08
2.902311383554460466e-09
5.534450201672166611e-10
3.637440911821552443e-10
2.163704085424244634e-11
2.020557559502451417e-11
-8.613913462314840008e-05
8.380344301876322205e-06
-4.794635817920389837e-05
-1.041961434988231315e-05
-2.030206767508987330e-06
-6.489699838278287102e-07
-3.116599014922561464e-07
-1.111544723011849534e-07
-3.389762436767562420e-08
1.814059513416803346e-10
-1.469538126189088360e-08
-4.476248760425227479e-09
-3.853495244962666748e-10
-2.734212054798692017e-10
-6.334562930474222661e-11
-6.148000159259015634e-12
-4.813154058391616970e-05
4.937172040132541150e-05
-3.177101358783671845e-05
1.819516115975164699e-06
1.627983139631109057e-06
5.132890331948158294e-07
2.193730551587576145e-07
8.495374671700311892e-08
2.973993775626418531e-08
2.707131228106649087e-08
3.822518402265489765e-09
-1.186896105470974333e-09
-2.530272175093717145e-10
1.290561391855718624e-10
8.612590245425423733e-12
1.615082328013972704e-11
-9.774500669654533660e-06
1.781381557066266433e-05
-1.227498761608833301e-05
3.096579305644014316e-06
-7.684534716377584429e-07
-3.710264156364618004e-07
-1.403726979605407307e-07
-4.591898336220038093e-08
-2.054491100594595400e-08
-1.545533272232375873e-08
-7.078873345943001915e-09
-2.811170162113090996e-09
-5.659993562305444134e-10
-1.846258700931137509e-10
-3.107282891227838826e-11
2.323021106847821729e-12
-1.023790666993341647e+00
-4.130507246895712137e-02
-1.145264855140699358e-03
-2.253680495203983354e-05
2.507395846712061091e-06
4.905061422580842554e-06
7.835601210761205574e-06
4.776862097485963975e-06
-1.001110830399009205e-06
-4.239478167621541683e-06
-1.003177582272084112e-06
-1.211300116553063120e-07
-2.536217692684818251e-08
5.388821941979485358e-09
-5.294448707986510759e-09
4.025389321945528970e-09
-1.536422367119150145e-01
1.465023108461162120e-02
1.149985838469704327e-03
5.344496108613325648e-05
1.475538967797337631e-06
-1.959487117080644104e-06
-7.496603898070022406e-06
7.166210935031896358e-06
-7.107324025453568065e-07
-6.564301925492552285e-06
-8.549156553011478435e-07
-5.222689353620679312e-08
-4.688469657866551664e-09
5.272849416154208147e-09
-1.885034636471970508e-09
2.250217000705128031e-09
8.025292369784359225e-03
-3.964206094755862511e-03
-8.883782874999761889e-04
-7.215180610674871531e-05
-9.089548806315689581e-07
-3.868748326198136868e-07
-9.245707716388544479e-07
-3.003370415347789878e-06
6.956879697579801870e-07
-1.907386288261924997e-06
5.402143857953083537e-08
1.204167291543959863e-08
1.560359041191479930e-08
-3.014779919785372957e-09
7.411479426600597385e-11
-1.112606903883257900e-09
-7.178255672088870156e-04
3.116988241283265727e-04
2.763958707966486278e-04
5.903257012420733168e-05
4.257349262461050263e-06
4.102566359530384771e-07
-3.726612279574036556e-06
1.492229941159756515e-06
-7.614340083581590310e-07
1.213757064103895818e-06
2.526930612687274043e-07
-1.088080100968058343e-08
2.785742184436328579e-09
2.518929015772989491e-09
-1.075456427128378961e-09
-1.029821578523562713e-09
8.116604979931995657e-05
6.863735193927070894e-05
-3.347861534231146155e-05
-4.319360420950202247e-05
-5.550886730351768138e-06
7.950989267899427556e-07
-1.873190299603376065e-06
2.790637491147994931e-07
1.002253297717508706e-07
4.383733691430723409e-08
-3.549813548646159428e-08
-1.172120924503296330e-08
-1.412918180833128533e-09
5.825644238410916997e-10
1.124159962924277854e-09
-2.981749856577037045e-10
-4.464870693828646434e-05
-6.794794257565795186e-05
3.352705387639792630e-06
1.718984087018701510e-05
2.249954728091623711e-06
1.069281859907735163e-06
1.113999481244237893e-06
1.416137967222413413e-08
-4.695566254861138000e-08
-5.775530314972426086e-08
-8.174124751214420419e-08
-1.150322521472969896e-08
-1.409328891848717184e-09
7.711710242554174573e-10
-8.797582664118678725e-11
1.062957970798033427e-10
-2.402734929887139197e-04
-2.653016890066981718e-04
6.428900220290199852e-05
1.699365411358604506e-06
-1.713731749073195371e-06
-5.079346639757616234e-07
-6.793060022540922442e-09
-1.294682205063282204e-07
8.410012584664846922e-09
-8.603492423867538023e-09
2.033175845890957192e-08
7.384672953735615896e-09
1.109318228584745490e-09
1.621138797347301184e-10
-2.168383761809082617e-11
7.566791799675737668e-12
1.404519568611337446e-04
1.123888305643562730e-04
-4.906159659013833763e-05
-8.016915272239913379e-06
3.428611985320746438e-07
-1.624645311624137951e-08
-8.970897381758732333e-08
2.235051270899948810e-08
-3.999287312518453491e-09
7.604223370651315757e-09
-1.505771664248263362e-08
-9.159289713106477481e-10
-5.048006585062417820e-10
-2.938121856171642686e-10
-1.725267422268259173e-10
9.264745780529533630e-12
-8.390416294235378454e-05
-5.752658347863741297e-05
4.183348004162997918e-05
8.747868012664991309e-06
9.385603137771016213e-07
8.118779777494262521e-08
5.279386220512324094e-08
2.910129764441839044e-08
3.147713671997777511e-08
-1.606728985878877229e-08
1.205735046426511521e-08
3.512791554471987686e-09
1.937407022614186705e-10
1.801601052695686529e-10
4.372528139438979982e-11
2.589207569797929148e-11
-5.493090247591839561e-05
-5.239713790826077268e-05
3.650183985848657090e-05
-3.205484708208397805e-07
-9.650329579216608770e-07
-1.708193326533232115e-07
-4.425645925839338284e-08
-2.268188659336969191e-08
-1.542240151793706218e-08
-1.116322336603860161e-08
-4.737879877912829820e-09
-4.981175953047460255e-10
1.390986739054958172e-10
-1.802449747925996273e-11
-1.880172568291883348e-11
2.221070042280800581e-12
-1.067300345191753155e-05
1.435395676681032952e-05
1.047869239525478559e-05
-4.023077870016863631e-06
4.193977771727124461e-07
1.076316454490649757e-07
3.434998325035719511e-08
1.981889796711313277e-08
3.357511204829017850e-09
2.230003259140503093e-09
6.184309897816010423e-09
5.944500181293351763e-09
3.011266949430692782e-10
3.185768773043642085e-11
2.082485047522650041e-11
-5.832947939616028296e-12
9.295070887362232026e-02
3.945351378826201377e-02
-2.636586228467854495e-02
-1.799150188381036910e-03
-7.847507879461701366e-05
2.193184637944725851e-07
6.492674144464897336e-06
2.747315542137507952e-06
3.373019989406676741e-06
3.867721547789292154e-06
3.622907277225423528e-06
1.377650100955871119e-07
-7.619946945042162838e-08
1.515357797693328434e-09
-9.936253367355042645e-09
3.680539640574518955e-09
-1.071825043755368176e-09
-1.516603068819526168e-02
-4.792857169173446279e-03
3.648716953061105928e-03
8.219370124077942080e-04
6.763731040719640970e-05
3.040509381087866100e-06
-2.223059595452780207e-06
-4.592300582909262606e-06
4.977830746007855753e-06
-1.012428171707248850e-06
1.371980850425431979e-06
-1.242107497802619380e-07
-4.327494118425980826e-08
6.186904990945003294e-09
-5.724879181403095034e-09
2.632664042609153153e-09
-3.116046318839402273e-09
1.684150934342349944e-03
8.986705834573282007e-04
-2.852263689003977200e-04
-2.826264876992655353e-04
-6.425924099325250349e-05
-5.283084509541992561e-06
-1.519176653841455140e-06
-4.427297333014068700e-06
-1.051392545066497341e-06
8.300506100445638994e-08
-1.128808358546305897e-06
-2.580846226451499266e-07
1.590183306923093969e-08
2.738413332220076254e-09
3.347418899540289067e-09
-1.284619592513340200e-09
-8.960603277075754857e-11
-3.945259201939977902e-05
-1.176238614983088023e-04
-6.588787855993915590e-05
3.183183514948833675e-05
4.186379620475857977e-05
4.915915477077206147e-06
3.740324767679332870e-06
-4.189093328222518296e-07
-2.570082823653679908e-07
-1.525863745051874639e-07
-2.836139702354129468e-08
3.742272523336791873e-08
1.959826857137673917e-08
1.338241626518173613e-09
2.924315227485599797e-09
-7.375554446722826843e-10
-1.263140568930647373e-10
-3.217153598096371414e-05
5.663548024708403935e-05
6.893203473575933659e-05
-3.473491461001027149e-06
-2.170732162276198615e-05
-4.878388289095362289e-06
1.005100188116239351e-06
5.645984383836452680e-07
1.688236317951929444e-08
1.396629405442218636e-07
5.471450185804308550e-08
7.779724904769484539e-08
1.024029911079875068e-08
-8.231750324261756744e-10
5.253721270511261313e-10
3.606263856289214464e-10
3.815319592679489257e-11
-1.599674869133196225e-04
2.057802068011979906e-04
2.626024185539239052e-04
-6.371395268601463574e-05
2.654097418410439007e-06
2.092930960465030805e-06
-6.941059620301454554e-07
-1.798880424818026663e-08
5.256433545447982684e-08
-4.740171183957923639e-08
5.625502862472991669e-09
-1.732860715717731601e-08
-7.500352633266427451e-09
-1.285759592681521382e-09
-7.721812736634185170e-10
-1.988564661737596154e-10
1.369094414583315517e-10
4.415440557145713972e-05
-1.334884643742551339e-04
-1.118915442334116088e-04
4.831333342464063610e-05
6.113814848872722915e-06
-1.560027576216609481e-07
6.076894288661072825e-08
8.834210725107249242e-08
2.387647096319718882e-08
8.610596755824524269e-09
-8.927013511333112700e-09
1.343019247090475771e-08
1.596146212575296128e-09
1.907937894009281139e-10
3.176605373913045723e-10
1.032671203053499240e-10
-1.334663466107290656e-11
-1.553339895876389840e-05
8.245318047506558815e-05
5.743111105660615799e-05
-4.149949777133096643e-05
-8.260489062313288125e-06
-9.829675684797650058e-07
-1.233486694793854618e-07
-9.783514010141363403e-08
-4.520447135294325704e-08
-3.388675602455684761e-08
1.499576107548215392e-08
-1.189534564984294170e-08
-3.305229191984011808e-09
2.908609478580025981e-11
-1.975953344942139489e-10
-2.320484383957227131e-11
-3.019048654637427932e-11
-1.224992645604599183e-05
5.375823923384137821e-05
5.244206175402146944e-05
-3.639160312454644441e-05
2.588843705723608844e-07
9.768034703950724715e-07
1.926450965998492710e-07
9.499924519325427719e-08
5.045807376234616408e-08
2.242325703713946408e-08
1.293538823372970332e-08
3.485479940871704834e-09
-1.848534033619569674e-09
-5.149787128894677728e-10
4.890211044940777320e-11
1.872078598912360161e-11
-9.154652121756676505e-12
-6.460523031449507706e-07
9.960827761463258203e-06
-1.678026681227162608e-05
-1.177037765192229810e-05
4.237644555476383863e-06
-3.353832129262529553e-07
-1.741182601151763518e-07
-6.558624241924315949e-08
-3.223395333004154150e-08
-8.744304515053570324e-09
1.851130729518657751e-09
-5.585537690407168464e-09
-2.396495736260135084e-09
-3.426372688764335492e-10
-1.337060225090079040e-10
-4.477732693568091801e-11
5.698568819880964254e-12
-1.476708771433332679e-01
-4.019406548414566904e-03
-8.751138552950092500e-05
-5.548002464336202107e-07
2.114590413526318375e-07
3.642859058307228083e-07
-2.704696929430240535e-06
-2.073529362432409183e-06
-2.444785748056812880e-06
-1.425128661939776719e-06
-1.684744044828983405e-07
-2.569596489374633689e-08
3.332582050846312386e-09
-5.817270669672661470e-09
1.202029428185214156e-10
7.485858380958591547e-10
5.566274612880418166e-02
4.190817568079195123e-03
1.822045654715495416e-04
7.199384705951976886e-06
-1.552958702037766559e-06
-2.827845890604674772e-07
-5.083215965885351963e-06
8.441203354169591090e-06
-4.504069795783015483e-06
-1.476215589076684917e-06
-8.068383742373466473e-08
-1.476646255291471387e-08
5.949148886404731943e-09
-3.313177583898376808e-09
2.512005263600239791e-09
-1.314234920110750506e-09
-1.708425926829999081e-02
-3.168308854572695048e-03
-2.660195753199014082e-04
-1.024754936313262181e-05
-7.418872914511895707e-07
6.089630075024359016e-06
3.511417651396577155e-06
1.968371275481420237e-06
1.941942079600606348e-06
-9.039086004310984799e-08
1.441462141147779650e-08
5.772636590611987034e-09
-1.880075817244427677e-09
6.842133495867560867e-09
-8.815118652343307797e-10
-2.914427164832442078e-11
1.678569865600837300e-03
1.082885911281187240e-03
1.917932797593180588e-04
1.451196345535243710e-05
-1.327566316666995246e-06
3.276949901996729063e-06
-4.193199094120597411e-06
-2.256640875699469922e-06
1.653525998265192886e-06
5.049991812943751067e-07
-2.547194441403187190e-08
-2.751327585175141583e-09
-9.834951884754149369e-09
5.640867228782742567e-09
-4.003444574194030978e-09
1.660382954956599322e-09
1.391483538017886643e-04
-1.820291433586441847e-04
-1.187344088769782738e-04
-1.155119614956968381e-05
-1.810916924872124688e-06
1.127120414191211881e-06
1.300787848536013532e-06
8.462835546575156844e-07
-1.787433690726857928e-07
-3.207027732511948801e-07
5.725618756310441302e-09
3.180839587502353765e-09
-7.973718903320022520e-11
-6.470660315280506587e-10
2.213127279587135099e-10
-1.774476427311050975e-10
7.028449066090220083e-05
4.971956124435533497e-05
5.868397994963971831e-05
9.390623711910811634e-06
-3.947139898519214646e-06
-2.826727301674867794e-06
-5.558643433179010808e-07
-1.211380638236915774e-07
-2.076527464587003347e-07
-6.450947357262490189e-09
-2.532124233624071331e-08
-1.163004412531821148e-10
1.648139536300247226e-09
-1.121226606308329797e-09
7.920873916597525370e-10
-3.322223945301336341e-10
4.729468916923978386e-04
2.102163969993063348e-04
5.172313930768362155e-07
-3.334246816507937898e-06
3.751676478296901589e-06
1.665095853184925549e-06
5.518067188747289876e-07
1.096085818168750285e-07
6.518270371186348582e-08
3.195456206169338327e-08
3.161908390181407198e-08
2.234845005425598871e-09
9.705617862868221282e-10
5.177954925406527642e-10
-1.746982140182813553e-10
1.118274074381022648e-10
-1.053537074263701613e-04
-1.667586435745173866e-04
-2.421992829324098173e-05
-1.613243165633601031e-06
-1.822192643257969594e-06
-9.180615303664646170e-07
-4.004445231517482821e-07
-1.532220593085799222e-07
-3.258931360747733114e-08
7.005888957859757441e-11
-1.695275333314765379e-08
-1.285948127957141027e-09
-1.251052862317175941e-09
-2.890115365277272983e-10
-5.313295658067992600e-11
-4.748837718263350061e-11
3.018961642647294407e-05
1.367550620641924772e-04
3.015327957672244395e-05
4.216278363309036739e-06
1.165619535751467023e-06
5.789406150258284984e-07
2.737964408267687759e-07
8.805176202726442570e-08
2.522470411802613087e-08
1.371898616952745126e-08
1.298372288843496618e-08
5.173915275708189027e-10
8.463257624041429048e-10
1.985255061804252706e-10
5.129521562735063395e-11
2.787914540878845976e-12
5.609403398031221157e-05
1.329400904238467798e-04
2.507694910151558561e-08
-3.697152444679990652e-06
-8.962281953484985665e-07
-3.820733689577967137e-07
-1.634595332504914216e-07
-5.996201219398312638e-08
1.054270167998568940e-09
-1.498916374391836747e-08
-9.485693453391485604e-09
6.899432965857619315e-12
-1.771672612992638994e-10
-5.898412124333243839e-11
-4.718766308777437300e-11
9.584139263129757856e-12
-8.376238435000543936e-07
-4.554805049057378345e-05
-1.539120887295544990e-05
1.117061186744149241e-06
5.528304458879493311e-07
1.585664849540579960e-07
7.823870435049878086e-08
3.403175568939823105e-08
6.789236507956037101e-09
1.895420486992836548e-09
1.063726744910753460e-08
6.596199440977374503e-10
1.088114855075724426e-10
5.250664939718522018e-12
1.599886385483732774e-11
4.639823537399541920e-12
-2.021301709033769822e-01
-9.926017206465972964e-02
-6.455278226577110430e-03
-2.746808814151254223e-04
-1.125300264441647545e-05
-1.185871180528537557e-06
1.566494875817498704e-06
-3.431455113845430577e-06
3.654987621694345346e-07
3.743390904463889090e-06
1.550248699354106988e-07
-1.354074923377084634e-07
-3.040582606028482896e-08
9.401822266294065922e-09
-6.425380561617524399e-09
6.288904802799508304e-11
2.933709379738604230e-09
5.002817425213786605e-03
1.565595690032724197e-02
2.950752640722154648e-03
2.501201541483968438e-04
1.066784844489835100e-05
1.975379422487111990e-06
6.405395998662899630e-06
1.246187071345789164e-06
3.342110277347857221e-07
-2.956793666555910165e-06
-2.669128526282742032e-08
-9.018213420340449630e-08
-1.890396406241099576e-08
2.084372570868853953e-09
2.100973170896241810e-09
-1.945913104428302010e-09
-1.011203038000210767e-10
4.701655585834130127e-04
-1.548624130847862674e-03
-1.082317570836476570e-03
-1.902426293317874468e-04
-1.287492823050184022e-05
-2.486813829994821705e-06
4.313056563829749587e-06
-3.153502929910805527e-06
2.055134847588327817e-06
-1.951451600463118706e-06
-4.278217274305081946e-07
2.088862362933842056e-08
1.634176821014211170e-08
-3.076819154667380946e-09
2.787700785487284532e-09
5.606902487577376037e-10
-3.531880486868015564e-10
-1.072680470538027117e-04
-1.543351420958309704e-04
1.843332125624006358e-04
1.209823289512336448e-04
1.278245598737426206e-05
-2.752295921503452371e-07
-7.966765994182783776e-07
4.539621803616537300e-07
-9.760877129718372824e-07
2.217688404185438417e-07
2.705005792703080421e-07
-1.530470163759963825e-08
4.691684786895455205e-10
-5.346872252997144046e-10
1.210737735822621965e-11
4.438704885423114083e-10
2.810771690972861475e-10
1.069142582071318638e-05
-6.368423178984661628e-05
-4.709079944010880256e-05
-5.682020873229729684e-05
-7.177909220212537838e-06
-1.193606693422655597e-06
-2.083487547735557402e-07
4.140186727917610806e-07
2.759397984540962057e-08
2.593889454539446829e-07
3.381836511595941203e-08
3.823854922818541610e-08
-7.118585024851451379e-10
1.122868054020205227e-10
1.149790768308761677e-10
-9.086440044486029620e-11
-2.694967034545148763e-10
-4.704371982142212363e-05
-4.778952246069627396e-04
-2.125079190615763991e-04
-2.788982520108964025e-06
3.208858156211514857e-06
6.524596306307392610e-07
-4.123756534582060179e-07
-3.209730423785586300e-07
-5.988858143418726556e-08
-1.019498062417928016e-07
-5.023693134782720059e-08
-3.782771399518211081e-08
-2.055451208342264481e-09
-4.292548143223508801e-10
-1.137121830928664954e-10
-1.963682551083673006e-10
4.386528795574052522e-11
1.449874712543567133e-06
1.046617624554036700e-04
1.678286426642400686e-04
2.507400195743906057e-05
6.609640171900038075e-07
3.635071786665363516e-07
5.965430433860787761e-07
2.519337685844225217e-07
1.405338247868779675e-07
5.128259658802643869e-08
9.557324305247903428e-09
1.858319297793359101e-08
1.942314533318903599e-09
6.674156089649886492e-10
2.090691755289077916e-10
5.956566826861094297e-11
7.174173028260733498e-11
2.389906434189333912e-06
-2.976491682469764458e-05
-1.372709830063807679e-04
-3.016143544200262686e-05
-3.606014526192725660e-06
-7.069149860632303772e-07
-5.118470155918890398e-07
-2.227701424908451783e-07
-9.877041231955113616e-08
-3.762379839312125391e-08
-1.980023700761721979e-08
-1.360723466195116856e-08
-7.849768001185312861e-10
-6.207956593746029310e-10
-1.748630163401913526e-10
-2.629114841136945635e-11
-8.377191086368422166e-12
-4.482023564612676679e-06
-5.610209671060018000e-05
-1.325717527160787047e-04
-1.425903663505691616e-07
3.276686375625124424e-06
7.833804916686482836e-07
3.719689836142030503e-07
1.800110902419796761e-07
7.831431977971896245e-08
1.171284646802266438e-08
2.445684597511560711e-08
7.032289729203659739e-09
-9.666314216394491423e-10
3.033497493335271024e-10
6.882972342083815144e-11
4.122735086468053343e-11
-1.655977232467186048e-11
-3.359043388188378641e-07
1.068365141215268851e-06
4.544577843616516002e-05
1.647948142244868531e-05
-9.627411149013279392e-07
-7.148775294148500985e-07
-2.424753616517172528e-07
-1.181113357792540083e-07
-6.169814534042824331e-08
-2.708399423824244999e-08
-9.874287606415472509e-09
-1.099650195855926465e-08
-5.126712650770675892e-10
-3.996655761088921820e-10
-8.548211620517321209e-11
-5.846112615640458152e-12
-1.640557118762575671e-11
