1.364964943038820822e-01
1.026764453605379712e+00
4.365210115364066834e-02
1.408879965504090124e-03
4.524356424323782648e-05
4.518045349860188908e-06
2.820419408739324472e-06
2.591648114983684492e-06
-2.910687138768019246e-06
1.642226728976146918e-06
2.909288736653618527e-06
7.416897416484383234e-07
1.150855640738136760e-07
8.745494380704737026e-09
-5.189409248464143555e-11
-1.020735742239338784e-09
-5.241291271070199529e-10
-3.412335192097334935e-02
9.024735865595481799e-02
-9.578385176520497896e-03
-8.377757618653569561e-04
-4.661814127616059693e-05
-2.816559222227078892e-06
-2.950144691391798844e-06
-5.249142746456206982e-06
-1.560263868093788066e-06
1.330471544209033879e-06
3.095754202030152004e-06
5.000199821702666862e-07
4.170695574749375769e-08
-7.239699652029546387e-10
-9.005643818809263161e-10
1.891027335466666249e-10
-4.953634909293634429e-10
6.478352401247023176e-03
-7.881037318128991925e-04
1.764768057174554913e-03
3.930067120453476491e-04
3.867438119311979682e-05
1.739194190890372133e-06
1.602969839750806257e-07
2.384407500646195174e-06
-3.562072943400192635e-07
-3.762069739503796321e-07
6.595218586590269790e-07
-1.016478541058688096e-08
-8.355901732700743166e-09
-6.073878795377171020e-09
-7.704168652472985755e-10
-3.815638161188031994e-10
1.398668580872614668e-10
-3.869198604303276815e-04
-3.319734797476886251e-04
-1.303656329816829001e-04
-7.381934281124876785e-05
-1.709980032628510268e-05
-2.436193753436306421e-07
-2.366963343944013155e-07
2.293100277290061309e-07
4.521766884422587513e-08
-3.003199296555188631e-08
-1.144527434516051251e-07
-2.498784577728357787e-09
6.407227668631117180e-09
1.831151180792316463e-10
-4.789264231351743569e-11
5.025521902348616723e-11
1.015990118671708736e-10
1.160493817925643871e-04
-6.137773819650567809e-05
9.287310235503718262e-05
1.302630559177033556e-05
6.307140221230750658e-06
4.475653580143767691e-07
-3.272341299428217281e-07
2.126861315313970464e-08
-7.270559789160543222e-08
1.290864123797133866e-08
-5.084225905122650067e-08
-1.356458383457152141e-08
-7.155563885390290580e-10
-1.900502219268492821e-10
-4.507693664457250779e-11
1.660120436638825262e-11
5.357892800250307987e-11
7.524160473150158586e-06
-2.910358786966511340e-05
7.888095559889855124e-06
-4.676209868476884651e-06
-1.331166847810605421e-06
8.564681418649313609e-08
9.953836214260261954e-08
3.759593526748335361e-08
3.404902634172327081e-08
1.802226540972227336e-08
2.879415473855422426e-08
1.525001907911438308e-08
2.557983734241816262e-09
5.033268181640686575e-10
-1.731440290822020576e-11
-5.196781708824439281e-12
9.210687112020968877e-12
1.842909940925771417e-05
-1.060682813139042576e-05
2.806256138119814645e-05
-6.762970772795608462e-06
-7.156817408345020732e-07
-1.752282444797813229e-07
-9.501881287700553069e-08
-6.827622178678818187e-08
-2.874599916354136718e-08
-1.307467331181520438e-08
-6.766617273843138600e-09
-1.554768468015984147e-09
-8.899909232340758191e-10
-2.367979533392280617e-10
-2.264002873255242565e-11
2.351793383717403584e-12
-7.763580455541883701e-12
-3.324435959660240571e-06
8.905609353782798480e-06
-5.347559875148400681e-06
4.018832213495472163e-06
8.194303819179070843e-07
1.608325419578584445e-07
7.165993543282125983e-08
3.490514555353824501e-08
1.766328005290367676e-08
6.634175149928850517e-09
2.414925497820467042e-09
1.552233303737721004e-09
3.276065895653528575e-10
1.150681289703278381e-10
1.905916124594904012e-11
4.918032937190766805e-12
-1.380173702872011355e-12
1.178137764043124540e-06
-4.832946341668277017e-06
1.775584575166112526e-06
-2.991304514899258161e-06
-5.871250286536428388e-07
-1.227800588752320408e-07
-3.827928504567311142e-08
-1.707524524113723483e-08
-7.664008355172428383e-09
-2.976582602026454025e-09
-1.498823644233387624e-09
-8.119553720492560179e-10
-2.683352409101206873e-10
-5.323822436416131209e-11
-7.929277829285261944e-12
-1.060446865503695355e-12
8.247199046351001875e-13
3.545509726148628449e-07
-1.196247169914916268e-06
1.470406728204993605e-06
-8.133512707272685916e-07
7.725051519146721409e-08
5.895228586927131316e-08
1.933271510026156971e-08
7.114542137890479480e-09
3.236851051627473273e-09
1.349295221763062156e-09
8.859194754740934141e-10
2.145760890137963207e-10
7.462256810257908097e-13
8.492049982811143603e-12
7.738226323508711026e-13
-2.060220056189873968e-13
-2.378614402265870058e-13
1.457346357914425360e-08
-1.594463721795779033e-07
3.298981481799162182e-07
-2.887167973175838154e-07
6.226618617918665312e-08
-1.616579809163952752e-08
-7.041192302878015368e-09
-2.460406293251365335e-09
-9.974201175830706584e-10
-3.544837391753296874e-10
-1.542813365970663897e-10
-8.098815504468859824e-11
-7.650437269511274697e-11
-6.283024091326184868e-12
-1.265733489093176611e-12
-3.197707928692376459e-14
1.795685316768715145e-14
1.700731537773456786e-02
-1.721822766594432660e-02
-1.292138024745556699e-03
-6.789815730032134776e-05
-3.319977006974045748e-06
1.703732520520730451e-07
1.108054177556266373e-06
3.309196967565998131e-06
1.805371959846646209e-06
1.250745040249902096e-06
5.414730781102413935e-09
-3.268551605153961580e-08
-1.171039203047745927e-08
3.315358410719349519e-09
5.519241562874946228e-10
-2.157225981332056436e-10
3.227029952034819759e-04
1.624674913548427658e-03
3.676616044271755488e-04
3.658395932963005620e-05
-3.213071789981120634e-07
-3.993317512320940970e-08
-1.063404457331572981e-06
-1.438739336380174067e-07
-2.776584040888657141e-07
4.815515326174210751e-07
-2.831138351273955687e-08
-7.440890256319062669e-09
-1.490224241501083744e-09
-4.689812260852111730e-10
-1.908742899576026934e-10
-7.007953155611357685e-11
-2.653706949669104240e-04
-1.213057722558690259e-04
-7.433112943522034448e-05
-1.760271579916749935e-05
3.600883068284571836e-07
1.859417005634247575e-06
8.196903198356182210e-07
6.266382613688321819e-07
-1.522652008297350040e-07
-1.270809921895024947e-07
-1.312906724499660490e-08
3.561811185253280980e-09
2.261564458727097054e-09
-2.014862232798046127e-10
-5.615855458220771568e-11
-1.819810229237080760e-10
-1.611348750588349757e-05
9.800873353307483135e-05
1.268866704250330257e-05
6.045024644294203097e-06
-3.440395534374996860e-07
-8.699788615633011659e-07
-4.269954812830834575e-07
-1.101765707493862179e-07
1.544114746174501653e-09
-3.740621638215738372e-08
-8.391342602420524548e-09
1.653142779360448474e-09
-4.104783742217959369e-10
-5.467947834755306064e-11
-1.025134945531681206e-11
-7.876707986798679277e-11
-2.518012228806890875e-05
8.806618267636604527e-06
-4.936393851454148262e-06
-9.867724507391749824e-07
4.051925882482611300e-07
5.506077200148549656e-07
2.742623952160836383e-07
5.812699040603530684e-08
1.742274345571526053e-08
2.176112086602609671e-08
1.203984251853412317e-08
1.983857616252952432e-09
2.886851947436064888e-10
6.249881080167992869e-11
-2.289949552850814261e-11
2.005140057688690509e-11
-1.435340008825148914e-05
2.770503606088059304e-05
-6.721324616325148696e-06
-8.836192954378986737e-07
-3.539406760933134065e-07
-2.333789396240055776e-07
-1.089136066706705152e-07
-3.968768405244788597e-08
-1.328817083923581131e-08
-4.816140255943655786e-09
-4.137508606281159258e-10
-6.764370687370016726e-10
-2.108579273225424408e-10
-5.561120779232829566e-11
5.436279223028094611e-12
-7.015374974827295622e-12
9.467921382501763125e-06
-5.306464576848864412e-06
4.052056375844074646e-06
8.876670321397186543e-07
2.318970402367286239e-07
1.031324572849669405e-07
4.830883760101497097e-08
1.988745175418029842e-08
5.433183930957883401e-09
1.403746798270800488e-09
1.118455533766201538e-09
2.084159234473561239e-10
1.085248263280571017e-10
2.171910648899684181e-11
9.252579110741178984e-12
-3.222357209540009727e-12
-5.018667189838155407e-06
1.755182398758824883e-06
-3.010384206644545167e-06
-6.140251684915872125e-07
-1.422483624703703465e-07
-5.000192084464051690e-08
-2.074844025867062343e-08
-8.153146702042619020e-09
-2.495081452797332593e-09
-1.104326955545287626e-09
-6.459139016407084004e-10
-2.195707511862142514e-10
-5.122304732803303785e-11
-1.080841795754635149e-11
-3.606986141560744287e-12
8.654278638111776578e-13
-1.242908715143689135e-06
1.470720404970307859e-06
-8.074388500313842581e-07
8.604593179245049109e-08
6.530820396187993442e-08
2.259929701655513466e-08
8.655907654044422905e-09
3.699119664492670690e-09
1.245639866968657981e-09
7.536764871852697131e-10
1.430462141186373309e-10
-2.399621311966283539e-11
6.236973719340452422e-12
2.060143271347710442e-12
3.045947434030866203e-13
-6.343603152919669228e-14
-1.793047437399021762e-07
3.333872655334174910e-07
-3.002934832324584311e-07
5.782090358472341118e-08
-1.827697970035200568e-08
-9.577407716741574364e-09
-3.675510665969037355e-09
-1.353737715576182557e-09
-5.047647666503048878e-10
-1.918191264903160540e-10
-6.581839153694092071e-11
-4.005588925176620393e-11
-7.731433249036548412e-12
-1.480943364865309503e-12
-5.327251851846281064e-13
5.551479472584352094e-13
-1.017908258863053028e+00
-4.338769250789036025e-02
-1.400177541682617226e-03
-4.032461187500833153e-05
1.964590427653882653e-06
6.456194662611540451e-06
5.863454519173374660e-06
3.466642040094693638e-06
-1.546419173860415979e-06
-2.904397818003696465e-06
-7.534516538090501116e-07
-1.184884831610751208e-07
-1.254923043325690015e-08
-6.607403980916691584e-10
-7.001196457158204179e-10
1.000036272324685359e-09
-9.551516067030739465e-02
9.292307495422195973e-03
8.265541673447799210e-04
4.526784330491231636e-05
1.310640380635360410e-06
-7.914492407171235627e-07
-3.550447744238466351e-06
2.902042930522471520e-06
-5.359196812070185099e-07
-2.930605294457273579e-06
-4.818585633313317903e-07
-3.322682903257442423e-08
2.181102875705305870e-10
2.644754429618523821e-09
-3.523468831800637976e-10
4.811863758991423815e-10
3.244103200278832932e-03
-1.547854052656382276e-03
-3.837107255753992936e-04
-4.137813206757694955e-05
-2.394550153510181322e-06
-3.777423731495633852e-07
6.818448336119400959e-07
-8.838547142873732556e-07
4.588017334712578367e-07
-6.977361632074512901e-07
-1.059684421000763521e-08
-1.116144190477855918e-09
4.717938045033032447e-09
2.370586087950748680e-10
-1.173928528970907252e-10
-4.376594591589975508e-10
-1.462722138308644715e-04
3.941076910957223020e-05
6.825665660436096185e-05
1.773733497260867513e-05
7.020393950502620691e-07
1.700329794636651748e-07
2.032236963230971802e-08
2.649352723128817321e-07
2.742600615743643777e-08
1.559885736684331330e-07
2.095005904168756487e-08
-5.466135676015119949e-09
-2.097423954275499199e-10
-2.894379986717254376e-10
-2.777569786451996946e-11
-2.137113559761452861e-10
1.659630966320082592e-04
-6.265717536671609625e-05
-1.092142989205472824e-05
-7.201365537992998767e-06
-5.553359477624544412e-07
2.609911571867966238e-07
-2.066014828342456479e-07
5.510031851036086169e-08
-9.110227044553216437e-09
2.946900559480437849e-08
7.929617549918713176e-09
-1.661027566910052173e-10
9.361108038782916540e-11
4.305257462327425409e-11
2.651706416383637539e-11
-1.000223593574626045e-11
-2.130547162468691234e-05
-1.678866603315194226e-05
4.262068866102225611e-06
1.852385928033726130e-06
1.379825968668756626e-07
3.914590627017324372e-08
3.408042077804493900e-08
1.436131166039396075e-08
-6.572121704289328493e-09
-1.429067941502500701e-08
-1.235739860404304782e-08
-1.803809161071906319e-09
-4.743775484049724551e-10
-2.995993283997796773e-11
1.051184299446823802e-12
1.303677664005037412e-11
-2.346118242004111679e-05
-2.969559258973780808e-05
6.504692367204419230e-06
4.428087779081853279e-07
-1.238637492303244175e-08
-2.566870415834561272e-09
1.885519082019880132e-08
-6.835064202479850528e-09
3.914506402341870685e-10
6.548586917591657398e-10
2.439850469920982467e-10
5.632190578895164909e-10
2.274783688810205197e-10
3.092859922802907569e-11
-5.501358968968910347e-12
-5.393403583707702504e-12
1.019350677018770896e-05
8.588890287833843022e-06
-3.584772853231597506e-06
-6.492489165888959033e-07
-5.636594737963620602e-08
-1.476559055968219607e-08
-8.240180660268019771e-09
-2.375715931271822873e-09
-2.769391866361706402e-09
1.897971902958520026e-10
-1.014614807505503684e-09
-1.608093716278027528e-10
-1.015381152454942519e-10
-1.501637842931410493e-11
-6.111644669870089858e-12
2.879844240142333145e-12
-5.289631772978161047e-06
-4.545559718158275660e-06
2.590261154510434242e-06
4.858196014335212302e-07
7.210020087935667874e-08
1.153133565301182196e-08
4.965981630952477663e-09
2.276274296648759396e-09
1.372205226502372876e-09
3.145331976083749543e-10
5.664726319493547592e-10
1.933826795449017751e-10
4.746451109137940144e-11
5.842002238781720829e-12
2.380438984212565459e-12
-1.258846838045944278e-12
-1.480838340486461005e-06
-1.465502270828612061e-06
9.917829395224073830e-07
-2.343502786765665409e-08
-3.649065800184979008e-08
-8.454425261208737225e-09
-2.640963110127687266e-09
-1.394321310097319084e-09
-4.634424349777905572e-10
-2.856484889141580820e-10
-1.412504085132074669e-10
2.182194440943705150e-11
-5.823763346614114818e-12
-7.161359671330905194e-13
-6.750848003479853834e-14
6.204780907948386036e-13
-1.941341826880053784e-07
3.363080656732489913e-07
2.662433888719558215e-07
-8.167945418771026221e-08
8.420034326282444342e-09
3.620266181244118821e-09
1.164192189615164481e-09
5.737810217852095680e-10
2.130831347156529513e-10
3.187693584376362455e-11
5.791299107462534434e-11
7.125798206440223353e-11
4.133429613132720333e-12
7.552010860001170513e-13
-1.347183395277744088e-13
-1.209252769334170160e-13
5.958361363484646761e-02
2.507952890936394202e-02
-1.680703048445862657e-02
-1.278084019828647916e-03
-6.962239753807013558e-05
-3.993635403569497486e-06
1.656168911306957653e-06
6.432919703683200327e-07
8.802559210480714977e-07
1.539463811280927744e-06
1.377823441569124588e-06
1.889296773154754406e-08
-1.551398376342537272e-08
-1.203137087911829307e-08
1.907740751437053539e-09
3.990320596590324203e-11
-3.362415169064051700e-10
-5.982559445277954406e-03
-1.966710796243064090e-03
1.418458210309551937e-03
3.561690748204714716e-04
3.733840442117805191e-05
1.876285212060311152e-06
8.694833365226911201e-07
2.808634903133216652e-07
9.577645162829407598e-07
-3.950561277067589159e-07
4.592786638169458484e-07
-3.092993162326598771e-08
-4.705900105149082354e-09
2.363810099219088934e-10
1.182243375313013864e-10
-5.523334257611573828e-10
-3.986293093586105895e-10
3.586036769383126781e-04
2.188447286241238389e-04
-2.936039316322390809e-05
-6.974022696975033320e-05
-1.984488354288493783e-05
-2.133926074903436815e-06
-6.779704696167706761e-07
-5.612213354834396251e-07
3.064275332375989582e-07
-7.061098802029351208e-08
-1.339666516202007027e-07
-1.234828063578817028e-08
2.313910390471370325e-09
2.014450185290986944e-09
-1.112039625097819254e-10
-1.956924725442539696e-11
1.132154616827849773e-11
-1.325530825473728437e-04
-1.222081684556615628e-04
6.585461538624487487e-05
1.056231999568902433e-05
7.715720509895598693e-06
1.354139922020247114e-06
4.199792581331315443e-07
1.046790646832412079e-08
-7.413443649621717979e-08
-3.804362888763892615e-08
-3.646157519256580633e-08
-8.315350995068641743e-09
2.052544376147501110e-09
2.492071732585303579e-11
6.285407193099641854e-11
-5.415096133904521669e-11
-2.496713526835132931e-11
-8.070480165295788145e-06
2.550606256061995969e-05
1.778372992884393939e-05
-4.383884817678752013e-06
-2.215873829685869757e-06
-4.664156439677295185e-07
9.098025114524174070e-08
1.176248259278044837e-07
1.354326314785513349e-08
2.105336784135940594e-08
1.605393555384785015e-08
1.077590004597874293e-08
1.483474502321998378e-09
7.048530712360193374e-11
2.832011529332466943e-11
2.172127908164352652e-11
9.233369582837172819e-13
-1.818027487823220133e-05
1.931878987614303223e-05
2.936494993867818322e-05
-6.381291509450669606e-06
-2.362998118068526103e-07
6.113434630417865795e-08
-5.145898268671726329e-08
-3.666333531974360163e-08
-8.788872924183641981e-09
-7.209709205639707147e-09
-1.679193212682112972e-09
1.559232703635843983e-10
-3.899067469482245072e-10
-1.193651433640647975e-10
-3.225724837651439238e-11
-6.264737841993807902e-12
1.108001917737614760e-12
3.412804691905323144e-06
-9.515223971509795037e-06
-8.550273989770388843e-06
3.533533645362754245e-06
5.875240106366469540e-07
5.257111835585430318e-08
2.277284933976726524e-08
1.636881369722662325e-08
7.357883408045625662e-09
4.176582537388628245e-09
-1.525107140905870922e-10
8.578020329689938109e-10
4.246308108454740613e-11
5.217208752020747212e-11
1.106073337665172074e-11
4.171953487051364179e-12
6.415171516811273110e-13
-1.193542253178462165e-06
5.082333306207585683e-06
4.534837696790503372e-06
-2.575533538393967363e-06
-4.732243646478275267e-07
-7.108384762484915495e-08
-1.714791899041976595e-08
-7.815596859438537769e-09
-3.897962342935814676e-09
-1.796133586110421550e-09
-2.970100662316975448e-10
-4.925275642409430497e-10
-1.375807127909281577e-10
-2.897258869288070153e-11
-5.286100987425571948e-12
-2.113161851331825523e-12
-3.283721826156792205e-13
-3.341196991488129919e-07
1.435499521767018528e-06
1.461175772438599881e-06
-9.946661011897245178e-07
2.223161341101851494e-08
3.803273843864503432e-08
9.960790681608636769e-09
4.017439918469583301e-09
2.204361707737046009e-09
6.284160069840627775e-10
2.918110134667237181e-10
9.969007470286708699e-11
-5.216086846382450113e-11
-2.335020018307805008e-12
3.868927801193135177e-14
1.884381381189767058e-13
-1.238149240441084081e-13
-8.585044093889115155e-09
1.795579280818964417e-07
-3.687015144280904505e-07
-2.826288187316343273e-07
8.338651788923755406e-08
-7.140133531989242443e-09
-4.581827092085077220e-09
-1.865346788394754635e-09
-7.492167743088059461e-10
-3.030627200692482050e-10
-1.833373652077692370e-11
-4.350376927427356469e-11
-2.605821706444844285e-11
-2.594349700102369231e-12
-5.206654390018898192e-13
-8.387036663197378554e-14
5.768374630545458591e-14
-1.556054417733688244e-01
-4.981569300445053312e-03
-1.495337216269188984e-04
-3.849944891990819837e-06
-1.056750587537982675e-07
1.403878141844523428e-06
2.598163264264241987e-07
-1.528280644555832527e-07
-1.550433291361227756e-06
-9.520299562567358797e-07
-2.048143405680798111e-07
-6.660093973124229335e-09
-5.782088119729654770e-09
6.163514974426505840e-10
2.511148732783221211e-10
1.354005855256555085e-10
3.583429412655465829e-02
2.960295602680901653e-03
1.603024359327814342e-04
7.606992153601136728e-06
-1.425961425534774595e-06
-6.496681865750222964e-07
-2.870282776652423801e-06
1.874593609540677034e-06
-9.943575843830238938e-07
-8.283325268095630793e-07
-5.871608551928586184e-08
-8.154655691073591590e-09
6.292758247900081404e-10
-1.666799236588946466e-10
1.007276526369190025e-10
-1.441752885879224272e-10
-6.770084149994977374e-03
-1.368194555865326519e-03
-1.341144664499284976e-04
-5.124677897138570364e-06
2.372725068548530643e-07
2.037563920829094240e-06
2.415208650873577701e-06
2.202832756911325426e-06
2.314234379349391026e-07
-6.406364550361861238e-08
1.051102818489280311e-08
-9.646599572324794948e-09
2.315182196176492594e-09
4.058827941311283887e-10
-1.901081419712429401e-10
7.464569191934229370e-11
3.155284233224063496e-04
2.747907645372623460e-04
5.880463237265455437e-05
3.459222167575020493e-06
-1.479620344914668410e-06
-1.123845162447546237e-06
-1.525828562715026168e-06
-3.765298113945931043e-07
3.470923307942937657e-07
4.329554696218598480e-08
6.266473383632963534e-09
-1.114474092425257780e-09
-9.336044289460830271e-10
-3.539044765448751522e-10
-2.203939068949227954e-10
9.609260260313144509e-11
-2.586821923336242207e-04
-5.150424424596361018e-05
-2.055163635585618995e-05
-1.551459514328762267e-06
9.286658471940561878e-07
7.785307721848228721e-07
5.798301430980003494e-07
6.124358357792165804e-08
-1.133690793383291174e-09
6.391954083597941204e-09
-4.265974698191458050e-10
2.335048392100663402e-09
1.137402179202716500e-11
1.887147443157351617e-10
-7.446235793777885216e-11
2.730681723166309591e-11
5.807654968587912795e-05
2.262304851960509196e-05
6.075135727257235622e-06
3.848211649842799337e-07
-7.817485596530820258e-07
-5.377800677252797633e-07
-1.808998364503451033e-07
-5.399436215506118970e-08
-3.578407679666119068e-08
-1.569345452837139629e-08
-2.698645803397468060e-09
-8.159982651584579233e-10
-1.061751592407814898e-10
-1.173720372873361888e-10
7.455206866659259104e-12
-3.792608601132792276e-11
4.710052457019835468e-05
2.036765441471160578e-05
1.237531466680726725e-06
2.676499140366189253e-07
4.182983714348933441e-07
2.612067939971845798e-07
9.342569266357541796e-08
3.030072048234613904e-08
1.455953685419578906e-08
4.161907860140502969e-09
1.326069909929550024e-09
4.411642963635110374e-10
1.362787622504035103e-10
7.011956383034628352e-11
-5.443200703877576002e-12
1.456782178505983602e-11
-7.321994797919301823e-06
-1.223455661307110988e-05
-2.121107128760238676e-06
-3.698630495663258054e-07
-1.886929854048224626e-07
-1.061325795414803001e-07
-4.556419719106995024e-08
-1.608963344235072365e-08
-4.809025041199837182e-09
-1.109130397495874062e-09
-6.928050644551537575e-10
-2.163045577670775457e-10
-8.774017979732277112e-11
-2.134234182964169933e-11
-6.330650610517103719e-12
2.092988656606618022e-12
2.971676795161805381e-06
8.748249334176940069e-06
1.713434413192875310e-06
2.929692082150583777e-07
9.241227839603314949e-08
4.263222158828796825e-08
1.969632945977582209e-08
6.837183145217613858e-09
1.819752610674126859e-09
1.200818620305600688e-09
4.135850954945475415e-10
1.198626333240597162e-10
4.108648942338692896e-11
1.215233312812116244e-11
2.124970684479734549e-12
-1.178898656191574701e-13
1.655390217426711742e-06
3.678962028537270624e-06
-8.146150112074657973e-08
-1.383315566169224197e-07
-4.360967019310615319e-08
-1.707637662977136956e-08
-7.890450022375749438e-09
-2.769461004102980837e-09
-9.124082044628543691e-10
-4.689514431679407796e-10
-1.468466651774276786e-10
-2.957753233086480022e-11
-1.073111211636795785e-11
-4.133585645781323010e-12
-8.185361324485252864e-13
1.207977421121388272e-13
-4.805681381546864306e-08
-9.956182493027893626e-07
-3.110557865079525236e-07
2.489624059876055984e-08
1.530920020754215599e-08
5.337488954864418831e-09
2.399416117270087315e-09
9.399357795923260842e-10
4.985455065346028785e-10
1.749944954699334794e-10
1.268350613886888195e-10
2.177062361428609181e-11
3.098592760044679148e-12
6.863951593052208894e-15
6.683238084299118205e-14
-1.062800702000759540e-13
-1.262613894767672662e-01
-6.365521177226744765e-02
-4.531198683239823395e-03
-2.317844964421455188e-04
-7.956733838867383461e-06
1.717766041014976648e-06
1.640175650274749069e-06
9.170025331862821815e-07
-2.169546431418640230e-06
4.451419207497253830e-07
1.997783309306972071e-07
-6.237295170425459179e-08
-6.792788109758001827e-09
9.426182364382465317e-10
1.071680413979653123e-09
-2.197347749663222497e-11
3.696111308762338156e-10
1.909018905616263577e-03
6.198239099858354577e-03
1.274650531821001301e-03
1.292463953837058263e-04
6.024577056142523967e-06
-1.361069221546229238e-07
1.364197377783688132e-06
1.014441189453749616e-06
-5.956796390731060489e-07
-4.746871232945647769e-07
-8.413169874528922062e-08
-3.360275629233791195e-08
-8.332981648082998190e-09
1.944318888494743023e-09
1.468352505935757263e-10
-3.694018602949137632e-12
-5.966832494927293730e-11
1.456065312897087891e-04
-2.893307525527967407e-04
-2.745350339311431733e-04
-5.655965989478927580e-05
-2.896014286383803161e-06
1.578180256077345745e-07
5.335300070304677082e-08
-8.130821134534092332e-07
2.600585707611564736e-07
-4.142353996625906971e-07
-1.345219791984639605e-08
6.918804576652398267e-09
6.975233395885290506e-09
8.121041419202322260e-10
3.310312386805546776e-10
4.451687288107392621e-11
-5.982766675918012214e-11
9.764970347572978957e-05
2.765941996718068274e-04
5.368369101208143190e-05
1.996279911528823004e-05
1.372392337847960901e-06
-6.740531418230362815e-07
9.986686973296405731e-08
6.169942714705553659e-08
4.545524934337472166e-09
7.200680227524211603e-09
-1.736721667471621594e-08
-9.067650516782308416e-09
-2.501900738112703683e-09
-5.042106040868186243e-10
5.527286508656505177e-11
3.957368790877873695e-11
1.353724626247331915e-11
-9.739208768639378486e-07
-5.732529357511916137e-05
-2.204565261741217816e-05
-6.014895137033194628e-06
-3.296195567813867691e-07
2.247872670060993011e-07
9.158361947567811482e-08
5.681746765508442065e-08
1.582386345886952379e-08
3.974063527965872498e-08
2.253227092472874791e-08
6.091232307864212232e-09
1.430772688164417153e-09
1.908942868719156824e-10
1.590062429217092595e-11
-5.576347642737594964e-12
1.757356434552774601e-11
-4.125692133242840424e-06
-4.720163203663938563e-05
-2.060783268499799439e-05
-1.277792132194101319e-06
-1.542544753791623629e-07
-1.449416837928962823e-07
-1.174805384943597516e-07
-4.153474707121463562e-08
-2.008604017182927723e-08
-1.797320963304047111e-08
-7.706332790414055204e-09
-2.516966922472681260e-09
-8.075976392288826032e-10
-1.451496538914473352e-10
-2.464225824792575561e-11
-2.270151726542942421e-12
-6.846572008889719252e-12
3.004942658202846253e-08
7.224745198324987374e-06
1.227108495919451041e-05
2.121089916656351600e-06
2.923396656551601175e-07
1.108795756986807955e-07
6.562347376676376409e-08
3.002329972122151861e-08
1.331324252449258405e-08
6.189459370958858390e-09
2.398079845805590048e-09
1.171388996916689971e-09
3.573754795309681582e-10
7.822460576455450158e-11
7.853642018209151309e-12
2.091977929288848023e-13
-3.474888274366986872e-14
-4.727985359195681022e-08
-2.951875564984378428e-06
-8.751280107429601043e-06
-1.701993439091301036e-06
-2.663811087578061024e-07
-6.792292628247307528e-08
-3.314881404488286786e-08
-1.530684439663664331e-08
-6.563329488029166836e-09
-2.499057309061773350e-09
-1.671747613843836181e-09
-6.091370570062811218e-10
-1.660110429176448561e-10
-3.602367881332205351e-11
-6.300050408364192090e-12
6.034277353690485384e-13
8.152808679558461610e-13
-1.651027645499088345e-07
-1.674037086023239875e-06
-3.679987160649447194e-06
7.570196934990785986e-08
1.271450805559270366e-07
3.740733672929102650e-08
1.508868172838022909e-08
7.148408434673525343e-09
3.004393519759118562e-09
1.245540594068045264e-09
6.604707717124494796e-10
2.023584059042267382e-10
4.028856789822461944e-11
8.523372905538895408e-12
1.339865327100612193e-12
-5.711725343391593380e-13
-3.183618132336229257e-13
-1.963731184632810810e-09
5.347349808067683598e-08
9.963113482417609631e-07
3.244321288989900450e-07
-2.067436137044528977e-08
-1.687105425958368240e-08
-6.538949876460157423e-09
-2.952499992450675641e-09
-1.418658414559682673e-09
-8.041188598983575962e-10
-3.160298001406949249e-10
-1.414958784779640230e-10
-2.446671578935090726e-11
-2.427355734149434885e-12
1.067140109143841588e-12
6.049398646518871058e-13
1.003404476946919724e-13
