1.313346103567862022e-01
1.029586021589805611e+00
4.217775070074712002e-02
1.230295777662201518e-03
3.071349941346692970e-05
3.655684955947952850e-06
3.397394335277390756e-06
3.717754146647243822e-06
-4.426793729526296435e-06
1.303813664006881219e-06
3.737361413712286198e-06
9.008886244664891554e-07
1.267698426463476269e-07
7.877346678463242344e-09
-1.944106032940728527e-09
1.618160553333006605e-10
-4.533005659663084214e-10
-4.805766820035316245e-02
1.301316542771537021e-01
-1.349475446321694860e-02
-1.087422144432993558e-03
-5.475739696917944960e-05
-3.929358709829901763e-06
-3.404407290043637806e-06
-6.753379024473679181e-06
-2.663659043420279312e-06
1.316409675788341034e-06
5.416401287130363921e-06
7.435254520183050777e-07
6.888473138813139568e-08
-2.019139260723355932e-09
-4.292395607267664829e-10
-2.381815958411081320e-10
-5.440673503286391127e-10
1.314173295524720571e-02
-1.798832204823524452e-03
3.546941442352946876e-03
7.535106127565621660e-04
6.536596365604479457e-05
4.374827043683566573e-06
-1.682827598139756847e-07
6.325430559850954742e-06
-2.365205883046701674e-06
-3.275830017263072533e-07
1.512863994783320391e-06
-3.442249491321381594e-08
-2.276030685138642687e-08
-6.428534558918227645e-09
4.347140148837552631e-10
-1.930540337621840125e-09
4.788986573040634915e-10
-1.269228171897396557e-03
-8.320960743566712618e-04
-4.443411149012687906e-04
-2.181315500790255316e-04
-4.705096083312952269e-05
-2.277022985040498994e-06
-1.108386479720259670e-06
2.553016347908998129e-06
4.008424101559378543e-07
2.517257945889217663e-07
-6.887104909454645367e-07
-1.164034543305278791e-07
8.010378860185891565e-09
-1.159978827740527949e-09
-5.746291420071431113e-10
7.445386258399772740e-10
-9.938926515582118286e-11
1.702225799927862041e-04
4.763911417682305504e-05
1.697464926094094785e-04
4.112287685722540984e-05
2.716737782971069713e-05
2.860255252008573931e-06
-5.083709348582294443e-07
-1.220818957220932951e-07
-7.985483848794601228e-08
2.318864283673971595e-07
-1.299220753887342545e-07
-4.709377137245518963e-09
6.855416310339781180e-09
1.017356243316541883e-09
-1.156144599425519465e-09
9.143638115319066468e-11
3.714616602096851456e-10
2.868488743029459545e-05
-8.690566571349211261e-05
1.034932053491012452e-05
-1.447525225450376517e-05
-1.022528805237304731e-05
-5.827196455959125091e-07
-6.262739885877473970e-08
6.878272386920607508e-08
1.788344913124316557e-07
-5.567740682478448199e-08
1.081807518114652176e-07
6.344327958419196722e-08
8.631190396584868182e-09
6.196271956356367827e-10
-2.637972717934775951e-10
-7.638953535585908729e-11
6.993192446219561703e-11
1.024950791235490624e-04
-6.816354713897130051e-05
1.615937057571860598e-04
-3.787967301903585459e-05
-1.502846224162838697e-06
6.628836507025692607e-09
-2.310893275252013038e-07
-3.132955239858192347e-07
-1.463813353771627179e-07
-4.325945061594968845e-08
-3.262565151210491827e-08
-9.651386246488259042e-09
-4.496355276836116499e-09
-6.854798438286003008e-10
-3.003317676094447072e-11
5.010496317056474804e-11
-7.892982598546039641e-11
-2.455086350323822984e-05
7.128400566431102449e-05
-4.128046387052427884e-05
2.959933136956356263e-05
5.208292801358062217e-06
6.121699004508045033e-07
3.856455067570787554e-07
2.186484738651823044e-07
1.136929001611131763e-07
2.913103482862885577e-08
1.705245955323445769e-08
1.001255671290241385e-08
1.069360098116557254e-09
4.300007120001431140e-10
2.252006943661548408e-10
5.389184743556083152e-11
1.679236337566467121e-11
8.967914718788580434e-06
-4.570747970830679741e-05
8.714034106050305044e-06
-2.642927093556411513e-05
-5.371108831896150349e-06
-9.993660355071656869e-07
-2.842343373185088008e-07
-1.427295056688172277e-07
-6.584842722626999789e-08
-2.461125164831560497e-08
-6.798222147698046915e-09
-8.301752165973592229e-09
-2.411206340123415163e-09
-2.769253895750188303e-10
-1.342944560885808034e-10
-3.593044963124230156e-11
-9.035968205240369408e-12
5.550552355073640113e-06
-1.976863579703326136e-05
2.217175113103382110e-05
-1.348305630135745416e-05
8.532470601632640882e-07
7.408699000867909636e-07
2.201081345614124161e-07
8.159925050116338363e-08
3.139368925687203201e-08
1.468836158843593069e-08
1.249435046935319832e-08
2.863406239066251580e-09
3.479271965976603435e-10
7.832626198479815534e-11
2.599021921950217501e-11
7.835566110244808060e-12
-9.404108531029888534e-13
3.802428092329500425e-07
-3.436391751922832312e-06
6.950934250646772505e-06
-5.254967183670599952e-06
1.331229115678314687e-06
-3.038771099583079172e-07
-1.082207641808487780e-07
-3.688851996406679724e-08
-1.291603215905808015e-08
-5.599695759768856931e-09
-3.634738914400163804e-09
-2.308579415049881766e-09
-2.254644672073077054e-09
-1.628265644432900213e-10
-2.975086547669403060e-11
-3.149221957486737508e-12
2.285645193269144635e-12
2.477149078774047372e-02
-2.420444064834034736e-02
-1.695609381509698881e-03
-8.051791713964230927e-05
-4.362741209596673355e-06
-2.364586756602909169e-06
-1.632240927601178178e-06
5.305642738269628686e-06
2.540500446348003269e-06
2.624348151011631331e-06
1.162984565674190334e-07
-7.486167119359527949e-08
-8.666264052035253354e-09
-8.821458601799901198e-10
2.318028782275032528e-09
5.235975259834397537e-10
4.803176979156475448e-04
3.276480514529577816e-03
6.997846405803836121e-04
6.094663559395812306e-05
1.503924967590460263e-06
1.835810719997579805e-06
-1.458503914447575281e-06
-8.644340906977812211e-07
-4.776347374102423033e-07
1.125598295877539821e-06
-1.035703244857035855e-07
-2.725811740490474693e-08
-5.904456013151148171e-10
-1.100785441120351242e-09
8.151132580557887282e-10
-2.661041751460438330e-10
-7.204945882874066532e-04
-4.288163784396334670e-04
-2.219225492215229096e-04
-4.723709669412758062e-05
-9.859320439762453229e-07
2.904406238744929542e-06
-4.631181934220645965e-07
7.588404263412367993e-07
-2.722246010860864459e-07
-6.951405889002480884e-07
-1.536201971366973485e-07
1.598653657794283920e-08
4.312215291732203193e-09
8.399062918043958279e-10
-6.958569040217063934e-10
-7.753787243549167590e-10
8.800869620446892766e-05
1.769853070129715779e-04
4.093905623854354845e-05
2.677805602587955683e-05
7.323840974355059966e-07
-1.270818370223314847e-06
-1.764232449162293901e-06
-1.165709953320033786e-07
2.219077292105699560e-07
-9.810416996127330703e-08
9.413019541186079646e-09
9.688093382235782293e-09
2.150815960652716193e-10
5.031498488338633321e-10
-4.015546734785138789e-10
-1.151012940782919011e-10
-7.374178086689906614e-05
1.164021124497847179e-05
-1.574613702879416619e-05
-9.056687904764488948e-06
-2.223664421279578885e-07
2.169161136539815336e-06
1.157709139649822033e-06
1.994062182861265937e-07
-5.281062050503036523e-08
8.402101537660333869e-08
5.816591593751983809e-08
7.055898492398289107e-09
2.475996357453445190e-11
2.425726165730589735e-10
-1.654483446041170997e-10
2.149273284504482692e-10
-8.925865075670104030e-05
1.608255657610818830e-04
-3.734880873590613361e-05
-2.749491241038876682e-06
-7.723361571371591735e-07
-1.154503047398411327e-06
-4.262066168234194780e-07
-1.727760292859808859e-07
-4.103607131208839982e-08
-2.288742912293365316e-08
-6.551269858299653383e-09
-3.965946607392069033e-09
-1.022560731919655602e-09
-3.723640347655619477e-10
1.381985152642837411e-10
-8.060507902569554129e-11
7.490910302864026322e-05
-4.145043323593426715e-05
2.967034682142619801e-05
5.918204813740984347e-06
1.140000426384246280e-06
5.572380224941363670e-07
2.723745656148954542e-07
1.214410915519893699e-07
1.949260508465662625e-08
1.160789125236579746e-08
8.386604010163614926e-09
1.113836067932319391e-09
4.416367880914903828e-10
2.271734300959834583e-10
1.594266631436700587e-11
-4.060008250387136666e-13
-4.653281653500695477e-05
8.684955085478229171e-06
-2.653623362648268336e-05
-5.687572190318216405e-06
-1.184621061537748091e-06
-3.909691732643020504e-07
-1.755466224386017686e-07
-6.727018979831194652e-08
-2.107263979288156869e-08
-4.492633505626528749e-09
-7.479710491982992145e-09
-2.381808944763206132e-09
-2.807505495113578461e-10
-1.396023784137876704e-10
-3.560886726937915260e-11
-3.477423901223115953e-12
-2.043304830997737912e-05
2.213553040508675157e-05
-1.344622929760948254e-05
1.007767009619223628e-06
8.242487772077393793e-07
2.677411372936476707e-07
1.085139124002472079e-07
4.202327941854501699e-08
1.552001167743613558e-08
1.161544346281241229e-08
2.037264629262440479e-09
-2.653122438688253001e-10
6.775908560013641018e-13
4.533548027305227194e-11
6.278551153968896991e-12
8.213001068145150686e-12
-3.874645129846904882e-06
7.138640528001923810e-06
-5.573866955848048322e-06
1.233243211877528514e-06
-3.459442332054894937e-07
-1.716288478683629395e-07
-6.447952985157993038e-08
-2.134976754902582653e-08
-8.984766454058680675e-09
-5.920284394753523325e-09
-2.172680300919743447e-09
-1.094415934973363355e-09
-2.458943247127928609e-10
-6.610159277121463012e-11
-1.088989342064232985e-11
1.743313854105784653e-12
-1.021838128054385786e+00
-4.199569835211355850e-02
-1.224210596178087898e-03
-2.727965721697218684e-05
3.358513834105362117e-06
4.936532521515870805e-06
6.439336417278142520e-06
4.316237492211363854e-06
-1.053352357569233477e-06
-3.705731087587597505e-06
-8.982486504329251167e-07
-1.209660846342393050e-07
-1.887020837174445308e-08
3.918541515540558624e-09
-3.798471506246060738e-09
2.762359258185196315e-09
-1.370243681132747304e-01
1.315368700088446856e-02
1.075995689440806258e-03
5.275082026275229472e-05
1.806277562346799107e-06
-1.639957601208983577e-06
-6.499999894658805560e-06
5.372433428425562204e-06
-3.900025799792957752e-07
-5.278107559577577703e-06
-7.160842556242700256e-07
-5.709676748025553826e-08
1.423269954468496642e-09
3.987401569739299830e-09
-1.176574887906683874e-09
1.373289248669594642e-09
6.519618195279947188e-03
-3.169379971331086690e-03
-7.339310209861805165e-04
-6.608890846153716561e-05
-2.392420068290998712e-06
-1.032712472732302343e-06
3.191130032760511654e-08
-2.517308100364076119e-06
6.360229708652938401e-07
-1.571072068342905813e-06
8.337588754738860205e-09
5.163768905666913363e-09
1.007224670917245694e-08
-2.497450198627811129e-09
3.576263702643961160e-11
-7.744469714841272424e-10
-5.593952404749284561e-04
2.050154267612952627e-04
2.010911577919340088e-04
4.654511570428246803e-05
2.388785476472627595e-06
3.850451544107648366e-07
-1.743301660228098547e-06
1.152809614535143915e-06
-5.484202236133224735e-07
7.817090234375905409e-07
1.449977650302894551e-07
-7.969670602451734001e-09
9.082495235261733168e-10
8.978809257127017011e-10
-6.284101355943323574e-10
-6.287273475123758435e-10
2.441139974141144479e-04
-5.103218956280084249e-05
-2.963420910717995052e-05
-2.872448135558571929e-05
-3.050944645593434184e-06
6.028827865985357191e-07
-1.254652151511175486e-06
1.341155746294520186e-07
4.557070199184865374e-08
6.066895021816490561e-08
-3.459077754943989987e-09
-7.513951601305894625e-09
-1.178683209468265490e-09
5.083669883117313028e-10
4.830011347306658327e-10
-1.493449362977947957e-10
-5.128207615755239301e-05
-5.801791800590631485e-05
8.862750010092552549e-06
1.085756665107912841e-05
1.198868211745556769e-06
4.941659408945569749e-07
5.290891272204938907e-07
2.904794419755641767e-08
-1.531610168755866158e-08
-4.435805854863003392e-08
-5.913853796874545304e-08
-6.641951245968840531e-09
-9.736399605649569013e-10
1.505110530294606186e-10
-3.620941475397684206e-11
2.702286701883123015e-11
-1.440905068488966588e-04
-1.673814507452967210e-04
3.921490900591887736e-05
1.296816775735451169e-06
-7.947672133561864242e-07
-2.071997727818554785e-07
5.417552349011386836e-08
-5.363807691320028715e-08
1.464970661151123361e-09
-6.410895442423459090e-09
6.933624903993667495e-09
3.250817182783153809e-09
8.092877712577435242e-10
7.123318887399409898e-11
-3.598659321364888186e-11
1.179843478590581352e-12
7.975894366539291569e-05
6.497313291192944435e-05
-2.791207377077359805e-05
-4.695329939857681887e-06
2.630661842158756709e-08
-2.519824889765563777e-08
-5.268057998750641506e-08
-2.000997560390753819e-09
-1.222265441523509227e-08
4.108278806024174249e-09
-8.000643223683590844e-09
-2.500379181970798104e-10
-3.993315591298886374e-10
-1.582888875798479879e-10
-7.358763343380274732e-11
6.412393353279710361e-12
-4.656655728015174074e-05
-3.502519455117997324e-05
2.301450310569184231e-05
4.701883434908620372e-06
5.633916536833552439e-07
5.011659991435376198e-08
3.269638184010069340e-08
1.693674106672707336e-08
1.791582827595475587e-08
-4.152045592835989091e-09
6.765183784774070305e-09
1.885749692041427252e-09
1.894766315836181099e-10
1.085160680703897959e-10
2.096926029814183491e-11
1.348619746562741983e-11
-2.365931408956317396e-05
-2.286548204814072179e-05
1.582240153962005447e-05
-2.459277095635124183e-07
-4.782421089515679268e-07
-9.220618152496652960e-08
-2.551857718529156996e-08
-1.454849863564173435e-08
-8.308217109653489314e-09
-3.891279916705596339e-09
-2.496355695752532736e-09
-6.181050598532532383e-11
-2.563537823603952817e-11
-1.813961575403440640e-11
-6.991173171852334827e-12
-2.249102223537376505e-12
-4.222072988126917345e-06
6.321277211357870960e-06
4.804456261683322613e-06
-1.657632571842651997e-06
1.822877784284293834e-07
5.657570653213766476e-08
1.546495777780633020e-08
9.766255882687235590e-09
2.995564156756547338e-09
4.561930198000866943e-10
1.903498805010908697e-09
2.188368978248531460e-09
1.317464722408402686e-10
1.979845612440862586e-11
4.546343587183695750e-12
-1.203341424537994601e-12
8.373988068561512288e-02
3.543968806353127443e-02
-2.371500253624513749e-02
-1.678990038152287315e-03
-7.949544776283643552e-05
-1.382520943224634779e-06
5.094493897836740102e-06
1.904131326505436031e-06
1.291632972621710127e-06
2.870040866121278026e-06
2.644133363504441813e-06
1.425429429003503718e-07
-6.817070412930143928e-08
-2.460382900038462483e-09
-5.885746671396992788e-09
2.542596801532632604e-09
-9.902076002532772194e-10
-1.216141159650086130e-02
-3.902494543838979767e-03
2.917311848692500948e-03
6.800257812784761676e-04
6.099040731913819309e-05
3.645868220067007953e-06
-7.425191132589647258e-07
-2.581427785617723195e-06
2.963195206874654730e-06
-7.254766671453085434e-07
1.136492882535915688e-06
-9.058509070863235195e-08
-2.769416469149872496e-08
5.801895598534724236e-09
-3.576357911907688430e-09
1.405930739889041901e-09
-1.963647777516352959e-09
1.197264592909064044e-03
6.824763038068262701e-04
-1.889579261541297472e-04
-2.063711931188474448e-04
-5.009348979605961644e-05
-4.463450563579187622e-06
-1.825804530924530187e-06
-2.401873896955745389e-06
-4.922534950716886365e-07
7.632303914579325354e-08
-7.103584086890921250e-07
-1.565868192379795476e-07
1.256490454474892069e-08
2.338389734858728290e-09
1.639886347567964389e-09
-7.660499320081625600e-10
-5.305178968039866079e-12
-1.883205965446839165e-04
-2.048489703962737946e-04
5.569471901901680366e-05
2.902668153621013722e-05
2.876999241667280193e-05
4.755517933815321068e-06
2.073467887957259683e-06
-1.350101548962235572e-07
-1.199317871687027975e-07
-1.419757324983349013e-07
-6.967197406946154740e-08
7.477535793580762581e-09
1.287557722509912628e-08
3.973123707319132461e-10
1.072588053504948421e-09
-5.311234328091137351e-10
-1.292695186540642242e-10
-2.859322505265598713e-05
6.520345201641155686e-05
6.028404018585015211e-05
-8.865247682252360139e-06
-1.330953189789008952e-05
-3.113890110275917457e-06
7.362783196054091389e-07
3.638446713391480325e-07
8.837172777921633411e-09
7.720884441158007535e-08
4.231969613744241167e-08
5.616297992778991016e-08
5.604430888573578614e-09
-3.115996741126018167e-10
1.601189622735734639e-10
2.122454842434233774e-10
1.994011252643993786e-11
-1.016249174373723977e-04
1.214363801741709874e-04
1.656490755991832169e-04
-3.879485016034164971e-05
8.215698533239766691e-07
1.062431756085588850e-06
-3.897592491157394748e-07
-8.406320673394995514e-08
-5.053248762928897198e-09
-3.000646887862639717e-08
5.443319349870808012e-09
-5.207350826971254602e-09
-3.032731679611130574e-09
-6.665246989536917355e-10
-3.657690601295516520e-10
-8.299609820903590200e-11
6.702556477576645043e-11
2.558855038319139409e-05
-7.524024116871080663e-05
-6.469609242633182506e-05
2.749331918799370272e-05
3.875672496987555055e-06
3.653876311003119554e-08
6.316041769675123184e-08
8.083848590192183175e-08
3.272519438351039203e-08
1.708064786085799322e-08
-4.802380985651365709e-09
7.119579220681421231e-09
1.538963476645818465e-10
1.812034355644133050e-10
1.861959956173121819e-10
3.322857029619841666e-11
-2.505732796825023999e-12
-9.384266655186711411e-06
4.538371083945152588e-05
3.496487474473394927e-05
-2.282669839838726667e-05
-4.501304340254172214e-06
-5.792649012812025018e-07
-9.486944103883815368e-08
-6.053339759622164856e-08
-2.862675666118083973e-08
-1.961170394998198859e-08
3.851488012835341803e-09
-6.429820099264046721e-09
-1.664782835450122767e-09
-1.100772071153954625e-10
-1.095976294638740822e-10
-1.550621739358988729e-11
-1.626150966722261570e-11
-5.286652520315957117e-06
2.309230241590230941e-05
2.285744062815785337e-05
-1.581995613158659948e-05
2.290630187636782119e-07
4.941622583673908638e-07
1.068950738618444487e-07
4.765003664984771849e-08
2.625624426212270867e-08
1.069592794501022286e-08
4.488327135180007432e-09
2.087534865803723618e-09
-6.954480969329775809e-10
-9.231096304922064161e-11
1.870673264902378644e-11
9.977759449712386486e-12
-5.333113114136935766e-13
-2.313301866648646490e-07
3.917366315999210739e-06
-7.236689299178743364e-06
-5.278642674488243512e-06
1.725375856014304174e-06
-1.517383010663249945e-07
-8.344687188517767441e-08
-2.943879343356064653e-08
-1.392354351881042086e-08
-4.939153180884623291e-09
6.013838355338230430e-10
-1.821450256463433620e-09
-8.200102211307923886e-10
-1.673910737761017401e-10
-4.668273608690797337e-11
-1.190133939734597153e-11
2.216246527597885504e-12
-1.502654459424734856e-01
-4.320434795248065916e-03
-1.045938184712280546e-04
-1.989021686476129112e-06
2.544201725486140943e-07
5.129832735003456370e-07
-1.799919406165774091e-06
-1.617819492097417869e-06
-1.814668858686769942e-06
-1.360816260915871174e-06
-1.408758271658919368e-07
-2.179741467124015573e-08
1.685953804721648396e-09
-3.696454784700774967e-09
6.127040933026491709e-10
3.838680041960333262e-10
5.021709819333038116e-02
3.896960675924217733e-03
1.822776344640837046e-04
7.181105470946757833e-06
-9.600094701711508038e-07
-1.562367750893642283e-07
-3.991401437310448208e-06
5.905890619878464250e-06
-3.116675336265585965e-06
-1.264855086116960718e-06
-8.087776961702218323e-08
-1.589588906206159770e-08
5.409352056880458940e-09
-2.544199015741740940e-09
1.572598070433638696e-09
-7.711728694142192282e-10
-1.372563902859239189e-02
-2.619360556490921317e-03
-2.325833131749597258e-04
-1.029216869790672903e-05
-6.772847436427286669e-08
4.056495699928401264e-06
3.782684493293131614e-06
2.272704833211225371e-06
1.020759453567728509e-06
-6.764215546838538139e-08
-1.187963341838943777e-09
-3.546204648960493963e-09
-4.618202373016170533e-10
4.211944226072441254e-09
-1.012292434214492764e-09
9.361470260438191905e-11
1.166241272019412790e-03
7.925253037178296191e-04
1.502166139443208103e-04
9.978203838631575056e-06
-1.338079009084431113e-06
2.196984185820132726e-07
-3.276494587358279527e-06
-1.626562381362908549e-06
1.232305488628479646e-06
2.925353245233566998e-07
-9.901023372934360479e-09
4.673394971304240220e-10
-5.939162290978499304e-09
2.902862974834579346e-09
-2.027891135583328910e-09
8.503743860504608785e-10
-2.620919254643028977e-04
-1.508107169632836382e-04
-8.066782335950066095e-05
-8.264374623102520607e-06
1.317064279205794569e-08
1.609188998371559357e-06
9.944856890225090922e-07
5.251563127353738757e-07
-9.080833129312039474e-08
-1.436532830733376116e-07
5.737313606324072290e-09
2.848161900219380708e-09
3.565583024792396214e-10
-7.695507085515492623e-11
-8.710538481985597473e-11
-1.599960689080069070e-11
1.219763127374776102e-04
5.945209477674146052e-05
3.624030018514221116e-05
5.388433972580714710e-06
-2.951412976496088012e-06
-1.945058867871422196e-06
-4.187249628054966023e-07
-1.099286031887354383e-07
-1.376401915804815900e-07
-3.550793062825522291e-08
-1.535677686135599434e-08
-8.567819197292462953e-10
4.850849270920350627e-10
-8.736284410974953685e-10
3.692201427542593007e-10
-2.181787179785293506e-10
2.874713869649328881e-04
1.256062155174368807e-04
2.032746744154887792e-06
-1.107571999297686509e-06
2.302710634923175519e-06
1.142795090801993948e-06
4.006191041470364251e-07
9.369100430041991795e-08
4.961582893449690482e-08
2.315066320623543154e-08
1.429662970592756799e-08
1.400776804786668187e-09
6.729330476823001133e-10
2.982541472301211557e-10
-3.350374367936330430e-11
4.287641315070193107e-11
-5.913488739205682940e-05
-9.450700302729752374e-05
-1.456083688782773422e-05
-1.461102786149063421e-06
-1.111648730895298185e-06
-6.128993634663005390e-07
-2.757242669030068431e-07
-9.301143608633146895e-08
-2.456888151719872618e-08
-2.429933164040226512e-09
-6.950485670471578148e-09
-8.232471946992331389e-10
-7.122050416434193784e-10
-1.083003805148656248e-10
-3.546718267467004325e-11
-3.542833045406702716e-12
2.007396025337319437e-05
7.605013392751213861e-05
1.625112923025998456e-05
2.450384004862654215e-06
6.955417218849555545e-07
3.410250214672872931e-07
1.653589209169049262e-07
5.499901101524396779e-08
1.244062501625384420e-08
9.745631587552685481e-09
5.742706138329282606e-09
4.529850198388886867e-10
4.794993169744177707e-10
8.023475850541937158e-11
2.435980522255265716e-11
-4.192799369157390799e-12
2.505279472478008770e-05
5.797156322152440254e-05
-5.107166773766206792e-07
-1.820677877261370541e-06
-4.834623701168743311e-07
-1.950708599010389788e-07
-8.787437875352367763e-08
-3.386581115513249241e-08
-3.891571059340714512e-09
-6.974891599041667198e-09
-3.946867013607755849e-09
-9.036485538417530151e-11
-1.284501778259674215e-10
-3.435937021477633093e-11
-1.812006903512329301e-11
1.908311614128686613e-13
-6.148558726068699327e-07
-1.968451263865945798e-05
-6.391393870412286844e-06
4.918519858880399310e-07
2.539697338420917554e-07
7.671978863476107762e-08
3.656910584479770521e-08
1.661543299636655881e-08
4.946091632292240573e-09
1.669381009755636402e-09
3.768901093481971065e-09
3.564771062125761274e-10
5.284570627242401828e-11
4.798440392000719319e-12
3.940606257639877260e-12
3.604115691697563288e-12
-1.805309626864488870e-01
-8.943087324068783872e-02
-5.991211906121683521e-03
-2.713620721802861976e-04
-1.154234908345204949e-05
-9.785168639567172611e-07
2.181387894674517652e-06
-4.099401502638490077e-07
-1.295568488049359119e-06
2.553628925150481116e-06
2.153391852401161086e-07
-1.221143326115474820e-07
-1.978487517069962959e-08
7.826578324309489021e-09
-4.386248745604257422e-09
4.688769604677685073e-10
1.660283197723414664e-09
3.978739996924051357e-03
1.257701267093457725e-02
2.439985861637791482e-03
2.205996131392925455e-04
1.067898501493255682e-05
1.553857439565910064e-06
4.681409106368074331e-06
6.350671646546564829e-07
-2.603399123062910964e-07
-1.865519967784003827e-06
-4.614582317609640760e-09
-8.750125537805860661e-08
-7.705685573500450515e-09
2.415229022267238698e-09
1.016431959030755686e-09
-1.112239352297319075e-09
-1.640698539649768449e-11
3.132706509549220602e-04
-1.087957752786514838e-03
-7.915239607685950300e-04
-1.478140585055388379e-04
-9.024497165929219221e-06
-5.595163320495565680e-07
1.751967378346966879e-06
-2.353884059652290661e-06
1.601818629291312401e-06
-1.439159047238326181e-06
-2.473556654623350512e-07
2.074839702629329472e-08
1.118668118882560599e-08
-1.982982156997526093e-09
1.746761665106930204e-09
1.989105996509381812e-10
-2.524565581839320523e-10
6.859183836753158711e-05
2.735478300129625100e-04
1.524617073387762585e-04
8.014748573480135645e-05
8.134341207956281844e-06
-9.812694826020986253e-07
6.507631375923469046e-08
4.768651533662722413e-07
-5.764834749530559423e-07
1.258425044666547215e-07
9.667921919482291353e-08
-1.593826711936462334e-08
-9.306712603128190087e-10
-7.686954987786599212e-10
-1.656557051325138126e-11
3.228908888554884954e-10
1.026673860809340614e-10
5.817293030803753481e-06
-1.170879053815176404e-04
-5.736510577499619445e-05
-3.497615258984739260e-05
-4.037970184704456522e-06
-2.067049022112165979e-07
-2.224438812425032845e-08
1.892630394168837040e-07
1.185149053417247941e-08
1.624712891277263371e-07
5.886320462468794466e-08
2.448407041537854359e-08
7.594168669835578537e-10
6.281393116983321731e-10
1.580098272586725116e-11
9.596382977829215836e-12
-7.276846510818059050e-11
-2.723190379335777803e-05
-2.899335143568078279e-04
-1.269150789573802258e-04
-3.073641234446830595e-06
1.280752101206485750e-06
2.138034961733814816e-08
-4.100879981000317640e-07
-2.030560915454433206e-07
-5.413055249341601430e-08
-7.336319542177207462e-08
-3.635231093100897792e-08
-1.843507875113742340e-08
-1.888102855409936365e-09
-4.933327130074480374e-10
-4.405538427362217527e-11
-1.291892603298999794e-10
-4.995482088779551098e-12
6.776242142487325374e-07
5.871308192418646116e-05
9.497117299358887792e-05
1.485017424150476618e-05
8.733467238542896302e-07
3.780137438622266604e-07
3.887838195802370516e-07
1.813252920636967630e-07
8.151575516602287628e-08
3.617853894162770832e-08
8.566299367417674855e-09
8.653387932902757631e-09
1.307572695268085902e-09
4.288104331567652807e-10
7.333286526638688576e-11
2.211533914411778908e-11
2.878800903313845403e-11
7.736114846673292298e-07
-1.981973048053486719e-05
-7.621900333482491217e-05
-1.620672509870767355e-05
-2.128087892369084147e-06
-4.440922733735027133e-07
-2.801850034484351786e-07
-1.313228701406658573e-07
-5.760515367873440044e-08
-1.877893958654113240e-08
-1.304672023680071400e-08
-6.608295097562015125e-09
-6.466512589866895467e-10
-3.697526040344514717e-10
-7.530952441134543449e-11
-5.160489255918085834e-12
-8.571933479009699954e-14
-2.167530648703104899e-06
-2.516346177679834123e-05
-5.786830534853713398e-05
4.434342841360713133e-07
1.622927645116010024e-06
4.127582725816708954e-07
1.818380850812111970e-07
8.847692430436198752e-08
4.078840465937231216e-08
8.971449506364928909e-09
1.052899633620337599e-08
3.426871687041647328e-09
-1.218902640422598069e-10
1.614094094845315415e-10
2.662279195048692364e-11
1.340686982376691009e-11
-4.501628694142321836e-12
-1.043029854121079882e-07
7.273510549884851432e-07
1.966333963201235825e-05
6.793675809888192483e-06
-4.165738183079295206e-07
-3.139206406888558840e-07
-1.098695940930910518e-07
-5.280794684320779422e-08
-2.826538769968760845e-08
-1.295646042235772237e-08
-4.667200927021107112e-09
-3.858075268619062707e-09
-3.376621482703884621e-10
-1.517049444984477550e-10
-1.539218479915582896e-11
4.686025914077446191e-15
-5.352097516711227352e-12
