1.385418503493598130e-01
1.025699992421035045e+00
4.423717262326956612e-02
1.485707130603474389e-03
4.954798089126602343e-05
4.487638754069509855e-06
4.051318139990621459e-06
3.901695319612253961e-06
-1.694120892009557693e-06
1.464911254636887358e-06
2.478820249981033521e-06
7.031327083315107490e-07
1.091370251050847251e-07
7.821268788374210427e-09
-1.155797355724892288e-11
-4.645042472985526710e-10
-3.577662579079698439e-10
-2.637084797288311716e-02
6.910721921757556618e-02
-7.401012617806847563e-03
-6.666895947944188362e-04
-3.842242569508055758e-05
-2.226960401014008075e-06
-1.708563915420293627e-06
-2.877821591513496226e-06
-9.098246393119527815e-07
7.798523613330791099e-07
2.199747338732133212e-06
3.847091975851059621e-07
3.215981455838727828e-08
9.296154104469262575e-12
-8.291068159783394137e-10
3.486228103346392648e-10
-2.099250108290583844e-10
3.829122934011102309e-03
-4.251746306868376670e-04
1.044916725742240727e-03
2.366715284001449395e-04
2.385551786342861712e-05
3.262653643638003205e-07
3.608031899949728389e-07
1.774604842527418945e-06
-1.401660787812300158e-08
-2.016097381097594219e-07
3.768373737946551077e-07
-4.310331637831532178e-09
-6.163631534938439624e-09
-3.067242624141011250e-09
-3.452486528823173644e-10
-2.258856647884074900e-10
1.260922276180394464e-10
-1.478648762800213561e-04
-1.839195038002600265e-04
-4.356528576311332750e-05
-3.136351279912281726e-05
-7.644021205079952019e-06
-1.087351093470632655e-07
-6.717648975921616373e-08
8.649016013848166829e-08
1.438744491696092778e-08
1.805593209032680719e-08
-4.282340039247328604e-08
1.936636004756105313e-09
3.630220873544256184e-09
2.251262230078127981e-10
-4.927643831181207355e-11
3.571803047528442421e-12
4.202900206942701514e-11
6.676261631472667950e-05
-4.694172691460043610e-05
5.045021967286203348e-05
5.716162829635233370e-06
2.113787844825948118e-06
6.686860713188053368e-08
-9.720938400768686084e-08
-8.772880214816887680e-09
-3.352650627355941607e-08
2.314295019466984981e-09
-2.063085500201701509e-08
-5.112327880887322776e-09
-2.499415293703990340e-10
-1.061558877210830626e-10
-2.401261349368631073e-11
6.930444098685803116e-12
1.823276251593903671e-11
2.654339320407363614e-06
-1.201776885903531890e-05
3.714373776003018951e-06
-2.005660258440576734e-06
-3.529602612960936538e-07
6.645848247909096709e-08
3.604301086563305997e-08
1.679634603887741080e-08
1.233696260299400790e-08
5.349169489397246773e-09
8.400697190308399244e-09
4.910492773594064401e-09
8.194812956384513181e-10
1.748482625861955393e-10
3.190758257448711966e-12
-2.152941836143999917e-12
1.751011482477513486e-13
5.571762166690260635e-06
-3.041127427437942350e-06
8.393510089383117074e-06
-2.024322601291228532e-06
-2.120271037567019389e-07
-5.330467267433136113e-08
-2.651979514259023382e-08
-1.753358924127374975e-08
-7.660607786484226753e-09
-3.369285573403365942e-09
-1.637824205691879354e-09
-2.172691220434934799e-10
-2.205675748269196913e-10
-6.018229453032213642e-11
-5.270597687560369298e-12
1.572622980422857477e-12
-1.285173673604242139e-12
-7.462967842321884991e-07
2.034561513082019905e-06
-1.169692844508134093e-06
9.219426857881203842e-07
1.840464145104296760e-07
3.467637985357373964e-08
1.471875779455156797e-08
6.919227972492038092e-09
3.634458938719452977e-09
1.297191439393120279e-09
4.778003959316307207e-10
3.134171729046109583e-10
6.200119392783787183e-11
2.190847647089971291e-11
3.377291230847821136e-12
4.871726102817515353e-13
-3.173043478975645265e-13
2.228920835763516228e-07
-8.688774007599342704e-07
3.661809018481642657e-07
-5.455902131477496334e-07
-1.044125129181519246e-07
-2.054811465912679730e-08
-6.111308108757476823e-09
-2.643259820837881698e-09
-1.147721327534821214e-09
-4.507397600094801129e-10
-2.335796164699659422e-10
-1.359948050901384289e-10
-4.349860790122321855e-11
-7.653300339797162862e-12
-9.276100779451902686e-13
2.134721403836793681e-16
1.899581753033583791e-13
4.550306295154197048e-08
-1.472865460440807938e-07
1.906304389664663739e-07
-1.001552192512347892e-07
1.077627046132003388e-08
7.638349075837206362e-09
2.364000347382784632e-09
8.734010585657277233e-10
3.760803454053332802e-10
1.604959346782351694e-10
1.060130156714858921e-10
2.681180587321576039e-11
-4.747991340817013251e-13
6.422960749020514511e-13
-1.233633783098691848e-13
-9.387309865249596606e-14
-4.479657096211519595e-14
1.225204085134101040e-09
-1.550558517540996532e-08
3.176332798233328486e-08
-2.882010634482209021e-08
5.898750637450610825e-09
-1.581464454276318841e-09
-6.752536532087832590e-10
-2.327382887569279655e-10
-8.816098546125550571e-11
-2.855021626348594371e-11
-1.234536790331405342e-11
-5.318492810640539481e-12
-6.084080405947244317e-12
-4.625182388218280804e-13
-7.506430006939478727e-14
4.689391321806951399e-15
8.100447846418771573e-15
1.296947839218298877e-02
-1.331499316759167210e-02
-1.025594460104436436e-03
-5.596391469232034615e-05
-1.176080446562927572e-06
1.323628718927562391e-06
1.467281942799671997e-06
2.221203332450233826e-06
1.354023101398957941e-06
8.250151426667194505e-07
1.307712932225225707e-08
-2.921286968567624745e-08
-8.591493528272360790e-09
1.667874267694703620e-09
5.981401870113730613e-10
-2.024439648278221831e-10
2.155869413155537216e-04
9.586187310933344747e-04
2.222384435596416079e-04
2.245860576375712913e-05
-5.356341725317146416e-07
-7.412993791558409047e-07
-7.011672756779134353e-07
-1.188751833639129616e-07
-1.267412955799922527e-07
2.623237610144373261e-07
-1.277650915387771259e-08
-3.736756982939841687e-09
-9.191749310326508096e-10
-5.328610804347977813e-10
-2.254261987936046145e-11
-6.889296819198412388e-11
-1.315634378546728890e-04
-3.711806793307114826e-05
-3.184844565981038989e-05
-7.782577928259511637e-06
5.206305237803456350e-07
9.618193617676916663e-07
5.535879024562919194e-07
3.020892029889940191e-07
-3.532262239189150261e-08
-5.068844668430421358e-08
-5.210396250532949741e-09
1.199687402060436201e-09
8.041002622187734039e-10
-1.472912746839408880e-10
-1.425791151997562403e-11
-6.328386841046234569e-11
-1.851384613104628806e-05
5.334325081810100338e-05
5.767023925853319921e-06
2.022642178758198909e-06
-3.060912030714824137e-07
-3.813085892661539860e-07
-2.088351509059395807e-07
-5.785680995527941872e-08
-7.003528919123987045e-09
-1.532860189506531671e-08
-2.348719729199959564e-09
7.283457653604468748e-10
-1.352445793813790692e-10
-2.712061109435482162e-11
-1.982385019495200299e-11
-2.169979287500878639e-11
-1.052039666249386093e-05
4.068214148914707005e-06
-2.068023973740502432e-06
-2.375178731544488204e-07
1.807724855929600527e-07
1.848141188536236123e-07
8.772325118604916694e-08
2.148732479776836604e-08
4.701526231607992328e-09
6.035656616247398845e-09
3.761030759554600735e-09
5.489953650690625475e-10
9.466280178174481648e-11
2.044631192486057225e-11
-3.265305506031724867e-12
2.856034459510037789e-12
-4.171327744055492556e-06
8.296862463375299145e-06
-2.020155376381695982e-06
-2.575773417602656421e-07
-1.014558147284975079e-07
-6.224935704683262543e-08
-2.820232092491938644e-08
-1.050234024342049666e-08
-3.431525852321073720e-09
-1.090442819114118473e-09
1.070576746836640958e-10
-1.398886520324564912e-10
-4.343018908543105673e-11
-1.434168313948450174e-11
3.230169874572231388e-12
-3.504032792586951910e-12
2.155094081865210212e-06
-1.161410359106798997e-06
9.290832265021201332e-07
1.983041891683886122e-07
4.917592288412889220e-08
2.110902114415018194e-08
9.768997492371990720e-09
4.039092387418515362e-09
1.046556741655555165e-09
2.529437841333481527e-10
2.113469458484597948e-10
3.122495119522866555e-11
1.832228246805322854e-11
4.136837418026108614e-12
1.648044427963983664e-12
-4.653179898440423770e-13
-9.068340893550478733e-07
3.617410924083241959e-07
-5.486752369996055944e-07
-1.086748242529610251e-07
-2.373182894291051746e-08
-7.984317104867940427e-09
-3.208926337034602000e-09
-1.229304444549171403e-09
-3.669805426758680029e-10
-1.651635128762853750e-10
-1.049790847655764496e-10
-3.365555263188769770e-11
-6.789606143425901690e-12
-1.439184455401434346e-12
-5.433878745760484842e-13
1.444032521017422720e-13
-1.539025505575891968e-07
1.907572221673163537e-07
-9.931343607270749898e-08
1.178376102436777114e-08
8.425256794239013080e-09
2.717861214905991022e-09
1.028449885255438031e-09
4.168989431198941882e-10
1.404744235455167553e-10
8.660909657021006024e-11
1.732123556798195864e-11
-3.617047107795825644e-12
3.640210104078852191e-13
7.434111805373594516e-14
-6.245062329763842783e-16
3.714810404224122203e-15
-1.719491466976742581e-08
3.193764156470983744e-08
-2.968767380826983028e-08
5.545999052702661469e-09
-1.744698981193125097e-09
-8.516997511090777563e-10
-3.167763767814701908e-10
-1.056139845365094327e-10
-3.355877766958221698e-11
-1.290261044630592281e-11
-3.171765677346407114e-12
-2.931138021200333779e-12
-4.404629988508551247e-13
-6.272447101577423268e-14
-3.500951299104841019e-14
5.032320882151395043e-14
-1.016379701618061349e+00
-4.393777050230612130e-02
-1.476862653282391300e-03
-4.797792598912872987e-05
1.421000453023351091e-06
4.205343625406118797e-06
4.403799944213065939e-06
2.586926077536484200e-06
-1.406474212278370866e-06
-2.483251718428879453e-06
-7.158927205343188191e-07
-1.157923929116555803e-07
-1.148367194602194214e-08
-5.611272556383444591e-10
-6.311015790822052972e-10
4.054710639931773532e-10
-7.329438180036029760e-02
7.165029389792232188e-03
6.571154102915716588e-04
3.843318466314132138e-05
1.159833567680561114e-06
-7.065415835672518213e-07
-3.598947291702242078e-06
1.909525550377345797e-06
-1.958253733593533024e-07
-2.062140545956050038e-06
-3.675318130396773212e-07
-2.594936266840979814e-08
-8.219244515967849700e-10
1.741405626910647978e-09
-2.651141005635034970e-10
1.442113155023262634e-10
1.905644332161088523e-03
-9.106925737582983061e-04
-2.325971092424552469e-04
-2.606738661885006959e-05
-1.107547971213675112e-06
-2.614701209702591978e-08
2.255654185927596679e-07
-6.245465333385171813e-07
2.502290823554320611e-07
-4.021806846129658860e-07
-1.238172722111163482e-08
-4.177851288069398562e-10
2.290085417863400095e-09
1.425432377562667489e-11
-1.143011509133518591e-11
-2.736624085907873431e-10
-2.565823080853324979e-05
1.481875801416105088e-06
2.952857386125800498e-05
8.270309328172516255e-06
2.074518953599790896e-07
-9.181253422401492929e-08
3.768696263880243694e-08
1.423491938541935901e-07
-1.244210702624266810e-08
6.681422401060875402e-08
7.698409634300859315e-09
-3.046582197428264371e-09
-3.292115139026018882e-10
-1.523025937030327686e-10
-1.909409845570333874e-12
-8.638093503630399421e-11
9.531193493614295901e-05
-3.953084324218892069e-05
-5.279583384744014363e-06
-2.535206189017028957e-06
-9.058648592652196050e-08
8.455964451495046734e-08
-7.754064443081149027e-08
1.608631990889853803e-08
-3.856779131834890545e-09
1.157661026882819316e-08
2.845340625811556631e-09
-1.201956188780295240e-10
7.622935205917670020e-11
1.792808065794445107e-11
8.831454123778117168e-12
-9.169336372641848339e-12
-9.594852600324349490e-06
-6.500677782115288332e-06
2.001896853658466226e-06
5.294992781796455219e-07
8.457559004754022454e-09
6.899353082465298319e-09
8.901463139386039580e-09
3.257340730796648950e-09
-1.391852116678954875e-09
-3.817950342886583128e-09
-3.963539921739037430e-09
-5.597831392272021002e-10
-1.613131029172338309e-10
-1.524186482259020013e-11
-4.619364077569036936e-12
5.928140966619550062e-12
-6.834799367969734256e-06
-8.908155199330349954e-06
1.925547958915903222e-06
1.392715434774814071e-07
6.732482437117628370e-09
2.342476027539888610e-09
4.097582171856104143e-09
-1.743850113035293768e-09
1.260048841630223380e-10
1.030562635592500770e-10
-1.228967683074567317e-10
1.390613995269668045e-10
6.295330661998840806e-11
7.018861789921793856e-12
1.469799682835246080e-12
-2.856460436631721656e-12
2.298420792440629846e-06
1.917847535311871856e-06
-8.230381792451491245e-07
-1.482586208255598173e-07
-1.441804646165354998e-08
-3.894605713710605021e-09
-1.659842366496823248e-09
-5.538983340346855468e-10
-6.450428820139581292e-10
2.235797624374949116e-11
-2.093454310057551466e-10
-3.007395884505730682e-11
-2.016577317573479834e-11
-2.831110574432378373e-12
-1.282491786329738497e-12
8.226718595541570318e-13
-9.737191216079209471e-07
-8.679430511780247046e-07
4.758245694959315825e-07
8.773965219489335928e-08
1.283247533754492531e-08
2.155189789793644467e-09
8.202031040194694056e-10
3.261851889517166098e-10
2.523089032992207208e-10
5.129539251684701248e-11
9.902819998321862588e-11
3.241359901822778203e-11
7.317843272622285606e-12
7.934989463877305390e-13
4.002834896543866352e-13
-3.397529966037175298e-13
-1.857005532975390860e-07
-1.856010762437017351e-07
1.238667649906176290e-07
-3.987903157411929155e-09
-4.964794890334271382e-09
-1.137209428323937474e-09
-3.376866737448702846e-10
-1.538111994338917845e-10
-5.245980744333000585e-11
-2.866704267522968088e-11
-1.902813951861557352e-11
2.698206417274524078e-12
-7.640336422696509489e-13
2.754781168884799915e-15
-1.208992901308729924e-16
1.098532597794369145e-13
-1.873887911706278331e-08
3.233370006849344047e-08
2.650051960124184883e-08
-7.805804099359809494e-09
8.556496461443557888e-10
3.658324639912658959e-10
1.111890875259396983e-10
5.796915700211732956e-11
2.258926375626991874e-11
1.434748493171285439e-13
4.008154755205743607e-12
5.730180144193848645e-12
3.012640630802869333e-13
3.456655600624082347e-14
-1.799665456945461336e-14
-1.618943657976735749e-14
4.609947719958067125e-02
1.936659356579011754e-02
-1.297599436026698402e-02
-1.014497387504663178e-03
-5.878843204452262870e-05
-4.620953836937527546e-06
-3.078519770693171319e-08
6.590160652140043571e-07
1.340203508121831571e-07
1.168415734358627198e-06
9.123853584305137883e-07
3.360752436623950293e-08
-1.347351783991947884e-08
-8.341983583156446355e-09
6.929784404388148675e-10
1.210637990134191917e-10
-1.982083158290003546e-10
-3.530737031815139437e-03
-1.168129755100400348e-03
8.301010528137104088e-04
2.151149672639318742e-04
2.394457366188710386e-05
1.950300387689525491e-06
4.777473373596313177e-07
6.135684989678422774e-08
4.734369261704296488e-07
-2.001948853692449882e-07
2.453500130483796673e-07
-1.712430104136583502e-08
-2.413522371217724598e-09
3.948844348234689996e-10
-1.245516350165762270e-10
-1.510674735869039638e-10
-2.243773879040439174e-10
1.321655564883871155e-04
8.115377268339376334e-05
5.265186421381209488e-06
-2.980078697197568332e-05
-9.276345965527711055e-06
-1.151107601308743319e-06
-3.019135146495224631e-07
-1.345844895674554389e-07
1.307104316854406195e-07
-3.190493689498810759e-09
-5.341726295754011996e-08
-4.059629267942455461e-09
9.394550938767997236e-10
7.849159831809490968e-10
-1.225508947295968670e-10
-2.037939566557363968e-11
1.278334057721327063e-11
-7.691410454570893872e-05
-6.823108375351787883e-05
4.165106340706682664e-05
5.213714420121124816e-06
2.849036982424754264e-06
4.971094235319009638e-07
9.977687060588825125e-08
-1.949631202265905931e-08
-3.134150265548231962e-08
-1.980751246691247394e-08
-1.547582704937615134e-08
-2.756851031910343314e-09
7.990283408854556197e-10
9.719312259269481464e-12
4.589312184612922781e-11
-2.164712075573001378e-11
-8.529649396459204686e-12
-2.913085907977566571e-06
1.118641225574866896e-05
6.933968098361007262e-06
-2.017252974670921274e-06
-6.771200171228142979e-07
-1.175728522414887450e-07
4.269328720702112502e-08
3.488528297736119019e-08
7.107588330521863766e-09
5.865207957810992101e-09
4.451755674274474308e-09
3.500629252902084914e-09
4.135091842391948317e-10
2.063774309749117275e-11
4.166706679494668241e-12
7.939259456007426184e-12
-4.294359411890754473e-13
-5.495192171247346328e-06
5.614366828813100313e-06
8.805963959991391365e-06
-1.896605127948410766e-06
-8.375278386857425499e-08
3.887744126018257400e-09
-1.647753154512905013e-08
-9.219442549055531119e-09
-2.240722416810982701e-09
-1.919099363593956001e-09
-3.845593981481008881e-10
2.173832172944507514e-10
-8.132509862714824833e-11
-2.594935786134333855e-11
-6.295434409618461494e-12
-1.663487751872913942e-12
3.793733298443802070e-13
7.651020264800470614e-07
-2.156112199087040985e-06
-1.908447396462603017e-06
8.125694046563363285e-07
1.361663925491019681e-07
1.374905913893189267e-08
5.697720728795705050e-09
3.506941961300784872e-09
1.518681191489327215e-09
9.306244649412350984e-10
-1.093932527118967540e-11
1.731781423275114524e-10
3.133030102706486988e-12
8.054817775654581513e-12
1.558557166688790674e-12
5.114207362628127336e-13
6.900857770514425790e-14
-2.229921067803175121e-07
9.324971029682301683e-07
8.652823839229080858e-07
-4.733449945898351904e-07
-8.587696292424701796e-08
-1.283153222866263553e-08
-3.166703144709444624e-09
-1.270105147147993513e-09
-5.935088251655949294e-10
-3.182114577934996145e-10
-4.791880832641552303e-11
-8.530629491095754930e-11
-2.250925371706832966e-11
-3.760732985076683498e-12
-5.567084995217159305e-13
-2.900031819608498015e-13
-1.080249810446841450e-14
-4.282354099060831320e-08
1.792740082748562857e-07
1.848189071303103699e-07
-1.244227418679155804e-07
3.877888723864269172e-09
5.245894379801211994e-09
1.321935648646332520e-09
4.923242633937915295e-10
2.479220476750666030e-10
7.062314374204516365e-11
2.721528582981859451e-11
1.396329864005737680e-11
-6.202587077095956176e-12
-2.797426205616008426e-13
-1.117765504195690459e-13
-4.601167913414461525e-15
-2.356853638479013621e-14
-7.832823118803600588e-10
1.739147265780709537e-08
-3.461714313896112254e-08
-2.765031583620323787e-08
7.892509502888778487e-09
-7.822038365092110557e-10
-4.411768947267416015e-10
-1.697071986804264152e-10
-7.227240077317674544e-11
-2.829774744229762251e-11
1.486386828136256378e-12
-2.649277070906744120e-12
-2.042102159298607858e-12
-4.680667379368190955e-14
2.327245388780013497e-14
6.745013757754685358e-15
1.200644301677985456e-14
-1.577287777104374455e-01
-5.257458809608075469e-03
-1.705132509931434363e-04
-5.139164875568925373e-06
2.677542706090498590e-07
1.504646626649900117e-06
1.474309131018525030e-06
-1.021653880911102849e-07
-1.024211809929769043e-06
-9.050188271982326230e-07
-1.961684928814276181e-07
-1.279211111522548043e-08
-5.217674872962014884e-09
6.367972648497749328e-10
2.404926054291787182e-10
5.899757610720532120e-11
2.774925852088866093e-02
2.349792554943453890e-03
1.343585856432779355e-04
6.265693402684003237e-06
-3.496442716915519312e-07
-1.827284136489919737e-06
-2.841105804013672045e-06
1.273385691628967950e-06
-5.392395683169824113e-07
-6.157290915267408385e-07
-4.320867843567977733e-08
-5.236107311815399886e-09
2.002392627759904356e-10
-5.814995800026674491e-10
1.111787154396006119e-10
-1.300469662660196041e-10
-3.991918322992835284e-03
-8.247113223464081367e-04
-8.274976241082386227e-05
-3.319668465813882635e-06
6.610540046570334244e-07
1.462938256953095524e-06
1.580551329130789833e-06
1.354804342484108350e-06
1.510119550723861897e-07
-3.042273180334483820e-08
4.742419670163029674e-09
-6.382414784655196175e-09
7.061222943203407686e-10
1.018105590286122563e-10
-1.225737014341000496e-10
6.430455911211049152e-11
9.358970416208740525e-05
1.213067423622315631e-04
2.737289340209878236e-05
1.536022475060799910e-06
-9.654631027715954455e-07
-8.371715048105718593e-07
-7.189205613228725002e-07
-2.126964328074643785e-07
1.431999784232505431e-07
1.812367483391786895e-08
4.147934707535321747e-09
-2.308291928663040242e-10
-4.654169321666188292e-10
-1.526945917182821933e-10
-1.398261643454661206e-10
2.210475271907070096e-11
-1.578993526353409315e-04
-2.376893592628665677e-05
-7.347328281142689833e-06
-3.283033059156147364e-07
4.889138640831426260e-07
4.044955690796328722e-07
2.270630186408262294e-07
4.242577085492264060e-08
3.255620766033318952e-09
3.248387850229058229e-09
-3.334470318608646169e-10
6.682333500658002636e-10
-2.220380752314504572e-11
7.038230408683472489e-11
-1.621161734331001486e-11
5.372686632815350124e-12
2.653597538384821952e-05
9.757232274039960809e-06
1.851743799293356891e-06
1.438956553082718404e-08
-2.843368434999389624e-07
-1.779810147140073313e-07
-6.358750080629723970e-08
-2.201985199180103254e-08
-1.220655324754188929e-08
-4.967627798179704545e-09
-8.269372382163165817e-10
-1.982673277585390382e-10
-1.126644865870591474e-11
-3.594199425732835498e-11
-8.384921059695290236e-14
-9.177725675303776263e-12
1.381028336365853809e-05
6.007627102545280992e-06
3.831288480889475852e-07
9.616018648512984397e-08
1.148766449364457808e-07
6.563006907043879490e-08
2.428088672254296079e-08
7.763905668697563871e-09
3.509298822426691890e-09
8.193250422869092727e-10
2.237307465526664996e-10
9.600335599118044834e-11
2.518367253269028857e-11
2.206087086887190875e-11
-5.056769961654610962e-12
7.481860688727248235e-12
-1.596937390031352726e-06
-2.823535318081792625e-06
-4.884470706177811726e-07
-8.405496888767084545e-08
-4.004908608067716624e-08
-2.124507322192551020e-08
-8.954480240380745148e-09
-3.222658673968110494e-09
-9.701837546304257644e-10
-1.557926046649624971e-10
-1.225590739968784884e-10
-3.554602073847328467e-11
-1.452581317353152469e-11
-3.867389082844686503e-12
-8.217866065331475334e-13
-5.021501980829672789e-14
5.852430994416285626e-07
1.616811784714124898e-06
3.088975684943347135e-07
5.068528533386298114e-08
1.521785382631563688e-08
6.611901635292497095e-09
2.947297162571180620e-09
1.058142747176590904e-09
2.667474198358813888e-10
1.974431486247539037e-10
6.027806238498096271e-11
1.555204961289923656e-11
5.313157677217786153e-12
1.575192510565294939e-12
2.999967011649058222e-13
8.303417167746093497e-14
2.126466061906459522e-07
4.648833488552195070e-07
-1.408842280413847487e-08
-1.830523538868978385e-08
-5.499531900793582312e-09
-2.071565644589242012e-09
-9.208837604742897788e-10
-3.186952823396772198e-10
-8.781949413057599684e-11
-4.668516736946356584e-11
-1.662701643486606501e-11
-2.039067163185368506e-12
-1.017417623060273341e-12
-4.342328675662181081e-13
-1.075979667405897275e-13
3.728697313624056379e-14
-4.349149914857463704e-09
-9.395685738800175487e-08
-2.934746569203385620e-08
2.678568859063810294e-09
1.508142585572114055e-09
5.130100112355767548e-10
2.130279888925896757e-10
8.846880817185308214e-11
4.471422863025447159e-11
1.723850197326944651e-11
1.087508370229898479e-11
1.959775901152159612e-12
1.885064233339266039e-13
-4.893503030675101429e-14
-7.536510753807582832e-15
-2.244908729036651128e-14
-9.705749907611530003e-02
-4.926275591948926780e-02
-3.589642226712321752e-03
-1.918490522089135288e-04
-5.819916129945599972e-06
2.143714236229608063e-06
2.313781509946730344e-06
-2.020951259804381360e-07
-2.222421098981432701e-06
2.137395403795491696e-07
1.472801883124688393e-07
-4.457263409155201995e-08
1.125608711303858171e-09
1.876531251627629971e-09
2.396024158486118637e-10
5.235509489565654207e-11
1.634266343813503282e-10
1.109411067553021804e-03
3.655163826541153130e-03
7.692807675574591135e-04
8.001809920003276930e-05
2.732725589869379026e-06
-1.267244948847936850e-07
7.886911100352282127e-07
8.008496022996905932e-07
-2.856799113474624400e-07
-2.773070866017520619e-07
-5.365985257779161146e-08
-2.458989552535650561e-08
-6.088731289517264510e-09
1.212061537061532158e-09
1.211300626063164320e-10
1.096001932406466310e-10
-5.042185351725138731e-11
9.103932259098408382e-05
-7.967200776085352958e-05
-1.208809370014633523e-04
-2.624789113489190632e-05
-1.015310311790163017e-06
3.432872776078034411e-07
-9.690614606148958377e-08
-4.360518667147662474e-07
1.342290707226039855e-07
-1.827603058406026682e-07
-3.687063333577874646e-09
5.072003612592738087e-09
3.507248515760458119e-09
4.700189710698574738e-10
1.808035577184328481e-10
2.437736816639541939e-11
-1.842308001817585315e-11
6.257268251335355597e-05
1.694661039147963980e-04
2.478070943328163802e-05
7.032855614477727605e-06
2.413684806392824885e-07
-2.706136816009310959e-07
3.119839109057284402e-08
2.476126594355800052e-08
-1.072981148403751382e-08
-8.118976129395687637e-10
-8.697773236603855521e-09
-3.861286260838608835e-09
-1.106766378640464659e-09
-2.218036266504861857e-10
1.582747271181808789e-11
1.751851284473344511e-11
8.487220075929775143e-12
-8.255256624263869572e-07
-2.626158373304036410e-05
-9.579239708059448326e-06
-1.795963514349830151e-06
-4.523802174030400291e-09
7.505552593887120218e-08
3.176496361216652503e-08
1.973167727513808974e-08
8.532784875756784109e-09
1.320881905859656426e-08
7.449251366100019393e-09
2.048562996917598644e-09
4.766609966645228006e-10
6.295425243346216879e-11
1.987557458257927633e-12
-2.520041551278475814e-12
2.356958157231240206e-12
-1.198233911353923720e-06
-1.384207137856080965e-05
-6.060780265205633706e-06
-3.994506044161168078e-07
-6.373583866271953456e-08
-4.294106023744133434e-08
-2.951875101624736697e-08
-1.040475856139077946e-08
-5.198993737062023795e-09
-4.416071964302864586e-09
-1.758402646906948624e-09
-5.960437993319292460e-10
-2.066920687108632154e-10
-3.936230680313876984e-11
-6.591321463723282052e-12
4.502994588697792467e-13
-1.116351528837817398e-12
-3.680352716436527564e-09
1.572508439671005094e-06
2.829277512849709057e-06
4.880376044428520771e-07
6.763793643065933639e-08
2.412818530272251335e-08
1.293601557423800163e-08
5.940118730880088621e-09
2.654519800656702813e-09
1.261595075304227256e-09
4.308014178341640705e-10
2.367271561598764923e-10
7.051739655974782312e-11
1.495052706193204765e-11
9.385719023226809473e-13
-5.397624111952825202e-13
-9.800609473501996185e-14
-1.975954662023711661e-08
-5.833957803581742752e-07
-1.617410924305583857e-06
-3.068110199262180569e-07
-4.620218958360492948e-08
-1.130477812514999777e-08
-5.141145703393547805e-09
-2.285766777563910273e-09
-1.019283913916947802e-09
-3.781567101517437923e-10
-2.787809930902825153e-10
-9.532937984816628051e-11
-2.473403591319310582e-11
-5.076086893176963418e-12
-5.548316442203673993e-13
2.069202620819095675e-13
1.299565374755988324e-13
-2.200538992006958647e-08
-2.155612832565831687e-07
-4.651874544182650026e-07
1.320871384401596696e-08
1.695544401391567057e-08
4.744241687214022225e-09
1.815303286596670527e-09
8.157812094092393551e-10
3.423537703758894860e-10
1.258718958060227179e-10
7.060892255919827654e-11
2.565771171298213352e-11
3.950412946025788142e-12
8.013765794913358735e-13
5.326569430594391425e-14
-1.073071644883744764e-13
-6.381853829837947870e-14
-2.000332015582811648e-10
4.811794911811294076e-09
9.415497102517005956e-08
3.045234342731174417e-08
-2.340656193154294702e-09
-1.597260143232012540e-09
-5.797347759914223844e-10
-2.424730448779113572e-10
-1.196806620820579467e-10
-6.531940011167839417e-11
-2.729930712385917120e-11
-1.209749266658025609e-11
-1.968765235044404066e-12
-8.795917735084415974e-15
1.937460213861851124e-13
9.834713775793992730e-14
2.325660564080244731e-14
