1.302096616809899632e-01
1.030229447692839972e+00
4.185177909332713636e-02
1.193815448143761447e-03
2.836209136510183180e-05
4.011891681947279585e-06
2.766574935050442226e-06
3.508457799175004916e-06
-4.787555963122206675e-06
1.747692347639330190e-06
4.064206381904750774e-06
9.195937569235421087e-07
1.316974200173931660e-07
5.070314432478985565e-09
-1.782997332507841468e-09
-6.402707869378519284e-10
-7.288480220724344268e-10
-5.052060280874988429e-02
1.375126512472281959e-01
-1.418878762799219602e-02
-1.122191530353953493e-03
-5.507584054874864303e-05
-3.551064331305732383e-06
-4.003162954935228701e-06
-7.644940243851069733e-06
-3.428013853164403804e-06
1.959538590489476679e-06
6.032827765687787255e-06
8.051873893049615375e-07
7.300739274650574606e-08
-4.969456862543120050e-09
3.475409714043608780e-10
-2.987598779641245095e-10
-8.972731286449220566e-10
1.459087034639693081e-02
-2.020867095661888543e-03
3.928940615708077962e-03
8.260880561656056909e-04
6.861528482951328002e-05
5.248991462124965103e-06
1.854712293108625116e-07
7.527532761712020207e-06
-2.916150358007470670e-06
-4.167372156736201240e-07
1.745943660373236668e-06
-2.670430748474041279e-08
-2.161440924841431440e-08
-4.200489751022549259e-09
1.775811471547571200e-09
-1.443527673182169441e-09
6.384206825450674305e-10
-1.498814640433476222e-03
-9.918317200137169269e-04
-5.210352454836379623e-04
-2.534626122261921400e-04
-5.427999427543536058e-05
-2.596654520245025283e-06
-1.579672005009587014e-06
3.510285871966543551e-06
4.145807635195358231e-07
1.456668066321598140e-07
-8.247888533281235544e-07
-1.529040026495671320e-07
6.871633376070172796e-09
5.353857769552376743e-10
-4.300578588657019518e-10
1.051914604423942612e-09
-9.158455290403055064e-11
1.133639302129837268e-04
1.442037171659987349e-04
1.416503535481265937e-04
4.557789155773313164e-05
3.292041514427748527e-05
2.813459751788955755e-06
-7.585686613178157176e-07
-1.686900853738951141e-07
-5.818003143233182556e-08
3.147498817937832428e-07
-1.341328093658106297e-07
-5.197330148593063724e-09
1.117614967793285119e-08
1.105306524879393458e-09
-1.911409005862226324e-09
1.229345178499697218e-10
5.390893075244253128e-10
3.446075333760107329e-05
-8.785899396702020689e-05
5.510286905065356037e-06
-1.323834207915413609e-05
-1.362323565248125406e-05
-6.309932952295839417e-07
-1.181155556234410885e-07
-2.155460214635631061e-08
1.764219424165229109e-07
-6.235076438282230214e-08
1.352685047692879678e-07
7.658056591149326589e-08
9.578939383568859317e-09
4.778000001535421382e-10
-4.369626600453528331e-10
-5.830705846446708202e-11
1.139704211357451844e-10
1.294351247392582665e-04
-9.072808662175989791e-05
2.052539607246444190e-04
-4.894785663642907983e-05
-1.619245524068920172e-06
1.887317359931938726e-07
-2.380312000821098188e-07
-3.778520554802089201e-07
-1.618102855862703001e-07
-5.262286327979147327e-08
-4.540972481228637099e-08
-1.511433382606268042e-08
-5.558792480207251629e-09
-8.272513043944500606e-10
1.486627797263932192e-10
1.198510309443441984e-10
-1.325700229009089918e-10
-3.263105767997249242e-05
9.614607820694745293e-05
-5.472055762139215373e-05
3.919309515079955465e-05
6.893474606598334484e-06
6.684297880105116615e-07
4.819769573730755075e-07
2.871219236992819532e-07
1.469643752117258928e-07
3.497653806968799570e-08
2.158810306444969229e-08
1.339931769754985638e-08
1.393771498856834014e-09
6.860544813853596341e-10
3.206639558573103007e-10
4.748271378394115750e-11
1.714586133887227908e-11
1.182065406245296842e-05
-6.315175606330246556e-05
9.443758911227154577e-06
-3.601788873352062544e-05
-7.403725420610229044e-06
-1.336758571937796992e-06
-3.729160992260969337e-07
-1.965717313653551930e-07
-8.746021893411490934e-08
-3.412438743913856298e-08
-7.548723711129026830e-09
-1.092066669976488577e-08
-3.250289910108944819e-09
-4.602734369760957639e-10
-2.179970819559202744e-10
-6.236385069840862878e-11
-1.174093766790126253e-11
8.508917542574900180e-06
-3.095441586809833545e-05
3.358783574813890935e-05
-2.110694818349629891e-05
1.131137758845887781e-06
1.062530872711194657e-06
2.994632971699792945e-07
1.115324218456571682e-07
4.339420285187682712e-08
2.150942690611925684e-08
1.999064889017180960e-08
3.849509126737291052e-09
4.774321700741130290e-10
1.351873685849416036e-10
2.760549405502908733e-11
1.220153392142221268e-11
-9.582567882738243698e-14
6.327619381644749504e-07
-5.465384904315575349e-06
1.114699795257028308e-05
-7.941172122395203311e-06
2.165661467907347152e-06
-4.636102869943771727e-07
-1.496525613987614518e-07
-5.273333547947285055e-08
-1.772694196705095624e-08
-8.471028069833678528e-09
-6.274563218380962039e-09
-4.243181548110361623e-09
-3.731953035398711909e-09
-2.704285808834265140e-10
-3.153009342201507812e-11
2.257334068219841610e-12
2.956296408581007467e-12
2.622968915921560992e-02
-2.543466112317179298e-02
-1.753550887463222688e-03
-8.101424881278232871e-05
-5.645416160482097640e-06
-3.882931947055032231e-06
-1.583635919514531359e-06
6.942913322429991078e-06
3.133370102388351165e-06
3.025399598821052643e-06
1.097224877151983714e-07
-9.108748306800673223e-08
-1.146756726173995677e-08
-6.000827913738565039e-10
1.966791691623963030e-09
1.279769368163679205e-09
4.990597251777016815e-04
3.629319446490382635e-03
7.657914570318926240e-04
6.435226889117817294e-05
1.766049555524805721e-06
2.506519795773175881e-06
-1.350069394405425693e-06
-4.423283563711713029e-07
-7.972676156524756424e-07
1.304368275487103835e-06
-1.373560696397217274e-07
-2.937573945981058537e-08
6.163226017792687021e-10
-1.504142051547160242e-09
6.640823014495430907e-11
2.008138206057616920e-10
-8.552362798322742099e-04
-5.000411325695757652e-04
-2.579230350665411594e-04
-5.338393451403693511e-05
-8.553600862900693430e-07
2.312939901689281659e-06
-5.572613202315117059e-07
6.326817087963818858e-07
-5.234382814102480122e-07
-8.570655544413776488e-07
-1.893467410504851703e-07
1.845626396366114314e-08
5.728492434460159729e-09
5.732183621631541738e-10
-1.098616276671481101e-09
-1.111089668485901635e-09
1.498760187528300853e-04
1.490651086297921292e-04
4.477309657114798293e-05
3.345193160071803165e-05
1.019165635003662658e-06
-9.012585075529508327e-07
-1.846221523501508134e-06
-1.362949141185462542e-07
3.259133459263599078e-07
-1.048985738201676212e-07
9.481718222809119568e-09
1.418208551489509753e-08
-4.465307637659279036e-10
2.588328004338115509e-10
-3.486435023491814901e-10
-1.969081272226465764e-10
-7.321123170432743783e-05
6.501435627182535475e-06
-1.537977333475562089e-05
-1.256427255344366823e-05
-4.666406465943632465e-07
2.530794167613675470e-06
1.359500273508284462e-06
2.069269077598699391e-07
-5.217759948407327472e-08
1.098765315717831766e-07
7.038923258525454660e-08
7.832821414627005694e-09
-4.545047287639597378e-10
2.910396013721390253e-10
-1.866273837987753088e-10
3.409086017460891266e-10
-1.178145561832984395e-04
2.041469526656946156e-04
-4.795861397875037283e-05
-3.038960001114314825e-06
-7.906058978001570877e-07
-1.401171112641600409e-06
-5.210619663645812644e-07
-1.864993632398379361e-07
-5.009634772883399485e-08
-3.367153322231704386e-08
-1.176378946345018030e-08
-5.370550326011993367e-09
-1.424754686757558780e-09
-3.711091108992069913e-10
2.277491184283067380e-10
-1.230823775795464139e-10
1.008516105329569819e-04
-5.500491697927408532e-05
3.924668054132314081e-05
7.770290542385889317e-06
1.374695554150261223e-06
6.884490093676171222e-07
3.424144299216274655e-07
1.522171278547829313e-07
2.218277848894800150e-08
1.506230584519182263e-08
1.188856619190009075e-08
1.753589315912896262e-09
7.726928408586460274e-10
3.098977496528366307e-10
-2.264250757264652538e-12
-1.890919729383298190e-11
-6.405377458188174001e-05
9.444486174742704732e-06
-3.614364253680172175e-05
-7.817670310265284581e-06
-1.582958305144079431e-06
-5.013593430616796519e-07
-2.375329644515251685e-07
-8.774538304918700031e-08
-3.019276768563733695e-08
-4.922167123868322712e-09
-1.012652880244010568e-08
-3.377771797183892313e-09
-4.897118514535944897e-10
-2.141842157175761965e-10
-5.948351720527036731e-11
-3.693136712780876764e-13
-3.192731871586704018e-05
3.350302187153582660e-05
-2.106108215042251240e-05
1.352956744907051168e-06
1.173000602868559120e-06
3.673882791795122354e-07
1.525981265459256069e-07
6.034900701350447676e-08
2.409953659770487680e-08
1.877642483439179944e-08
2.397407653516101150e-09
-5.522195394191567723e-10
-6.682682611111103419e-12
6.365718350073087463e-11
1.426550533754699905e-11
1.952068562486209833e-11
-6.163463317327214086e-06
1.148656076990286571e-05
-8.467910103422246530e-06
2.028391202091504532e-06
-5.235922919771021002e-07
-2.474573726102423091e-07
-9.291715623797510519e-08
-3.064333287759208127e-08
-1.392694647009539994e-08
-9.404470111322188824e-09
-3.876684080956401397e-09
-1.766864938199749054e-09
-4.356619197854756660e-10
-1.016089205522808446e-10
-1.719066579480992703e-11
3.278355442749295002e-12
-1.022710770419857029e+00
-4.168641689038554698e-02
-1.188239253075232867e-03
-2.459461943059663088e-05
3.484809793388537743e-06
5.251771692474818367e-06
7.679650877272633575e-06
4.595881853174471465e-06
-1.323653480596655668e-06
-4.042370997080142204e-06
-9.136864852612187461e-07
-1.244759742858629994e-07
-1.602602551477623224e-08
4.235528712198738708e-09
-3.772690729047509251e-09
3.552941195359715603e-09
-1.446425393374038415e-01
1.384351443724533837e-02
1.111607526394163201e-03
5.304579507344839447e-05
1.142229089284846389e-06
-1.289945689220414026e-06
-6.999866215912051666e-06
6.202990208849366311e-06
-9.795189953794526348e-07
-5.895492634634589347e-06
-7.788856270478344130e-07
-6.123406794411538609e-08
3.598107615313562582e-09
3.540313093576461440e-09
-1.453617417450485708e-09
1.846734206467571960e-09
7.199815307048622673e-03
-3.524945920970823290e-03
-8.047484433797666989e-04
-6.969887526194904132e-05
-2.386009903931733418e-06
-1.284248614019131593e-06
-4.414700872068160045e-07
-2.597264514473011065e-06
7.141698040047230812e-07
-1.797917606754327831e-06
1.650777505194837339e-09
3.211373771533674631e-09
7.744004631232860471e-09
-3.903916287932238424e-09
-8.565178600114661043e-10
-1.260070913409069274e-09
-6.291673012656650047e-04
2.487527419939400105e-04
2.338393335618990036e-04
5.332746288423687383e-05
2.974811577946215685e-06
7.636269349034853223e-07
-2.832435175212332093e-06
1.291747063084488992e-06
-5.138726430669498419e-07
9.232441693018601319e-07
1.804823733168614375e-07
-6.963975371431734278e-09
-3.301574322856699695e-10
1.041440320251006977e-09
-9.213897884751292004e-10
-8.077079741569355253e-10
1.736043063804235543e-04
-3.467261796025943709e-07
-3.206298064887027342e-05
-3.438273680080339718e-05
-3.215722219570206699e-06
8.959409576647381080e-07
-1.435011059639634826e-06
1.831990237295511738e-07
5.334279338623054003e-08
5.344923677157629447e-08
-5.861484090057990457e-10
-1.122870741762217987e-08
-1.275158152378181070e-09
1.025447876147039108e-09
6.850742927318801666e-10
-1.717874016906686448e-10
-4.669330105016211620e-05
-6.489394601993745272e-05
6.811281036597236726e-06
1.441549091608146928e-05
1.169721296034486057e-06
4.864338530538951144e-07
7.566010161184766870e-07
5.930018632715168061e-08
-4.396254586744169513e-08
-5.873258563870578676e-08
-7.347797243345052460e-08
-7.584622798562717725e-09
-9.921764192027794108e-10
2.723618810251869489e-10
-1.153475479276378790e-10
1.381781725158409996e-11
-1.894352566858702636e-04
-2.126267549166087920e-04
5.076148299573186732e-05
1.246681202752132285e-06
-1.043592743196298920e-06
-1.874407770796123115e-07
8.114594985981327594e-08
-8.087025461671283418e-08
5.350180186442479452e-09
-3.874165440315219120e-09
1.288470149621626582e-08
3.875236505666904435e-09
9.712759439688718139e-10
-5.894337879738697938e-11
-1.134253214997024671e-10
8.227416475962805194e-12
1.070088709864619252e-04
8.642353761204047953e-05
-3.725279451804086508e-05
-6.202771112477837079e-06
1.453639394982420057e-07
-4.773532345638542570e-08
-8.999957249801136147e-08
-7.201646404161553451e-09
-1.226252567102530049e-08
6.397217997648757456e-09
-1.151728918539848974e-08
-1.939332771099372351e-10
-6.339925720232513859e-10
-2.218105130080010724e-10
-7.321695012144494233e-11
2.455113101343581269e-11
-6.332244134123623614e-05
-4.583492432395231401e-05
3.141078082835039502e-05
6.516683590224227182e-06
7.417442343534066861e-07
5.800922648293090430e-08
4.973610746881349327e-08
2.618084836437630486e-08
2.511103496116914458e-08
-7.950889579708214751e-09
9.332912253686094733e-09
2.434629071631050543e-09
3.452754062216949182e-10
1.733241826561943402e-10
4.412193485444499312e-11
1.711006648078347236e-11
-3.671311112136703045e-05
-3.527390628697049104e-05
2.447773766978308580e-05
-2.882779177111675910e-07
-6.928440903935129940e-07
-1.192125863129286764e-07
-3.328216623826018363e-08
-2.218830550460087419e-08
-1.305812118069447051e-08
-7.104868320341797289e-09
-3.585543814588032357e-09
5.277594998912201343e-12
-5.579158831886791020e-11
-1.830890726127302763e-11
-1.253770627633478776e-11
-7.706750073974034816e-12
-6.726170899411377296e-06
9.847474176913817765e-06
7.262892597475680672e-06
-2.636494208807672846e-06
2.868874378508300540e-07
7.421269184877972273e-08
2.161847227954370972e-08
1.416399434666571535e-08
4.059081854341620997e-09
1.312951338925998694e-09
3.663915185393299002e-09
3.591546995621748678e-09
2.229169491435785282e-10
1.834391426963540413e-11
7.544740998050114154e-13
-9.877242840934822307e-13
8.799778229289360876e-02
3.728895102290529645e-02
-2.493945154611056786e-02
-1.737362642554182062e-03
-7.924138433967127700e-05
-5.111706433308979675e-07
6.104999822136341371e-06
3.166874236844178282e-06
2.649632270911742419e-06
3.459885598401861402e-06
3.046832672367428630e-06
1.338242624215775542e-07
-8.385051966833619615e-08
-4.477196119225933783e-09
-6.500162096258806708e-09
1.937226194873334294e-09
-9.062233106514872022e-10
-1.350393012460308212e-02
-4.304236685752001537e-03
3.244393639256399915e-03
7.447330415197703961e-04
6.473041339542231695e-05
3.516409249466271628e-06
-2.063159260681148343e-06
-2.990034265323585069e-06
4.025507124883631384e-06
-1.095907332495221288e-06
1.333812962843988554e-06
-1.214339352965951011e-07
-3.160776566956430027e-08
7.728151909895714097e-09
-4.061303508114511844e-09
1.014167364133487333e-09
-2.118873866471277510e-09
1.404629065642277975e-03
7.764130523140225747e-04
-2.283328140481337063e-04
-2.394639947518224798e-04
-5.622066848004012170e-05
-5.033949703449995335e-06
-1.986952305079689586e-06
-2.745019912097786775e-06
-6.680016023365006604e-07
-8.732241612449543974e-08
-8.760688195010428977e-07
-1.910478916978844010e-07
1.354823059664490978e-08
3.136875763398905569e-09
1.247070643717117725e-09
-1.174046963632620525e-09
-4.592684272544045649e-11
-1.243637350055905994e-04
-1.652467376454855969e-04
4.023817311830529491e-06
3.056041576138492013e-05
3.458007605250671063e-05
5.506562958820736412e-06
2.733871207558001211e-06
9.843524303338289428e-08
-2.309896611246282657e-07
-1.253017434633708165e-07
-6.811728785691528984e-08
5.811274917573536324e-09
1.807421153593288777e-08
-6.399573817807467381e-11
9.934666974992293829e-10
-5.962893624968019326e-10
-1.214654476718791944e-10
-3.267718623175283019e-05
6.211467631372631724e-05
6.726083623276191289e-05
-6.646058919642167380e-06
-1.700343099874201581e-05
-3.508549380635302168e-06
9.866326806045087484e-07
4.124561393609782830e-07
-9.615087560875882549e-09
1.163694855805953724e-07
5.826331619108576095e-08
6.842358632952110654e-08
6.153001384387737059e-09
-7.233090566873920834e-10
1.828947032248601140e-10
3.304364623683134749e-10
4.685266573815854208e-11
-1.284289781323372898e-04
1.599787297072801338e-04
2.103428652667724296e-04
-5.021484593191185105e-05
1.284854376859556607e-06
1.340029830187221050e-06
-5.984557421409888849e-07
-1.318371274198007539e-07
1.863662661286419061e-08
-3.881383147527233910e-08
3.434285787964484908e-09
-1.047750229781483343e-08
-3.946193716877896552e-09
-1.024073872512531988e-09
-3.531748072489502639e-10
-8.366786306929854963e-11
8.124558694414382381e-11
3.417207447079623309e-05
-1.009221904174048329e-04
-8.612395850804389300e-05
3.666010848642626803e-05
5.141141279275028340e-06
-4.229600308385135294e-08
1.007178225828269384e-07
1.155887039755996826e-07
4.114865840834656708e-08
1.726292546490312849e-08
-7.670485475226555520e-09
1.054360365091995904e-08
3.030539418765894256e-10
4.127772834196741781e-10
2.520564596704148530e-10
2.651836834242166131e-11
-2.198378818388754004e-11
-1.249954201641987029e-05
6.185027262931992969e-05
4.579344232539167342e-05
-3.112502258269307128e-05
-6.257705489661748021e-06
-7.615386055589302517e-07
-1.107419824569173261e-07
-8.369270103444257752e-08
-3.891347325216376080e-08
-2.686484418233196738e-08
7.277126693280325769e-09
-9.028746198709683754e-09
-2.221233393919806052e-09
-2.545340454979910866e-10
-1.740376897940839057e-10
-3.018823601546200002e-11
-2.059999891547209796e-11
-8.102074648225892088e-06
3.589783492747305750e-05
3.527180413319975372e-05
-2.444182108842750999e-05
2.815109287796151223e-07
7.103525815600407646e-07
1.416888391027825949e-07
6.397216722115059705e-08
3.859860749561046949e-08
1.660344362784232929e-08
8.131687222486753584e-09
2.690069845461227668e-09
-1.324357467796578065e-09
-1.335419212404893754e-10
2.055994277185999142e-11
2.209525543424652244e-11
2.158739542103853316e-12
-3.959632644934510490e-07
6.250487739208096737e-06
-1.137563509650315221e-05
-8.060362790675294328e-06
2.744635531879361845e-06
-2.417209375207500665e-07
-1.149669609776249933e-07
-3.855501662605256175e-08
-2.004185611676883751e-08
-6.572491257788777628e-09
1.106627597858246994e-09
-3.339019468940709024e-09
-1.229518472201950156e-09
-3.129795722757568645e-10
-6.888058300155199059e-11
-1.502711690911445287e-11
3.225958016230894536e-12
-1.491037730620600743e-01
-4.183803608591935355e-03
-9.671859252512743778e-05
-1.298046534476197827e-06
2.456793192186277054e-07
-6.104692057119034662e-08
-2.815847007667492192e-06
-1.759736408052768458e-06
-2.171158687470814604e-06
-1.409507874340664995e-06
-1.364287140996453845e-07
-2.078311467929304550e-08
1.689858617654312495e-09
-4.033679822376944949e-09
5.825937850057603392e-10
5.273631791796985597e-10
5.273677685742951537e-02
4.037278183397047596e-03
1.825742942201847999e-04
7.209271657168751565e-06
-1.043867428777720112e-06
-5.001430765937793786e-07
-4.174308550228282039e-06
6.800766422564990167e-06
-3.800064937352549953e-06
-1.329573240247957739e-06
-9.554640186979223237e-08
-1.657549216293529664e-08
7.107702025100475557e-09
-2.637224415490537169e-09
1.491573697207777593e-09
-9.344944106907633773e-10
-1.523032446639728532e-02
-2.870674712650041985e-03
-2.486300425048111498e-04
-1.079309626502558331e-05
5.414187121383711169e-07
5.000933136192585409e-06
3.793702843384340385e-06
2.834217973351875045e-06
1.084139637778554594e-06
-7.043112244548285335e-08
-1.021788102948776563e-08
-6.125408831577334378e-09
3.043879999184760296e-10
4.634605631635715082e-09
-1.086461818730575990e-09
-4.399976470148064664e-11
1.383062420779731161e-03
9.192020971522091690e-04
1.689119918747759939e-04
1.131215954863158598e-05
-5.338755003086159729e-07
-9.448849372769977633e-08
-3.457262868678608391e-06
-2.012765418694489664e-06
1.558096686317075989e-06
3.280193662437626602e-07
-9.876746249276641187e-09
2.999626890487321787e-09
-6.999553527367149557e-09
3.187629816945331297e-09
-2.388067060268671302e-09
1.170434026525659057e-09
-8.627793127461979856e-05
-1.640231226669126635e-04
-9.774577259070429611e-05
-9.707907139983158347e-06
-1.208040827265065506e-06
1.304897892434110918e-06
1.056763124946896912e-06
5.432435673213071335e-07
-1.625139264179201714e-07
-1.710705323030232643e-07
3.364575704840453169e-09
4.024898920571916992e-09
-1.304891276248634017e-11
-1.382568284166373815e-10
-2.944673537808003717e-10
2.161848433652838576e-11
1.023816942044174558e-04
5.540794449319411764e-05
4.689092081804298372e-05
6.655839697475405905e-06
-3.230221248513752168e-06
-2.023952927809903726e-06
-3.477639033858057283e-07
-6.927607343374516858e-08
-1.569707882240600753e-07
-4.505335776356531922e-08
-1.556204818666093454e-08
-1.662942784216135472e-09
4.450924227507886996e-10
-1.099969516467170550e-09
5.524473083071752907e-10
-3.400884316782974509e-10
3.724905624054297964e-04
1.645849991790411364e-04
1.842739947716118620e-06
-1.675081487792535412e-06
2.907601351524515246e-06
1.402654720326982034e-06
4.084052607384084893e-07
8.948367527428600523e-08
5.918572745052872527e-08
3.465970538589623577e-08
1.731591076740734913e-08
1.851087149551300619e-09
8.307812238766698861e-10
4.137285623202610293e-10
-3.026786268586958356e-11
7.398765435160105268e-11
-7.912010880381634050e-05
-1.262550752023130758e-04
-1.934932456673267920e-05
-1.663675954719635876e-06
-1.436967399470048411e-06
-7.986098283219671101e-07
-3.362395122900201919e-07
-1.141346310699279638e-07
-2.743651174135780074e-08
-6.481314065599167491e-09
-9.100232524918936812e-09
-1.190114999237915482e-09
-9.296651291375616149e-10
-1.233092088452997650e-10
-5.475602767335110790e-11
-1.020572403100886187e-12
2.500083677453608649e-05
1.031453264359724804e-04
2.252148853001083436e-05
3.281759906424140422e-06
8.972963314278712814e-07
4.564168553439761955e-07
2.149928713627426869e-07
7.061640050679929108e-08
1.538540577643849026e-08
1.410182589023090952e-08
8.036139966212017782e-09
7.451933269162780537e-10
7.217275915158048180e-10
9.936973068390317323e-11
2.420031488453320435e-11
-9.628770086821709905e-12
3.823601841502695419e-05
8.951669383601330323e-05
-3.465519359046242205e-07
-2.629255211890784123e-06
-6.509679251409572959e-07
-2.711104570610663776e-07
-1.215304210206384827e-07
-4.657804070217618645e-08
-3.568530328597271566e-09
-1.098409709954515039e-08
-5.514016895929978766e-09
-2.314364542096182294e-10
-2.095114371816428958e-10
-5.824279640866927542e-11
-2.628969513965752228e-11
-2.042696292694298880e-12
-8.320894206143268400e-07
-3.087724988479490640e-05
-1.016804951975051487e-05
7.510091822962572347e-07
3.649880802681376610e-07
1.094183087590755237e-07
5.496012789194466030e-08
2.533419132801952581e-08
7.348626340674212085e-09
2.326069069110351748e-09
6.108293268869808752e-09
5.574919736350531557e-10
7.965605667349730228e-11
1.441956520864687415e-11
7.890749384501164657e-12
8.802863577409009204e-12
-1.904450426727148926e-01
-9.397311308743233615e-02
-6.211062122549414026e-03
-2.731726460530775375e-04
-1.096824492509258630e-05
-6.737202122079774541e-07
2.626300173860708557e-06
-1.162596779746068906e-06
-7.762776332902810002e-07
2.879130947562334395e-06
2.953204805596353772e-07
-1.444045893439559590e-07
-1.913205802580325151e-08
7.627135344039950642e-09
-2.957563121100314940e-09
2.905428373634643650e-10
2.058802199501972175e-09
4.433682330603598738e-03
1.395506991869798104e-02
2.673823776423063514e-03
2.345166333113282004e-04
1.172878643756248417e-05
1.573666885506874374e-06
5.601635007123794194e-06
7.881675165959727375e-07
-4.140767953352452447e-07
-2.054415413622758613e-06
-4.148656420547193498e-08
-9.165947669176380746e-08
-3.894815261505955073e-09
1.993880683755645110e-09
1.058154139219816427e-09
-1.510615427334376367e-09
8.662195203919074106e-11
3.842798017004828127e-04
-1.281432640925464928e-03
-9.179152590199021484e-04
-1.681213774081081818e-04
-1.048706164466377581e-05
-1.462057044825316903e-06
2.958070461265879403e-06
-2.446734823890566224e-06
1.851280354368125447e-06
-1.759465873816701786e-06
-3.072629235253616259e-07
1.833075598026581528e-08
9.718472652704148404e-09
-3.445356472875182588e-09
1.618325314494125961e-09
1.909795956474272875e-10
-3.771917714468579464e-10
-7.824640474527286987e-06
8.457969799044783379e-05
1.667660213020581217e-04
9.627856683279444917e-05
8.833796468227737007e-06
-1.026750450059003571e-06
-1.525467215641660197e-07
6.574789452640835049e-07
-6.545607690934409059e-07
1.967108975475858535e-07
1.279463675405855400e-07
-1.322352202121215477e-08
-6.658473897876905368e-10
-8.963759213413291798e-10
1.153824526998024368e-10
4.243183692575093091e-10
1.875011241876141027e-10
7.070783719631479203e-06
-9.732341878831990293e-05
-5.282625738640086725e-05
-4.518079202625328909e-05
-4.464592753364225721e-06
-1.241863614790376937e-07
-1.925901096922252926e-07
6.937904047757177532e-08
-1.595489693414884612e-08
1.836041393236479892e-07
7.112315598296945409e-08
2.600989656131394009e-08
9.842432469254833041e-10
1.034386422637031691e-09
6.016374508032310109e-11
-2.450887052549457429e-11
-8.439840588682802894e-11
-3.524797279746457449e-05
-3.755726326071997666e-04
-1.665993734347155186e-04
-3.177171517331569523e-06
1.828297070646945017e-06
-2.323085603239835357e-08
-4.690270414015739510e-07
-1.825764873640762538e-07
-4.627768351900460286e-08
-8.716239494233054272e-08
-5.088698949244363160e-08
-2.171588646787438214e-08
-2.172648790795240404e-09
-5.855885520248426976e-10
-8.793888862153212559e-11
-1.843261100438312813e-10
-2.981965128648774217e-11
6.042153602279149634e-07
7.848854429817867006e-05
1.269693255353951324e-04
1.976172612915705627e-05
8.476905256846829771e-07
4.664428733914064397e-07
5.223283621626337470e-07
2.240990876729399082e-07
1.005310615818469939e-07
4.194831495550247802e-08
1.389878705999552482e-08
1.072180723840774755e-08
1.641219250330465906e-09
5.142118272515282296e-10
6.255437058808100198e-11
3.562511794043057852e-11
4.821755433513806002e-11
1.542943800532631196e-06
-2.463825215587587129e-05
-1.034240721217619769e-04
-2.247814778107968842e-05
-2.814702834920663227e-06
-5.674477422491533953e-07
-3.884053874976650666e-07
-1.741724186442970808e-07
-7.469824778901933735e-08
-2.379692454843041110e-08
-1.806753792788606170e-08
-8.836542848915604938e-09
-9.406164532401625262e-10
-5.588885349202930921e-10
-9.233274616326589911e-11
-2.626115580866541399e-12
1.532290529691259552e-12
-3.219506151531626487e-06
-3.834113198745693835e-05
-8.933797288275977465e-05
2.489367271780141812e-07
2.330970122879962663e-06
5.619322745193706859e-07
2.590012348027996222e-07
1.257145161589489377e-07
5.809067172776175970e-08
1.130930753949067378e-08
1.635448312896577282e-08
4.173844913665328993e-09
-1.538953824224720964e-10
2.749238370155095111e-10
5.221026480106718342e-11
2.285829539462897151e-11
-5.729554706155736597e-12
-1.803124114472072859e-07
1.016484695615006474e-06
3.082763747203362363e-05
1.084480455547409919e-05
-6.332721169976199519e-07
-4.581959991962114287e-07
-1.600425125750522850e-07
-8.091683496427809894e-08
-4.560057091551259750e-08
-2.097240215378670291e-08
-7.648416612728556515e-09
-5.913426831951322024e-09
-6.146506476030331847e-10
-2.415566812829032472e-10
-2.653853679809789323e-11
-5.892099066722045936e-12
-1.195334945680028841e-11
