1.405975987212980671e-01
1.024688271834237163e+00
4.482327107407299560e-02
1.565339984671272481e-03
5.578864790395641246e-05
4.599962875888585113e-06
4.427610096047632855e-06
3.399820707472676449e-06
-1.275691715523087140e-06
9.983865281525390800e-07
1.924188465911366917e-06
6.738691141292869803e-07
8.543377016771461008e-08
9.339035406244728715e-09
-1.082416424227937708e-09
-1.286935848750011949e-11
-5.274790435077082805e-10
-1.461541201534300415e-02
3.795486714717474092e-02
-4.101084608168786665e-03
-3.803181557934799911e-04
-2.244807153706780312e-05
-1.418949080522977446e-06
-1.181279233044949892e-06
-1.837617379035187477e-06
-3.638938967462478147e-08
9.905601709408188755e-08
1.030917575893290542e-06
2.120318270925993459e-07
1.981461623268173643e-08
3.081641774720629537e-10
-6.647069093439507109e-10
-2.231568951753012198e-11
-9.512903562365418384e-11
1.161948469977588201e-03
-1.118451403393261627e-04
3.170025786683516107e-04
7.324244698971912459e-05
7.540468384835938229e-06
3.055372583965862003e-07
9.686332187133274587e-08
5.649668036846779659e-07
9.172204877499229989e-08
-1.895561649957503065e-08
1.123762763634306780e-07
-4.675952462236169842e-09
-3.082931042598077838e-09
-1.114982260940840344e-09
-2.303339253941415631e-10
-2.308180516367563752e-10
2.310962210360076228e-11
-1.838848067861344646e-05
-3.969936633078664226e-05
-3.568909925046855473e-06
-4.785450039625944532e-06
-1.256962608524178595e-06
2.324214590395034904e-08
-9.300458270066778191e-09
1.596672504267846476e-08
7.076101796380453012e-09
1.135464455325659166e-08
-8.973778469325711328e-09
1.285054283428591532e-10
7.120799389095400276e-10
4.588298089818785989e-11
-2.550461859433444251e-11
-1.403604276948312054e-11
-2.020873950132272621e-13
9.318936576735856861e-06
-7.431945431818851417e-06
6.817351073983081703e-06
6.835575997096677481e-07
1.974488574468967742e-07
3.379616403013341681e-09
-6.707782836312715041e-09
-3.143450273126332537e-09
-3.655097580430362527e-09
6.332610071768916036e-10
-2.201711140307079171e-09
-3.267265680720319752e-10
-3.111576479394877581e-11
-1.398034353772404296e-11
-8.865579922330075281e-12
2.600821488605184479e-14
8.123825349207856899e-13
1.726662856262435333e-07
-8.767355510162580652e-07
2.792307490560550623e-07
-1.498275170765058471e-07
-1.757720680785692103e-08
4.761647216925901970e-09
3.043803245397944655e-09
1.573605860542110259e-09
7.594913061437333818e-10
2.381884678205202389e-11
3.831279403453572367e-10
2.821508405168170924e-10
4.945892196331256982e-11
1.027778059198327791e-11
1.820559759324324718e-12
1.323095581315599462e-13
5.465593529799132710e-14
2.054182211182272717e-07
-1.080095627241294444e-07
3.080288301701659846e-07
-7.483084483210091454e-08
-7.603828643567888822e-09
-1.978513274320486259e-09
-1.098048277830373017e-09
-6.286002649031564053e-10
-2.863084590347652511e-10
-1.073855471448879981e-10
-5.161627653994257214e-11
-1.317225068957320030e-12
-7.111303876214739788e-12
-1.833275647867545701e-12
-3.001515468926357721e-13
7.749355476822709063e-15
-1.758822350628311167e-14
-1.470735129912559243e-08
4.113489939995501637e-08
-2.213107153669329794e-08
1.873411401290872336e-08
3.691204609358310807e-09
6.875340829711057681e-10
3.049075039585549852e-10
1.405159941747410490e-10
6.614081419776525724e-11
2.058737149279948466e-11
1.057491557967535590e-11
5.558096369205339137e-12
9.197914060238017115e-13
3.144822355679754055e-13
7.745353516835959217e-14
1.149640195764949668e-14
-2.117486784357241071e-16
2.696014727085019923e-09
-9.880648718037422471e-09
4.710295529214034386e-09
-6.322025703397305438e-09
-1.189360097745550618e-09
-2.285072096993017783e-10
-6.704194703033865982e-11
-2.945625710780880014e-11
-1.246928563085832935e-11
-4.037608902251037913e-12
-2.020347488154647754e-12
-1.642717168398631885e-12
-4.530579467916471810e-13
-6.248364310957870846e-14
-1.452458809778449831e-14
5.059546211898017519e-16
1.333248027417390960e-15
2.643348963773989724e-10
-8.412500282133957505e-10
1.131482678882109709e-09
-5.660076589237250211e-10
6.866856865735253030e-11
4.714583131075195291e-11
1.428263933452023395e-11
5.484278198386153968e-12
2.234584921648214854e-12
1.028719040528549281e-12
6.055483152943114439e-13
1.795293471205724705e-13
1.226299348664071972e-14
2.878099543147841222e-16
-9.830420089578843024e-16
-6.012115600017047051e-16
-2.749630377816788892e-16
4.252691870931615958e-12
-4.724813910446941209e-11
1.010940070944760358e-10
-9.226815942816124659e-11
1.802589076231978497e-11
-5.231003364195499474e-12
-2.298167854039553547e-12
-7.622970115404550255e-13
-2.726502731859761162e-13
-8.980976984106697065e-14
-4.406863193876402418e-14
-7.262091919492482477e-15
-1.666186562448473135e-14
-1.283032687909499840e-15
-2.767883020990322246e-16
1.891310996577423082e-17
2.516725689958161011e-17
7.094770143896945817e-03
-7.384473781899154703e-03
-5.822676357141876990e-04
-3.243245398318739795e-05
-3.314989605599065226e-07
1.266190274630677994e-06
1.148835946219598871e-06
1.122899096007210348e-06
3.551104609511826188e-07
3.697002079177835893e-07
3.969504943321295426e-08
-1.836752465982339606e-08
-2.292162188177996260e-09
4.193290847628227578e-10
5.543419694790304398e-10
1.254485259470772228e-10
7.344051512997603042e-05
2.895685280619028287e-04
6.859914534199779406e-05
7.273842683691313207e-06
-3.862979966153785894e-07
-4.041368493777825402e-07
-3.530840046204124073e-07
-1.741552239383811112e-07
1.038070167377040352e-08
8.018557205513887699e-08
1.528799221612470406e-11
-2.081195852697115579e-09
-2.116309153580094708e-10
-1.471465393313651180e-10
8.891656200793473737e-11
-5.647875755302891907e-11
-2.538626969483335751e-05
-1.897934907099263541e-06
-4.793532573786872677e-06
-1.252363584370238210e-06
1.545044572445408819e-07
2.085257682783377821e-07
9.615847460762648838e-08
4.181615026869247969e-08
6.601608158775437673e-09
-9.709981151724814224e-09
-1.721628679495269168e-09
3.195380362090557791e-10
4.858331079845706276e-11
1.163256365082582307e-11
1.433933438239000549e-12
-7.089660462454735054e-12
-3.231757916803645735e-06
7.197587699539808886e-06
7.169305755589083601e-07
1.735667931868042742e-07
-5.046817190731263979e-08
-4.771117958521967928e-08
-2.945094810853079817e-08
-5.461197155174526800e-09
-8.400987959105113383e-10
-1.581701324343867554e-09
1.578122692261235532e-11
9.278100022380635243e-11
6.121776699066958349e-12
-2.118728378978460937e-12
-3.409772669644078891e-12
-2.101227625168861335e-12
-7.707772819536462918e-07
3.062788536239358330e-07
-1.501982097617733601e-07
-1.019206954516178689e-08
1.222239947234959559e-08
1.240159290061566564e-08
5.356336815453660291e-09
1.428122358553115932e-09
-3.476192636104393413e-11
2.291355790288087721e-10
2.116543225941312261e-10
2.565014399070994331e-11
5.228154302320175532e-12
1.816222046146918068e-12
2.737530203543713323e-14
2.797908645300581426e-13
-1.504921686839826212e-07
3.044677515987765574e-07
-7.521448837300170283e-08
-9.415640062769989462e-09
-3.510214053867460277e-09
-2.310522484970195654e-09
-9.564751919113762365e-10
-3.839029758088917578e-10
-1.101039532889039835e-10
-3.077898743148093630e-11
1.081377685961776489e-11
-2.936352142271584624e-12
-9.304751478230394699e-13
-3.912177277472994310e-13
4.489775410786793494e-15
-8.609438379881725320e-14
4.352677980397265322e-08
-2.189650715308826065e-08
1.886527602824527893e-08
3.988443794190437488e-09
9.659766841451771061e-10
4.209619071875018457e-10
1.930228695774547255e-10
7.519386417179267789e-11
1.610635682904229860e-11
6.075462915404335446e-12
3.272399468585553795e-12
1.940074873464374452e-13
1.463297432266981219e-13
9.235995630705287912e-14
2.088668082729145502e-14
1.160568271170986862e-14
-1.040932726294035894e-08
4.639932258362790633e-09
-6.355213291706138588e-09
-1.236601391452191499e-09
-2.625418159746645115e-10
-8.787318386328588136e-11
-3.588597904067753433e-11
-1.353153356174851150e-11
-3.071295021844483279e-12
-1.264256828832696628e-12
-1.252200946439203951e-12
-3.211400663642380155e-13
-3.575333462200590434e-14
-1.760748142646032515e-14
-4.285687264786330840e-15
-4.763400846959451505e-16
-8.792994580228293973e-10
1.135347330223867034e-09
-5.607736600611968757e-10
7.412621862065801020e-11
5.147575679242556462e-11
1.601070129983751633e-11
6.309873601049492783e-12
2.413814733908428733e-12
8.977725937660379368e-13
4.826715780175780003e-13
1.180714376244111827e-13
-8.206491879208899732e-15
-2.515927562276561348e-15
-9.598340293914724246e-17
9.188165091838456871e-17
2.175002916247869591e-16
-5.263888427424903149e-11
1.004915979496852255e-10
-9.408124540461389853e-11
1.709262368761474590e-11
-5.599582022026981828e-12
-2.681906722339858597e-12
-9.535486448300265984e-13
-2.813670468199770941e-13
-8.168506306557524522e-14
-3.906869536114007996e-14
1.034679926855662451e-15
-9.368799152631533150e-15
-8.764542149128885586e-16
-3.811895004225036248e-16
-5.540629901697547596e-17
1.890151115298213437e-17
-1.014885891743276369e+00
-4.448550001714348529e-02
-1.557117210859407632e-03
-5.471347677231499688e-05
1.517873615862837533e-06
5.708534187772876151e-06
3.971547360766490136e-06
2.138980636468864749e-06
-1.091108424104424427e-06
-1.890533417927702813e-06
-7.021295442840707513e-07
-9.413362689925465359e-08
-1.386251837023646012e-08
1.307872117091475064e-09
-7.066714320643573921e-10
5.079349875669369650e-10
-4.034253948557749853e-02
3.962357212498021468e-03
3.753273752895844089e-04
2.262728551421394437e-05
1.509863171908593512e-07
-7.494788282034740912e-07
-1.270477412919562434e-06
8.307456602957213080e-07
1.222801072302205092e-07
-9.477877977705435904e-07
-1.981499429204716424e-07
-1.717500945636065211e-08
-8.255376910479208652e-10
1.002753429731180418e-09
5.691703519359889195e-11
9.770037530461771262e-11
5.703769125376893356e-04
-2.744171090894870083e-04
-7.226518148025485558e-05
-8.589041121903190210e-06
-1.864825346944531107e-07
1.530792622531859181e-07
7.445084067506966632e-08
-3.052333323519687165e-07
5.290421406438953602e-08
-1.257861192690407395e-07
-1.921438983520173328e-09
6.037599904155621482e-10
9.654586117076590621e-10
4.125775478539703537e-11
1.765107029321735857e-10
-2.299941670942481903e-11
6.448935551671133105e-06
-3.530105333321797618e-06
4.624620652421372320e-06
1.425093688022215023e-06
-7.518867996716659725e-08
-3.787732260297272423e-08
2.455470272957410576e-08
2.795504847321141681e-08
-1.194402718804776758e-08
1.432434454874066506e-08
1.654411610102969732e-09
-5.473109118388688917e-10
-7.111698312834280320e-11
-2.111044139824843361e-11
9.831483609795695852e-12
-9.062681648970991413e-12
1.339694864496017142e-05
-5.740003134940656168e-06
-6.761883923725508310e-07
-2.437226396199190673e-07
-4.060050252104272962e-09
1.531975846954638661e-09
-1.059366797208019643e-08
6.392825410871262891e-10
-4.209662919300326693e-10
1.128972688305486673e-09
1.062874217818300280e-10
-4.831370783899534311e-12
9.254448056381910974e-12
8.636889276231547887e-12
1.696469097214772841e-12
-5.895018688488913312e-13
-6.973009915361200529e-07
-4.462904921047583807e-07
1.530203030154676591e-07
2.822323895612715170e-08
7.693460650314351198e-10
3.457211005827961085e-10
2.585370726103486400e-10
8.466021534854053498e-11
1.007120808368233598e-10
-1.002134382749731010e-10
-2.290988713219323518e-10
-3.211478777923065548e-11
-8.975178745573698196e-12
-2.089641675420187685e-12
-8.270375807721786902e-13
1.672375920865359528e-13
-2.477140308782047591e-07
-3.270475967644334392e-07
7.110623494457498843e-08
5.145037272246037610e-09
2.647193314409426872e-10
1.766606009571208878e-10
1.069100144075337842e-10
-3.823328163537582096e-11
6.680534254301560964e-12
-3.066959536794687391e-12
-9.510387815806874400e-12
4.591260527902857344e-12
1.969748002239743999e-12
4.832780628475916826e-13
1.099670301834443422e-13
-2.318648695217486740e-14
4.594735392236391948e-08
3.753495999028357795e-08
-1.672281546413590306e-08
-2.980766659492612216e-09
-2.814856798141325836e-10
-8.826851680934391557e-11
-3.555855628316678546e-11
-6.454919684599830805e-12
-1.185715720488258254e-11
-1.303601154151341691e-12
-3.807803810249367742e-12
-4.040528681022740302e-13
-2.772649162157657213e-13
-8.005444103970663749e-14
-2.408897793001442746e-14
3.341017038548484638e-15
-1.141852276386505463e-08
-1.051085079874585129e-08
5.533276639459774616e-09
1.003289054218768014e-09
1.417253392658741913e-10
2.391090555205466717e-11
1.009480297416937845e-11
3.832431426711568432e-12
3.197953605654321696e-12
1.621141256224662207e-13
1.276754171975072165e-12
3.583808235726300347e-13
5.555836767627608664e-14
1.679384044042601948e-14
3.585726117351718900e-15
-1.993866325878574176e-15
-1.071892133943850423e-09
-1.086967922619869245e-09
7.128515214129048498e-10
-2.741025460132174787e-11
-3.100596412049385005e-11
-7.145722134424458060e-12
-2.180753660956299694e-12
-8.543886000789436026e-13
-4.271016328359680199e-13
-1.409122396680936812e-13
-1.381981376276446031e-13
-5.573746090078302543e-15
-3.945801971423949926e-15
-6.440458186578064636e-16
-3.218744737995149996e-16
5.879187977493644697e-16
-5.813733250398192514e-11
1.009359077724370614e-10
8.407575051620676371e-11
-2.463831520145509312e-11
2.787141082859127405e-12
1.290648780125362797e-12
3.646097271595746495e-13
2.355077435010376019e-13
1.005302008845492823e-13
-6.589858179660619899e-15
7.583931916754768039e-15
1.608375035965019642e-14
9.774276560401515773e-16
1.564106800716748046e-16
-9.834577950801349193e-18
-6.960786323247521214e-17
2.559155523635098933e-02
1.073158980135948022e-02
-7.185476000501405877e-03
-5.765505468236979767e-04
-3.461649752288951313e-05
-2.864877688091343020e-06
-6.918418670251375318e-07
-2.495707457054035658e-07
-5.164836890949634491e-08
3.468674408260748769e-07
3.847996305809836432e-07
6.388401354080680568e-08
-1.039186697565591605e-08
-1.532111744128004411e-09
-2.532706441045484223e-10
4.790902861339352434e-10
3.194877215706177722e-11
-1.069839709584991623e-03
-3.556833330234661470e-04
2.480991922529462534e-04
6.663399203919121577e-05
8.036851548467904469e-06
7.820314097381604123e-07
1.894538915871345444e-07
-2.266691717049477906e-07
2.366545000600338406e-08
-1.750139207598733387e-08
7.197071479427488922e-08
-1.049263983118291722e-09
-1.851515062529676252e-09
4.409694112115452695e-10
-6.609843955532221795e-11
9.625907753974934968e-11
-9.318054657591469178e-11
1.449356345243851024e-05
8.173622999512221229e-06
5.379021738655816482e-06
-4.526972210876445968e-06
-1.646797654834057477e-06
-2.589305697785275191e-07
-5.497653316214797692e-08
-7.568306571635886269e-09
-1.047029096965408487e-09
1.304654313242714685e-08
-9.862816354058476208e-09
-1.510941861799844272e-09
3.643085948176352159e-10
5.964777341183207826e-11
1.766625929485921900e-11
-8.821258774275157358e-13
1.991713313702894383e-12
-1.076293013387745058e-05
-9.427281005400102744e-06
6.046777309664467726e-06
6.752557107087300183e-07
2.855387498376120511e-07
5.364510576939393244e-08
2.461365938578413457e-09
-6.243457409914819534e-09
-9.721727078301020147e-10
-2.766216140433539997e-09
-1.515186749398582841e-09
-1.111957873150089426e-10
8.857129518016662149e-11
1.009998543415559191e-11
8.040242600216529031e-12
-3.516965593768142426e-12
-5.607462546792332603e-13
-2.033732061372778458e-07
8.074942885827050169e-07
4.845205048951365063e-07
-1.505646078303964814e-07
-4.187559380348302938e-08
-7.701525111562458885e-09
3.905921561073846711e-09
1.836584192086981785e-09
6.648772225457829654e-10
1.786254837169405378e-10
1.317812799500975880e-10
2.129657691672945868e-10
1.924917505688391837e-11
1.221214971273196969e-12
7.066902712061788811e-13
5.106143748131050266e-13
6.654481087424828706e-14
-2.018239701711964940e-07
2.029571020611026357e-07
3.221066379595873144e-07
-7.054992072061134171e-08
-2.728800638040239437e-09
1.102648445519450982e-10
-6.824127186250440929e-10
-2.496419217826226620e-10
-9.630018807675578046e-11
-6.992882550017128621e-11
-6.946521489977178764e-12
1.226896048403779166e-11
-2.063175931846671441e-12
-5.852274501306193752e-13
-2.641982757000894802e-13
-7.399791422557227388e-14
1.122426306481369011e-14
1.501078264769803800e-08
-4.314243138384089967e-08
-3.716676719087464585e-08
1.655007707399386412e-08
2.725473693269051898e-09
2.834085721602934209e-10
1.163397142873696909e-10
6.860642693039290171e-11
2.626101847914225135e-11
1.773439927940878586e-11
1.801482365020109805e-12
3.049621358833912567e-12
-1.028843265062264474e-13
1.654849711490668044e-14
2.708383547546997291e-14
7.630303814244229701e-15
4.775189802539019261e-15
-2.658556028590762029e-09
1.085358704065482843e-08
1.045163587854514311e-08
-5.510963926900668493e-09
-9.860828615206053885e-10
-1.450520242315294929e-10
-3.460829945970162937e-11
-1.523510298544177076e-11
-6.957149360849939197e-12
-3.857228072509825488e-12
-1.672517193349757798e-13
-1.119428110547691315e-12
-2.523153850373186197e-13
-9.337767024970559727e-15
-7.993891579083642535e-15
-2.519879585447427225e-15
-8.157850779869184655e-16
-2.498158044286097907e-10
1.035876048499801797e-09
1.084005309204330064e-09
-7.164508083200289860e-10
2.719626530501890838e-11
3.267818716131174586e-11
7.751162455869920472e-12
3.072857752898159965e-12
1.359941236399120617e-12
5.393319049644281177e-13
1.296076574586973239e-13
1.106419192749412598e-13
-1.304711469794545344e-14
-2.540925974918030635e-15
-5.599263839226612100e-16
1.263597246908760501e-16
-1.107354648564772269e-16
-3.109783560839792914e-12
5.344502208942850172e-11
-1.049961933787621692e-10
-8.620461303216224662e-11
2.453474975154491337e-11
-2.630607571263931377e-12
-1.465949942342803206e-12
-5.425851567181237878e-13
-2.717569349818025546e-13
-1.164822721005145051e-13
9.775025259000514681e-15
-4.724763064221011810e-15
-8.404686261853851120e-15
-3.681389185515920159e-19
1.167798221911874293e-17
8.401995058262002960e-18
3.461781087796857672e-17
-1.598605254388092145e-01
-5.541713290832694927e-03
-1.920199397901661039e-04
-5.137504507975137241e-06
1.028070153224887240e-06
2.855044239441495435e-06
2.692771130123809073e-06
8.529218285189836552e-07
-5.292817845109270427e-07
-8.495925421484098430e-07
-1.564289437414286471e-07
-2.884286506543258272e-08
-2.996097054529417193e-09
3.420728957690498344e-10
2.790784956133103747e-10
1.729743803399162177e-10
1.541170966411291657e-02
1.337659664674036020e-03
8.067925275775983580e-05
3.370886213188443289e-06
-1.011908138870203833e-06
-9.458019375225085235e-07
-1.575905679161891267e-06
6.350241813769137836e-07
-1.581579215895353917e-07
-3.211905051049205004e-07
-1.509303360610346367e-08
-5.237430547370013102e-09
2.522767578818344929e-10
-6.314294564177237862e-10
1.718854103647798909e-10
-4.864025817913003923e-11
-1.205490890765039454e-03
-2.546911916495865863e-04
-2.654184859734864610e-05
-8.488602883949243254e-07
4.893288674515709669e-07
8.269561187010146726e-07
6.979638029372773317e-07
2.989006074593586079e-07
7.618377902021856543e-08
-1.007758484866684144e-08
8.529360812345392140e-10
-1.175419314053647073e-09
-2.755662978981705835e-10
6.172328674453274991e-11
-9.187990325340578790e-12
4.731579406453385234e-11
3.745806703631784995e-06
1.924094949167528848e-05
4.748309130993718520e-06
2.531453514712402528e-07
-2.443310931303360954e-07
-2.251649983440984106e-07
-1.416275526727442639e-07
-4.631763982199614786e-08
2.048189969004024299e-08
5.662565181736904600e-09
4.505881829346233501e-10
1.502748063425704760e-10
-9.302808685678808956e-11
3.513282433886139128e-12
-3.295493768461693872e-11
-6.282813195508521753e-13
-2.271688488876278319e-05
-2.931962945631104549e-06
-7.070268588721906561e-07
-1.772588645722151546e-08
6.896469800247111157e-08
5.721413935478461375e-08
2.106253268640837997e-08
7.875990454503444174e-09
2.410614089173205301e-10
-1.316155428736167796e-10
-5.871907157132762810e-12
8.911810611729401409e-12
1.645771615621914620e-12
6.095983070527007710e-12
-3.530996747691794447e-13
-1.348032685669356609e-15
1.934496132422373630e-06
7.086944448888803476e-07
1.078786915874900086e-07
-1.298918182232752645e-09
-2.095313473719955028e-08
-1.153507200671308866e-08
-4.186578504960828956e-09
-1.680956406677842779e-09
-7.352496350189488952e-10
-2.262746105510653165e-10
-6.057401768021798201e-11
4.431098938268115821e-13
1.432211380150014780e-12
-2.099440346751801875e-12
2.130297422557659322e-13
-6.513395013655764825e-13
5.028423047568769984e-07
2.203720649099991565e-07
1.350258041992104740e-08
3.338175018341591680e-09
4.411101809579332125e-09
2.201928099522704668e-09
9.247603413406553397e-10
2.667853297403960817e-10
9.069223561018455505e-11
1.432125923573071143e-11
6.346677487304048200e-12
1.092769652599397503e-12
9.478150917155029256e-13
4.578993202643297137e-13
1.187993255523711321e-13
5.898791887066057365e-14
-3.055424305882652243e-08
-5.775007817015760594e-08
-9.964528805242911173e-09
-1.682589888412593466e-09
-8.093157650028156271e-10
-4.135694435432563164e-10
-1.787843422383008223e-10
-6.272823621484413972e-11
-1.936713072912367035e-11
-3.053723488830720481e-14
-2.157496732158300431e-12
-2.780242605629083483e-13
-1.896826702897118226e-13
-5.582182302933059531e-14
-1.823448107230768107e-14
-2.421287758412025320e-15
7.237026962032718478e-09
1.895193579201008639e-08
3.551382061389208344e-09
5.679742065319722750e-10
1.663762058241946439e-10
7.169733405100011237e-11
3.229792043691119242e-11
1.169038340323816699e-11
2.803240554747167314e-12
2.040263960556614980e-12
6.377093408978841163e-13
6.537391190847999852e-14
3.245044853161351366e-14
1.123263804531143972e-14
4.250403594516307515e-15
1.539962061762668578e-15
1.266895965066990623e-09
2.731344410985154118e-09
-9.687845755889530862e-11
-1.120285710759896664e-10
-3.283906593255579347e-11
-1.289340668852540123e-11
-5.342069021132550891e-12
-1.838381677733713831e-12
-2.230684650621576148e-13
-1.827964232646978290e-13
-1.344979841683686574e-13
1.230594395537360987e-14
-5.064011016939182450e-15
-2.033195665712759076e-15
-7.470857194348136611e-16
-4.874601769930583637e-18
-1.427060721669147676e-11
-2.893061326332489682e-10
-8.983583022375472749e-11
9.441895402812296706e-12
5.208678494343706173e-12
1.803572273695936697e-12
6.806813995946855226e-13
2.905947888249544829e-13
1.390036944117228817e-13
5.182710842866335098e-14
3.323813574600834660e-14
4.509726550448797017e-15
2.136236105553811505e-16
-1.863946869299678542e-16
-1.457238322339218311e-16
-5.327481393744767079e-17
-5.354824091744360415e-02
-2.735936634193004285e-02
-2.042012841799439350e-03
-1.129343361997013113e-04
-1.791408454871223443e-06
1.546271227255891452e-06
1.874007707530999162e-07
-3.438269786104713344e-07
-1.567186526417984969e-06
8.524191190254334210e-08
2.117657947789313319e-08
-8.782751606647506077e-10
3.019795417427036220e-09
2.742884937518872194e-09
-6.519377505106339270e-10
4.387317252634153306e-10
2.106572284808773216e-11
3.306803427569133722e-04
1.104269861945794424e-03
2.380184604919293888e-04
2.552413359823246420e-05
8.789473542503467312e-07
-2.341065037696294522e-07
3.860005723717495778e-07
2.690106440734949361e-07
-1.003202100098791125e-07
-9.353642057257115047e-08
-4.981262214163474588e-09
-1.193386434898451516e-08
-2.070965513009550238e-09
2.385383377805414819e-10
8.227535448041966815e-11
7.193359332732270029e-11
-1.403355127433283647e-11
2.232497893192203055e-05
-3.410150971751569054e-07
-1.916404917999116282e-05
-4.484142696305222244e-06
-4.324969781820807148e-08
1.050910973518154447e-07
-2.472457814143552917e-08
-8.441744438349566577e-08
3.192243745478256728e-08
-3.078027443924409172e-08
-1.364126554798024188e-09
1.348330570614005096e-09
6.356621165709170720e-10
1.035707884798365003e-10
7.384740392663676626e-11
2.404183858651697467e-12
1.588574563111245855e-12
9.187162830162786976e-06
2.447080647671924931e-05
3.057260583405313939e-06
6.803494816607897755e-07
1.331659685217027040e-09
-2.413072251327385534e-08
7.718873527458707029e-10
-3.615400694947731015e-10
-3.179272895068981585e-09
6.634859881063108149e-11
-6.770905750451660911e-10
-4.207420997278066389e-10
-1.173490061947117459e-10
-2.731536192129575551e-11
-1.537522511785774406e-13
2.302786760956624234e-12
8.109152766403229247e-13
-5.491302571155491909e-08
-1.918466457483020232e-06
-7.016228186040525039e-07
-1.007691017921126839e-07
1.000850325834726167e-09
4.361850809825250524e-09
2.552809670868386589e-09
1.805382715235582095e-09
7.631594548804193908e-10
7.923000570077969729e-10
3.820251616128909087e-10
1.454478010864885731e-10
2.194210914136044263e-11
5.159969455539298134e-12
-2.454527243234439455e-14
9.303759963680008696e-14
-1.368496584582807442e-13
-4.270087698128631929e-08
-5.025771083434109092e-07
-2.212720739913472423e-07
-1.466916799645828507e-08
-2.341727159343546263e-09
-1.683116040834868650e-09
-1.086773098920838787e-09
-4.392806285502748017e-10
-1.753325028934940411e-10
-1.224570836747715628e-10
-4.639074072169077460e-11
-2.139462440124184093e-11
-5.786154546108275302e-12
-1.737145203414281460e-12
-2.963518279782661056e-13
-6.365065127691881813e-14
1.204713356811379564e-14
-6.427983214722078396e-10
2.967893015287142251e-08
5.779588410452090068e-08
9.981123628719781872e-09
1.379729050450112872e-09
5.097695078945294972e-10
2.624441495397365498e-10
1.192347658023900249e-10
5.133128815546668240e-11
2.536738779686933439e-11
5.450926757643969397e-12
4.685071843440228133e-12
1.116102661597072769e-12
2.916059091074586372e-13
3.186597766107693633e-14
-1.668787567906656307e-14
-2.902701262063970331e-15
-3.124510806956473089e-10
-7.202715052364192407e-09
-1.895460480875305294e-08
-3.527525443790221051e-09
-5.186645241779170336e-10
-1.252524101923961769e-10
-5.759652768193543104e-11
-2.488195110232136046e-11
-1.129484500954146942e-11
-3.976921983821597607e-12
-2.974971430584368824e-12
-1.054194418187403588e-12
-1.996207759109261920e-13
-4.355983636872407950e-14
-4.087054487716256357e-15
2.129593256840386622e-15
1.071557517624665124e-15
-1.410594211357609895e-10
-1.292129498259172561e-09
-2.732940642679201021e-09
9.131365053916439430e-11
1.045403750247517756e-10
2.898840371727069519e-11
1.118769004386178993e-11
4.606350620979796416e-12
1.966879995219109515e-12
4.336466156317587989e-13
3.335656842655076655e-13
2.002686953692109131e-13
6.148926867273888484e-15
6.439373644435400896e-15
2.138309082173725057e-16
-4.196787590912202803e-16
-4.052115176113964332e-16
6.145876486859986725e-14
1.564245318388122707e-11
2.902618730344440882e-10
9.245558706186476221e-11
-8.802373346942017985e-12
-5.295018676312227360e-12
-1.791507206039919661e-12
-7.147447927100275610e-13
-3.451757538591344778e-13
-1.860116693310593030e-13
-7.641380713060346008e-14
-4.083875832836742445e-14
-4.902053431945459797e-15
-1.376599997324981323e-16
6.618180376499128903e-16
3.936239739650755291e-16
1.135038758766614818e-16
