1.310521417133039268e-01
1.029748189922426116e+00
4.209437948919562272e-02
1.220455515540873294e-03
3.012707226454647359e-05
3.369019828379018219e-06
4.087093280182786731e-06
3.742574603234083752e-06
-4.441649975487728010e-06
1.212961267228612783e-06
3.637347862097424535e-06
8.750061568207538332e-07
1.259634210394502878e-07
5.912291705400814199e-09
-1.830511867188718303e-09
5.211956192502671698e-11
-4.477431863607264991e-10
-4.868727031804125777e-02
1.320111806005703214e-01
-1.367166278740057812e-02
-1.096683421655443840e-03
-5.437074336601756172e-05
-4.195441297170265354e-06
-2.597978174116088163e-06
-7.344343749312968847e-06
-2.753659355479998369e-06
1.311053283639939825e-06
5.359574508683637502e-06
7.334098614270616501e-07
7.219054329126183213e-08
-4.454427843905155020e-09
1.746392426000551881e-10
-4.725850951417280523e-11
-5.633299375082588177e-10
1.350544180121480801e-02
-1.855153215697284263e-03
3.643217976718605110e-03
7.727862668828795354e-04
6.695018710033160748e-05
4.796155429333930798e-06
9.945137607363108224e-07
6.287861094521358178e-06
-2.449569606831810796e-06
-3.141121709118510667e-07
1.566857055935882416e-06
-2.578527359186227006e-08
-2.365802402297867064e-08
-5.383332673021222555e-09
7.607230821785860128e-10
-1.702733829653886614e-09
4.490253224880709671e-10
-1.327618817153861748e-03
-8.661952184239806677e-04
-4.650487501235782395e-04
-2.264787419486043705e-04
-4.900008370002124366e-05
-2.512657462264532790e-06
-1.283295060026639329e-06
2.634001344459319186e-06
3.651501665201941977e-07
2.665844493693932265e-07
-6.974753470743933471e-07
-1.162712804447642481e-07
6.333695658547156783e-09
-6.059878640710157827e-10
-3.620973689634934647e-10
7.626094186521304062e-10
-1.715660996068883651e-10
1.684269659613245762e-04
6.266703194307282219e-05
1.704499151844719685e-04
4.421908001767656471e-05
2.867122483370448049e-05
3.309006330517077493e-06
-6.108424771257038927e-07
-1.516578138189064544e-07
-3.475868259743538458e-08
2.540260230101545272e-07
-1.408077861062565416e-07
-8.065845651644038503e-09
7.415147053003258992e-09
1.156780152610890610e-09
-1.257036019227174963e-09
9.420729914118525661e-11
3.970847339975806449e-10
2.955146468120693691e-05
-8.789990388560403925e-05
8.195559660023081362e-06
-1.487189288411362935e-05
-1.121765886688382790e-05
-8.290845508811650905e-07
-7.919395693355073229e-08
8.444185822873760492e-08
1.729847298267641170e-07
-6.531072738922172157e-08
1.122853119590274508e-07
6.593897689791957454e-08
9.051425979186696087e-09
5.840610294284873541e-10
-2.892458253471295203e-10
-6.601849715048774114e-11
1.016601226346151829e-10
1.034567923382373862e-04
-6.970368336611555964e-05
1.642223877441248404e-04
-3.850090234020964630e-05
-1.256051838842267458e-06
1.289741957386136233e-07
-2.195278860948531471e-07
-3.301757234079906830e-07
-1.547934598223143281e-07
-4.611635169717498176e-08
-3.524242859713281977e-08
-1.105770694620890275e-08
-4.715643376379223483e-09
-7.365075165667731040e-10
-1.921992681857956127e-11
6.868156645777382412e-11
-9.137105180225666174e-11
-2.522798559106502041e-05
7.360879485799291929e-05
-4.254121719185395025e-05
3.051389784892450513e-05
5.346757026750715944e-06
5.899671570281690784e-07
3.909414864510097561e-07
2.330378038603018495e-07
1.213533674172447730e-07
3.210229705925197686e-08
1.870838160233080344e-08
1.078078357134293108e-08
1.132479204746536223e-09
4.842899362159194246e-10
2.653702523128564068e-10
5.563912185246730202e-11
1.932751679753948078e-11
9.261696416424992329e-06
-4.766302540878750843e-05
8.604265868384514205e-06
-2.750166495693039622e-05
-5.610293968784286891e-06
-1.036780798473385518e-06
-2.973778278816557752e-07
-1.544989457911390942e-07
-7.211458800368145193e-08
-2.738388555962630575e-08
-7.532202258407523301e-09
-8.862000374616193075e-09
-2.548104730709437344e-09
-3.180390708685485489e-10
-1.592944375899944259e-10
-4.267411982464754576e-11
-1.156507946369958428e-11
5.940798135960474009e-06
-2.131782810025354674e-05
2.371855005060351360e-05
-1.454507590619187026e-05
8.971955166517641130e-07
7.871207527813345819e-07
2.355359541097391973e-07
8.770978422653866383e-08
3.443034997446624176e-08
1.728868868761094724e-08
1.361343605455715810e-08
3.078830839729601095e-09
4.290830842428521915e-10
1.111138634659105190e-10
3.317995677742173328e-11
1.065821092741432272e-11
1.166016086392038600e-13
4.174432029067306442e-07
-3.749450326463644096e-06
7.562522970794197691e-06
-5.653380423228242110e-06
1.445721495518056919e-06
-3.299208582616824326e-07
-1.182860494890348396e-07
-3.963758011523395452e-08
-1.401036487747387005e-08
-6.579025943967562590e-09
-4.247514170404448836e-09
-2.431408702491742610e-09
-2.404560448802994335e-09
-1.825124859450343383e-10
-3.510755970085609854e-11
-2.425077994965167756e-12
1.900015552171302733e-12
2.514260185666965589e-02
-2.451883800763121277e-02
-1.710538923301165070e-03
-8.065033322657928685e-05
-4.480961470833719445e-06
-3.045542778538694596e-06
-1.655858764018655923e-06
5.295911234216561201e-06
2.441770533038070962e-06
2.621979958897486448e-06
1.202808215731276411e-07
-8.347893015472443810e-08
-8.301183762759557933e-09
-9.090555115773699603e-10
2.503742709937942176e-09
3.952144601910440710e-10
4.845916632791675747e-04
3.367112748997858323e-03
7.169921321173532537e-04
6.220916072914272330e-05
9.795713798684681241e-07
1.769506660778756349e-06
-1.219507016019209616e-06
-1.021163755402546673e-06
-5.326095060300041941e-07
1.165223355585676056e-06
-1.083530799237924622e-07
-2.837739799562429503e-08
-3.583401917348279011e-10
-1.207048116850532962e-09
8.096667287630981862e-10
-3.200232242116958334e-10
-7.502528440132660414e-04
-4.468588988289852633e-04
-2.309010079531809373e-04
-4.745104272878489650e-05
-1.442750532627086121e-06
2.672739445071814512e-06
-4.455811360037077164e-07
7.090529620534880768e-07
-2.467864037795038045e-07
-7.189028082224808603e-07
-1.607484268046635797e-07
1.765621134280768090e-08
4.129160116145350293e-09
7.475140469368090386e-10
-8.172381127803941486e-10
-8.515671010810864860e-10
1.006130105858653892e-04
1.775925931493150004e-04
4.354967306594700400e-05
2.835262384534557612e-05
1.200879667746323112e-06
-1.283815467994245141e-06
-1.837017137524101171e-06
-7.600729314711660413e-08
2.420434604510546992e-07
-1.103429792049811137e-07
6.257723916478447975e-09
1.003238870031325488e-08
5.172009275691949803e-10
3.143055848772009044e-10
-4.168531779711093984e-10
-1.120148650272283883e-10
-7.437788346179929151e-05
9.575859498742435725e-06
-1.607515052740270451e-05
-1.010217463718501045e-05
-3.957886546960923777e-07
2.270002266957301217e-06
1.228000161829163503e-06
2.025058586988835112e-07
-6.284317887961025740e-08
8.812988989883602983e-08
6.147850437709515541e-08
7.112385583239141093e-09
-2.788931226207724621e-11
2.075169084288335872e-10
-1.911160316634222171e-10
2.477593169876422504e-10
-9.120623404231263708e-05
1.633123313488720710e-04
-3.789192879391609943e-05
-2.558781715125813848e-06
-7.169291192806518024e-07
-1.196005980188870721e-06
-4.548515040831133374e-07
-1.842225521506524172e-07
-4.361724202178335521e-08
-2.492329904957729526e-08
-7.842547104053372646e-09
-4.146114630066618659e-09
-1.142577318150874604e-09
-3.938797653205763032e-10
1.619896481137908212e-10
-9.507229080553744939e-11
7.744871736725719832e-05
-4.268303759736293094e-05
3.056650878481902920e-05
6.104675923389513377e-06
1.151019719619616598e-06
5.782454385712936546e-07
2.898683137461418032e-07
1.302931173853243818e-07
2.241486072342644264e-08
1.314223591070775070e-08
9.136377756678931248e-09
1.210592022404813346e-09
5.030847301209002655e-10
2.619886872957369371e-10
1.659502687592807931e-11
-2.433757455014909352e-12
-4.852172160478659713e-05
8.577057492359080107e-06
-2.759735203526502052e-05
-5.951503584936823502e-06
-1.236987620369076564e-06
-4.108821031452171178e-07
-1.908184388535842797e-07
-7.422167601463709042e-08
-2.403939617366788803e-08
-5.183158900356624216e-09
-8.003610213620556035e-09
-2.551447637901753130e-09
-3.304720405741662115e-10
-1.635359232393711189e-10
-4.115768457254836772e-11
-5.481781635267042728e-12
-2.201846498052483240e-05
2.366994399642442543e-05
-1.450792017239081375e-05
1.068131661548456970e-06
8.787931830343250591e-07
2.892141111307547991e-07
1.178354253068124751e-07
4.634491400701495627e-08
1.847531664719074990e-08
1.270190865763227807e-08
2.229489259203364203e-09
-1.985309181606915293e-10
3.422434119228596346e-11
5.581814518289474147e-11
9.381481109750143837e-12
1.136088702145783406e-11
-4.221158044477093193e-06
7.772827890263902951e-06
-6.008903699292392542e-06
1.336920819948358935e-06
-3.794135700444877723e-07
-1.897992756248591526e-07
-7.074233813528317331e-08
-2.358348258649671834e-08
-1.055802673651975890e-08
-6.935742561834990699e-09
-2.391119820163179093e-09
-1.163787728702811838e-09
-2.881806733185289019e-10
-7.869176980595330522e-11
-1.368991506849622648e-11
1.031627308112941377e-12
-1.022059061110371703e+00
-4.191787405158488994e-02
-1.214571676239509712e-03
-2.713904242274269591e-05
2.867248172121290977e-06
4.585917403073460761e-06
6.651296377821384838e-06
4.335655920178767180e-06
-9.721006429170931356e-07
-3.611258380718397712e-06
-8.700891612803961803e-07
-1.211583533330068098e-07
-1.645521248822170315e-08
3.664835555389918550e-09
-3.726581605039079924e-09
2.758114461351339031e-09
-1.389650407325381809e-01
1.333037380030482714e-02
1.084776102118745504e-03
5.288547420017414237e-05
1.649418500224872445e-06
-2.643933288070066408e-06
-6.392677145286712400e-06
5.562228153412668345e-06
-3.963230503900970971e-07
-5.231967476504187276e-06
-6.996977568625198443e-07
-6.222227771154680981e-08
4.217972013388136880e-09
3.525496844656601121e-09
-1.202440576166759981e-09
1.387333763366921229e-09
6.694037930601795180e-03
-3.257572593984957385e-03
-7.519133889147602010e-04
-6.702831293515230156e-05
-1.804195918813247594e-06
-1.639669468480317173e-06
2.764219366299574260e-07
-2.538358276063944178e-06
6.425919129330929633e-07
-1.617942514505280413e-06
-3.274683326760186507e-09
6.448767230392310382e-09
8.575153220085425815e-09
-2.931839197060269414e-09
-2.378389615418012243e-10
-6.918690585058850220e-10
-5.808796449826304211e-04
2.171871732275423969e-04
2.087848638081957068e-04
4.707714515086837219e-05
2.467047458355302630e-06
4.361763413622626446e-07
-1.786642670280842840e-06
1.190889958707294850e-06
-5.871570462213469702e-07
7.979002558848097596e-07
1.433314966939210490e-07
-5.477614914098264507e-09
6.087227247353537819e-10
8.446692521265927522e-10
-7.052811905823449693e-10
-5.641293125652592595e-10
2.417033868951601013e-04
-4.553317413960171782e-05
-3.140784656302753010e-05
-2.967866302675626283e-05
-3.422322330755942750e-06
7.248743284991553330e-07
-1.344528836446421088e-06
1.129165810555703708e-07
4.206326334821022725e-08
6.645806715114237877e-08
-6.235653849121023050e-11
-8.153833166959125264e-09
-1.400542802353954468e-09
5.381062184556243596e-10
5.513167418171842527e-10
-1.926715601995017088e-10
-4.859731089307638813e-05
-5.914769137652170836e-05
8.353212844491517469e-06
1.180447511373177977e-05
1.402068527763057212e-06
4.522346105183027037e-07
5.615452597543388528e-07
4.170411422917651384e-08
-1.113726508364236859e-08
-4.475066463750428009e-08
-6.119784782006213840e-08
-6.952113572659908732e-09
-9.355976232303990978e-10
1.645304583207380601e-10
-5.158241467349755889e-11
1.316563463414046467e-12
-1.477053802130620533e-04
-1.693403652946682950e-04
4.033834986341659095e-05
1.056674761138945813e-06
-9.488539508123253072e-07
-1.999466255921532159e-07
6.520143865593090916e-08
-5.380465028131304738e-08
1.860365497104387957e-09
-7.007911476091628706e-09
8.182422475579991254e-09
3.361555991088116231e-09
8.183062649794565027e-10
6.603100809009091979e-11
-5.600409929315876885e-11
3.473422026456664164e-12
8.270633912561599365e-05
6.691705699996834038e-05
-2.898034697775351268e-05
-4.847522818335388774e-06
9.383886102200216661e-08
-1.001576739598813809e-08
-5.906961671755432847e-08
-5.246963049051780928e-09
-1.263533671645194420e-08
4.443198656761878188e-09
-8.615372242707241633e-09
-2.568141955207358781e-10
-4.024914937831662030e-10
-1.884332020817483883e-10
-7.635061840212534521e-11
1.118152217676047889e-11
-4.849428770430921562e-05
-3.606272395258285351e-05
2.398141934795680380e-05
4.932807282352387270e-06
5.669901479774590547e-07
4.050621585789538173e-08
3.337237277649360061e-08
2.036934780327255511e-08
1.923761998858051480e-08
-4.539491344579680270e-09
7.212327819702127567e-09
1.963793823746572678e-09
1.984775779332052239e-10
1.298980651241228966e-10
2.420010696907935362e-11
1.663654672134511817e-11
-2.545731038789290557e-05
-2.457640357158028471e-05
1.702677926232206196e-05
-2.577873814440680967e-07
-5.051393079916421274e-07
-9.347771890498185379e-08
-2.446038532098725038e-08
-1.649808732586155330e-08
-9.788491980787032271e-09
-4.159143221432046555e-09
-2.684834706715824356e-09
-8.765648208628351591e-11
-4.201067927704244228e-11
-2.540171420485753577e-11
-6.841290745261673022e-12
-5.164954170947874123e-12
-4.580896000939769866e-06
6.846207301219566929e-06
5.159657638846406760e-06
-1.799012196817179310e-06
1.987606668215475737e-07
6.069158894298509045e-08
1.542714388713940047e-08
1.079821094805618219e-08
3.381379651988799501e-09
6.643827632235608209e-10
2.011331438725894660e-09
2.321685296930560453e-09
1.407241861962125462e-10
2.610785936082672250e-11
2.579583761191994758e-12
-3.640070092222988149e-13
8.483106054373984461e-02
3.591256280179527111e-02
-2.402702846094122852e-02
-1.693118125409247407e-03
-7.936840161286456323e-05
-1.624391056177490482e-06
5.185252785824364940e-06
1.863835419396863839e-06
1.134510360207482833e-06
2.812634145464383757e-06
2.611108807596386740e-06
1.516044394406606221e-07
-7.779884931553007179e-08
-2.179384087570879282e-09
-6.096127513632401110e-09
2.745156946681021254e-09
-1.017070652809239451e-09
-1.249969724366031820e-02
-4.004522771369070991e-03
2.999880703099448362e-03
6.972526609284447705e-04
6.262863914323814221e-05
2.951642276878001190e-06
-1.548906598789269865e-06
-2.517865826024260274e-06
2.989755452381121123e-06
-8.034775405070970946e-07
1.169481184147747872e-06
-9.235195806575613241e-08
-2.869317058460573108e-08
6.117597650048384818e-09
-3.514595976711200735e-09
1.432943391448905920e-09
-2.029689516261147126e-09
1.251061658780393011e-03
7.095485653251388646e-04
-1.996484984226757145e-04
-2.140388818944012823e-04
-5.092641458908889641e-05
-4.889367954856434745e-06
-1.958118081794467129e-06
-2.425187444423805595e-06
-5.874203244490044486e-07
1.143796728419190624e-07
-7.293683636057330236e-07
-1.660562182514072781e-07
1.408162511628236006e-08
1.804134567350701325e-09
1.525877299534271337e-09
-9.039191359410887497e-10
-2.674343865519939462e-11
-1.833566155803125245e-04
-2.037204828649889137e-04
4.943003773680489126e-05
3.013105651192914233e-05
3.047349430729198868e-05
5.266218019607309822e-06
2.111914598879989589e-06
-5.253442340808833590e-08
-8.633995677385893900e-08
-1.427026987321282366e-07
-7.694583416909840144e-08
4.855459502080252067e-09
1.312029502249841013e-08
8.253023004826031664e-10
9.317742870690960807e-10
-6.135478243256614218e-10
-1.275295506871081579e-10
-3.028517667406677334e-05
6.265765462852950483e-05
6.219789505648323595e-05
-8.244532517415049228e-06
-1.452248674198689963e-05
-3.335573942900254154e-06
8.410294283476168132e-07
3.611908674476256671e-07
7.619922364001521839e-10
7.546355433559435120e-08
4.204329311491062584e-08
5.930038492138578881e-08
5.538679496437512178e-09
-3.918061803030129641e-10
1.246109083509683951e-10
2.331285440849506088e-10
2.678415975866659009e-11
-1.023289587278625477e-04
1.243678159830362501e-04
1.672190560302994045e-04
-3.981156679726797652e-05
1.180893382249463188e-06
1.209356606561193997e-06
-4.217840446104467066e-07
-9.743563922072940149e-08
-8.178440022203357507e-09
-3.072822364325539255e-08
6.318525525210363524e-09
-6.477877102833074444e-09
-3.088350149566709185e-09
-7.275474643118268967e-10
-3.912365088921913847e-10
-7.236032657124146068e-11
7.213243371376087969e-11
2.626396537779927183e-05
-7.778731455821093264e-05
-6.655589179387528002e-05
2.849100912253431039e-05
3.976135707936467734e-06
-2.902312951710522931e-08
4.994230357462782518e-08
8.767134287794737460e-08
3.781338016048478270e-08
1.771372073714518165e-08
-4.961397904980547115e-09
7.718373240263390078e-09
1.718547653489361481e-10
1.865246924426204555e-10
2.163099492832790549e-10
3.351005281542116105e-11
-6.025945114086019256e-12
-9.717331922634143583e-06
4.719859691320319644e-05
3.600794299536669139e-05
-2.376248577667499292e-05
-4.717415766708060833e-06
-5.824205097964976813e-07
-8.506052232004632649e-08
-6.393400181866005562e-08
-3.282850945222786108e-08
-2.107641548865489169e-08
4.065268167070575719e-09
-6.831421864409003757e-09
-1.749299392619720001e-09
-1.278182720272769159e-10
-1.277614961250979015e-10
-1.982868335826461211e-11
-1.852638808630986551e-11
-5.647608479089460113e-06
2.487065485770567055e-05
2.455692794782437496e-05
-1.702033597439635442e-05
2.397042862271195950e-07
5.202058141992854979e-07
1.101416570080843945e-07
4.831321154619442093e-08
2.867288517251980392e-08
1.234351864556345729e-08
4.850720167928062811e-09
2.258909443223333005e-09
-7.159167773238523140e-10
-7.712711747146337030e-11
2.501184023012646589e-11
1.226917791804793918e-11
6.401681193260888996e-13
-2.586536972650780283e-07
4.263348019703608383e-06
-7.850035445298501983e-06
-5.681459306448195756e-06
1.876430888332423764e-06
-1.668346909239965431e-07
-9.077538232552572002e-08
-2.997632890186571961e-08
-1.506435161878047209e-08
-5.493891515711956179e-09
3.655506173298773353e-10
-2.002258496577392573e-09
-8.340292641927081149e-10
-1.875389482206122678e-10
-5.718488021076029771e-11
-1.223066401403511898e-11
2.271971332643050328e-12
-1.499722677144831040e-01
-4.285226669616368916e-03
-1.026424733956914868e-04
-2.069456189118758727e-06
1.048006083542520822e-07
2.633152674209290938e-07
-1.733067078191245834e-06
-1.561774516391354962e-06
-1.752280730501382855e-06
-1.355545833523393209e-06
-1.211376110790157871e-07
-2.378045946768203800e-08
2.145751086626743870e-09
-3.970677685738710864e-09
6.917078579036163717e-10
4.246031267446609916e-10
5.086141413455850385e-02
3.932327057123171862e-03
1.822112275809909931e-04
7.773019796823927766e-06
-1.011896225325888693e-06
-8.539177949913707008e-07
-3.327492085931097889e-06
5.986778238490869197e-06
-3.190318587444320826e-06
-1.228244374969076184e-06
-7.879044551124699033e-08
-1.703230700257112401e-08
5.830239723075664224e-09
-2.586929885775365692e-09
1.522393465398045495e-09
-7.368886578939793967e-10
-1.410595734537553256e-02
-2.684136181820533616e-03
-2.380055217293117534e-04
-9.399062208840925476e-06
7.166823361860948717e-07
4.164114924018433135e-06
3.900946922385629490e-06
2.134696662765607285e-06
1.019898511624397503e-06
-5.864602199462572310e-08
-1.177532370566119782e-08
-2.532110188824073501e-09
-3.678797965949112294e-10
4.342449288580385574e-09
-1.034661346959868098e-09
8.609375325655097018e-11
1.222041937959834033e-03
8.233947586300361483e-04
1.533205108427317521e-04
1.096704551026040621e-05
-1.299731287493127457e-06
1.470546117594425745e-07
-3.420458843619707518e-06
-1.723502224209666187e-06
1.297111538645140494e-06
2.992862094910344636e-07
-1.312162921247310698e-08
9.647353456473541994e-10
-5.656746246885715428e-09
2.846406470504442953e-09
-2.068138736682647602e-09
8.729806646757439420e-10
-2.414386205696015262e-04
-1.580317012455808548e-04
-8.512747317276228381e-05
-9.584397783823104465e-06
-6.076614760890385520e-08
1.542744624823681679e-06
9.396340007257399022e-07
5.921713590633645176e-07
-9.518338974678043808e-08
-1.497634264443176698e-07
8.849667134208837997e-09
2.354381826475846605e-09
5.107606042567451414e-10
-1.312310340478044587e-10
-1.258230678681703632e-10
-2.556054735539056910e-11
1.102234848241264478e-04
5.814984403021307283e-05
3.940321910078567323e-05
6.136684827884945464e-06
-3.115579035760900863e-06
-1.981448116704101477e-06
-3.710150217441818003e-07
-1.027055467420158975e-07
-1.474415956049141025e-07
-3.947938899975488382e-08
-1.639113766137375596e-08
-5.620513357993989136e-10
3.589586077499116529e-10
-9.483718631547995621e-10
4.080955272901097419e-10
-2.404875862975426086e-10
2.945987327061611798e-04
1.287169087316436642e-04
1.241265726247736019e-06
-1.463989173908184160e-06
2.414231797852513826e-06
1.214678047428441207e-06
4.105101136091355657e-07
8.977030636778809890e-08
5.011173814012019520e-08
2.660737507041206059e-08
1.517164000088138032e-08
1.472105194679242721e-09
7.143031255964154898e-10
3.316224390365049346e-10
-3.462957210225487762e-11
5.530256523637149338e-11
-6.145839298839430199e-05
-9.764225310485858940e-05
-1.496005781002496310e-05
-1.371336529530178414e-06
-1.138890453339637135e-06
-6.563152960199449519e-07
-2.977041928318500787e-07
-9.870638810328974051e-08
-2.563667584944047512e-08
-3.865033546296648017e-09
-7.417762038743138995e-09
-9.063018023217193951e-10
-7.872922860894553092e-10
-1.089852544413460320e-10
-4.505134895341129979e-11
-3.784206033286838574e-12
2.043260438936566622e-05
7.896480670911491231e-05
1.699127220215966742e-05
2.522409334220062084e-06
7.125731385874848289e-07
3.654856952515135428e-07
1.795851222138299426e-07
6.052669093783637183e-08
1.383107152731827454e-08
1.092732611906410493e-08
6.148749022591180562e-09
4.669448930241136001e-10
5.534592535714073419e-10
8.666681230210874961e-11
2.720967026190090360e-11
-4.594684071642931000e-12
2.693172897438409838e-05
6.239387623673434504e-05
-4.874307356320923916e-07
-1.929687709432387573e-06
-5.108398472259458943e-07
-2.084763879964580239e-07
-9.658294351384257526e-08
-3.770923673902315668e-08
-4.590262611872256390e-09
-7.756851979853432570e-09
-4.351129416089656629e-09
-1.097217759611392628e-10
-1.590886043591109879e-10
-4.486178119842766032e-11
-1.902978971625528091e-11
-1.556880047892665457e-12
-7.043076049245849832e-07
-2.139378417277831721e-05
-6.940595465447577343e-06
5.335677568933314426e-07
2.751190311482672643e-07
8.215620875947112617e-08
4.101292802225167622e-08
1.917905608518809258e-08
5.359458041939072630e-09
1.899251833770412602e-09
4.085006801537674530e-09
3.985076166812920305e-10
5.973969374964540894e-11
8.611614473148619999e-12
5.195123275238446578e-12
4.713563403206349464e-12
-1.830658552736852962e-01
-9.059534687337775227e-02
-6.047792749570030796e-03
-2.720242148495465701e-04
-1.173273676207941577e-05
-5.825770582802475620e-07
7.187519820771843855e-07
-9.473888633707434292e-07
-1.156227234359502537e-06
2.632100833468136179e-06
2.065266391623754164e-07
-1.294582773358830992e-07
-1.549974484360529702e-08
6.882293762105374858e-09
-3.886431415283155489e-09
3.882238663945206140e-10
1.657842910857862057e-09
4.094086856987575775e-03
1.292281562770287648e-02
2.500113459576124107e-03
2.253586300228494215e-04
1.069434946182522354e-05
2.233911608313605564e-06
4.579896731080366568e-06
7.378747735877318415e-07
-2.643233025674513406e-07
-1.848523066878779732e-06
9.501767859428610865e-09
-9.901608822346687213e-08
-3.015790533024176940e-09
1.715699643081117117e-09
9.033049651795370331e-10
-1.259622374758709318e-09
3.353780946853142837e-12
3.254844240471228985e-04
-1.141416067530498686e-03
-8.224350807100403718e-04
-1.523842738776192156e-04
-9.596901723036641770e-06
-1.422409586439883026e-06
1.978611149492196121e-06
-2.293124036790004825e-06
1.662049246762103761e-06
-1.513764749696913237e-06
-2.590461086404032802e-07
2.336421828503216854e-08
9.797018611026439279e-09
-2.196886596542427641e-09
1.697158196272555213e-09
2.329067535557496761e-10
-2.899223708180301115e-10
5.549109920746602808e-05
2.509055978401295581e-04
1.606824473206916004e-04
8.407512430204090682e-05
9.235605983079158121e-06
-1.008333640809417696e-06
1.332284511476550233e-07
5.806834981001143899e-07
-6.133980645408795507e-07
1.308721272944187988e-07
9.673958185437798698e-08
-1.573920343857601934e-08
-1.045138961276083146e-09
-8.920825965171276857e-10
2.579209550183286357e-12
3.734287354147963065e-10
1.063754563319893776e-10
8.575831245092149416e-06
-1.057244535216642263e-04
-5.636699185594669468e-05
-3.767400668267526561e-05
-4.771780970480873305e-06
-1.361853592373650257e-07
-4.954790948142476332e-08
1.193170247706032222e-07
-4.080794490059842663e-09
1.728661258488153008e-07
6.292170294550267492e-08
2.557678967932041732e-08
6.697208583514870912e-10
7.786908882964260373e-10
2.866604506584355511e-11
4.983492037912591235e-12
-6.667892781068185262e-11
-2.782597748740637446e-05
-2.965780839662707636e-04
-1.301631678995909119e-04
-2.422758571022970344e-06
1.702050107195707322e-06
3.216409228377608048e-08
-4.411063244800581630e-07
-1.998542952931328993e-07
-4.730745409710681556e-08
-7.474224129368127418e-08
-3.953976402062884511e-08
-1.962352743335583565e-08
-1.948549114451966524e-09
-5.262700392749892788e-10
-6.820943711608600462e-11
-1.521050970893457026e-10
-9.296043473846617023e-12
5.438945831911638320e-07
6.085985914116414373e-05
9.820525406714915415e-05
1.527498181101232905e-05
7.316057673115822031e-07
3.535936146354711814e-07
4.185935760022600889e-07
1.956832888564251978e-07
8.637782000169248083e-08
3.760098851611535601e-08
1.010416009311996539e-08
9.270047476629851323e-09
1.390278178952173756e-09
4.812121629232145554e-10
7.976527200113329944e-11
2.856240834039981161e-11
3.168455166677338395e-11
9.666921476979045271e-07
-2.014481001566827790e-05
-7.919117660860097480e-05
-1.694710887054217151e-05
-2.178068723056550561e-06
-4.451919210661124154e-07
-2.985280183138289600e-07
-1.427568325303530951e-07
-6.304250294041129950e-08
-2.040503536357562561e-08
-1.448156912393132628e-08
-7.092821695778786949e-09
-6.742347079642277066e-10
-4.457279887030885508e-10
-8.331248983022832397e-11
-6.318765996446302698e-12
-1.801810674360900952e-12
-2.335075625665738972e-06
-2.702219199109844437e-05
-6.226121428156816250e-05
4.190888115877947062e-07
1.718650932062132454e-06
4.363997756518673922e-07
1.937249199157114043e-07
9.719173935065617575e-08
4.532230398987975432e-08
1.030883095494741827e-08
1.182183600169189926e-08
3.763326151635121917e-09
-9.780443866695434867e-11
2.071311039579486746e-10
3.764308866444708717e-11
1.538716109933805262e-11
-3.383616078776902064e-12
-1.078310197800760489e-07
8.078584783423082158e-07
2.135949775196918887e-05
7.379574742168070501e-06
-4.546616133005071702e-07
-3.429852761792394168e-07
-1.178841450775767783e-07
-5.936866492870825060e-08
-3.316209884004424473e-08
-1.476738247837826507e-08
-5.337535077219185622e-09
-4.156289827576087209e-09
-4.111686717464027056e-10
-1.848767021991055868e-10
-2.004451214628128820e-11
-2.015883316119368335e-12
-6.941231986677807347e-12
