1.282564997314699085e-01
1.031355983951732114e+00
4.129075302865737457e-02
1.132970409040985615e-03
2.346838024089621671e-05
2.932313569986490417e-06
2.530311830527780802e-06
4.775694171025197536e-06
-4.933253838857970153e-06
1.506263088944383524e-06
4.419061346554102628e-06
1.017449110738381327e-06
1.338881129851763945e-07
9.976377812875232453e-09
-2.452214907217781636e-09
3.738714027276786354e-10
-2.538735941902943135e-10
-5.447832739443006500e-02
1.496216477694280456e-01
-1.530570950986190684e-02
-1.173009377402907134e-03
-5.544264398933115628e-05
-2.639843854600721441e-06
-5.429099552240747409e-06
-7.562130855359575436e-06
-4.908901058784690419e-06
1.922714363504936180e-06
7.020874858837564014e-06
8.923468221708095202e-07
6.988913118430567077e-08
3.087889807267288446e-09
3.396986687101538983e-10
-1.522534763110267782e-09
-5.641321038233040051e-10
1.709597745344820091e-02
-2.399783860564276474e-03
4.585003681181899771e-03
9.453778962780549867e-04
7.448299014485299917e-05
6.211773156699216384e-06
7.511726434162638875e-08
8.394780767342505267e-06
-4.587695595527949218e-06
-3.539055914024242594e-07
1.912753428114872245e-06
-7.825636749852418317e-08
-3.611878412056162523e-08
-9.067879361531083978e-09
4.892170924571548911e-11
-2.667414674133211742e-09
3.772276975375318513e-10
-1.923993279343064015e-03
-1.305521380356963832e-03
-6.600424881781689034e-04
-3.177615252452496469e-04
-6.524961718482594946e-05
-2.848101895305453301e-06
-3.225954419037424080e-06
5.193213152470762230e-06
1.026578433407783318e-06
3.675114317713998298e-07
-1.225389626097701025e-06
-2.363802182071838351e-07
1.055411962652947374e-08
-3.525721392358635092e-09
-1.470583449864098120e-09
1.583546010913278520e-09
-1.546361418037657762e-10
-1.082282642320955149e-05
3.439704302905784790e-04
7.886662980045400315e-05
5.245326512087180383e-05
4.613251890572592196e-05
4.005730541379162619e-06
-3.691754822230362126e-07
-2.014135969616280311e-07
-5.320990315831929563e-08
4.635831168403091468e-07
-1.203002806132144472e-07
2.865994705081808200e-08
1.172680465065828637e-08
2.280238270870623645e-09
-2.637179946374070092e-09
-3.646137844119030009e-13
7.645700705156318020e-10
3.513211567337784009e-05
-7.176731589390739226e-05
-1.428855045860539175e-05
-1.203754090336447763e-05
-1.967147752721844974e-05
-9.922081395105474028e-07
-4.385549477487713730e-07
-9.194238113957258957e-08
2.791107330796987871e-07
-1.730527289034327424e-07
1.487767772935574206e-07
9.249263739696962714e-08
1.521677246891825684e-08
2.201539062659760258e-10
-8.873229144529060012e-10
-2.649219586409463331e-10
7.134029183096871133e-12
1.719925268630482140e-04
-1.315003400865564077e-04
2.745466720540346256e-04
-6.503026026250605118e-05
-6.387078815407724317e-07
6.702553909651449426e-07
-1.460272906000598262e-07
-4.706908153561874987e-07
-2.227481610032660322e-07
-6.187818039977060416e-08
-6.077837526865510792e-08
-2.954497098153790929e-08
-9.945904091319691781e-09
-6.283599557186850139e-10
-1.551132437789863745e-11
1.519458150822143055e-10
-1.479660687315639483e-10
-4.590901504454169315e-05
1.413468844074062083e-04
-7.722579969568268694e-05
5.559057794570601053e-05
8.969985476986567995e-06
6.722806570520981739e-07
6.184510833118944654e-07
3.981664485628262393e-07
1.844735660059537171e-07
3.525761846344710342e-08
3.382838072025626766e-08
2.181463014871286480e-08
2.232071469559687479e-09
5.099804388074156879e-10
5.033108172656576274e-10
1.173979402406660566e-10
6.891585946637471759e-11
1.566839391899411339e-05
-9.490593687882670226e-05
7.021084553049585918e-06
-5.282637510819013384e-05
-1.079247348133083439e-05
-1.914878677657559429e-06
-5.186187277482488505e-07
-2.843072575622951841e-07
-1.214162766877000168e-07
-4.322019284540983448e-08
-1.344833238601387879e-09
-1.770530983195122581e-08
-4.726029074192817492e-09
-4.190735086648970976e-10
-3.060113152433366078e-10
-9.632182000554805589e-11
-3.475519533358509039e-11
1.485434476190196841e-05
-5.449265219436505518e-05
5.711079544255951758e-05
-3.703442368382566516e-05
1.582735212095115387e-06
1.692624610551841772e-06
4.647056287024352707e-07
1.699901242250513886e-07
6.331705902394686490e-08
2.868600592171051304e-08
3.299557537890431368e-08
6.708824029046430701e-09
1.019012418419442937e-09
-7.013181489980174022e-11
5.028752122950659112e-11
8.883325991369271793e-12
-1.463481708340371070e-11
1.201262956920921035e-06
-1.038437540537730710e-05
2.027119696440935449e-05
-1.310215558774713095e-05
3.917281266888032917e-06
-8.014755170184416985e-07
-2.445442375102617617e-07
-8.781804912083307979e-08
-2.958421613110509112e-08
-1.432188547700905985e-08
-1.104685894520505580e-08
-9.256433911108747413e-09
-7.069696627495024322e-09
-3.931502362738557077e-10
-5.788435580685147758e-11
-6.201932876260292516e-12
1.691166600611960343e-11
2.863532517188170298e-02
-2.740875760042344941e-02
-1.838485784970200331e-03
-8.069544466710536863e-05
-6.070152396932782783e-06
-3.832721951858884911e-06
-2.987143115717773148e-06
7.952298191416228576e-06
3.887511399922189334e-06
3.768429771560365544e-06
1.081973400853213659e-07
-8.074855781018571542e-08
-1.047357230806625108e-08
-3.839068898922839740e-09
3.160923083142938445e-09
2.484491588441503031e-09
5.197925731173653465e-04
4.233154272710711909e-03
8.736978862408784205e-04
6.969963505263780711e-05
1.910317498948079636e-06
4.518600484629686713e-06
-1.983800892306324194e-06
-6.810662589084445581e-07
-9.333174603606962154e-07
1.405491339575440046e-06
-1.578447196086992450e-07
-4.315821788771805208e-08
-3.674847115264443079e-09
-4.349113222345228946e-10
9.528627794343490122e-10
-2.520426415152589807e-10
-1.109703389219904865e-03
-6.304597570542220348e-04
-3.234195281030522568e-04
-6.327900288359265845e-05
-3.819525222090954222e-06
3.591129289511734172e-06
-3.429419052819663846e-06
9.837562624386145800e-07
-4.338945710021742152e-07
-1.214717466883122725e-06
-2.714041697364531042e-07
2.394812354229634713e-08
7.937987735392344325e-09
2.171698565027724173e-09
-1.327630571943151226e-09
-1.622708195974576543e-09
2.780507718541843092e-04
7.995583550099623089e-05
5.127460995787207031e-05
4.383573990106004031e-05
2.182010201634071159e-06
-7.849988096061724806e-07
-2.702563694863445039e-06
-1.312887605250431743e-07
5.357393753531165090e-07
-6.614022105214769221e-08
4.170170849524189815e-08
1.495042541277079001e-08
1.182747814619527897e-09
2.124261619355706170e-09
-7.429940077239848463e-10
2.225595753382342028e-11
-6.123563387294178497e-05
-1.394867734904344586e-05
-1.416762948508992675e-05
-1.788415293038302147e-05
-2.025657039285882991e-06
3.364656245384008466e-06
2.028143677062969328e-06
2.694101582612864957e-07
-1.485308295332099238e-07
1.182756914301841819e-07
8.735371117951673476e-08
1.259025154002188623e-08
-9.020143251352715379e-10
7.342437305384512653e-10
-2.684574264787519986e-10
4.540349528591783340e-10
-1.661129524740989931e-04
2.738642181426441586e-04
-6.374460670197378042e-05
-3.218680186735122643e-06
-2.194034733803765740e-07
-1.978339208560899399e-06
-6.298834274433240381e-07
-2.406029653843467379e-07
-5.858317893909769916e-08
-4.713221307559980136e-08
-2.577213386768492421e-08
-9.184405387475228119e-09
-1.739347215541216931e-09
-7.946397266687610678e-10
3.412823241928024177e-10
-2.183497337375433100e-10
1.468375402742767909e-04
-7.810899296974395053e-05
5.538451246433322026e-05
1.062412617825896121e-05
1.596327492496453908e-06
9.005021501639386350e-07
4.217474233777642508e-07
1.922923523869495239e-07
1.641026354239884529e-08
2.557561445833927813e-08
1.970981638650162026e-08
3.429322008640337546e-09
6.124026997631744757e-10
4.175867558233618008e-10
1.916919358918097508e-11
1.797112066074451983e-11
-9.532610760937746525e-05
7.233936800012950263e-06
-5.281201507354693186e-05
-1.157070315454709120e-05
-2.243370072725071903e-06
-7.024376437069863281e-07
-3.430760658263916463e-07
-1.221868877242305287e-07
-3.901037587581092506e-08
1.894381067834021194e-09
-1.654179185931264168e-08
-5.018822213210426475e-09
-4.062244994149084313e-10
-3.013724318249442553e-10
-7.232740558241349290e-11
-8.466613618956542594e-12
-5.622027261987294552e-05
5.688758614070227153e-05
-3.709130516092699897e-05
2.009277578186755682e-06
1.844551442057834483e-06
5.819586025422663261e-07
2.488175996695666271e-07
9.762568306933122667e-08
3.454524569950424406e-08
3.184076411757356423e-08
3.968458410134605358e-09
-1.509929021457432635e-09
-3.212347484305932746e-10
1.455273059219462514e-10
3.782698336714321677e-12
2.220698806060322575e-11
-1.157184240194361659e-05
2.103951763475904414e-05
-1.405977775239911200e-05
3.657821919328143045e-06
-8.960060124969354633e-07
-4.323217406685355848e-07
-1.632164722515531305e-07
-5.322059105934731305e-08
-2.418762701166654690e-08
-1.866701683229831892e-08
-8.779435763850073453e-09
-3.286244297937297490e-09
-6.767952137187905624e-10
-2.189340808540166684e-10
-3.890242001623093530e-11
5.087513343787401357e-12
-1.024223093264830187e+00
-4.115265249554842658e-02
-1.128473808000147105e-03
-2.101363118417093242e-05
2.321997412180526751e-06
5.117978315945892031e-06
8.072676326451723209e-06
4.921163548864413119e-06
-1.150908408853195399e-06
-4.362924144385859611e-06
-1.014311907632686460e-06
-1.238062366346905219e-07
-2.563830251325864626e-08
5.845275969655745978e-09
-5.458808543356009679e-09
4.277195220308418305e-09
-1.571002113194419902e-01
1.495760611785893965e-02
1.163534593721190840e-03
5.334364950996980893e-05
1.108229974252408542e-06
-1.856147466383126052e-06
-7.713760222493613181e-06
7.693388070414377866e-06
-8.182417457665158784e-07
-6.870908223907307402e-06
-8.784400175921623533e-07
-5.405068500454455765e-08
-4.137873154377835683e-09
5.464011332580836562e-09
-2.016931831530785474e-09
2.425244655670605194e-09
8.342815457012958680e-03
-4.139770460735723093e-03
-9.213575499392280890e-04
-7.338792114776221420e-05
-8.602263281592964455e-07
1.128274216270004826e-07
-1.019864069990223197e-06
-2.936816406582938657e-06
7.427815841063583406e-07
-1.992591391423305133e-06
5.663493985567009026e-08
1.507086802325688837e-08
1.626460124473439967e-08
-3.196126724516247402e-09
-3.631310680641315068e-10
-1.074687450903265462e-09
-7.324013870439851151e-04
3.329397768045935552e-04
2.934782361582555601e-04
6.196749868603125609e-05
4.333726825441050809e-06
5.633177560514160683e-07
-4.271799989096578038e-06
1.599671551192634924e-06
-8.577805911782741462e-07
1.313399083543787056e-06
2.762407458551775329e-07
-1.003730587960920121e-08
2.625004927738119875e-09
2.828208069870603291e-09
-1.378693668056447265e-09
-1.027708770282692553e-09
2.010948338183496281e-05
1.095336134474035345e-04
-3.330991547122667373e-05
-4.660831362975624456e-05
-6.186417692064757346e-06
1.033383863244661592e-06
-2.039321408705507557e-06
2.795385254587159568e-07
1.122468036332408248e-07
4.114469740620526576e-08
-4.122383748866880871e-08
-1.345919863419394788e-08
-1.669715196287129117e-09
5.434541198090273336e-10
1.397801116349237433e-09
-3.756809851280348750e-10
-3.757713529898415032e-05
-6.813003673701456694e-05
4.126222155944425207e-07
1.903597908609958237e-05
2.567965260157859833e-06
1.101229906850078664e-06
1.277098018686674394e-06
1.295714509633722415e-08
-4.900423992386980070e-08
-5.916000781691614878e-08
-8.716172674131968376e-08
-1.258963788349168450e-08
-1.437882455619231831e-09
1.004161466042813556e-09
-7.344681368581552771e-11
9.005772854129611416e-11
-2.611851530535330506e-04
-2.829111213926421430e-04
6.959548954297764805e-05
1.698261179665970764e-06
-1.990063421320376649e-06
-5.809290973162372177e-07
-2.337972286113832451e-08
-1.443487669718780226e-07
9.905629661947018948e-09
-8.714658938578629504e-09
2.557504049308913136e-08
8.568023849647977923e-09
1.144909812059563414e-09
1.872606988524092953e-10
-7.233472788927387417e-11
1.649352186936355663e-11
1.538623129306941324e-04
1.224882177967591944e-04
-5.369641204062255757e-05
-8.838664963487889104e-06
4.484108291901998382e-07
1.763055765243018596e-09
-1.008891631843261285e-07
2.502017369238999708e-08
4.982675409393747157e-10
8.015945701740515072e-09
-1.721097045466402057e-08
-1.097714893438502120e-09
-5.414833379080809779e-10
-3.548799322308538107e-10
-2.066790916997903547e-10
2.208527628320076477e-11
-9.226575992590913097e-05
-6.177976367214631866e-05
4.609142230609786358e-05
9.764652177699850312e-06
1.040750603138733319e-06
7.685404287147315782e-08
5.443165631258183593e-08
3.281386756806215556e-08
3.525726531531898411e-08
-2.026786475682979438e-08
1.338508280556977632e-08
3.856544780965786507e-09
1.822226208733689616e-10
1.956986226023814077e-10
5.662589360151261326e-11
3.088024964662403804e-11
-6.399939875760838953e-05
-6.084173639857295496e-05
4.245176223180137593e-05
-3.207884237924924423e-07
-1.105615842312381438e-06
-1.898374764143533645e-07
-4.395306544039356617e-08
-2.420071617141937291e-08
-1.781510874585298473e-08
-1.331720845926538124e-08
-5.158407949635635980e-09
-6.177245693555982840e-10
1.894595580521095879e-10
-1.174012136581050751e-11
-1.677301051325027354e-11
1.158974053180675632e-12
-1.261127866448426606e-05
1.664548617399818243e-05
1.193868642401825740e-05
-4.726668628931205270e-06
4.962175223279078845e-07
1.201109505892985958e-07
3.830515600513241216e-08
2.216195550357380495e-08
3.503437379803442824e-09
2.776272697644589145e-09
7.692581606063781914e-09
7.069117623680666108e-09
3.438687095103928965e-10
3.691868126346443876e-11
2.140632038960638416e-11
-7.727655771940310811e-12
9.482922201991708655e-02
4.027778639660981042e-02
-2.690824044170602933e-02
-1.821450996305636798e-03
-7.760644313788602063e-05
8.266501467613690717e-07
6.606485524505016907e-06
3.118235671375150014e-06
3.505074561075397851e-06
4.159743541903973504e-06
3.827875910746378628e-06
1.450506067717451581e-07
-8.063121723440666254e-08
1.753184936794643509e-09
-1.090207633547054703e-08
3.921375793082058439e-09
-1.042665482128376047e-09
-1.582487920234306247e-02
-4.981510272676524347e-03
3.808840967090074223e-03
8.511638227059082230e-04
6.902572264246031354e-05
3.695252402423257212e-06
-2.625344963297361748e-06
-4.988690699940327293e-06
5.397925499090366432e-06
-1.138034525028102154e-06
1.429530133106024989e-06
-1.380454801483361259e-07
-4.487697997179129387e-08
6.271805081035590505e-09
-6.280382573355161870e-09
2.774333110297839896e-09
-3.434396651165501430e-09
1.788525293247963032e-03
9.365607472901700840e-04
-3.037125382315945289e-04
-3.002017368807875027e-04
-6.698183871749693072e-05
-4.672283039498979617e-06
-1.337628503575565310e-06
-4.982773445811297566e-06
-1.147923753010067337e-06
1.039886491027384687e-07
-1.230659391902412912e-06
-2.849924140903848557e-07
1.729035279908769384e-08
3.091127609172762062e-09
3.857048300766898077e-09
-1.604176557665092796e-09
-1.676897415999633432e-10
1.787861994421845207e-05
-8.143117777431951670e-05
-1.080777316344521755e-04
3.145168303778499722e-05
4.472348381014859921e-05
4.907549648486502395e-06
4.134245597416026447e-06
-3.696799459679181787e-07
-2.869085213517328149e-07
-1.476598827439637106e-07
-2.597764589894467705e-08
4.405573542458973630e-08
2.142373044286840419e-08
1.882515511188871006e-09
3.286893151598024208e-09
-8.270330818053287763e-10
-1.517400144633812599e-10
-3.258110040499264792e-05
4.839631381895777426e-05
6.871867968478837961e-05
-5.062687134441732082e-07
-2.375555719488919187e-05
-5.285858110818333306e-06
1.076743696769892286e-06
6.202902326288541466e-07
9.655009501156746722e-09
1.511564883944522094e-07
5.665380931492957711e-08
8.354301402006014253e-08
1.114381706911650872e-08
-1.101908158256441455e-09
4.658699163539410128e-10
4.126139683792607602e-10
6.306077528148426470e-11
-1.701597747053071698e-04
2.241563741265502558e-04
2.801026729515653044e-04
-6.900034381161690899e-05
3.123570297091243001e-06
2.408826613296467884e-06
-7.642747330137969661e-07
-1.914596104010531168e-08
6.604289239350185766e-08
-5.318239561398211156e-08
5.931459542161098403e-09
-2.231092361203900422e-08
-8.724474694012304256e-09
-1.489039642321876859e-09
-8.907756957014855055e-10
-2.107326297386454468e-10
1.671190362793562892e-10
4.818053337220964922e-05
-1.463379991916744871e-04
-1.219837832046863547e-04
5.287359372321561135e-05
6.658485520638195978e-06
-2.410290823789788859e-07
4.973705944281412043e-08
8.655423657475526958e-08
2.509206506441071614e-08
4.180706000539289600e-09
-9.546813359607802357e-09
1.551288606139729376e-08
2.058747101812094699e-09
1.938422503395359727e-10
3.899303369266321285e-10
1.268275991488516488e-10
-2.563433267961343893e-11
-1.678914339359060227e-05
9.082535141570671343e-05
6.169262784785017146e-05
-4.570972658281726028e-05
-9.192596072617760636e-06
-1.086204520277446023e-06
-1.127350571433755249e-07
-1.026984249797896787e-07
-5.040983293422402949e-08
-3.760830133941454747e-08
1.879334793127025445e-08
-1.331503007154641145e-08
-3.662430110632480092e-09
8.193523659332033581e-11
-2.249774468413205871e-10
-2.621154735215524717e-11
-3.674419285339700701e-11
-1.421939693141364828e-05
6.264633493017374730e-05
6.089848314605660154e-05
-4.230234479407504831e-05
2.443679929360239019e-07
1.110947685103225469e-06
2.141117368728887871e-07
1.042375635526759350e-07
5.669140696379571601e-08
2.602623702129458070e-08
1.555985773895329593e-08
3.617503178543648100e-09
-2.295892931135125937e-09
-6.393582325215974664e-10
5.389688318018272989e-11
1.629894755079487486e-11
-9.991431005220984433e-12
-7.747036302312173441e-07
1.180772609148618202e-05
-1.953970989060484713e-05
-1.348408781779568534e-05
4.995059785559710011e-06
-3.964190888207616638e-07
-2.010105728248787294e-07
-7.392107553622779757e-08
-3.719223303698235640e-08
-1.005377289014038161e-08
2.144312140408845631e-09
-6.939329344390907356e-09
-2.818859874968043413e-09
-4.024845241854036840e-10
-1.631132692907349468e-10
-5.362295032987383300e-11
7.903511127597382624e-12
-1.471015703916118966e-01
-3.955120835207211021e-03
-8.407895604041126987e-05
-3.391927703981801281e-07
2.448682041482994200e-07
3.976777169685293131e-07
-2.555534688201415938e-06
-2.302748253181967253e-06
-2.567677411764275611e-06
-1.462734216955717455e-06
-1.663442853998664654e-07
-2.592544788890949095e-08
3.836465410735565927e-09
-6.512840914075309334e-09
3.372532426639556949e-11
8.489087710631679194e-10
5.677266733719927433e-02
4.246587002633139818e-03
1.815409142055604834e-04
6.743810736462346691e-06
-1.648753513330523931e-06
-4.459238551750398019e-07
-5.281449066972760438e-06
9.068798765403440063e-06
-4.838626107845718858e-06
-1.518379362642690520e-06
-8.258591021972397312e-08
-1.384356513995722593e-08
6.250611768685456165e-09
-3.500645017302990898e-09
2.816203114558075630e-09
-1.462814722814787856e-09
-1.781954951677149762e-02
-3.283756002230457660e-03
-2.726644184259908402e-04
-1.119093272227556246e-05
-7.068894556974400803e-07
6.590718728618171020e-06
3.312551010849531493e-06
1.988822128872541484e-06
2.094889682371861544e-06
-6.909915529908805695e-08
1.287900419103501857e-08
5.830973371736724111e-09
-2.170798115718015487e-09
7.829462619536386832e-09
-8.857128107914256698e-10
-4.816440362831560152e-11
1.786272390977654756e-03
1.148361784251143497e-03
2.001169232060318786e-04
1.441346533705314378e-05
-1.358243368348814050e-06
4.295099037807496381e-06
-4.378419864620264794e-06
-2.511089016698146100e-06
1.778913592658626131e-06
5.463076576005047463e-07
-2.913373734323716934e-08
-3.462628310075348485e-09
-1.060979654585561921e-08
6.337602486443416438e-09
-4.598517121461858047e-09
1.871073903429695789e-09
2.797013738366601796e-04
-1.855802109091786532e-04
-1.272975911160393746e-04
-1.229955937188820896e-05
-2.217901556818796370e-06
6.690612565216796913e-07
1.326729825135888460e-06
9.714204779043671077e-07
-1.927155318701786348e-07
-3.640924190204686703e-07
6.315442679244032820e-09
3.526120692413786845e-09
4.848586729417670759e-11
-9.778278644957558944e-10
3.071855270284283469e-10
-2.482100099126168542e-10
4.173212047077828408e-05
4.101854423883187034e-05
6.423202991456636605e-05
1.057678280756676086e-05
-4.143976610099892407e-06
-2.977815383592357351e-06
-5.435353611782133123e-07
-1.105394149010239930e-07
-2.325716178180898976e-07
-8.453070738635155130e-10
-2.733938347812788776e-08
3.505717071818288719e-10
1.946579952461744611e-09
-1.228017814419662853e-09
9.152882865674799239e-10
-3.487515061129907402e-10
5.102670057323191455e-04
2.284703274611293790e-04
-6.691382588187445637e-08
-4.088410066315325367e-06
4.060681436609418960e-06
1.820421531775126031e-06
5.821237992323191583e-07
1.030693789076892308e-07
6.483790799161645014e-08
3.811175776629824280e-08
3.614436280931414545e-08
2.428947485494209642e-09
9.268617379342921329e-10
5.915918694959656391e-10
-2.322554519935692324e-10
1.407231459323076228e-10
-1.153151741005888883e-04
-1.824265548717171408e-04
-2.648649249372334093e-05
-1.542922319215636638e-06
-1.971373912514993603e-06
-9.894702073424704970e-07
-4.364407361376187984e-07
-1.699834507558644473e-07
-3.143100177312016637e-08
-1.650547646016546043e-09
-1.979893805152321844e-08
-1.449054110859276857e-09
-1.423569071669313207e-09
-3.193893719235819993e-10
-4.557383642771170279e-11
-6.578328214998785160e-11
3.143288069223970952e-05
1.500910548611824474e-04
3.350600479078680690e-05
4.653470943436683334e-06
1.255960383811054049e-06
6.288537642696377104e-07
3.033252184095091109e-07
9.742268689295924315e-08
2.877668301390343543e-08
1.529047876964467880e-08
1.499319875906981073e-08
4.971437798576777719e-10
9.964835386921667648e-10
2.288670807534661811e-10
5.352035883427616746e-11
4.698222997893775071e-12
6.483654508264429124e-05
1.544996131840222474e-04
3.462945469092325742e-07
-4.212023566104025610e-06
-9.976849702800188223e-07
-4.238718046586533781e-07
-1.849099371053694056e-07
-6.801200289933607480e-08
3.590790309049110908e-09
-1.728305973909953796e-08
-1.106405836174108458e-08
3.934778137203406128e-11
-1.899895856296713833e-10
-6.349527858392193093e-11
-5.722277803420612674e-11
1.257956152850631344e-11
-8.438602332897000236e-07
-5.296119269645387600e-05
-1.805540793967148289e-05
1.303905118877041690e-06
6.389786927995608152e-07
1.775425323243305964e-07
9.074248700526069590e-08
3.991136530668629758e-08
6.574386794715169426e-09
1.612682076642468951e-09
1.281033998424201188e-08
7.487144875243614782e-10
1.152559130813457919e-10
6.588517831871957871e-15
2.126063164733599758e-11
5.258200659227194000e-12
-2.066106724057203137e-01
-1.012656480743340526e-01
-6.542500751123813026e-03
-2.741340066997694164e-04
-1.066782920859002603e-05
-1.284564580600108867e-06
1.401222986001118694e-06
-4.275833587011415220e-06
4.066106799788280321e-07
4.055976425487122860e-06
1.726773486872379286e-07
-1.517401213728799140e-07
-2.992637193920414956e-08
1.032103478568023280e-08
-6.442090225959853870e-09
-4.325990842425747459e-10
3.345022481439660272e-09
5.225445151090100937e-03
1.632824564194278530e-02
3.058443069846334544e-03
2.556400274090354485e-04
1.109367104819323975e-05
1.576705564893494971e-06
6.949921622145859946e-06
1.268123056119838827e-06
5.500156543744452696e-07
-3.188225806715431597e-06
-4.238357327459915829e-08
-9.611611520980057705e-08
-1.823643364763900029e-08
1.710664266156902704e-09
2.493240616935073977e-09
-2.283712608463869779e-09
-1.639002140140593351e-10
5.206867537776359257e-04
-1.639706462461079737e-03
-1.146522694332391575e-03
-1.993023907871704155e-04
-1.301862918877193137e-05
-2.666801203310425982e-06
4.882787603928537948e-06
-3.256178836442115773e-06
2.257117813500466544e-06
-2.094306618605468976e-06
-4.752523270736765085e-07
2.459876895003699722e-08
1.717347000359337375e-08
-3.509540241308318999e-09
2.844459652324249112e-09
7.362162308471061785e-10
-3.937443151138137112e-10
-1.666522486315149155e-04
-3.025706011651809477e-04
1.876643713717786365e-04
1.302920899811156358e-04
1.387337297091268140e-05
-4.542023015615029711e-07
-9.571400191248462202e-07
5.804997557050629740e-07
-1.129897372607732345e-06
2.433867450019330440e-07
3.100084349100710897e-07
-1.437639153277611018e-08
5.598786204757374080e-10
-6.728054256485432722e-10
-7.022424715217124102e-11
5.178086050949031385e-10
3.434806629311317476e-10
1.176911931438016202e-05
-3.545602985064562411e-05
-3.836787052092044495e-05
-6.234618294627679606e-05
-8.118088885611320256e-06
-1.206542408308100508e-06
-2.696445633212361400e-07
3.999138408377126654e-07
2.204028313224400989e-08
2.856796950550097671e-07
2.973031113130181845e-08
4.079552954054046996e-08
-1.137046813631795596e-09
2.469227422528912969e-11
2.187654960259644196e-10
-1.414922446329000013e-10
-3.275480294298702438e-10
-5.085079097146878594e-05
-5.158082089341466548e-04
-2.309679960322796573e-04
-2.501213082650617969e-06
3.851166875672596551e-06
8.065985052290342278e-07
-4.013180129519108045e-07
-3.505046327576246387e-07
-4.772595229422912782e-08
-1.042810402120581712e-07
-5.720663716583570775e-08
-4.296396177094478916e-08
-2.092570604251750666e-09
-3.471760824546034561e-10
-1.129244676828761206e-10
-2.268103769164441286e-10
5.883171923252421420e-11
1.417794282746798047e-06
1.146278627975345069e-04
1.836530347427999302e-04
2.750127274230089493e-05
5.159390316414930226e-07
3.127371013272568426e-07
6.353916323839489356e-07
2.752245844484651980e-07
1.551395227367464630e-07
5.212033268128441464e-08
1.188508237431582362e-08
2.146608277145289364e-08
2.179455232417527042e-09
7.511048251680916918e-10
2.120098138414393599e-10
6.923602434207069729e-11
8.487290343927276714e-11
2.937214807516959926e-06
-3.100316165975364570e-05
-1.507133454950990473e-04
-3.354900425531868601e-05
-3.967212785609621475e-06
-7.427559489201063544e-07
-5.620233825909208745e-07
-2.481726083088129815e-07
-1.100894341136787831e-07
-4.280578048835099159e-08
-2.212195035164067409e-08
-1.551412136373605930e-08
-8.044426922604149064e-10
-7.342962719461959919e-10
-2.027883890191538831e-10
-2.948988302386130115e-11
-1.233537103044626091e-11
-5.079943440674261397e-06
-6.479768908726253487e-05
-1.540434091957491457e-04
-4.683797220710723773e-07
3.727938890913954650e-06
8.775299418848481455e-07
4.175102171118705306e-07
2.068759328800572238e-07
8.960552713247160520e-08
1.174972507720907082e-08
2.901149822645660510e-08
7.877586256459417764e-09
-1.241887380310235383e-09
3.505329867132522336e-10
8.899894027428466263e-11
5.072178937489541027e-11
-1.882662250673049060e-11
-4.156143255934756126e-07
1.116338807266626347e-06
5.282350475180079341e-05
1.935798295402724967e-05
-1.126403672204378787e-06
-8.366789932643786747e-07
-2.766804754878806966e-07
-1.375766729516708610e-07
-7.299157619044640469e-08
-3.146994013736175542e-08
-1.157887479601148442e-08
-1.308065358169456606e-08
-5.976995466074359447e-10
-4.778355235004168784e-10
-1.012557046443138133e-10
-6.089988731288546958e-12
-2.115069419021976805e-11
