1.370769260267583056e-01
1.026454545015693887e+00
4.381912010723880424e-02
1.430138450339712855e-03
4.573455294213717929e-05
5.330926057743754261e-06
3.966861589123031093e-06
2.966702550197407429e-06
-2.557750965532121553e-06
1.044579812925546926e-06
2.506286360368417519e-06
7.258714449528374982e-07
1.077288807476493137e-07
8.254929164111782197e-09
-9.814295974256688338e-10
1.160679597770334963e-10
-4.706611885008755878e-10
-3.212373876883942159e-02
8.473020963803054584e-02
-9.017335587469392164e-03
-7.959484220901732413e-04
-4.421445152152585049e-05
-3.223508105311372910e-06
-2.455781710527088903e-06
-4.272217301005318857e-06
-7.868916618534577623e-07
5.167613931508217341e-07
2.691295216238617627e-06
4.568536107515854472e-07
4.457925298115456539e-08
-2.328839452370882675e-09
-6.415795694690108639e-10
2.566472560319775161e-10
-2.635980855535604321e-10
5.725109005241166803e-03
-6.772672110911207716e-04
1.560189798905260977e-03
3.496559736970842095e-04
3.432946255545943950e-05
1.347886865613046810e-06
1.226601746343659338e-07
2.525823088694701192e-06
-1.663456207594713373e-07
-1.594744830723616749e-07
6.037196097356217706e-07
-3.059870503757771359e-09
-9.182103289340894979e-09
-3.021357510645160625e-09
-1.847574425146828927e-10
-7.395198134077910056e-10
2.101386325640449176e-10
-2.976900080142147573e-04
-2.993009627049942386e-04
-9.479636330412765884e-05
-5.981583355154701580e-05
-1.435018612709559658e-05
-2.964125384730647118e-07
-2.161650922926248362e-07
3.448038769128168034e-07
4.518271265867422971e-08
1.005245391810654723e-07
-1.206733045280716024e-07
-9.363765267474851310e-09
3.972551972895648496e-09
1.301587844030141450e-10
-1.467200021937042958e-10
4.643958404556156919e-11
1.987634305230192474e-11
1.196159800799614822e-04
-7.582541994410490788e-05
9.276682617006341814e-05
1.162924246783591434e-05
5.054623763852021732e-06
3.334855824559002025e-07
-1.324313883984816285e-07
-3.784559168391596674e-08
-4.473433544387656454e-08
2.332478188517369117e-08
-4.205311460589207325e-08
-7.077674333074620078e-09
3.002572782298456762e-10
-4.040034810114255102e-11
-1.245040517220455970e-10
3.000209764411535374e-11
3.843152564295907441e-11
7.010378510917224887e-06
-2.760529758500611708e-05
8.203007417772462044e-06
-4.507219064178342293e-06
-1.144533691575940622e-06
5.829428850669056111e-08
7.231178402899556888e-08
4.692244093430411122e-08
3.202300581204893132e-08
1.884754933941486637e-09
1.849171689920098506e-08
1.165749245768613122e-08
1.709950154326138598e-09
3.068712749028167100e-10
1.796970161305404358e-11
2.023948329233566028e-12
9.366060254534805583e-12
1.567345743316953281e-05
-8.759253129823595389e-06
2.396271181260778701e-05
-5.762625892633615379e-06
-4.950727339259105741e-07
-1.033645650837975747e-07
-7.044331646083356794e-08
-5.066596574424265753e-08
-2.305517824885205369e-08
-8.252067229749881559e-09
-4.326214460979704145e-09
-4.340040201956704217e-10
-5.462861186693304370e-10
-1.422640112646356060e-10
-1.988272202083848047e-11
1.235512907544890376e-12
-6.205647459024642325e-12
-2.570025059670670009e-06
7.008777930359179993e-06
-4.125462967398017136e-06
3.146109626055084054e-06
6.044544900411311504e-07
1.012799782117122627e-07
4.804496575372322522e-08
2.375288752815443537e-08
1.232722543577694373e-08
3.774157480959683848e-09
1.741415280488183629e-09
1.002182303612190053e-09
1.528967348671653844e-10
5.943989243057138663e-11
1.724754142694123805e-11
3.396216412228538742e-12
6.987928750478223261e-14
8.648169183876175509e-07
-3.497460454367604978e-06
1.330032289376351665e-06
-2.163623932935071345e-06
-4.192387095247492617e-07
-8.003915970345571495e-08
-2.330602496066932053e-08
-1.090907052691801678e-08
-4.833707810900791223e-09
-1.830751027886570025e-09
-7.948029056441734173e-10
-5.967802198708836501e-10
-1.811088085068358876e-10
-2.596775244007458399e-11
-7.101025352221636506e-12
-9.657230036569935224e-13
3.679701290958738296e-14
2.288025321236019698e-07
-7.654721363926490617e-07
9.644377386283209133e-07
-5.212890806999751922e-07
5.216419633286066749e-08
3.737092467135376105e-08
1.136116710544700116e-08
4.358418772180057697e-09
1.757006505298690739e-09
8.067868132841912915e-10
5.169039762754014237e-10
1.400266467046965633e-10
1.027317945738895777e-11
4.915029403855248887e-12
6.041364308496813869e-13
1.448516752525521061e-13
-1.529241510344310116e-14
8.777048981677820902e-09
-9.749453897351406966e-08
1.999246170415467267e-07
-1.778693235537562297e-07
3.802548692601278818e-08
-9.622540844937086799e-09
-3.934733438340803634e-09
-1.334164078518172159e-09
-4.856021647916950206e-10
-1.779132049660483634e-10
-9.081340423871018016e-11
-3.258861281763719149e-11
-4.559703620425901522e-11
-4.269922359843646178e-12
-8.819548405105595427e-13
-1.097898783874626413e-13
1.203174435602520930e-14
1.595014967141965972e-02
-1.621319882038843585e-02
-1.226251078051117469e-03
-6.510180615009177551e-05
-2.540003000152210243e-06
-7.937364633092115411e-08
5.139900466590666684e-07
2.530481231217693771e-06
1.100481249209389029e-06
1.043076269144050035e-06
6.760116962734660306e-08
-5.182422033329000001e-08
-4.163189090978725738e-09
7.141544579331984305e-10
8.575164302376959030e-10
-2.390626951287031103e-10
2.980320646327907596e-04
1.435412072244891118e-03
3.268607033348303157e-04
3.298636846826426771e-05
-2.125185849665075782e-07
-6.048384387091236022e-07
-1.018778012929494737e-06
-5.157201057961096164e-07
-1.050248158602288666e-07
4.316268649621853963e-07
-2.126436406862270965e-08
-8.771301687432583556e-09
-1.311550388302559483e-10
-8.978489858635771628e-10
2.185634764002789888e-10
-2.164459207479774581e-10
-2.271882340965096405e-04
-8.580967613880204265e-05
-6.090875357895713651e-05
-1.465943694992435592e-05
7.460161826635487494e-07
1.358373714546218863e-06
7.317346390592990774e-07
3.459179234486265532e-07
-5.644831503802680280e-09
-1.315632324823623334e-07
-2.594598988325244268e-08
3.843171590046522629e-09
8.242701389350974932e-10
-4.957890768203372546e-11
-5.984371763821990365e-11
-1.351650738698686925e-10
-2.594210762638842613e-05
9.745383909479408491e-05
1.198502261755865360e-05
4.996404771562860780e-06
-4.348605993700642146e-07
-6.787012194404240295e-07
-4.818004903786402085e-07
-7.385356151973577995e-08
4.436411398793445012e-09
-3.257644594142254639e-08
-1.600919791974418895e-09
1.780970087396744006e-09
-9.013203631852107071e-11
-5.819638714978190235e-11
-8.237101176030934566e-11
-2.960640741543682094e-11
-2.390024759284505867e-05
8.993462205778769255e-06
-4.652110401458525017e-06
-9.008745214256227614e-07
3.035965515946447381e-07
4.577318356347629396e-07
2.096281389989552683e-07
5.101236288596711781e-08
5.124741023092325199e-10
1.320788646737451774e-08
9.725129286024274921e-09
1.169579976031420812e-09
1.928443601966825467e-10
5.338738429873725862e-11
-9.713475123637804722e-12
1.463687705017099298e-11
-1.205843323379262145e-05
2.372118673081009376e-05
-5.742429616909837191e-06
-6.363756630222884829e-07
-2.332338698541021094e-07
-1.761281635881340807e-07
-7.469563095982143631e-08
-3.001913587881737456e-08
-8.268333672286893973e-09
-2.783038612120291538e-09
2.984044016140472647e-10
-3.567038626767897032e-10
-1.209338456573689947e-10
-5.010728656603834169e-11
1.096320751339577670e-11
-1.301252478701751572e-11
7.453078324924474192e-06
-4.098249019318412432e-06
3.163879317707906664e-06
6.570236781727836478e-07
1.512977816755151635e-07
6.763539413095945594e-08
3.240272595032936698e-08
1.365217447063042772e-08
2.981856686301898633e-09
1.060651752721771830e-09
7.181539580997367014e-10
7.744664422104411745e-11
4.853595345537990169e-11
1.921290037458958156e-11
4.507732990846696348e-12
-2.532004135678865431e-13
-3.640378721786359246e-06
1.313669692119201019e-06
-2.174123600987482576e-06
-4.368954634776344220e-07
-9.322290937394209805e-08
-3.099438229483843987e-08
-1.333079319353045398e-08
-5.128989038224302082e-09
-1.523148023614196453e-09
-5.661918755567800929e-10
-4.885578709879288333e-10
-1.514168840056796968e-10
-2.212647153481342522e-11
-8.453165311720039907e-12
-2.214008416115387209e-12
-2.218481168812651381e-13
-7.966918927476245815e-07
9.651788858328551472e-07
-5.179691967118204629e-07
5.722590939833945141e-08
4.121574649276433044e-08
1.307050525453242234e-08
5.168881038735175622e-09
1.994154377801116795e-09
7.390081288974066643e-10
4.405357626721366001e-10
1.000731680262873377e-10
-5.211314049035636502e-12
2.792970281797748989e-12
1.165782454271794850e-12
3.256644764941743533e-13
2.834399101406579439e-13
-1.092214967697681983e-07
2.019095193811683087e-07
-1.844497623736174161e-07
3.573017060367359623e-08
-1.064366298624112867e-08
-5.248068440847710132e-09
-1.943333779009320971e-09
-6.346056815541562883e-10
-2.320388730063617133e-10
-1.228876192286032566e-10
-2.556355751800920701e-11
-2.272554290335025049e-11
-4.810878252824823805e-12
-1.104609253731001835e-12
-2.395656390577158576e-13
1.435076913922504494e-13
-1.017469444892656449e+00
-4.354472224215340248e-02
-1.421701639032870281e-03
-4.322344784208356311e-05
1.974439289284729072e-06
4.883387358002092807e-06
4.799660178579761167e-06
3.004192386993039493e-06
-9.955293362242862196e-07
-2.492890794745170617e-06
-7.311844798776752195e-07
-1.104916891921520887e-07
-1.376458811005033599e-08
1.327103259257400821e-09
-1.620067887520682947e-09
9.171155046708441209e-10
-8.973051091130115897e-02
8.742775683821243926e-03
7.848540453224068288e-04
4.418927507123221032e-05
8.224853697793725224e-07
-1.054651298216924060e-06
-3.502022170235925620e-06
2.366683591651481009e-06
5.203212574887461601e-08
-2.559696401786707895e-06
-4.303133348249153459e-07
-3.962062069674369871e-08
1.865123406881651057e-09
2.003404728054725255e-09
-2.981063126053721917e-10
3.737453173475995234e-10
2.861717827962839515e-03
-1.366349495533859598e-03
-3.420231107128205317e-04
-3.727431548326543665e-05
-1.159616782328336205e-06
1.979412092082806662e-07
5.081891644996198805e-07
-1.152458511616853580e-06
2.867532788791267373e-07
-6.385498764293739023e-07
-1.817946916510404008e-08
6.247233096734658520e-10
3.214250555578802502e-09
-5.747700648369630646e-10
3.223760469526349419e-10
-2.881241379201506854e-10
-9.132903407867384881e-05
1.840138447667922865e-05
5.626479026666909551e-05
1.530957785921323734e-05
-1.131942739215936597e-08
-1.214551273074063441e-07
-6.042806929394980325e-08
3.096385102342101753e-07
-1.371067074529821367e-07
1.638821207988763414e-07
2.173825643110458988e-08
-3.237568945599830200e-09
-2.861877909425309488e-10
-1.291587004402451891e-10
-9.225791820019839422e-12
-1.430323173029231394e-10
1.695495676286216361e-04
-6.807524215219654346e-05
-1.035041250270352340e-05
-5.802627874170464782e-06
-2.888505838204345175e-07
1.231875218823772636e-07
-2.217961663644407460e-07
1.920922834704148198e-08
-1.168022298127936598e-09
2.279566204748876577e-08
3.829318634746166380e-09
-8.168863841220600533e-10
-4.215724290943929509e-11
9.820003236348309094e-11
1.653710395368917923e-11
-2.380930342778788371e-11
-2.014284566658932141e-05
-1.557319489104063771e-05
4.205451190086322805e-06
1.492515813150451242e-06
9.988543738726044038e-08
2.314305399113456756e-08
3.400875330340271608e-08
6.289271967284689087e-09
6.007129023547663594e-10
-6.987992969987231820e-09
-9.991205617256934056e-09
-1.177293400747498742e-09
-3.146067930439472949e-10
-3.726010633944903418e-11
-1.964527240680331752e-11
4.625078602640084571e-12
-1.992963598560037371e-05
-2.526347529082951246e-05
5.623411053422759638e-06
3.304799941725107105e-07
-2.690152716769005705e-08
3.696678504104145981e-09
1.264063598808384482e-08
-3.328434991774847476e-09
4.060387857418066722e-10
-3.371878638927147866e-10
-2.871292136237793292e-10
3.364480859298297571e-10
1.529687373325294277e-10
1.984991062990565010e-11
7.401763086154452119e-12
-3.625331719603658314e-12
8.018631111584127120e-06
6.652538118762907158e-06
-2.860114819207477773e-06
-4.998750062061598152e-07
-3.184356544492931510e-08
-1.021858761201694041e-08
-5.981557886907429853e-09
-1.627737451578595017e-09
-2.091762872561612907e-09
4.588447282136262864e-11
-7.204004696730082029e-10
-5.617819101389905396e-11
-5.206445678119325375e-11
-1.367475829255719688e-11
-5.890833545397386007e-12
1.477892673760237415e-12
-3.866530275080337666e-06
-3.352597171635050140e-06
1.891573458072317649e-06
3.570180784473003311e-07
4.822875727332439636e-08
6.636547415292339239e-09
3.231003915712843858e-09
1.188055045935959498e-09
1.246756983449092036e-09
4.868248953536288825e-11
4.657002069657742922e-10
1.408712496951093800e-10
2.206211413268550061e-11
6.638512808463336559e-12
1.500610849866676994e-12
-1.943031800021969441e-13
-9.520761568323392202e-07
-9.439966982814407477e-07
6.378729773572845121e-07
-1.979259812207549167e-08
-2.419586136414396300e-08
-5.203069461138396541e-09
-1.581416185714985524e-09
-7.453030149796570339e-10
-3.659680122820287745e-10
-1.217630830535278695e-10
-1.127680488167044472e-10
3.277196006206813869e-12
-4.409227913725973545e-12
-8.219870567438423064e-13
-2.996441650025892052e-13
1.090628340199450027e-13
-1.187153679293201954e-07
2.028944533720058249e-07
1.638238434605148575e-07
-4.922631168104957867e-08
5.435977926005795211e-09
2.129146676827928956e-09
5.491581491196115359e-10
3.651243152399772624e-10
1.531663477267807553e-10
-4.850993176003594172e-12
2.583959777073795129e-11
4.268396850157243952e-11
3.085922313344426565e-12
5.844718847483539167e-13
3.431657791483285691e-14
-1.889411210006835646e-14
5.610862325570466907e-02
2.360461025678981320e-02
-1.581945628938111886e-02
-1.213772052664425886e-03
-6.737914078493800827e-05
-4.151524222542907425e-06
3.852955880555930741e-07
1.897539114328913692e-07
-8.718272151313291773e-08
1.193201138338295393e-06
1.056765246930551791e-06
1.034926586632770266e-07
-4.047290138527229355e-08
-3.612517127798813749e-09
-1.108790012462848483e-09
7.195009873459814013e-10
-4.029042467940988758e-10
-5.281889631095331057e-03
-1.738160376410870884e-03
1.249291255603486757e-03
3.165193816841597790e-04
3.434367625301238921e-05
2.873651781734463548e-06
5.645795895706746129e-07
-7.911774115381232606e-07
5.948337143445323580e-07
-2.297304345332996653e-07
4.128687350780171154e-07
-2.178212179346970871e-08
-7.632518585865167465e-09
2.505586108338676468e-09
-9.476971972106002344e-10
2.487295375923649370e-10
-5.592872525548254814e-10
2.733129161177957748e-04
1.687119171091603341e-04
-8.528595545389177973e-06
-5.657708228402901391e-05
-1.661137374800971458e-05
-2.103452812796324673e-06
-6.520425982278534594e-07
-2.052176138453249358e-07
-7.565469281892855213e-09
6.794514661241996571e-08
-1.337542871690789498e-07
-2.514223598599687136e-08
3.159556446828104288e-09
6.348827538274812559e-10
4.934947783392999736e-11
-1.042023071595808664e-10
2.099785280537258961e-11
-1.360852174000133652e-04
-1.222221687888313103e-04
7.125529962624544008e-05
1.008842358846196357e-05
6.410932833956986176e-06
1.260253820480145721e-06
1.777411889399346444e-07
-6.388288878078367585e-08
-2.655662933189863557e-08
-4.514309670547063378e-08
-2.933171543971811222e-08
-2.822140652384572423e-09
2.186324149084160136e-09
8.081987605380810335e-11
1.053442915985672753e-10
-9.709878731069031477e-11
-2.062092102768287624e-11
-7.760435874244422965e-06
2.410027341851479467e-05
1.678947027515987641e-05
-4.138475158023258832e-06
-1.978289642292388243e-06
-4.140307073991650500e-07
1.583344213140805700e-07
7.058196477324964572e-08
1.508490921032287979e-08
1.047064303966223862e-08
7.664102929824643559e-09
9.409917112445903028e-09
8.389897215732294984e-10
4.985293476678892666e-11
2.461312288202065999e-11
2.772095697172998351e-11
2.281730222716305326e-12
-1.544551682296043372e-05
1.637911416219061623e-05
2.489413435577036082e-05
-5.559237489189989496e-06
-1.160080600661754365e-07
5.861538843505155727e-08
-5.386099298809715167e-08
-2.233355534842116670e-08
-6.920730986625665595e-09
-5.062183255704532590e-09
-1.809654479716591691e-10
4.940354388010987265e-10
-1.929552088001325284e-10
-7.551567471210650130e-11
-3.152777637538717213e-11
-7.902660667121812453e-12
1.742950405454126631e-12
2.630002985906788098e-06
-7.488077466817516953e-06
-6.596160771243741086e-06
2.821810831975479390e-06
4.472464525637203634e-07
3.229132669289984990e-08
1.500274184602938417e-08
1.143815891667675750e-08
4.844885320038821285e-09
2.940074629241550144e-09
-1.645598161104116889e-11
6.122241039516803713e-10
-1.284276581803635803e-11
1.910164568415560158e-11
1.116162344274059693e-11
2.424985858632248237e-12
6.686486787751315767e-13
-8.704575447657965701e-07
3.702728310247800892e-06
3.338877048005845887e-06
-1.879188835692838636e-06
-3.480727336591865369e-07
-4.893686019078196725e-08
-1.062320736494542584e-08
-5.184415459372788865e-09
-2.221227756082882632e-09
-1.467545262998066853e-09
-5.523485845534808888e-11
-4.154303643534306595e-10
-1.100298480638801180e-10
-1.119553813765367860e-11
-5.244526435655648588e-12
-1.301135871099060750e-12
-5.940749901445124363e-13
-2.158258726950849794e-07
9.243858147284008909e-07
9.413084639235321846e-07
-6.408188971128725526e-07
1.942997851395251932e-08
2.542034649080696441e-08
5.900492316835991305e-09
2.359596697825082210e-09
1.194228179818945549e-09
4.554710648163414176e-10
1.227110833475316564e-10
9.449729975592052292e-11
-2.052523619540164696e-11
4.448702988962867828e-14
4.572048344103316279e-14
3.170652138792134015e-13
2.161276805572584503e-15
-5.433947663974839164e-09
1.096672891498450134e-07
-2.207072120084203747e-07
-1.729986711818988403e-07
5.005515422036458456e-08
-4.806861799025155488e-09
-2.702589778471352985e-09
-9.218076403474893490e-10
-4.586648708174972512e-10
-2.013812351632234425e-10
1.398583765664591595e-11
-2.512310973729319376e-11
-1.595288740033786128e-11
-2.503436455391261980e-12
-4.973251427521561196e-13
-1.048033111016498482e-13
6.764218456197135764e-14
-1.562078940332821131e-01
-5.058010057202471862e-03
-1.550601824953277649e-04
-4.266619886666304362e-06
1.212271395315832030e-06
1.783966533532908267e-06
6.165854428884389623e-07
-3.548357861035486460e-07
-8.635925120764547018e-07
-1.052115577082896279e-06
-1.339888183758888676e-07
-2.593001625045736533e-08
-8.935731615992405570e-10
-2.523545442423580249e-10
3.609613699676265443e-10
8.008595417578781809e-11
3.375622836179508618e-02
2.809473290628294265e-03
1.544918842632952451e-04
6.861835313271170588e-06
-7.640204790181632174e-07
-1.067396740068555004e-06
-2.858024160562094843e-06
2.210223456954665839e-06
-9.046842905095664146e-07
-7.317766941980589384e-07
-4.855721821317998093e-08
-1.069596294116756979e-08
2.005667472596623198e-09
-1.245740504526428715e-09
5.231069520773173104e-10
-1.745589711038146274e-10
-5.979242725777189280e-03
-1.216509512231427146e-03
-1.206361119335248828e-04
-5.360185056943721701e-06
3.591466204034487852e-07
2.204723748169156293e-06
2.402932357745384187e-06
1.401474015220461839e-06
2.547936485840235711e-07
-3.438038318629218511e-08
-5.571912101683044014e-09
-4.213481134601427987e-09
1.915949664515361231e-10
6.352182532839769958e-10
-2.492822354417616693e-10
1.288241869206379859e-10
2.158954046213047424e-04
2.258602867066100413e-04
4.976975916090878250e-05
3.172757020298226198e-06
-1.103479451207043439e-06
-1.428441479991418359e-06
-1.137854732041912091e-06
-4.630891662317137955e-07
2.964171666867567310e-07
5.500575825131708284e-08
2.806951887581345037e-09
7.513686895796317941e-10
-1.261399199170043949e-09
1.663048689965386593e-10
-3.776830999340446901e-10
8.496456816972635633e-11
-2.715388538614462713e-04
-4.700309522646193286e-05
-1.688226031046050930e-05
-1.265895675012348583e-06
8.141280955697312182e-07
8.528776446184266176e-07
3.372522106966399731e-07
1.340099797457359563e-07
-3.761275553058044218e-10
-7.028607344291884024e-09
8.147166067459792621e-10
6.291441660525139222e-10
6.468338804827999342e-11
1.075146205662189621e-10
-2.522351205114046981e-11
3.815043640463337334e-12
5.581452586830850472e-05
2.121318759657996169e-05
5.310005259444681816e-06
3.842809587361891354e-07
-7.300904056259552651e-07
-4.155442849583208505e-07
-1.253774829382632394e-07
-4.644052301489424279e-08
-2.737707557564055850e-08
-1.032718349687735284e-08
-2.349511311355493766e-09
-2.293961319912710674e-10
-2.063708314386676327e-11
-1.137712582661125343e-10
1.376765787473103131e-11
-2.231214406110236668e-11
4.027943155696169392e-05
1.755634239519916084e-05
8.382455124748569444e-07
1.322989902244478251e-07
3.410040576062501694e-07
1.778657008301289850e-07
6.891491064860983777e-08
1.997335073012338065e-08
8.191281488751836657e-09
2.397807889956953029e-09
8.971488499255638718e-10
2.217938139803650671e-10
8.414849110384487732e-11
5.348938581265908338e-11
-9.324272362156846427e-12
1.722753781666282507e-11
-5.676022630644785710e-06
-9.734859329384348739e-06
-1.620252300750548852e-06
-2.418088056316728341e-07
-1.285082348704498383e-07
-7.023786122551955301e-08
-3.092650610945431638e-08
-1.058839950523965007e-08
-3.327785762621664864e-09
-3.020021844638381791e-10
-4.357877345920128531e-10
-9.446291099847665279e-11
-5.384755470310611549e-11
-1.181704032294669628e-11
-3.327343005750631464e-12
-7.650359572419466984e-13
2.195430614823156428e-06
6.380081463038990097e-06
1.246906648657334681e-06
1.970085569415876767e-07
5.725053873390454293e-08
2.670166281958869721e-08
1.217761775740186656e-08
4.346029703870988589e-09
9.489724591205602671e-10
7.979785027762451001e-10
2.899504115617319716e-10
4.550567251667940491e-11
2.531253005489429138e-11
5.859661227859061329e-12
1.500397019063669114e-12
3.788020148586593836e-13
1.084009753696886439e-06
2.382755984261736860e-06
-6.689520279552629913e-08
-9.020408879730805662e-08
-2.574097188681323688e-08
-1.018032666079688404e-08
-4.456175900836045660e-09
-1.737086367158259683e-09
-3.289985394182333918e-10
-2.600255020107673913e-10
-1.342687584734712670e-10
-4.513227047873628090e-12
-6.694837645359352815e-12
-1.997319208166387205e-12
-6.723755986816236395e-13
-1.999303651450521243e-15
-2.977537507187020033e-08
-5.999808479327753977e-07
-1.871350364841593866e-07
1.623890468357508329e-08
8.766778646409299722e-09
2.878472022260076420e-09
1.214235314512774750e-09
5.582887703500385815e-10
2.366932639147534118e-10
9.123214235884537388e-11
7.861106827172613950e-11
1.242817304260438624e-11
1.481501324764367481e-12
6.334105375094440472e-14
2.144024304809190968e-14
-2.153867726772208097e-14
-1.186714663235771267e-01
-5.995014219452207693e-02
-4.297056088423876347e-03
-2.225507375663395352e-04
-8.014837278913234316e-06
1.015873218117172109e-06
1.550615949286978541e-06
8.230942827320858802e-08
-2.423920686116737726e-06
6.640610085012440638e-07
1.264116786626378490e-07
-5.416286818845958738e-08
-2.723732156438684475e-09
3.467990588021763730e-09
-1.962945304886973423e-09
5.791608510382451093e-10
2.386479298303079089e-10
1.671492494882706329e-03
5.470746439081635923e-03
1.134322788859069755e-03
1.154768529502264436e-04
4.671505947414537661e-06
-1.557554374024671005e-07
1.706606424753655723e-06
8.975602671473437774e-07
-3.483486323944255835e-07
-5.074853727495506721e-07
-1.797714184219353838e-08
-4.699292494873085784e-08
-3.715023458485863224e-09
1.386556488211094845e-09
1.786114307533536338e-10
3.392816988807811680e-11
-7.239243368646808860e-11
1.392424357311517142e-04
-1.944090288136264674e-04
-2.259646665327347064e-04
-4.808271642021859832e-05
-1.701386229082897893e-06
5.128602446921058430e-07
3.568086732860808059e-08
-8.092272561381458852e-07
3.796170619556498218e-07
-3.737903968229548921e-07
-3.238382163744273083e-08
9.021749500580822280e-09
4.237575530282803439e-09
2.656266041565242036e-10
5.142292809774685658e-10
-6.722633925747179006e-12
-1.842627416794008455e-11
1.052358282568398269e-04
2.911874029354827114e-04
4.855352891219102295e-05
1.618306122019050835e-05
8.433829850230872073e-07
-4.108072866907024412e-07
6.602366028685585395e-08
8.108819831441539557e-08
-8.579840005535349079e-08
7.716614101229503018e-09
-7.309682486357537117e-09
-6.328637222721256090e-09
-1.372669508127109099e-09
-3.369792118699132793e-10
3.510997463701743133e-11
4.334951821345504649e-11
7.980717414040465227e-12
-9.045184172449565061e-07
-5.526867944844917723e-05
-2.086905724011550958e-05
-4.987795009380183032e-06
-2.634698134056293871e-07
1.227628064476229352e-07
6.179903242885019374e-08
4.136541715902037476e-08
1.648033602063237651e-08
3.005652681251273179e-08
1.589388424377002990e-08
4.831948854676980195e-09
6.971305865316235156e-10
1.650028337584290558e-10
-1.234979786486948201e-11
1.050969016516658262e-11
-2.574353953526450372e-12
-3.488858257760074267e-06
-4.032621706122863049e-05
-1.768832113991143396e-05
-9.494465325832962041e-07
-6.058800950491931029e-08
-9.809593833704177541e-08
-8.335540093707607275e-08
-3.188422290474520041e-08
-1.305960696416421606e-08
-1.090330403359245754e-08
-4.644752287317835616e-09
-1.818910363349375926e-09
-4.452578747196311802e-10
-1.072789515483086231e-10
-1.667341032430197500e-11
-8.155928638824125506e-12
-1.743516254348615387e-12
-9.284448283172722291e-09
5.573967766282980663e-06
9.763039722401418492e-06
1.632878717972199693e-06
1.863784220147580919e-07
7.189279571093590673e-08
4.433986465982978694e-08
2.083073697801053360e-08
8.813849143170144483e-09
4.342350438062694510e-09
1.078812441368298008e-09
7.654112797788134152e-10
1.851762927062582121e-10
5.018988817645146375e-11
6.743164266772279370e-12
-2.771114310117134548e-13
8.705008163371394418e-13
-4.007144771673119768e-08
-2.176703908483733784e-06
-6.386999650611026068e-06
-1.240893841132618731e-06
-1.776819823281253205e-07
-4.128922972835326533e-08
-2.115325784533411027e-08
-9.477033340047152074e-09
-4.223960510496861708e-09
-1.360584752999555357e-09
-1.084712659555655460e-09
-4.072845464940268372e-10
-7.614201953500263960e-11
-2.410156576645993800e-11
-3.661731165968247799e-12
2.618555421894822835e-13
1.486997045634237600e-13
-1.112557840049978495e-07
-1.098463148168527887e-06
-2.382099672251201283e-06
6.272197071290727302e-08
8.292219978453732138e-08
2.221753395510403227e-08
8.934636064732822130e-09
3.991791549139437690e-09
1.876789129478863125e-09
4.971687984579882868e-10
3.777255629344517283e-10
1.638068818207644086e-10
1.084436338103860828e-11
6.756101563725426833e-12
6.438675862522346821e-13
-3.825586682951321004e-14
-2.096939193200585858e-13
-9.746289598213814034e-10
3.263153089989741802e-08
6.005925238557223408e-07
1.954937499034460094e-07
-1.426637826977324049e-08
-9.736039476601629344e-09
-3.389339632083623717e-09
-1.494127207436877752e-09
-7.954402091153618713e-10
-3.858156376701468877e-10
-1.533313421652804457e-10
-8.522453758095693198e-11
-1.205993902782392620e-11
-2.072554259050168662e-12
4.779762150283677967e-13
3.059039655142089477e-13
4.814510179548427637e-14
