1.385385384453949598e-01
1.025703833522746855e+00
4.423507835537535821e-02
1.485248329512154318e-03
5.024378547930992460e-05
4.841476075537821739e-06
4.073594928298425456e-06
3.076085031668854153e-06
-2.116538319546985676e-06
8.706214278801424972e-07
2.240931940223033343e-06
7.224933088602457500e-07
9.561746759051455316e-08
9.710751074216732467e-09
-1.000594838902357391e-09
1.762241141418903972e-10
-4.843793231617100250e-10
-2.637216081751574473e-02
6.910848469400350524e-02
-7.402290673062524723e-03
-6.668695637665071662e-04
-3.813764783605271089e-05
-2.592812472754721929e-06
-2.240904635050059211e-06
-3.291962613873444494e-06
-2.307196811433518013e-07
1.964435252278825474e-07
2.056333114753822647e-06
3.797830555194222500e-07
3.491667089073249033e-08
-2.419968309383667959e-11
-9.131467733030773349e-10
-4.042314641036081826e-13
-1.629427949408257732e-10
3.828834658444914187e-03
-4.209749202453116597e-04
1.044788008989878990e-03
2.375617549244909055e-04
2.405461185927502141e-05
1.286512049425511943e-06
1.091328209307953579e-07
1.720758271601353621e-06
8.602768644946004092e-08
-5.850343000627705272e-08
3.885051126873962804e-07
-1.177887608609108142e-08
-8.370013765341930667e-09
-2.892203981844724795e-09
-5.509751702287520264e-10
-7.508018105516185545e-10
9.292885244563443556e-11
-1.448635934173835764e-04
-1.864677684010495240e-04
-4.182035989537392879e-05
-3.130609281750804156e-05
-7.805427401261386350e-06
-1.835837509019743342e-08
-1.081557502802708265e-07
1.480701894203103207e-07
5.084574175602399282e-08
6.597095863595696449e-08
-6.782902983141889153e-08
-4.184655346005435705e-09
3.060757263306484804e-09
1.579705201705792550e-11
-1.731636405913760098e-10
-4.878676182646565525e-11
8.308478292497356111e-15
7.150081580612850575e-05
-5.122520019293816634e-05
5.386686374299017900e-05
6.078159848101009239e-06
2.294507882289045563e-06
1.265727188571765248e-07
-4.596782412323920612e-08
-2.020985102828205867e-08
-2.822947922896592754e-08
1.101306752468643355e-08
-2.046792373686231688e-08
-2.637775585599052516e-09
-7.983080409838546565e-11
-6.281256456255833006e-11
-7.778752397143560765e-11
4.430540844074288832e-12
1.208745417380469831e-11
2.776162688961436984e-06
-1.271893411587501942e-05
3.868612532465736662e-06
-2.195540784265915105e-06
-3.932073272048981733e-07
4.347862864241046899e-08
3.817843429716065022e-08
2.316777499030586721e-08
1.348738573897014539e-08
-4.940959901467310910e-10
6.768696362560724448e-09
4.715563104286284038e-09
7.607907444960007406e-10
1.344171385471265463e-10
2.002866453304943165e-11
1.191198365426948989e-12
1.802944868668996050e-12
5.658450993193107959e-06
-3.057322334580014128e-06
8.575992764636692790e-06
-2.050378706508193866e-06
-1.859238305933829853e-07
-4.438423981969199659e-08
-2.762215369118878788e-08
-1.761239130511191975e-08
-7.960952853655011663e-09
-2.806896553258753743e-09
-1.397248186480547406e-09
-6.031673994863971935e-11
-1.945200097339066308e-10
-4.738221604609932013e-11
-9.532971063653057995e-12
-2.421261161705118598e-14
-1.601826033136014794e-12
-7.480460024072378579e-07
2.055205618320778661e-06
-1.179479075306172662e-06
9.294447703006473914e-07
1.778623789800752240e-07
3.149303166669717386e-08
1.469138834822575338e-08
6.980789515151101344e-09
3.339307083336444933e-09
1.006577140848365463e-09
5.179908651095373388e-10
2.769084337233606539e-10
4.184982600901477519e-11
1.503034008828170830e-11
4.224903455862657408e-12
9.123206027227456011e-13
7.969794435915771259e-14
2.221249572828855670e-07
-8.637534001528509472e-07
3.640292827463944753e-07
-5.419202110961559172e-07
-1.030786019902389693e-07
-1.969062727726459286e-08
-5.769443489040077909e-09
-2.647700447378857792e-09
-1.155447981537353708e-09
-3.854480519548246011e-10
-1.832688065573515565e-10
-1.479197743740710063e-10
-4.218034260692533124e-11
-5.504691100567352067e-12
-1.517063353593190908e-12
-1.012419231078754986e-13
3.834206238447683143e-14
4.422122276102037188e-08
-1.442507584359268113e-07
1.875331056284555389e-07
-9.789709457322392546e-08
1.070983978486820622e-08
7.494348600862098640e-09
2.287953858519840503e-09
8.882333331245381645e-10
3.539571014017052575e-10
1.562827905177973796e-10
9.700026344679619669e-11
2.994809199601217622e-11
2.230774827177038553e-12
3.877426545300613261e-13
6.566668998349571928e-14
-4.277763873333046591e-15
-1.662984589532796200e-14
1.359941997386422742e-09
-1.520386837209833379e-08
3.132361241168565195e-08
-2.855858537151160326e-08
5.823230757878441411e-09
-1.537507359602568278e-09
-6.568848846664261378e-10
-2.201651080315621563e-10
-7.997907524792060265e-11
-2.824840644138346833e-11
-1.340383422263810316e-11
-3.957956815682259548e-12
-6.686371069044068286e-12
-5.625680125779867727e-13
-1.383736270149252530e-13
-2.085872055448355461e-14
2.044975264431555919e-15
1.297023023297968515e-02
-1.331637152807114283e-02
-1.025183785611313240e-03
-5.572575501858047193e-05
-1.438365158356771012e-06
1.083616999484358246e-06
1.132519266469717214e-06
1.789162696373621310e-06
7.046489892808116833e-07
7.743041225318334211e-07
6.548763169949141021e-08
-3.367520617603387609e-08
-2.852231688576289056e-09
7.340548528887634309e-10
1.047380960473520464e-09
8.599447712720358702e-11
2.168175195337357559e-04
9.588156708785766646e-04
2.218429128685955561e-04
2.295961251661800755e-05
-5.046004371712634998e-07
-6.372132697165602002e-07
-9.198720909205895551e-07
-5.366923218839802851e-07
1.958553024028176018e-08
2.780073728901072547e-07
-5.668820670416519932e-09
-7.218497362635887193e-09
-5.815242840288340589e-10
-4.117251973804956073e-10
3.212795158252149331e-10
-1.710903787342161091e-10
-1.321511990189933722e-04
-3.570453222414743974e-05
-3.178259817356332990e-05
-7.813628385439361899e-06
5.018561225988047374e-07
9.573832956991742428e-07
3.841371188928945124e-07
2.178390468530100393e-07
1.938448322349139197e-08
-7.062137943198482375e-08
-1.308768507209448798e-08
2.148588209951681495e-09
3.735152690646715611e-10
1.085188055440500713e-10
3.173333351864664308e-12
-4.842293788161949633e-11
-2.025083572024928447e-05
5.663923050712636417e-05
6.357548497866373849e-06
2.103861624736286786e-06
-3.252808922688477990e-07
-3.864041270265606316e-07
-2.634748627381830436e-07
-3.888029053313113426e-08
-7.735611541410690322e-10
-1.486746493855102146e-08
1.067754815181191694e-10
8.083050850587249619e-10
2.832052750154655922e-11
-1.310673880064992330e-11
-3.574133859630088188e-11
-1.456872600414152124e-11
-1.115818397370112172e-05
4.233771260197815602e-06
-2.222941241240540337e-06
-2.801041586121826025e-07
1.486700169110829307e-07
1.944758216680748831e-07
8.738525616388282309e-08
2.225842320836155764e-08
-1.200755560414474323e-09
4.435793021537570616e-09
3.781690018283857982e-09
4.665289102088360609e-10
8.389594726329387227e-11
2.916971518029972263e-11
-2.027533032320787603e-12
5.010862378897335040e-12
-4.219456139627983698e-06
8.491388638775724843e-06
-2.052136223114470165e-06
-2.377213677189813612e-07
-8.636075103709294744e-08
-6.338665254944464219e-08
-2.588767195971151109e-08
-1.054365890469756245e-08
-2.849400835986026795e-09
-8.565227191253015567e-10
2.316979554432828598e-10
-1.082670780331626381e-10
-3.005988712982989085e-11
-1.740868217038578675e-11
3.766218763477757951e-12
-5.363536228193055929e-12
2.179819464933128508e-06
-1.170198690376314235e-06
9.345047994096515515e-07
1.933347777990574929e-07
4.556354883044841115e-08
2.030034543716546386e-08
9.517538043979290219e-09
3.777695806605496068e-09
7.851081865612482657e-10
3.122995744487542418e-10
1.808716083457952705e-10
1.398434359786470577e-11
9.775427685655320952e-12
4.584767519789949847e-12
1.526777414039600218e-12
-1.732171578822383011e-14
-9.032494174659953821e-07
3.591191106312433132e-07
-5.444610660852189743e-07
-1.074175962309076199e-07
-2.274337933864366870e-08
-7.676374415908453956e-09
-3.230287334613729646e-09
-1.239820075215878618e-09
-3.063021567625224846e-10
-1.234550414557282627e-10
-1.182896919058671978e-10
-3.284728113157110502e-11
-3.818179307158685365e-12
-1.753400219847979174e-12
-4.616162554121234592e-13
-2.940941411945953169e-14
-1.504857493499930653e-07
1.879159124073447073e-07
-9.725814749298813104e-08
1.164834941842934087e-08
8.215827740379556387e-09
2.593626500577150371e-09
1.035483983557745559e-09
3.937795914671155991e-10
1.397169311316135884e-10
8.020193727247800335e-11
2.140259060494089311e-11
-9.066704901624992002e-13
-4.996905086596719429e-14
1.806287241107761259e-13
5.224516418991771190e-14
4.701509367555310691e-14
-1.702886076735716185e-08
3.143625804476519552e-08
-2.941086172588543113e-08
5.470978884177357257e-09
-1.680940787370138673e-09
-8.368071072788961903e-10
-3.074693065093808964e-10
-9.665052188710235867e-11
-3.326052734208492110e-11
-1.707768785375992249e-11
-2.342176762666704531e-12
-3.525244966875757641e-12
-5.452407602647745582e-13
-1.612751721686821716e-13
-3.457487830819194202e-14
1.852805895674530521e-14
-1.016384477867756431e+00
-4.393420730696803722e-02
-1.476373386979926410e-03
-4.762139291167279202e-05
1.808971514697223277e-06
5.374691822874546860e-06
4.248997692922219816e-06
2.639071257838831644e-06
-9.431941469718237392e-07
-2.198378499134668104e-06
-7.379596633677883433e-07
-1.000555944587177491e-07
-1.472507183519599994e-08
1.369082125071344583e-09
-1.330133759580451549e-09
7.367566067132786332e-10
-7.329689887268513171e-02
7.166363106184550982e-03
6.577791068315022409e-04
3.784297472939924660e-05
6.905933854391767783e-07
-9.730272757716002031e-07
-2.713332374458291246e-06
1.680155960378227886e-06
2.169701578860084838e-07
-1.929465854264472830e-06
-3.585559976166712600e-07
-3.041391277492181172e-08
-4.604593983009739120e-10
1.850043031951810832e-09
1.968506728938493772e-11
2.224371122771310152e-10
1.903120015240176207e-03
-9.104988244630553718e-04
-2.327851049836655070e-04
-2.645667738290394150e-05
-9.484951642625407572e-07
3.289013087907957502e-07
3.037245535023007233e-07
-9.568253073143787088e-07
1.718719088038806710e-07
-4.240582202983461817e-07
-5.042020910212753798e-09
1.828332164495951973e-09
2.968897987249032093e-09
-4.950074057278378492e-11
5.111259287813702631e-10
-9.267488052852052644e-11
-2.265200468798814258e-05
-5.376993120289255363e-07
2.963766003804319370e-05
8.479307726199471746e-06
-2.170432634493027451e-07
-1.475846494087700055e-07
7.247462276702942550e-08
1.707404683688155715e-07
-8.389417427683529431e-08
9.407162134360721186e-08
1.256434459037295758e-08
-2.503034379381568610e-09
-1.764299519361010762e-10
-2.051334370210259621e-11
4.855252532384760113e-11
-6.614822773264125161e-11
1.017230155603776951e-04
-4.240098016031764274e-05
-5.682539201358047201e-06
-2.668886474685962260e-06
-1.210931653998794906e-07
2.009980704832427785e-08
-1.139356689299879481e-07
7.535270320087470166e-09
-2.177824850144317920e-09
1.085715000644509260e-08
7.990441168530922896e-10
-1.893101023885905406e-10
2.485044036895061805e-11
6.494046853731319311e-11
1.732537677787034984e-11
-7.674635657498179010e-12
-9.923632107107108007e-06
-6.813277162318232405e-06
2.129918694404722908e-06
5.330285540890184493e-07
3.458189450030264820e-08
1.363182055570455592e-08
1.080531873564257119e-08
1.835304499940176693e-09
1.373880882395119048e-09
-1.985293096523592357e-09
-3.961512790494185535e-09
-5.254371027491274278e-10
-1.295940213573172380e-10
-2.517593763413773872e-11
-1.127698562299742108e-11
2.862714579103474434e-12
-6.948390096582492602e-06
-9.052167323203656860e-06
1.980587858670511216e-06
1.283853256805777206e-07
-2.745107370947655658e-09
1.890358141024129898e-09
3.073832664640954505e-09
-1.359395167769917626e-09
1.235622502916213659e-10
-2.162747574895266945e-10
-2.095807835811551341e-10
1.233302869809738053e-10
5.310457835210112049e-11
9.863332802851546975e-12
5.112317605585300401e-12
-2.265816665095234566e-12
2.329394801274971221e-06
1.926953295254807437e-06
-8.388089449189091580e-07
-1.458369905755099460e-07
-1.131542722801183908e-08
-3.737888258716212284e-09
-1.619424146850442668e-09
-2.500188910354123187e-10
-5.803366046888422164e-10
-2.043844505887573035e-11
-1.929512227465825742e-10
-1.542694528239900165e-11
-1.354062463833810033e-11
-3.510267737813263206e-12
-1.972258749055601275e-12
5.693845949209361244e-13
-9.724694839281219021e-07
-8.652514273975296984e-07
4.744166169063102078e-07
8.743290564926769370e-08
1.198071556778911070e-08
1.846402225951688086e-09
8.056938935215728709e-10
3.031481354681227026e-10
2.903345234133280650e-10
1.064923939949769985e-11
1.150384842706679865e-10
3.385751495701685845e-11
4.794154051650113079e-12
1.538807818088678528e-12
3.544006338414348271e-13
-1.306872759743468312e-13
-1.812168859696324237e-07
-1.812367304572529193e-07
1.212632472531982266e-07
-4.192438868349730198e-09
-4.862896011487157458e-09
-1.089861671692553181e-09
-3.430475541826553771e-10
-1.472712708694350100e-10
-7.072660260699340601e-11
-2.120728956298624563e-11
-2.357337535345463664e-11
-5.533846103789730463e-13
-5.518611702921765725e-13
-1.740877684224701703e-13
-7.413660879457137964e-14
5.146715675379225286e-14
-1.864616766439063815e-08
3.173285910447869672e-08
2.626319291117717407e-08
-7.694094939145554619e-09
8.381895547723698841e-10
3.654602573865797415e-10
9.917248540308092325e-11
6.537147912239619331e-11
2.740947042692966311e-11
-1.879255725213252016e-12
3.104005681209462848e-12
6.417634825049504364e-12
4.017671523844178224e-13
1.002113376003914725e-13
9.676914536437535380e-15
-6.810622157754712364e-16
4.610329169182908471e-02
1.936859690821703811e-02
-1.297826861538736547e-02
-1.014911905613223152e-03
-5.810883405023721380e-05
-3.754286650565030117e-06
9.040135020090787947e-08
-9.372690126625427298e-08
-2.847239413298799196e-07
7.522126852551826872e-07
7.940700908007695677e-07
9.960222086977004930e-08
-2.385801238025493898e-08
-2.025558598408131600e-09
-6.877463193855418827e-10
1.006899653172948197e-09
-7.419532494504793198e-11
-3.529682377297167165e-03
-1.166969473016826351e-03
8.291072136525147766e-04
2.152417856007701139e-04
2.441705329549597343e-05
2.228240515543398544e-06
4.402411524676608398e-07
-6.905623775939578240e-07
1.970369974274788757e-07
-6.798768510835667181e-08
2.596772603832182657e-07
-6.161500939983708597e-09
-6.286620634041731512e-09
1.407595778567500194e-09
-3.728868329734653563e-10
3.306998279729446639e-10
-3.534065543908073599e-10
1.294883710153553512e-04
7.951496305420100027e-05
7.206578440701683252e-06
-2.968447846938125786e-05
-9.485640411874890615e-06
-1.345175186528671206e-06
-3.424619468048430590e-07
-1.452751254902635821e-07
-2.463234760789973377e-08
6.390470255451507518e-08
-7.217668385896079896e-08
-1.274870532515205035e-08
2.084099835405010850e-09
3.330269754853873130e-10
1.481405864264239172e-10
-8.445477250704800397e-12
1.810532027420153483e-11
-8.195423163702228876e-05
-7.243850422746091850e-05
4.462071799926702558e-05
5.612344076623752353e-06
2.979423177226233518e-06
5.578215498202590917e-07
6.429100273314037811e-08
-5.340922790660974570e-08
-5.301626885862184934e-09
-2.477109742042495730e-08
-1.350427234967711466e-08
-7.062772686048838000e-10
9.221288979499828405e-10
8.422262117237953010e-11
7.632989915430051002e-11
-4.310341045078296630e-11
-7.607107947567070688e-12
-3.171112917109336037e-06
1.156209863606946130e-05
7.344553364254802518e-06
-2.091446105743080680e-06
-7.647698736604316428e-07
-1.607431997067706235e-07
6.139438858785699043e-08
2.778006023055013312e-08
8.255195668933241551e-09
3.205509316811580938e-09
2.332206495920940660e-09
3.724873587538026617e-09
3.509078255079984050e-10
2.381226810429636034e-11
1.491144772105782657e-11
1.100245968120230824e-11
5.736022362557846278e-13
-5.568104339262742699e-06
5.715530782670902417e-06
8.919914115797393842e-06
-1.963642562046535304e-06
-5.034623871536406060e-08
1.478970849626238951e-08
-1.830682455959218084e-08
-6.201465614202061564e-09
-2.347697545949315270e-09
-1.813286001078770923e-09
-3.019843470222711361e-11
2.873765787892810800e-10
-6.796469989531575952e-11
-1.945507424098330627e-11
-1.060754892808959285e-11
-3.078762731488795351e-12
5.699561961159749023e-13
7.629932003418639196e-07
-2.182440709734274470e-06
-1.908573832183196472e-06
8.293907617392295801e-07
1.308492419577496131e-07
1.145420644524605239e-08
4.966335253808249141e-09
3.187320566537972410e-09
1.233947629508818346e-09
8.497364703781036333e-10
4.005167454162127323e-11
1.578299273784740619e-10
-4.960114546691542261e-12
2.192281003152919060e-12
2.286933184238566242e-12
7.290596309526230310e-13
2.017083148182679676e-13
-2.214017521218706107e-07
9.287144558887366376e-07
8.609042875451078146e-07
-4.720530157058311520e-07
-8.545811247503540567e-08
-1.219422833430512208e-08
-2.817216252176766687e-09
-1.269810807922097147e-09
-5.671332948320781799e-10
-3.462026364361484009e-10
-1.171893215968945481e-11
-1.024572068766260481e-10
-2.579727677569152609e-11
-1.396691768761483987e-12
-1.018195044210273918e-12
-2.714022442832763004e-13
-1.054300826299595893e-13
-4.179291449648908479e-08
1.756663637896183536e-07
1.807774227817439656e-07
-1.218777773865853206e-07
4.086845575703388527e-09
5.117059370363148826e-09
1.192386717059159637e-09
4.924915489797322715e-10
2.343835336932060073e-10
8.933730115302448218e-11
2.053132699174687592e-11
2.002276379964801039e-11
-2.509276384541048450e-12
-3.659474212974794972e-13
1.134494624983268868e-14
5.801312159235435062e-14
-9.385974948560226734e-15
-8.767379371519801748e-10
1.712934781375858024e-08
-3.401802940209317728e-08
-2.744366848828212898e-08
7.767764262498582191e-09
-7.490013723386709964e-10
-4.424512849905507472e-10
-1.622889715476786325e-10
-8.093863906115050612e-11
-3.469991241161224082e-11
2.606417509027294136e-12
-2.959468845607354548e-12
-2.929008149505535017e-12
-2.266000960678440792e-13
-7.502765660101593518e-14
-1.873352860221587398e-14
1.060822866907587179e-14
-1.577256358662214031e-01
-5.256744154726912532e-03
-1.704665080892671424e-04
-5.003647528706593483e-06
5.377225955167802706e-07
2.159323866657912708e-06
1.448161485322470848e-06
7.875576921388593369e-08
-6.923524103083012354e-07
-9.637431485716483585e-07
-1.490956251805858528e-07
-2.641526760700524163e-08
-1.332046451539301097e-09
-1.053215105737597024e-10
2.843399155823357780e-10
1.011544955034195984e-10
2.775292083487235217e-02
2.350778742455214912e-03
1.343598348029901820e-04
5.325625792558560477e-06
-1.102117772186021236e-06
-9.574458131569689621e-07
-2.355825628963010143e-06
1.469592021063019931e-06
-5.103702611437503095e-07
-6.061538531206891839e-07
-3.164629852244243752e-08
-9.940795848266075333e-09
8.706165431192785805e-10
-1.060290753222995620e-09
4.379097113549445299e-10
-1.160261730078703197e-10
-3.991020674213282930e-03
-8.251966848409360679e-04
-8.383006471200833698e-05
-3.192043155722352289e-06
8.961964976092603067e-07
2.104346555555604820e-06
1.851370162058714993e-06
8.667251117457247688e-07
2.331874843063754344e-07
-3.700272535264481555e-08
1.965079397489542220e-09
-2.262049516469229592e-09
-4.331948568326538509e-10
4.412144750544012381e-10
-5.917104419561093067e-11
1.277166551670124839e-10
8.741117143919745387e-05
1.209289781416026858e-04
2.776070818260652245e-05
1.700688756087275685e-06
-1.001574339653408473e-06
-9.125610730151431374e-07
-7.373405285279600497e-07
-2.498024364756528561e-07
1.401823713384591191e-07
3.704648458458844591e-08
1.246681185933292257e-09
4.532887323239346918e-10
-6.659207417165252958e-10
1.106949213968911308e-10
-2.065474493511686410e-10
2.942739558784976803e-11
-1.682107519332237927e-04
-2.518937241495965176e-05
-7.617062304529258309e-06
-4.325960851931053887e-07
5.094135123747406517e-07
4.725437761482908596e-07
1.817533317336998687e-07
7.324324873089043893e-08
8.660551613004230005e-10
-4.005576905272155142e-09
3.973199760304209791e-10
1.621088743661875637e-10
3.910237761521505867e-11
5.813619827812974369e-11
-4.083901063367369760e-12
6.197238401108367739e-13
2.722713879353649729e-05
1.021405606996666698e-05
2.015280152140663373e-06
9.425832232272284785e-08
-3.206788325526534046e-07
-1.815601891321313858e-07
-6.091136147502827398e-08
-2.357395350517231398e-08
-1.145711135760579624e-08
-3.642081897484820538e-09
-1.082607746985059589e-09
-2.889950452898915846e-11
7.164420601882983186e-12
-4.241402889654621210e-11
4.195864742064224458e-12
-8.561680069975803883e-12
1.416978926329133610e-05
6.162169254648202672e-06
3.204963914883803267e-07
6.300442659631251475e-08
1.217892456679601715e-07
6.075242134149433482e-08
2.552141722716912905e-08
7.440645251493306348e-09
2.675607475254891207e-09
5.652921864698057871e-10
2.898124994544346047e-10
5.736964250641570504e-11
2.251224361480691855e-11
2.141368960141224689e-11
-5.678545630203324482e-12
8.578556676833483643e-12
-1.622373519619969985e-06
-2.872464173689873161e-06
-4.787284196228054672e-07
-7.549178601677596718e-08
-3.875127003511089946e-08
-2.026554559136145676e-08
-8.867748558539732058e-09
-3.145724622768287383e-09
-9.969218113265407642e-10
-1.098555529228125984e-12
-1.256109192497837170e-10
-1.844861379044933009e-11
-1.203733716874762576e-11
-3.618300680140604417e-12
-6.597527239333451968e-13
-4.289542269793407375e-13
5.822467709280578412e-07
1.610397239172906011e-06
3.073333401327435946e-07
4.851079213112747315e-08
1.431566960597055608e-08
6.400999336890656697e-09
2.936568984308819720e-09
1.038968157984227077e-09
2.348315036746138695e-10
1.775585661356635574e-10
6.621513311578087758e-11
7.680885529605873565e-12
4.290771968995093886e-12
1.294061510882622297e-12
3.625911526714983626e-13
1.362064001966640325e-13
2.095907550037343021e-07
4.562490784602813197e-07
-1.466773137247601325e-08
-1.794077214758434241e-08
-5.199779087124266366e-09
-2.060699422515670099e-09
-8.798379419179593449e-10
-3.241775082689853265e-10
-5.332523780197075359e-11
-4.104013054849676791e-11
-2.710787295596451725e-11
8.407337388660141919e-13
-1.045752064358078120e-12
-3.163781834156603946e-13
-1.354774730005449715e-13
1.987539914318167605e-14
-4.671743163026788954e-09
-9.287106962531277953e-08
-2.884407605826135916e-08
2.643800156704195836e-09
1.461861459238034354e-09
4.976274562861097247e-10
2.000399837834659894e-10
8.601761307281998166e-11
3.849744222563534788e-11
1.469840638047911846e-11
1.206064551255521324e-11
1.666486239334577294e-12
1.886492814967121693e-13
-1.222750077037789184e-14
-7.791452142833933531e-15
-1.396726358604525552e-14
-9.706406759833006992e-02
-4.926922151286632079e-02
-3.590376946541619547e-03
-1.904602409407585447e-04
-5.192225780097218152e-06
1.045990277855187767e-06
6.989503753744162822e-07
3.910795142799054413e-08
-2.295042754239200755e-06
4.113299503617419855e-07
4.912311803849402153e-08
-1.853430250936115125e-08
-8.329846756449806082e-11
3.494796323406051120e-09
-1.801056942437464898e-09
7.349335486946476362e-10
1.383791633113123247e-10
1.106365489587665977e-03
3.652069344526437302e-03
7.697721862560982743e-04
8.043760648528486073e-05
3.547672341691252866e-06
-4.332514087359926095e-07
1.142471130374816482e-06
7.186288996636424790e-07
-2.767890971306364478e-07
-3.510941642550500574e-07
-4.839326037178642664e-09
-3.397627784160335845e-08
-4.856380511888855485e-09
8.728115183332570771e-10
2.404001019099361474e-10
1.171345007502116635e-10
-5.195301739933405742e-11
9.314801523385307527e-05
-7.305153948713096900e-05
-1.207175201802577715e-04
-2.668895949464107054e-05
-6.802568262474682512e-07
4.328542988699584648e-07
-5.224445963439734170e-08
-4.899953341103340702e-07
2.028592237656998826e-07
-1.935169740796451415e-07
-1.624207446266246645e-08
6.178854543756157243e-09
2.947032648432283384e-09
3.107378326471474342e-10
3.703609688651612737e-10
1.155562620265639071e-11
1.873382901020083027e-13
6.652504789810078669e-05
1.805849604132233872e-04
2.602605598868540271e-05
7.429654135446316435e-06
2.691170058528869031e-07
-1.835629089797464113e-07
2.634516307605883812e-08
8.277091678235972866e-09
-4.062892030500309155e-08
2.264908018040080798e-09
-3.122945120438071575e-09
-3.586809292804537550e-09
-8.181079387585533838e-10
-1.714621601086264450e-10
1.005277189567605963e-11
2.093617246590438888e-11
5.448920714316843022e-12
-5.792030742592240893e-07
-2.693309258068797316e-05
-1.008602353077433559e-05
-1.883348835313559576e-06
-6.908730709107716845e-08
4.878241346798111313e-08
3.268758337750448326e-08
2.718081251647267502e-08
9.679331658201289827e-09
1.263734993836530183e-08
5.964144383597097168e-09
2.261617269845397391e-09
2.841625676426831658e-10
7.169493159316216665e-11
-6.445548388053835804e-13
3.873012050235280221e-12
-2.251410810789726193e-12
-1.235471653754988681e-06
-1.418613256011089605e-05
-6.194982679001491982e-06
-3.614871194987544079e-07
-3.947722831623158819e-08
-3.832041253455721957e-08
-2.917004009155539951e-08
-1.224008147199268380e-08
-4.908333223025292342e-09
-3.603176890953950965e-09
-1.382976573531540027e-09
-6.633301787206163927e-10
-1.496374258798475055e-10
-4.269675028180518658e-11
-7.606397577156082411e-12
-1.867499497249278711e-12
-3.535081016835370011e-13
-7.557663945846284590e-09
1.588302878450443399e-06
2.878095759595547163e-06
4.820085959486306831e-07
6.055924525301526137e-08
2.307633555508308564e-08
1.281739564661339133e-08
5.870101470943318796e-09
2.598155596017861018e-09
1.288304146607923869e-09
2.455684452233321081e-10
2.329257895781887625e-10
5.140131191479650613e-11
1.437935914003085454e-11
2.188325977284020483e-12
-3.901541318873018385e-13
1.294954824362376033e-13
-1.769216505777354333e-08
-5.780292271164846560e-07
-1.611475279615268588e-06
-3.057213597895381709e-07
-4.412844902640945234e-08
-1.052640826337439020e-08
-5.132012582648908040e-09
-2.263639506491690387e-09
-1.003904577429566386e-09
-3.337165058440292517e-10
-2.524628899358230638e-10
-9.783327190027999246e-11
-1.723576915562163788e-11
-4.673361151092300933e-12
-7.321105383345782900e-13
6.500611265926061157e-14
4.930146117746693057e-14
-2.232765898908075962e-08
-2.130917485296184401e-07
-4.562071870333544569e-07
1.384776117338169777e-08
1.663926533316563246e-08
4.528028231519349944e-09
1.797835017677662112e-09
7.713690782148278447e-10
3.464501546505756404e-10
8.569441837994746959e-11
6.407024599460115175e-11
3.511695176302987535e-11
1.212653782455462312e-12
1.159872356974655182e-12
6.753130528961578105e-14
-2.806087396563797274e-14
-5.755409589746356854e-14
-6.693792164020090598e-11
5.104650298456218181e-09
9.304735513643705289e-08
2.997198078221100362e-08
-2.386997159873211299e-09
-1.581421998284663488e-09
-5.520256964931407853e-10
-2.350020588132870302e-10
-1.140974637289538079e-10
-5.728620159411859854e-11
-2.293396612351322005e-11
-1.390150924506549503e-11
-1.475718501097903174e-12
-2.346639844941224493e-13
1.038387255311375720e-13
7.463058075630223282e-14
1.893713470233270042e-14
