1.376626966070114422e-01
1.026152795476791058e+00
4.398463193677923377e-02
1.451606190518009171e-03
4.728476244201705662e-05
3.908099200403800477e-06
4.263960958849604752e-06
4.230694160915291087e-06
-1.853359214277317927e-06
1.195656350450130350e-06
2.446718429925708809e-06
7.055601829494675513e-07
1.093031330682249326e-07
7.853840473285283116e-09
-6.494624293302221574e-10
1.352448122230009674e-10
-3.306806278885377384e-10
-2.996942360648181466e-02
7.884117457165890075e-02
-8.412981496454929181e-03
-7.484487434484233485e-04
-4.215004598314734486e-05
-3.451270725932561990e-06
-1.601396302231014008e-06
-3.145134700027269646e-06
-7.091578486673474088e-07
6.188691781639267279e-07
2.461860812585102650e-06
4.301403166829640357e-07
3.713505670563913297e-08
-9.989685086370568780e-10
-6.406845738027887377e-10
4.660159117452521293e-10
-2.106715536603222235e-10
4.964281122759687040e-03
-5.647749118766115300e-04
1.352207049011123086e-03
3.057062266918986410e-04
2.956805996952021018e-05
6.244604060746907946e-07
5.954090153782978542e-08
2.092930114552529416e-06
-1.343497575369158953e-07
-1.851890490952933214e-07
5.136829962554400370e-07
1.072756001029369292e-09
-6.872240972858341445e-09
-2.500565314302049913e-09
1.827869229679277880e-10
-4.236012172788343525e-10
1.888901911213747125e-10
-2.267907274009387062e-04
-2.567309317843824434e-04
-6.906472179808170069e-05
-4.748072302480496398e-05
-1.111569903181484709e-05
-5.071605814194293673e-07
-4.516203753403080073e-08
2.898933408796522950e-07
5.211812938512979608e-08
5.851978553946463485e-08
-8.313756513754925351e-08
-4.036979431194625403e-09
4.038289157541412942e-09
3.800982543807431175e-10
-7.229041706628091452e-11
1.820498056043821170e-11
2.793542045927897969e-11
1.107975082474127329e-04
-7.671661717586125478e-05
8.389609178868472354e-05
9.812614851777344641e-06
3.749642373491978265e-06
1.079699375068596880e-07
-1.361122177249060572e-07
-3.730982183457806934e-08
-4.719857899419225188e-08
1.249045966293810877e-08
-3.204295891469326838e-08
-6.542878603007487694e-09
2.002511197178416429e-10
-6.923311792606421204e-11
-8.048322679180958506e-11
1.922159312714879922e-11
2.946123675265376254e-11
5.214534379075318267e-06
-2.297874583414121134e-05
6.877060986601540263e-06
-3.871864964295747169e-06
-8.380793170978432193e-07
1.057175794470861470e-07
6.262088546596924393e-08
3.275085243183934564e-08
2.423736030867804242e-08
4.708896534792840593e-09
1.388556496650832193e-08
8.789296651565091483e-09
1.317743259521097256e-09
2.519722100399382247e-10
2.585282658564973375e-12
-2.356002380235399990e-12
3.995274397475168419e-12
1.185567036551000258e-05
-6.378375095674440421e-06
1.803055287973378090e-05
-4.274181819219007882e-06
-3.773072057334204784e-07
-8.705141565049189527e-08
-5.176662077327126769e-08
-3.464256410928922795e-08
-1.619348317130481337e-08
-6.008515894592841709e-09
-2.936790207211091551e-09
-1.477244660054744762e-10
-3.765606022078316249e-10
-1.086770646710913382e-10
-9.253186472367968301e-12
1.925519024850545973e-12
-3.356742034381469776e-12
-1.799835771646046813e-06
4.872870434736543082e-06
-2.873769389521413727e-06
2.191629901140858459e-06
4.206196604237859902e-07
7.096196782346173738e-08
3.243344380535092799e-08
1.559033540959936187e-08
8.185644713699476333e-09
2.526804688725258435e-09
1.040397833335569731e-09
6.650899662944932752e-10
1.043432145129707504e-10
4.262235149630117232e-11
9.667168758003594003e-12
1.658821926505506171e-12
-3.493163919505995492e-13
5.836903197188227051e-07
-2.313607453515540675e-06
9.299273398629490653e-07
-1.439486617682605209e-06
-2.753813266762785306e-07
-5.123801462078920606e-08
-1.509433354413058675e-08
-6.647493149639445968e-09
-2.820466760632884492e-09
-1.073863974934718986e-09
-5.207483174662393338e-10
-3.643677419076974548e-10
-1.131114162227629968e-10
-1.731724229563231425e-11
-3.412908012582159380e-12
-4.086970674747757662e-13
2.417276024803974959e-13
1.383098036941918067e-07
-4.585025681617811034e-07
5.842236894758618534e-07
-3.129410363460315352e-07
3.185233302640370760e-08
2.232635459723754903e-08
6.632732620817067704e-09
2.482039494180469740e-09
9.786989795312414483e-10
4.148861757684053687e-10
2.966154842347194875e-10
7.832543193732473395e-11
1.703264276353339576e-12
2.249213974795465597e-12
-6.828959500983815146e-14
-6.602876111920711856e-14
-4.601633284130588657e-14
5.083155467310376262e-09
-5.413553150706965830e-08
1.113313648297019679e-07
-9.950504094205468103e-08
2.091409512842301780e-08
-5.378580748006500599e-09
-2.115252574521631634e-09
-7.133234663093210325e-10
-2.580814008675228145e-10
-8.242607073049294375e-11
-4.209999691573699823e-11
-1.653708476215455715e-11
-2.270507873740482061e-11
-1.953264175198467292e-12
-3.454338364415386655e-13
-2.728330310904223929e-14
1.805169016994681149e-14
1.482308996121476166e-02
-1.512691572767737268e-02
-1.151141161473377261e-03
-6.183875422143685107e-05
-1.365209915816052019e-06
1.827568133056597898e-06
7.461921840506810201e-07
2.311556445259457523e-06
1.252639398293526416e-06
9.381280253543322843e-07
3.125824726664188589e-08
-4.380742955188745764e-08
-6.719787467534553147e-09
5.197404683580545812e-10
4.631150101060497253e-10
-1.723608320746610914e-10
2.682978930451829658e-04
1.244878670153031852e-03
2.857985970564970468e-04
2.890835552989583899e-05
-2.033985580936449634e-07
-2.928959892051046780e-07
-1.042874741817592583e-06
-3.272967810130819959e-07
-1.218840827428707524e-07
3.585858197512050502e-07
-1.828415696406186829e-08
-6.028493729432906482e-09
-6.040640513166248587e-10
-9.328800360057443387e-10
1.421714526254150245e-10
-1.124442888207359274e-10
-1.870489300054462858e-04
-6.068713676096752416e-05
-4.784954416520306671e-05
-1.146664254519021830e-05
8.138729691960334322e-07
1.217604955932167672e-06
7.514226023152034625e-07
3.584544507222374980e-07
-3.070124429805393010e-08
-9.514702037153315310e-08
-1.558437331246664151e-08
2.136361603129585266e-09
7.438854170464199673e-10
-1.914228950414477656e-10
-5.438846724546034678e-13
-1.016349238605438122e-10
-2.893055888483807300e-05
8.794186647506319835e-05
1.012005429419136539e-05
3.750340372307675643e-06
-4.708671847405661826e-07
-5.797616415617299317e-07
-3.629554246965886588e-07
-7.580435737753905510e-08
-2.781648058265432289e-09
-2.457355819754783664e-08
-2.231301327107697918e-09
1.430878592232898222e-09
-1.965140340004733710e-10
-3.709234064538240986e-11
-4.337370116173198049e-11
-2.660164625561986115e-11
-2.010919476333640957e-05
7.654420602189065292e-06
-3.996529851020492853e-06
-6.318384254770888486e-07
2.853292495755748259e-07
3.369661967659756505e-07
1.538461659094933980e-07
3.911248249938137119e-08
3.489908516621877118e-09
9.936517209126501937e-09
7.108370818170321425e-09
9.000847984143927223e-10
1.500757359509853944e-10
3.745285372457878657e-11
-7.748660196368272747e-12
8.305641558952988779e-12
-8.855761607883266630e-06
1.782031637391010077e-05
-4.269388012215689606e-06
-4.768459548585564854e-07
-1.822670567575602927e-07
-1.245103316248341071e-07
-5.287411268495866226e-08
-2.118285981448675831e-08
-6.107753299804661240e-09
-1.896499933101024548e-09
3.937553949703027718e-10
-2.430654201686239600e-10
-8.540641124930579524e-11
-2.849845828612755786e-11
7.531305371459563885e-12
-7.961496605741275253e-12
5.185142614883263425e-06
-2.850338791620830946e-06
2.208803804162990488e-06
4.549006732083944934e-07
1.047891554515953570e-07
4.591657832038071425e-08
2.161222182847757835e-08
8.990883724139296058e-09
1.976146525933334121e-09
5.735544024799193291e-10
4.674294148962626461e-10
4.929430310120872844e-11
3.551975466193330439e-11
1.092291622658469258e-11
3.061216207687578701e-12
-7.306611153623731610e-13
-2.414107205185233488e-06
9.178836044074453552e-07
-1.447700104221045192e-06
-2.860763944373119140e-07
-5.972131590131799220e-08
-1.995587557400545241e-08
-8.105812785438888023e-09
-3.012563137363707678e-09
-8.758413476262620919e-10
-3.698597912516061039e-10
-2.954764188764900740e-10
-9.336805725663417382e-11
-1.507309760325065248e-11
-4.260026757853748030e-12
-1.331540104793589053e-12
1.207669117264556022e-13
-4.777675025547401550e-07
5.850112650931245012e-07
-3.104062410921930324e-07
3.486418313082608081e-08
2.467693225759173689e-08
7.637252763442180762e-09
2.932121566493741616e-09
1.106888650987150389e-09
3.678497862392658639e-10
2.484274310673414574e-10
5.376425694840410406e-11
-7.221375909708831025e-12
1.118428477424119266e-12
2.441347871294203873e-13
4.873131799366522010e-14
1.031404633193127837e-13
-6.030167833878900158e-08
1.120982516681604730e-07
-1.029301487968235771e-07
1.970590085922272657e-08
-5.932677971026526678e-09
-2.752872906244826836e-09
-1.008965792671434117e-09
-3.223026939747550476e-10
-1.043488151712004740e-10
-5.206175891673291046e-11
-1.085292091750409282e-11
-1.039081504585151749e-11
-1.874678128035130012e-12
-3.121785079552261025e-13
-9.184685039848421979e-14
1.239523287659857331e-13
-1.017033080451165805e+00
-4.369960826099813372e-02
-1.442953418761300883e-03
-4.472297439442506008e-05
1.581988739833352278e-06
4.122081760406994886e-06
3.716640648862364014e-06
2.384732612909028922e-06
-1.119291025003883406e-06
-2.445470293074344344e-06
-7.109859271607057987e-07
-1.130048601573710521e-07
-1.261576582858183647e-08
6.621543539083934197e-10
-1.371639627163440967e-09
5.703668947121584027e-10
-8.354255697920635881e-02
8.152024201626511396e-03
7.374698224321122502e-04
4.234064858741581455e-05
2.135857561806836849e-06
-1.601745097309539993e-06
-3.850995293738314394e-06
2.026751808879611006e-06
-7.354140393650612535e-08
-2.325143765548416378e-06
-4.110727236697397585e-07
-3.131500105599699393e-08
1.592231256638880073e-10
1.747336322249097708e-09
-4.155634185691215157e-10
1.883004231776999059e-10
2.471296349219488393e-03
-1.182894442822903652e-03
-2.993580118252814793e-04
-3.234561652982209130e-05
-5.655446851865666514e-07
2.369801101247205429e-07
3.641921523919341671e-07
-8.534865340205068016e-07
2.748699566735867235e-07
-5.433076511054125768e-07
-1.933726505086517698e-08
-1.116554895896826765e-09
2.398639793095605152e-09
-7.050302856387652288e-10
1.070770286330377138e-10
-3.089378587263905283e-10
-5.448566337422748877e-05
7.834444410506001240e-06
4.428944981150616001e-05
1.235220398684244704e-05
2.937541717297008675e-07
-1.654862413773457179e-07
-6.094047690026938615e-08
2.044206436672211436e-07
-7.354998266442957891e-08
1.166119677908700554e-07
1.516501027850903584e-08
-3.471643103411931816e-09
-5.138004658287652087e-10
-1.838588748205040065e-10
-4.915699002269098162e-12
-1.143477750603942139e-10
1.566913664129355641e-04
-6.503812165598233568e-05
-8.913284897455776167e-06
-4.501643579856333396e-06
-1.211390361671689487e-07
1.067622875909221948e-07
-1.358743575863842476e-07
2.516783037840877579e-08
-2.567511553254666234e-09
1.795340445993833294e-08
3.820365665754686644e-09
-6.168680129447142673e-10
2.868368759912627832e-11
6.628109687154764881e-11
1.583986806352350810e-11
-1.799990623658328399e-11
-1.758579838390032403e-05
-1.250860119448603245e-05
3.772731383568866820e-06
1.137907423088174302e-06
2.173795427116085698e-08
1.293857284976638558e-08
2.010684946740024890e-08
3.613629986561161023e-09
-1.024047770593436522e-09
-5.764568027174844639e-09
-7.466945120695379642e-09
-9.163910967419226295e-10
-2.513159293084027497e-10
-2.153351620677151006e-11
-1.035987948075571110e-11
5.759823339503205156e-12
-1.467654875763828311e-05
-1.897389340120463197e-05
4.131778189713746760e-06
2.468386933168409084e-07
-2.494403483477975786e-09
5.389693952096325320e-09
8.419778678741894237e-09
-2.581590519278528329e-09
3.102110480546866599e-10
-1.180756922831705894e-10
-3.853120835985794072e-10
2.316609259049685372e-10
1.197620388159111384e-10
1.076599735511243830e-11
4.078415912016033069e-12
-3.830720107458351658e-12
5.561776694717459990e-06
4.624922841927818424e-06
-1.986368766497345707e-06
-3.460803012169814847e-07
-2.612764336771545461e-08
-7.900855831473363132e-09
-4.115671216123992300e-09
-1.237034262694742854e-09
-1.492574708826401563e-09
7.183347835520355942e-11
-4.833424265851565606e-10
-3.929094543692642547e-11
-3.950752598441239639e-11
-7.616464344457106062e-12
-3.310076334402743642e-12
1.287398689549161442e-12
-2.578650151806282289e-06
-2.263327165771773399e-06
1.262173916920087206e-06
2.345004546910236343e-07
3.180353918974252047e-08
4.994346203930350597e-09
2.050734620767451466e-09
6.893427704538513102e-10
7.225997259633737104e-10
6.330008752910200332e-11
2.867437940074208338e-10
8.697576610373731999e-11
1.617740119308395421e-11
3.043325108168348083e-12
1.076541271495278259e-12
-4.359641634259811086e-13
-5.738339230510593979e-07
-5.698598787258033448e-07
3.831172654414367631e-07
-1.241373889888925758e-08
-1.476623580240942035e-08
-3.203436997429380869e-09
-9.735308195272606762e-10
-4.001818865251559015e-10
-1.563346046067152785e-10
-6.834098887918117479e-11
-6.315247213158172853e-11
5.633951574977698375e-12
-2.405945088826013591e-12
-1.206488621044996203e-13
-1.077678280879306688e-13
1.545456284932300554e-13
-6.568901728449837791e-08
1.115544704744658414e-07
9.156986041265002073e-08
-2.710267602066737281e-08
3.093745781688955791e-09
1.180760443674508810e-09
3.286716623650293281e-10
1.897315479699720147e-10
7.619684184476981791e-11
-5.407412029645845608e-12
1.339421367162808894e-11
2.122519120581558401e-11
1.393786405765924865e-12
1.633936506232385461e-13
-1.775513578203031970e-14
-2.879591497764504317e-14
5.236003368285360726e-02
2.201485649603411934e-02
-1.475191128106722281e-02
-1.139053730200331738e-03
-6.426529358272468169e-05
-3.277102994642361826e-06
1.380401828453410820e-06
3.458480714137642463e-07
1.641874135639808562e-08
1.214220703131970895e-06
9.951093243727380706e-07
5.908202626644132824e-08
-3.028119976528258032e-08
-6.429399250259550164e-09
-7.208927704055978942e-10
1.515354374356491423e-10
-2.633004405561578899e-10
-4.579934876607251980e-03
-1.508364335206694318e-03
1.080440851627932674e-03
2.774679430022198136e-04
3.051703350366615953e-05
2.287620914722386728e-06
9.300341253627049131e-07
-4.960799595337948059e-07
5.022229171448835563e-07
-2.284141617890036711e-07
3.425883422892521894e-07
-2.129685037833919107e-08
-5.125740964545981015e-09
1.398606653324067436e-09
-7.418606099798707546e-10
8.661793773923414809e-11
-3.578201118105174512e-10
2.068995418131640762e-04
1.286669060694651612e-04
1.645172107213935403e-06
-4.477214133264464788e-05
-1.302589677007870717e-05
-1.654574026526394361e-06
-4.395913017987422113e-07
-1.106541267704291270e-07
1.029119533329911412e-07
2.667343431598199085e-08
-9.809143546314405415e-08
-1.394131159011434362e-08
1.681282762956902787e-09
7.335449988940637331e-10
-1.263478625560904701e-10
-2.668340801635650601e-11
1.369158973092795842e-11
-1.259230057076566310e-04
-1.117126250959604846e-04
6.804160305718210745e-05
9.016407687537791611e-06
4.886955544152042900e-06
8.864880234197351804e-07
1.174946075772483591e-07
-5.422570458031572899e-08
-4.021237209191600773e-08
-3.398736473983632412e-08
-2.354278512500116056e-08
-3.332745955252710674e-09
1.672271153464084144e-09
-4.010868632582514610e-11
7.340361037556799590e-11
-4.974254263066531247e-11
-1.338130807300067675e-11
-5.938661457735307441e-06
2.080666430167926810e-05
1.344622148452470018e-05
-3.761406628430053457e-06
-1.425216093855668622e-06
-2.480471302399837231e-07
1.052201975806689168e-07
5.786377103964859746e-08
1.363615192586081181e-08
8.642853756197419694e-09
6.527633864268375581e-09
6.843102292647077368e-09
6.657178775851669897e-10
4.616757970674315302e-11
1.460149267631990212e-11
1.706805495980022485e-11
5.912395984707301368e-13
-1.167985849236983869e-05
1.200348240607573518e-05
1.872730495740180143e-05
-4.091422900792810103e-06
-1.198569788376032062e-07
2.253697033042449772e-08
-3.847212881376622763e-08
-1.676930814507660538e-08
-4.718987090005146841e-09
-3.650311582000842357e-09
-3.399741207179209784e-10
5.405389136451129005e-10
-1.315467801380102544e-10
-6.034091285936339741e-11
-1.453115818124080409e-11
-4.633363348769371611e-12
1.152897779095139773e-12
1.841097330859232860e-06
-5.199195440006800508e-06
-4.592433179538399169e-06
1.965068571916539264e-06
3.160092340487738076e-07
2.620661974309831738e-08
1.163439292723168540e-08
8.058038023281690487e-09
3.280710293949729714e-09
2.048599489577859687e-09
-5.833997935147749160e-11
4.075859211818071148e-10
-9.875616264075807888e-12
1.690687343817416654e-11
5.670440044556461964e-12
1.213984735488756336e-12
2.322843317886074396e-13
-5.850876263733580655e-07
2.469083904191173912e-06
2.254346604439023770e-06
-1.255318736289635360e-06
-2.292565646139290097e-07
-3.225709301688566347e-08
-7.692353111594059979e-09
-3.226879436023566931e-09
-1.332936104106381140e-09
-8.660854542325455223e-10
-5.995580464658440213e-11
-2.551951224530511868e-10
-6.685691836985603327e-11
-9.010229202478507372e-12
-2.354669325449433840e-12
-8.342660559799249078e-13
-1.747088761617718650e-13
-1.308319411964979465e-07
5.556751356148098033e-07
5.685101883018789891e-07
-3.848656368766489015e-07
1.232184706818764643e-08
1.561718540665729815e-08
3.687760475966521087e-09
1.415110015036125926e-09
6.628049343630352436e-10
2.061046514752828525e-10
6.626659156250899958e-11
5.112519429059656257e-11
-1.539389658370556796e-11
-1.684622104730441799e-13
-2.736157610616178611e-13
7.060872458441556455e-14
-2.968220499670923843e-14
-3.095471743361208879e-09
6.081620557314607056e-08
-1.207370550646415233e-07
-9.609343124065918693e-08
2.744268657761792760e-08
-2.817106413118670195e-09
-1.468654114576187518e-09
-5.278896958116071900e-10
-2.355007673970024894e-10
-9.757175215807047545e-11
1.187617418419570170e-11
-1.121604634875209623e-11
-7.040912758401831917e-12
-8.037132500417223089e-13
-3.374222197077465421e-15
-1.163896921572152849e-15
5.235994619651790550e-14
-1.568163453050240019e-01
-5.138255508576303893e-03
-1.613324288908147153e-04
-5.067064113216072066e-06
4.409141190011172050e-08
1.579206754698826952e-06
7.000735094528080558e-07
-4.416806330835025610e-07
-9.221990563976641838e-07
-9.536623982685030331e-07
-1.633826339912821487e-07
-1.921250205055420338e-08
-2.559372236140403049e-09
2.315547471207473778e-10
1.789628571633887048e-10
3.933398666558131098e-11
3.151000677131878674e-02
2.639106270934972812e-03
1.479621720239332559e-04
6.498197340937304617e-06
-1.225700681024859364e-06
-9.283034338556463526e-07
-3.064084813637235050e-06
1.761862232309095053e-06
-7.285295753027626291e-07
-6.796731012133070067e-07
-4.829020665597306938e-08
-7.586359961982424860e-09
1.499928908885893711e-09
-1.144976792651459501e-09
3.195413078502247020e-10
-1.759594825380181523e-10
-5.180328056040297939e-03
-1.061990368899812026e-03
-1.062764242385889305e-04
-4.150780572349539546e-06
2.635028198418341823e-07
1.870345226242255509e-06
1.953299651482102466e-06
1.486996199394996865e-06
1.910913954268837510e-07
-4.041902935302481562e-08
-1.625458526153865292e-09
-5.656949841706206117e-09
2.535793337570366411e-10
1.651106519155947235e-10
-1.834826747572819137e-10
8.487229682637583758e-11
1.516068340987937891e-04
1.804506415376737284e-04
3.997828361314884434e-05
2.435274303899381555e-06
-8.655925386860331124e-07
-1.298938958515085435e-06
-9.600364481626205770e-07
-3.620977517682798879e-07
2.372938443501149513e-07
3.582682442134230278e-08
4.582107988067437204e-09
3.475003196888274936e-10
-9.571441096463554443e-10
-2.662968196944746048e-11
-2.381459407566966642e-10
5.467542162484766449e-11
-2.564797211664637810e-04
-4.017421171095346112e-05
-1.278394706541214300e-05
-6.935946213323395042e-07
7.098524686884085838e-07
6.750186454361242152e-07
3.133062100608155435e-07
8.936470453361359586e-08
-3.275181800589209860e-10
-1.916598278875466226e-10
-2.754585003821107958e-10
7.340058371595410918e-10
-3.755065127132680521e-11
1.056304147623365231e-10
-2.801731101941584432e-11
6.283169541709755903e-12
4.846443033421084072e-05
1.831398918625315090e-05
3.914381810916521026e-06
1.481097478373574516e-07
-5.333090729280944480e-07
-3.064587990239221595e-07
-1.014391543175245298e-07
-3.649417790422552763e-08
-2.051465420824211466e-08
-8.399495393670143030e-09
-1.469957363061085445e-09
-2.726183269014008028e-10
-9.941949499487843707e-12
-6.690906189222820793e-11
5.846833971875024646e-12
-1.533604252273298672e-11
2.984826079092053552e-05
1.288309166014762532e-05
6.580036584770800022e-07
1.351810142159169791e-07
2.368325554982574575e-07
1.250381924486138938e-07
4.813660924727868318e-08
1.437171888789820303e-08
6.070894694740554635e-09
1.481519437809172914e-09
4.565434148743568175e-10
1.694156450768451901e-10
5.144486093321432949e-11
3.844817764302459927e-11
-8.557061196080679901e-12
1.330887919489203337e-11
-3.902587849134332636e-06
-6.791018933205384141e-06
-1.132833758013055359e-06
-1.742589018391623010e-07
-8.768441239290589920e-08
-4.671617025296991099e-08
-2.022735396969737985e-08
-7.031453847976149746e-09
-2.094561274571591834e-09
-1.817119569960197335e-10
-2.587583190917110774e-10
-6.920123690957588616e-11
-3.181743387134691745e-11
-7.363248750836199464e-12
-1.670075571098937026e-12
-2.702115508356111530e-13
1.504305066007935743e-06
4.267651895603135224e-06
8.209272296132996448e-07
1.281091314969016591e-07
3.761402635775093990e-08
1.659013097435651467e-08
7.330566410888681679e-09
2.617832936859229658e-09
5.434056832763394421e-10
5.016966114793377994e-10
1.655781438975052133e-10
3.241821218185673506e-11
1.427655332272811582e-11
3.439633527923462243e-12
6.781512804937097613e-13
2.081136327365936940e-13
6.560342058753184867e-07
1.435344616007030694e-06
-4.224288037229744144e-08
-5.448362251194527599e-08
-1.553312555303956484e-08
-5.913325913619735814e-09
-2.515895696736355834e-09
-9.223140393072726311e-10
-1.747186687192771235e-10
-1.456647866416999145e-10
-6.504800292899882451e-11
-3.718077273724946613e-12
-3.101992495431809463e-12
-1.082330435183444893e-12
-3.087454350952243135e-13
4.355322685529684055e-14
-1.538129782774789560e-08
-3.293537455748463746e-07
-1.028131371251594043e-07
9.328884610015125627e-09
4.866100569309674594e-09
1.588211723059488640e-09
6.529172004485094175e-10
2.733225174434131836e-10
1.274167159209337881e-10
5.321356200764118192e-11
3.969641349643689698e-11
6.629736756040202608e-12
6.118100331148175138e-13
-8.225294967234849297e-14
-1.872914419329405960e-14
-3.068636977315867021e-14
-1.105409698403000684e-01
-5.594987875593773752e-02
-4.036092495931031289e-03
-2.121744995754306436e-04
-7.385969957077804488e-06
1.712759255118144622e-06
1.410130284064189863e-06
-5.772638306247601518e-08
-2.205337642831515564e-06
4.626028050303210637e-07
1.497124863682316128e-07
-5.593938131759487240e-08
-1.599504866656767874e-09
3.199927540181570212e-09
-1.366554935301325315e-09
2.733134687931127358e-10
1.991086967920480496e-10
1.439942062922022672e-03
4.736898489615467764e-03
9.913553057846124453e-04
1.009407646795178187e-04
3.517369845356117397e-06
-2.057281949422164383e-07
1.480662537515934773e-06
8.358206885326252065e-07
-3.914012861978257927e-07
-3.832209578850343297e-07
-4.176044205014367550e-08
-3.291559043897196956e-08
-5.331453505636075038e-09
1.483488409856069914e-09
1.991250240272236367e-11
1.101818292353513443e-10
-5.573183320992220215e-11
1.218718861133273937e-04
-1.346532066246496951e-04
-1.807281132797316321e-04
-3.855880904531643766e-05
-1.818010056158026334e-06
6.861825978558724422e-07
1.002477781266731560e-08
-6.152853004548078790e-07
2.802611514683975095e-07
-2.969048175566174528e-07
-1.826722193486535211e-08
6.264521859174291570e-09
4.033405983291533134e-09
2.108201869672786091e-10
3.399859976284303238e-10
8.081973876839358028e-12
-2.490830858458066243e-11
1.002127993054295109e-04
2.754286763852677069e-04
4.139836103264155293e-05
1.234418588647636133e-05
4.756168523060784614e-07
-3.951174263404399988e-07
2.303828069548460570e-08
3.890477234674483851e-08
-5.116539356850020950e-08
4.339917223012894606e-09
-9.255398974247730718e-09
-5.032425763929550342e-09
-1.344040525210043703e-09
-2.814999598002599091e-10
3.065131693299615681e-11
3.347504739861329727e-11
1.240133100266835036e-11
-1.003684094890539021e-06
-4.809524452509282756e-05
-1.797457555422017676e-05
-3.785982372340426617e-06
-6.801386063934746766e-08
1.086551944724205344e-07
4.809979841508466666e-08
3.308497848898109684e-08
1.457696637652823030e-08
2.235180528236877400e-08
1.257088726913730836e-08
3.414367023318220582e-09
6.371492684419467643e-10
1.073458703492968435e-10
-7.270566429962981231e-12
2.224834329966903322e-12
4.118987607767464886e-13
-2.565371309611951273e-06
-2.987222548601263812e-05
-1.297073952421409941e-05
-7.031278053277462191e-07
-8.024245073327638536e-08
-7.846351646312532070e-08
-5.675489146827500083e-08
-2.136720269961735827e-08
-9.651446898421924727e-09
-7.906553502533210060e-09
-3.155904364816408231e-09
-1.122135249124326906e-09
-3.411899264185035096e-10
-7.104352832530548950e-11
-1.129766628351095193e-11
-2.534625795883029674e-12
-2.050862446095756590e-12
-1.566809697717264692e-08
3.831166154873772605e-06
6.799453064397412472e-06
1.134184927202746800e-06
1.365401111923877144e-07
5.094595495416402365e-08
2.882873185539601114e-08
1.365927477706679471e-08
5.854520834600128340e-09
2.734000773050468584e-09
7.242265800231525329e-10
4.821471813100156403e-10
1.325535347315261526e-10
3.093440704330463813e-11
2.997127523359857919e-12
-7.006901996561677477e-13
2.556060233946446681e-13
-3.692900925469589753e-08
-1.493636238571295915e-06
-4.268816742799407315e-06
-8.161415375269627196e-07
-1.155591751444210454e-07
-2.750883369903665218e-08
-1.305301790496854826e-08
-5.691789710725211989e-09
-2.545159643363768814e-09
-8.042300764479316302e-10
-6.857331101383341367e-10
-2.407728267354316541e-10
-5.234344400547065072e-11
-1.365548626187281238e-11
-1.792981459385860415e-12
3.344192528692799972e-13
2.042611947486706051e-13
-6.779537237895985926e-08
-6.658743340637529056e-07
-1.436020153078608300e-06
3.962900764947167344e-08
5.007421891341205953e-08
1.339571289192091284e-08
5.199520457146069963e-09
2.235610659622482151e-09
9.993361284229302329e-10
2.740850891131263926e-10
2.104788704628470120e-10
8.414822128253901115e-11
7.821152015239280493e-12
2.935203705591830171e-12
2.748382933223466567e-13
-1.221139012794992953e-13
-1.441620583838772953e-13
-7.220942468855593686e-10
1.730889590146930562e-08
3.299141666428997461e-07
1.072466998307162479e-07
-8.222075788661569105e-09
-5.281435197942869680e-09
-1.836015707374918908e-09
-7.757961615864769991e-10
-3.831798084653769898e-10
-1.976931314429067722e-10
-8.396965941115909210e-11
-4.168091690895692604e-11
-6.202105890097363040e-12
-4.840751168416776688e-13
4.273671284504392615e-13
2.191146550329990878e-13
4.395532316064160180e-14
