1.274233719028606271e-01
1.031841782636030214e+00
4.105479372577391234e-02
1.109214175163897786e-03
2.209986909440698224e-05
3.157034858846305386e-06
2.570625544110378047e-06
3.803133249810644275e-06
-5.390819813867774134e-06
2.235982707056506323e-06
4.687255023635090061e-06
1.014133626174901888e-06
1.421311139272911490e-07
5.897763570689247099e-09
-2.930069321460388887e-09
-7.619756142370402398e-10
-6.782931833422059377e-10
-5.605664458308554782e-02
1.545481434488859274e-01
-1.575190211785649011e-02
-1.190541353485080871e-03
-5.547743368796115120e-05
-2.488254824862672550e-06
-4.210863968929318329e-06
-8.907535985919326615e-06
-5.405430447091524415e-06
2.611573272668490832e-06
7.504201518183891571e-06
9.260770289467740518e-07
8.217508029624150679e-08
-2.943274773433385870e-09
5.156133981014715905e-10
-1.417392815993338069e-09
-1.000891339023371237e-09
1.815857894139628198e-02
-2.566744522681180599e-03
4.861277455978751071e-03
9.938043349907639025e-04
7.521621392795955466e-05
6.344096007033642010e-06
4.859119827822940384e-07
1.040005385051763438e-05
-5.351687698146575658e-06
-6.824287816004839195e-07
2.104800066236983912e-06
-7.910993776388666594e-08
-3.853099005730697309e-08
-8.178468245543700156e-09
2.460942116947356451e-09
-1.392230727343377325e-09
5.136190647852763231e-10
-2.116191409221783101e-03
-1.424432811125772667e-03
-7.225061376899522513e-04
-3.456389427518136810e-04
-7.013600699844008363e-05
-3.622267317089614343e-06
-2.834033952257576594e-06
5.926885825008376830e-06
8.559789222114139441e-07
2.538727837454718108e-07
-1.320599926050326942e-06
-2.568260265146161257e-07
1.047887862176234444e-08
-1.522702328217356258e-09
-5.149302692437380921e-10
2.417094006693460325e-09
-3.614735367456877277e-10
-1.962865659683410584e-05
4.006636622215067932e-04
7.966349804287502061e-05
6.027353925972921410e-05
4.964612014651336949e-05
5.234258378689502196e-06
-1.245610446461360818e-06
-4.163406560944614106e-07
2.804164504508041022e-08
5.793454175020389768e-07
-1.292578323374345843e-07
2.473280381816185961e-08
1.858095544571444932e-08
2.578242682909174701e-09
-3.828552422503598613e-09
-1.090782935089219185e-10
1.032739401374567288e-09
4.342214580333710804e-05
-7.899213521132070150e-05
-1.915990545089379785e-05
-1.145003240815338442e-05
-2.312996176461625230e-05
-1.534706485173061766e-06
-5.141859196029366270e-07
-1.655529287523099182e-07
2.923956832093793528e-07
-1.766252856734356721e-07
1.855884675910458335e-07
1.071551910353220418e-07
1.506897129309935485e-08
1.195376174467969251e-10
-1.223472007994664567e-09
-2.795763911447198717e-10
1.558813398346369346e-10
1.731294278243258812e-04
-1.360285513897505148e-04
2.809614580426853057e-04
-6.665756888247249682e-05
3.877177615473495915e-08
1.005888339169492695e-06
-2.731405465117594046e-08
-5.072007791362477467e-07
-2.536968817158289900e-07
-7.788052147862945705e-08
-8.256669982018424691e-08
-3.873691142465183474e-08
-1.129787004529981294e-08
-6.583426066610162513e-10
3.842445642052188900e-10
3.269732652499710607e-10
-2.336803524831762653e-10
-4.822039565838821649e-05
1.502458558019814140e-04
-8.114020932648702408e-05
5.834021070861329118e-05
9.673971462206014578e-06
5.511869413496279585e-07
6.415699113145622435e-07
4.436474012099873300e-07
2.215413111985833555e-07
4.410360637757525535e-08
4.152240515038488924e-08
2.543613249282725996e-08
2.686339565817870360e-09
8.973987050110894352e-10
6.534089593937261799e-10
1.160209212836411615e-10
5.746606489084094856e-11
1.629890368247392631e-05
-1.030906742307283267e-04
4.082109590233980687e-06
-5.681931577979331126e-05
-1.190366464047122106e-05
-2.108093957695564590e-06
-5.828095995072143834e-07
-3.218138501836990900e-07
-1.467630881386869580e-07
-5.922834833111293253e-08
-2.479564305678689403e-09
-1.916076547936388025e-08
-5.248605727140465509e-09
-6.549575288047448382e-10
-4.333306279015212192e-10
-1.478814800516977661e-10
-3.993418160089522420e-11
1.734910914817556387e-05
-6.462453448120499151e-05
6.617825705668999611e-05
-4.384925008948039487e-05
1.715705691824500324e-06
1.932615041691167623e-06
5.429825982161359247e-07
1.910677949741027599e-07
7.477333281811120965e-08
4.005014897246563479e-08
4.320086564182616370e-08
6.913191907668709955e-09
1.280543549738303525e-09
3.817055165450139017e-11
3.947156337537343551e-11
8.386471345255149714e-12
-1.742792173703275374e-11
1.440613623225607220e-06
-1.243897101295216511e-05
2.430536251136489873e-05
-1.518851449974315929e-05
4.688810420943706516e-06
-9.709357697655836773e-07
-2.918241705604179762e-07
-1.063573989904795305e-07
-3.396601642338636773e-08
-1.741796681133940232e-08
-1.523846298287932262e-08
-1.197394762842155533e-08
-8.707217254160790030e-09
-5.030181856282965801e-10
-5.185926056825134320e-11
1.273767488733972748e-11
2.309794403561035672e-11
2.961684441699549697e-02
-2.819435230030425954e-02
-1.869359498508657222e-03
-8.039781296124213063e-05
-5.753552116351083940e-06
-5.375609165585062531e-06
-3.136959853974075762e-06
9.889431807179188547e-06
4.229414386102304633e-06
4.097118956434413408e-06
1.380031372709808902e-07
-9.803291304350292775e-08
-1.890878200148526642e-08
-3.452171578908751168e-09
3.634203912589133601e-09
3.198101573587246274e-09
5.203847905516671354e-04
4.489708267840913751e-03
9.172934398763621291e-04
7.117259842631532604e-05
1.730381219102052371e-06
3.652343087922245107e-06
-1.972377270432828205e-06
-2.992222194742267525e-07
-1.295905131666064604e-06
1.579916011034502680e-06
-2.077280328914520458e-07
-4.134406359988349650e-08
-1.312998321928838237e-09
-6.725664202297438948e-10
5.371833730034412930e-11
1.110128236202486847e-10
-1.212153690015976316e-03
-6.884325660723701829e-04
-3.524020624429187063e-04
-6.778613925433995668e-05
-2.920147765778494163e-06
3.802797566241039845e-06
-3.191854850080209575e-06
6.810792976813631485e-07
-6.755852989467408680e-07
-1.332489760432047861e-06
-3.060532910013973308e-07
2.979180211987598327e-08
1.097149456096500438e-08
2.288110015406226782e-09
-2.249228415765175328e-09
-2.205722765610745416e-09
3.202078214918200228e-04
8.293419070098736611e-05
5.761548963135946746e-05
4.881411369309130203e-05
3.283171409412112141e-06
-4.016203080085770801e-07
-2.622120620072670877e-06
-1.251899621264073250e-07
6.521845274563326124e-07
-9.044309955502854254e-08
4.216267281869139003e-08
2.145786974078696820e-08
7.455248463476212505e-10
1.782949985203119747e-09
-9.945457907244109752e-10
-4.693428834351878321e-11
-6.359882625960401375e-05
-1.944215329473662321e-05
-1.395904181796972743e-05
-2.161016149195183503e-05
-2.523787871074812943e-06
3.617322266322816283e-06
2.265626437980044686e-06
3.041473954881866522e-07
-1.452798467596672279e-07
1.520182861825709475e-07
1.019588413553837363e-07
1.216368629942884653e-08
-2.160989564248527120e-09
4.349765121387206020e-10
-3.275357189654649037e-10
7.215349489822238587e-10
-1.721573927907266871e-04
2.803396321912649414e-04
-6.504899704898740366e-05
-2.545901485806545871e-06
-1.843503208172070138e-07
-2.165056886466513473e-06
-7.480477474661256832e-07
-2.706389669650899656e-07
-7.500580337089286119e-08
-6.471252958811628735e-08
-3.430045589158199549e-08
-1.061605125874401163e-08
-2.129459199443624630e-09
-7.778059460314822868e-10
5.756358775577667563e-10
-3.048242102576429545e-10
1.561348831672756867e-04
-8.214331853740611744e-05
5.827584517046639545e-05
1.151640473480352424e-05
1.744022253698331962e-06
1.010325281909199663e-06
4.775581310179350153e-07
2.277853177593452209e-07
2.204689407995129905e-08
3.208688866484112877e-08
2.380784559474807239e-08
4.338047922987111904e-09
1.131293855856817705e-09
5.119971113011619682e-10
-1.270024647108041084e-11
-3.692137336152353040e-11
-1.033179173013697914e-04
4.307482526746249771e-06
-5.694952952826863856e-05
-1.283730305695016002e-05
-2.553971242053370379e-06
-7.978080648984884386e-07
-3.948292750762019555e-07
-1.492878451536347566e-07
-5.528770257696039908e-08
8.064205344616536910e-10
-1.823969886887389650e-08
-5.778981787773828820e-09
-6.430127697806876081e-10
-3.847261948917591579e-10
-1.105830586273554275e-10
1.002312234348270287e-12
-6.654056280140146693e-05
6.592251627918975206e-05
-4.381414812668616679e-05
2.270614931598863697e-06
2.149934400729344716e-06
7.024225894884449709e-07
2.945871937655172771e-07
1.198286913452863879e-07
4.904392707391027404e-08
4.144127728060907097e-08
3.032099470295733427e-09
-1.862914420567671694e-09
-3.175840155301093984e-10
1.616742250789048864e-10
8.324675897971935379e-12
4.549229085192625031e-11
-1.388475338165919472e-05
2.526119316863938987e-05
-1.642523355784593811e-05
4.355936256717136526e-06
-1.119442523913236213e-06
-5.378980714845448364e-07
-2.035792074037657126e-07
-6.621045701861610207e-08
-2.956178052878079133e-08
-2.299943172648099615e-08
-1.110102774669961324e-08
-4.061657656483717391e-09
-9.760745186077369435e-10
-2.520587272701051809e-10
-5.184017352960057949e-11
1.617671278407855524e-11
-1.024867113642030869e+00
-4.092749554462562361e-02
-1.104501928673947558e-03
-1.924302023919170269e-05
2.924651248661906168e-06
5.064730538050183740e-06
9.237312924906254454e-06
5.351363798697462482e-06
-1.729266818985613702e-06
-4.670769848521690265e-06
-1.010771782240633004e-06
-1.292175625804558618e-07
-2.197957380469759385e-08
6.827820360705702164e-09
-5.124125041962703962e-09
5.246208860579937682e-09
-1.621532712640861018e-01
1.540347471474510892e-02
1.181677567815848711e-03
5.337298405196105487e-05
8.887795108519860429e-07
-2.996027046273793076e-06
-7.486076479729702058e-06
8.541595418527792784e-06
-1.426467923471953865e-06
-7.369280859487628426e-06
-9.004649109192852560e-07
-6.500756713944416192e-08
1.007048535376530071e-09
5.149169951472797457e-09
-2.267848004858699649e-09
2.776943340605636123e-09
8.823361480261419226e-03
-4.401813924763331096e-03
-9.693764391466277910e-04
-7.496597441612081456e-05
-1.036557406168850538e-06
-1.459830474337008564e-06
-1.947576636882417484e-06
-2.832896666020935682e-06
1.015014640567053173e-06
-2.163833477217117130e-06
5.359444254914912691e-08
1.234533020355453082e-08
1.490769650134041417e-08
-5.451746041931016803e-09
-2.178343563881356308e-09
-1.639095837471312314e-09
-7.937877120246839046e-04
3.716044554997848513e-04
3.194591706481253695e-04
6.653903518737312403e-05
4.673808153488431673e-06
1.528279046356249409e-06
-5.086763477703372470e-06
1.851132692482383944e-06
-8.064958382639440084e-07
1.436514975335394909e-06
2.957353419583884120e-07
-1.044912188539969535e-08
1.415413833314037165e-09
2.613396890376317644e-09
-2.337701583339398763e-09
-9.326183789850843904e-10
1.083071447401059734e-05
1.276097255672050768e-04
-3.754676516126407052e-05
-5.055815194422836435e-05
-6.728680994138843030e-06
1.557665868560067281e-06
-2.212905536132066612e-06
2.848864689417532580e-07
8.035626393722239116e-08
2.314663718755294239e-08
-3.434640083132541981e-08
-1.912142983640802146e-08
-2.308244797569697207e-09
1.484466988039342247e-09
1.798937177330094087e-09
-3.955114175441140788e-10
-2.423798633483170974e-05
-7.549495893759037787e-05
-2.124816715225695038e-06
2.325797990725043629e-05
2.747653129454291813e-06
1.094245734934751181e-06
1.503591245173247033e-06
3.629345479887143334e-08
-7.279203161244639253e-08
-7.580719068440341496e-08
-1.037918348305523602e-07
-1.179124959211920512e-08
-1.163970495883041046e-09
9.745655416613716440e-10
-2.216130538198847980e-11
-6.379171068058430257e-11
-2.708319125736349006e-04
-2.862446560387940956e-04
7.243462898587960704e-05
7.048391370609193473e-07
-2.356932868559470817e-06
-6.675441682610652811e-07
2.353572012859269388e-08
-1.549145004512561878e-07
1.612757944682358641e-08
-1.220231039966149613e-09
3.630440465291347850e-08
8.878218595823638234e-09
1.032579317860719481e-09
-7.439615912626083149e-11
-3.073783564901814248e-10
3.791698522817569869e-11
1.629641525337264878e-04
1.288034320701447245e-04
-5.697238199916713043e-05
-9.497734726101023613e-06
7.351994589351749955e-07
6.722986436018676838e-08
-1.467305635700521363e-07
8.589017109934151801e-09
3.920853616814253826e-09
9.587999275347247686e-09
-2.184031975112082398e-08
-9.175560307428042399e-10
-9.312778962441740896e-10
-4.114680753458281185e-10
-2.102705071322576270e-10
7.730529944396935076e-11
-9.877481101180755636e-05
-6.359748594223611101e-05
4.959173672941927837e-05
1.080720163017124363e-05
1.092339871854045964e-06
4.090535135388060866e-08
6.389456683903239485e-08
4.724395076081062467e-08
4.373904322332988734e-08
-2.528049298235679708e-08
1.559089078219760618e-08
3.887058140202461557e-09
4.166227364598366633e-10
3.028326835033433906e-10
8.869484417089186740e-11
4.115832994068054736e-11
-7.554719739812242496e-05
-7.148080486394319368e-05
4.999973288993472142e-05
-2.713473987237922365e-07
-1.251142985449635311e-06
-2.011351849986698838e-07
-4.195102991720110587e-08
-3.229794547136146195e-08
-2.497114408731114900e-08
-1.844847777979953899e-08
-6.068313993389529204e-09
-5.181643572640659838e-10
1.425398418709432862e-10
-1.209352077826792362e-11
-8.422126556464089945e-12
-1.426895354185129650e-11
-1.508072771118178314e-05
1.983116797843370761e-05
1.375741825001901389e-05
-5.655468030288815119e-06
6.051565529096542915e-07
1.336297459619714413e-07
4.378806272200474457e-08
2.684935575280321367e-08
4.054903926905379250e-09
4.749052426611040744e-09
1.043265897615202759e-08
8.577959749512564326e-09
4.171641938384628593e-10
2.594010667515328117e-11
3.300543853378021234e-12
-7.471251277883699064e-12
9.754825837967484592e-02
4.147705530650364764e-02
-2.769330566527464926e-02
-1.852097981392642097e-03
-7.695094980938622519e-05
9.025298242362941534e-07
6.587347748485163113e-06
3.183082403992644555e-06
4.948051470848809637e-06
4.658748987420893108e-06
4.129685370569666618e-06
1.593985371531535076e-07
-9.372039340182690229e-08
-2.718378599923205217e-09
-1.215636431752111817e-08
4.120259733869885329e-09
-9.229510930226713988e-10
-1.681355310100287118e-02
-5.266931673883359574e-03
4.050383902701640282e-03
8.941887884860545222e-04
7.028029721430627838e-05
3.595247192072797388e-06
-3.259802742333683654e-06
-5.064935314775711481e-06
6.279793826058516260e-06
-1.562237045581703972e-06
1.626148055465932414e-06
-1.871155193210936947e-07
-4.615163635899011090e-08
8.811508044286879510e-09
-6.736729379151250952e-09
2.100026068257520366e-09
-3.638072502719977064e-09
1.963907394202087184e-03
1.016428478382967781e-03
-3.386543238934102210e-04
-3.280547734134697021e-04
-7.113873749755538465e-05
-4.937625947178237072e-06
-2.004407363159486937e-06
-5.267363148807029596e-06
-1.335713196419089655e-06
-1.018290867815230476e-07
-1.360446909371184178e-06
-3.117346838111263670e-07
2.285776268166704792e-08
5.048440926246686373e-09
4.085280785651084885e-09
-2.426330459880827900e-09
-3.889831230534498880e-10
2.800333689484771845e-05
-8.311989717833282115e-05
-1.257279496749015818e-04
3.519122100915423766e-05
4.840819337244431982e-05
6.576221643559006678e-06
5.093791406156705117e-06
1.369329916824400392e-07
-3.885702840414134153e-07
-1.055450901206629192e-07
-3.275517201069502153e-08
4.102908311781184690e-08
2.816119883846594362e-08
1.232729462781548061e-09
2.942849985176195532e-09
-1.106008065209978095e-09
-1.743858763108656175e-10
-3.904505548835084892e-05
3.816791161906669537e-05
7.534215591325012262e-05
2.418862483266838039e-06
-2.693579819943790716e-05
-5.964749247492200959e-06
1.198608195085953543e-06
7.134723263083160911e-07
-7.796806699694722239e-09
1.929499035336116285e-07
7.243042919838921322e-08
9.873494803429062042e-08
1.015791046257623676e-08
-2.118021291629024941e-09
3.087580139913852557e-10
5.116782500226518195e-10
1.587328697302751365e-10
-1.724640062665250533e-04
2.324450290598371795e-04
2.838687446155357887e-04
-7.180794049588856459e-05
4.071135069148782950e-06
2.853837400351039499e-06
-8.997572179913192603e-07
-1.306752734136012993e-07
7.413391209878546137e-08
-6.798278330284687716e-08
2.453314874644034799e-09
-3.235200507223980947e-08
-9.464424634253647699e-09
-1.744279831398884183e-09
-9.021546767718443157e-10
-1.399046477632913311e-10
2.073414238699373253e-10
5.113157848569978807e-05
-1.550481282141613713e-04
-1.285423589437938944e-04
5.599803883058347812e-05
7.160702359742772176e-06
-4.757889225548519575e-07
3.079929372343143870e-08
1.309598622567549084e-07
4.857502323368133604e-08
9.885169361857438759e-10
-1.201625883943869243e-08
2.057394746697977806e-08
2.331781932675399164e-09
5.975553581600656246e-10
4.955673933158698400e-10
9.572937011072259699e-11
-7.013233416268323736e-11
-1.770810165799577987e-05
9.754138503869696434e-05
6.362138203097816109e-05
-4.907547355533683743e-05
-1.017131524287174550e-05
-1.150777041077205887e-06
-8.026200597045158940e-08
-1.216892506118457053e-07
-6.899474654600411663e-08
-4.524776907987629060e-08
2.275913258952664747e-08
-1.575615409116900333e-08
-3.672258591139977326e-09
-1.484608873412835007e-10
-3.237922883456965138e-10
-3.423965707713395095e-11
-5.090614199049492348e-11
-1.660717268554626417e-05
7.394987407320650680e-05
7.151823924854204095e-05
-4.983144786617242297e-05
2.141863145735644267e-07
1.257937970091015326e-06
2.435284158266814242e-07
1.180041644842389041e-07
6.939363288235921835e-08
3.381464912716451969e-08
2.144380380196181795e-08
3.483075981338550917e-09
-3.318695368137807143e-09
-6.420621254736586205e-10
5.805041949214921170e-11
2.559356330188101612e-11
-1.770096673958029299e-13
-9.257547066369002850e-07
1.417700545445080496e-05
-2.337658253029737705e-05
-1.562989739698811257e-05
5.980726494767825990e-06
-4.951440681087628538e-07
-2.390856449924919366e-07
-8.420502878575355553e-08
-4.230404916658529995e-08
-1.083832885117276570e-08
2.360190486463459400e-09
-9.196223266670995703e-09
-3.123847367894450412e-09
-6.737117352360390048e-10
-1.849948707017250558e-10
-4.858702780475316757e-11
9.043631080976181332e-12
-1.462539908920008347e-01
-3.862277731013316617e-03
-7.931116647398745443e-05
-1.336984954800183948e-07
4.811085410551905488e-07
-3.272619188724483325e-07
-3.865746428665428623e-06
-2.201504919607230895e-06
-2.876366959432057743e-06
-1.561824841327404098e-06
-1.479556163162450596e-07
-1.939290058437306112e-08
4.363858939110302004e-09
-8.151281008622092205e-09
5.512205853504692967e-10
9.052167604901762128e-10
5.837490481279541260e-02
4.324293092465199446e-03
1.807368501764823544e-04
6.869221195690139719e-06
-1.196637688931138268e-06
-7.129588257545710680e-07
-5.674099285621658094e-06
9.840556308509279163e-06
-5.400407005896598665e-06
-1.550973418124668620e-06
-9.714086751656067722e-08
-1.537411035891802658e-08
8.421841893716221696e-09
-3.826556399458538488e-09
2.779396962057365522e-09
-1.662228069969166266e-09
-1.891626677407287974e-02
-3.451587371956198799e-03
-2.810602719752112013e-04
-1.126945866177316503e-05
2.401951622087390340e-08
7.027129726843607194e-06
4.569980244957432034e-06
2.662327497727131639e-06
1.996865354372813711e-06
1.920058728500173085e-09
-1.011580967475324121e-09
-5.091300811312427586e-09
-2.144062760220014769e-09
9.881572140207775206e-09
-1.431585664733866259e-09
-6.880708624448538320e-11
1.965931781360391074e-03
1.248695651661475619e-03
2.133139147194744499e-04
1.430582857063851502e-05
-1.037003145828630582e-06
3.851786687879834088e-06
-4.692579799425293405e-06
-3.022955163749620970e-06
2.145796042118510179e-06
5.416034720570877186e-07
-3.244608356655574947e-08
3.178381944685719570e-10
-1.171183621758678956e-08
6.956337040569812916e-09
-5.083972198118044631e-09
2.290895556667158711e-09
3.308689424543701917e-04
-2.094138315705912855e-04
-1.399676649047208103e-04
-1.511975496636311791e-05
-3.567060567056890874e-06
1.197600771515163766e-07
1.328153369729056488e-06
9.728014264639255704e-07
-2.596160708210822162e-07
-3.765419572355679233e-07
6.976893394211751690e-09
5.646714350876794053e-09
3.909170813104813067e-10
-1.302690477422489127e-09
-1.478194854447176747e-10
-2.055921062651507794e-10
1.763037053960565796e-06
3.463720474527454108e-05
7.396282046996600955e-05
1.265954415787773923e-05
-3.982368804560816386e-06
-2.995070652341668713e-06
-4.326454201447888561e-07
-1.316804430354883818e-08
-2.505701355308653660e-07
-2.195070959341889734e-08
-2.655327201175785653e-08
8.991020251386889805e-12
1.998746406999491542e-09
-1.837459438218047167e-09
1.252206658416550044e-09
-5.625758918731684139e-10
5.276341626505254507e-04
2.368571636993991550e-04
-2.521749623218823386e-06
-5.072897750214433856e-06
4.412858312419392377e-06
2.166630390799563584e-06
6.048835126885990693e-07
8.144472040533496680e-08
6.618640769669555950e-08
5.946195159768576484e-08
3.808922770806811382e-08
2.226925308636105186e-09
8.598334702765952042e-10
7.270759548881309655e-10
-2.177476321949284467e-10
2.105890888919783585e-10
-1.218059865052449961e-04
-1.922971851988199490e-04
-2.828428215434953221e-05
-1.337797498088835497e-06
-2.189068604247045595e-06
-1.198422595340143388e-06
-5.228407824469277427e-07
-1.875332699196250594e-07
-3.142683891801865796e-08
-1.353729502696182182e-08
-2.162216183770981941e-08
-1.626444415910375276e-09
-1.693674187341920300e-09
-2.159529745940339011e-10
-7.185173316697033711e-11
-6.079544167576905083e-11
3.018923955131756255e-05
1.600144945731968933e-04
3.679500139912575873e-05
5.134584468066090512e-06
1.379713358439785716e-06
7.365001709333850366e-07
3.676662304939964891e-07
1.104464606973635717e-07
3.059641572664442718e-08
2.236352727276993303e-08
1.692670150802672155e-08
6.488638822308771474e-10
1.383062950317758008e-09
2.088138600367631693e-10
4.300898615029268611e-11
-1.367206979357071346e-11
7.569701639954135605e-05
1.818403735435435977e-04
9.240002333197216521e-07
-4.843755920053537016e-06
-1.147358197492909326e-06
-4.911597131824806786e-07
-2.291155624317101916e-07
-8.366519886181349219e-08
4.903546736432978868e-09
-2.173907997411958261e-08
-1.221311690254408409e-08
-9.472198875652729802e-11
-3.281374525253659492e-10
-8.147073274585593712e-11
-7.150047962601705741e-11
9.548421776285502927e-12
-9.259527646841229656e-07
-6.334329084764802849e-05
-2.168386180762507567e-05
1.540869561197060894e-06
7.609036491369456326e-07
2.101606602367668937e-07
1.145580608722180741e-07
5.382630793581267766e-08
1.056178825305274980e-08
1.747412829193086822e-09
1.520557665600809951e-08
9.049759093991186226e-10
1.506353338480766394e-10
-4.131147953565581266e-12
2.962850488088179942e-11
1.730587198797535096e-11
-2.131404162475153685e-01
-1.041689989739278815e-01
-6.665889834320127237e-03
-2.736008516705139889e-04
-9.445558317508475705e-06
3.606375461515002308e-07
2.658407827416619453e-06
-4.702685585519323951e-06
-6.684328056424667826e-08
4.362129822288712128e-06
2.958992093633850078e-07
-1.863135689904889928e-07
-2.685108485149020039e-08
1.344517830113294086e-08
-3.889143162729509169e-09
-8.423771065742060466e-10
3.959188645037618434e-09
5.568946336251565619e-03
1.733677342655404879e-02
3.216112752579503627e-03
2.623517743088231370e-04
1.098419214421620949e-05
2.010764577386913236e-06
8.815752173833056466e-06
4.377617723401377195e-07
2.444564140452135814e-07
-3.267056940251604888e-06
-7.669185024046628239e-08
-1.155163209927339925e-07
-1.121721180904453027e-08
2.128643996185659095e-09
2.899170745913437289e-09
-3.281241896507474212e-09
1.318422662777865946e-10
5.712514690644357809e-04
-1.806368005093492504e-03
-1.245977948311648717e-03
-2.135288315005426471e-04
-1.407035432436029384e-05
-3.735917480542257763e-06
4.755415258782170028e-06
-2.949013106505753584e-06
2.811358280743151295e-06
-2.434710189972733238e-06
-5.151344861071088001e-07
3.402654672852284551e-08
1.682741559396316230e-08
-6.038736970331823213e-09
2.430027813353623983e-09
7.075126386364529831e-10
-6.610151387901684485e-10
-1.982000591151398595e-04
-3.607277928985988600e-04
2.129866242523579460e-04
1.418324187918718884e-04
1.634032516405583670e-05
-1.255265523929655137e-06
-8.946136722531281938e-07
9.274253283170245071e-07
-1.238866102201259869e-06
3.316392654921248232e-07
3.141283799908449710e-07
-1.341672621008587678e-08
1.263026895286126172e-09
-1.793443359586518714e-09
-2.623424504413939158e-10
9.434854859921252492e-10
3.880317658839229870e-10
1.816253605993825310e-05
6.782125631502925974e-06
-3.212818630338611076e-05
-7.253300578707146996e-05
-9.429842674374990292e-06
-8.221775695759271256e-07
-3.941125559619160561e-07
1.902570607813983099e-07
-6.693820756782778971e-08
2.957592250781416387e-07
5.629136601675227532e-08
4.039922164787788997e-08
-1.175934781031738330e-09
1.240702303023059736e-09
4.214146908285562672e-10
-2.281045910505904051e-10
-3.045603827069870888e-10
-5.170165794427588279e-05
-5.336832749183539979e-04
-2.396618220552858031e-04
1.497935198261834166e-07
4.851265696566530900e-06
9.353278133782719500e-07
-4.793270911537408480e-07
-3.402606910000466623e-07
-1.293369922128183212e-08
-1.136992356221276308e-07
-8.178382974860116890e-08
-4.502534161681992784e-08
-2.087638081471620244e-09
-4.745709318093111302e-10
-9.769608967937150878e-11
-3.675412432102020306e-10
7.922500045191247554e-12
9.721662425364642168e-07
1.212483668424972990e-04
1.935862402569405491e-04
2.925241360121044721e-05
-1.861239394483103158e-08
1.806509530119393354e-07
7.555917373518178935e-07
3.416911281234479052e-07
1.698626994170000477e-07
5.848050946672734163e-08
2.495485884650249140e-08
2.341187326228450057e-08
2.459348222671231436e-09
8.161275077345410293e-10
1.012425684512076889e-10
9.269723033279517258e-11
1.211753659599328597e-10
3.792765796044288750e-06
-2.979463663008423429e-05
-1.606740138684254512e-04
-3.681401314715903103e-05
-4.216886251942777755e-06
-7.541779449773489138e-07
-6.495213845649557820e-07
-3.055004333024468897e-07
-1.270135580603267318e-07
-4.787423786479882327e-08
-2.965678167103526536e-08
-1.741503355021609999e-08
-1.038800127543665593e-09
-1.053682862550594820e-09
-2.166896691977934762e-10
-1.906115329262356529e-11
-8.987329155357245485e-12
-5.787171367054349282e-06
-7.556814918083902002e-05
-1.813141785356765508e-04
-1.076070239907807661e-06
4.215060857945161169e-06
1.005998496521890489e-06
4.869388522361579301e-07
2.573938891381309330e-07
1.127773052754047814e-07
1.461423209056211131e-08
3.640135749339849916e-08
7.856769025415908119e-09
-1.207439586395463032e-09
5.648034741676334045e-10
1.320122475454920903e-10
6.688655909802074620e-11
-2.056584558607640393e-11
-5.156161989527792732e-07
1.290569491568818148e-06
6.315867497076125669e-05
2.330552755373806152e-05
-1.291396573016986815e-06
-9.996592965615763655e-07
-3.358259431423753964e-07
-1.748445409420126315e-07
-9.999039397130170042e-08
-4.651218352374249609e-08
-1.622123981332711760e-08
-1.474790063506797517e-08
-1.016375418600685263e-09
-6.285166592099601352e-10
-8.150296876961554708e-11
-6.537505672653765611e-12
-3.415996908119567707e-11
