1.411936453278096470e-01
1.024405745874084284e+00
4.498861118064458736e-02
1.588308252138438247e-03
5.706044811539751023e-05
4.149334448946469368e-06
4.177051977092287591e-06
3.231270405648753535e-06
-1.121312181340473361e-06
1.260459165305677714e-06
1.954834504306993243e-06
6.563793882866361168e-07
9.406959200628907099e-08
8.115708445773653227e-09
-1.170239341161486733e-09
1.380449202215684622e-10
-3.891223043218581816e-10
-8.586585860034646675e-03
2.224164103607623177e-02
-2.408917713257696831e-03
-2.252597018295559846e-04
-1.315794823423513476e-05
-7.527696786187418251e-07
-7.142531033517981012e-07
-1.072009525621647856e-06
-1.546732350422006937e-07
1.394620141248923408e-07
6.217738816011319089e-07
1.252498546122883667e-07
1.242983822006804935e-08
-4.149358488129484512e-10
-3.355045691609416616e-10
9.029053503520130210e-11
-6.256475286495977826e-11
3.996619831285376121e-04
-3.686527627343135139e-05
1.089598686708065221e-04
2.523696664368392761e-05
2.565607517474407591e-06
1.447817919062045996e-08
1.437137104734492901e-08
1.947583308022482593e-07
2.422665613628925426e-08
-1.385127662099722041e-08
3.882338989464377376e-08
-6.681630623784174167e-10
-9.365058935095215760e-10
-3.393961907008587302e-10
-3.746745927386923962e-11
-4.392813838505068321e-11
1.451140921356709592e-11
-3.240859466523275666e-06
-8.735824112827542378e-06
-4.315622023963283323e-07
-9.275922983831408825e-07
-2.412354034732837971e-07
6.201450021672138587e-09
-4.496372058523622327e-10
2.803825326965165638e-09
2.563474209903269786e-10
2.289905946590404070e-09
-1.222044914558291267e-09
1.919536012375950145e-10
1.449071713819696429e-10
1.740914442003771847e-11
-1.452074005888577186e-12
-8.219989169204347248e-13
6.710279097587633610e-13
1.218407999742243494e-06
-9.964632280281470376e-07
8.842744433076839636e-07
8.500257056201181208e-08
2.106331829004455571e-08
-4.662497170746255244e-10
-1.220077255965056383e-09
-4.675907335800921614e-10
-4.513696517032474500e-10
-3.390146961974048751e-12
-2.835188753603402155e-10
-5.614080541684050460e-11
-4.006153215341943467e-12
-1.594994471991243220e-12
-6.891404567684667415e-13
1.111327970606001656e-13
1.208205000576994020e-13
1.338868377107781362e-08
-6.741494775516799373e-08
2.188801483094589736e-08
-1.107964675781458999e-08
-1.164149135499803754e-09
4.252953959176138183e-10
2.391017839637870952e-10
1.162852468519099933e-10
5.850723666229150919e-11
1.265444344610988340e-11
3.079286544746413812e-11
2.113866581868457180e-11
3.648101519872414261e-12
8.350492353686343767e-13
1.009975337581524636e-13
4.858359390736322409e-15
4.881293963732338548e-15
9.195153278671779719e-09
-4.806700927171002356e-09
1.374078073536346176e-08
-3.377027148729759316e-09
-3.628424233650038049e-10
-9.344352397522939917e-11
-4.875673396999873098e-11
-2.820490577309718976e-11
-1.334659792190636805e-11
-5.367105796262091715e-12
-2.497592587470172569e-12
-1.079791995885333355e-13
-3.151511826964701994e-13
-8.504094374998813420e-14
-8.707320362522252965e-15
2.199361989294427762e-15
-3.266005378059641629e-16
-3.853188057164010908e-10
1.081918327573259217e-09
-5.675713497134039948e-10
4.930645888477756911e-10
9.950083437963807917e-11
1.849475700068858437e-11
7.948640706977969173e-12
3.623273158599233908e-12
1.838492322634075943e-12
5.948482873363815703e-13
2.677069291289891266e-13
1.562552339320396405e-13
2.720213614326106322e-14
9.292821894844090967e-15
1.947555201194772946e-15
1.499763243077136107e-16
-1.055707513642452231e-16
4.279752983529885261e-11
-1.539023928773462644e-10
7.576229345645723950e-11
-9.893374561284341857e-11
-1.865462717917011921e-11
-3.574650318737428210e-12
-1.030585434470894632e-12
-4.485682291207879439e-13
-1.823231019103195751e-13
-6.638009041513700360e-14
-3.203728954350088943e-14
-2.438610686426820247e-14
-7.042303440100145340e-15
-1.044660919984306136e-15
-1.854684614213187867e-16
2.020545431265620075e-17
2.964215763798405440e-17
2.385298909113439897e-12
-7.547592930149867990e-12
1.023137817867480614e-11
-5.073108599930410582e-12
6.263595578114593256e-13
4.273385827061880703e-13
1.270342906927130614e-13
4.755139102684873457e-14
2.004769200993457286e-14
9.551113328877688475e-15
5.674205282603325021e-15
1.428910873363647307e-15
5.485592934056200479e-17
8.628108141178690940e-18
-2.351672112743311870e-17
-9.525309359062462408e-18
1.088374592173275159e-17
2.071294042052968381e-14
-2.424101713865207398e-13
5.271236115377224210e-13
-4.744296123232848653e-13
9.288953268678227072e-14
-2.805435081774890360e-14
-1.206359176539384880e-14
-4.009902057352708588e-15
-1.442773363004372379e-15
-4.168157705662925365e-16
-2.323202247204236082e-16
-2.873351106884686608e-17
-6.858441951091628697e-17
-6.249854145815014440e-18
3.417915779883718700e-18
7.878327074055890395e-19
1.319991904367118730e-17
4.153611472765310168e-03
-4.338959798675673211e-03
-3.440889185460705205e-04
-1.907674848766230697e-05
-2.086158690740650056e-07
1.032229421726737900e-06
8.470475072618856076e-07
8.161015172283986285e-07
2.958814415444722616e-07
2.145730954870626048e-07
1.907735313384338116e-08
-1.462726949527402841e-08
-1.879172227271677556e-09
9.616090587836439649e-11
1.612197890181564216e-10
-6.161010064219840662e-11
2.596555744254518729e-05
9.935582894621196553e-05
2.371650361208466331e-05
2.517265675712242605e-06
-1.253640248782732870e-07
-1.468639140173361603e-07
-1.254428708728043468e-07
-4.604537387136716770e-08
-6.724591187436848901e-09
2.683302604908607659e-08
-5.164015675571247815e-10
-4.650056766927897581e-10
-1.637095690593308600e-11
-8.989423408605825598e-11
5.491910545366752661e-12
-2.014211089559380416e-11
-5.417724168299340836e-06
-1.273176939336057565e-08
-9.199427876469512342e-07
-2.511182666395538129e-07
4.637078562472187080e-08
4.460632544666491485e-08
2.670161160392599283e-08
9.533424062319803459e-09
1.318613439315517638e-09
-1.547325656628318117e-09
-2.743576883883432350e-10
5.442810124435647041e-11
9.814466481101615664e-12
-5.613326926215182558e-12
-2.867422940493823407e-13
-2.452852931935638489e-12
-4.429112893954864105e-07
9.346772221975855595e-07
8.851357904179710795e-08
1.982601661072289149e-08
-6.677208147498315665e-09
-6.179380282839084270e-09
-3.533938861909506520e-09
-8.420305278007786486e-10
-1.910776633974113539e-10
-2.172880714276104599e-10
-8.153659955622763632e-12
1.259121940252982992e-11
3.892537566608508055e-13
-4.405672680060512543e-13
-5.157989367443774534e-13
-2.693981704792663032e-13
-5.878199682614708869e-08
2.407985649424756779e-08
-1.114867942367526222e-08
-6.125405601958517076e-10
1.016365316345847871e-09
9.321706642258047133e-10
4.046914375907090071e-10
1.103178977424663393e-10
7.723845556197193838e-12
1.936130335273514643e-11
1.570513859267839323e-11
1.835401323829476821e-12
3.801564094844334757e-13
1.043363814136544140e-13
1.020892540327833282e-15
1.683678520742594102e-14
-6.751627098769155338e-09
1.356541166593866602e-08
-3.397048747281645436e-09
-4.397148662214457922e-10
-1.674329048240202719e-10
-1.024433715183480114e-10
-4.443849180208656858e-11
-1.787453840779254036e-11
-5.535007818867185818e-12
-1.533443290121330975e-12
4.478637868528497016e-13
-1.217780129797488275e-13
-4.458375354138861025e-14
-1.446876275611927998e-14
1.735225212944736182e-15
-3.480949818193373558e-15
1.144892528512315113e-09
-5.612973523905503143e-10
4.972928090840972900e-10
1.069964804505129242e-10
2.587415480282831258e-11
1.114018671335321149e-11
5.059184387046635923e-12
2.057267703170339801e-12
4.731010259101633873e-13
1.445176403751337233e-13
9.510992583862528567e-14
6.948913674704900223e-15
4.895836251553032218e-15
2.324897940407988553e-15
5.216913911661136642e-16
2.508683318597281228e-16
-1.624362552141634195e-10
7.464863367769670822e-11
-9.950915577554530795e-11
-1.934361224647550043e-11
-4.115765769002293037e-12
-1.339603857093891510e-12
-5.453950609658147850e-13
-1.985656970321141786e-13
-5.149945826487572953e-14
-2.009165320342248725e-14
-1.812859544210060841e-14
-4.967194794094927344e-15
-6.850540120926780083e-16
-2.518781650848172376e-16
-6.527630932314119284e-17
-4.734771704844239720e-18
-7.899049472102360113e-12
1.026451502769455854e-11
-5.013280026298524761e-12
6.773558767270412349e-13
4.685167146714241595e-13
1.431769287817631004e-13
5.476358058568030400e-14
2.154070475903542652e-14
8.242134666566025794e-15
4.528741630291891952e-15
8.423667538553513996e-16
-1.325758430744368615e-16
-1.373283555282123435e-17
1.259801961279337759e-19
-1.905536132902554515e-17
9.614453462290776568e-18
-2.669705981252272670e-13
5.223805052580395276e-13
-4.816389614851222538e-13
8.885681340314988898e-14
-2.965267301031071826e-14
-1.346417608273765906e-14
-4.630585249919109650e-15
-1.397338459062991237e-15
-3.177929330137660244e-16
-1.568999187177625930e-16
3.271653485287506211e-17
-5.001856091815963033e-17
4.433373967480303322e-18
-7.634369864958925288e-18
1.361742785596950307e-17
-6.552028912776128085e-18
-1.014464761969884998e+00
-4.464019128533097680e-02
-1.581417947539061212e-03
-5.719128720988933675e-05
1.519947998005662725e-06
5.632241826594367195e-06
4.523553768954279376e-06
2.392703778534016922e-06
-1.264896743952229670e-06
-1.955758853844302225e-06
-6.845356918744341986e-07
-1.052853312299946997e-07
-1.280445898484297815e-08
1.117212724895358501e-09
-6.534489539138085103e-10
2.018645548797467709e-10
-2.365574171683814189e-02
2.326429903542696475e-03
2.224374915752783382e-04
1.348428971540116314e-05
2.503683869300414941e-07
-4.946277328096560380e-07
-7.754953777379040690e-07
5.220950108643092967e-07
2.257890774020685596e-08
-5.726595421589782642e-07
-1.155030232421905849e-07
-1.097892935381707958e-08
9.651815327162651283e-12
5.102823202040703323e-10
-8.288673224306130837e-11
6.502736881864677099e-11
1.953288539599369275e-04
-9.426097846665320950e-05
-2.505314455702459324e-05
-3.002410972315171042e-06
-4.060328455664599940e-08
8.231590111000455822e-08
3.542195088741938066e-08
-8.053459453880335781e-08
2.140962470192904039e-08
-4.271392021780485645e-08
-1.774748322276046867e-09
5.706018350847433019e-12
2.539742119952593549e-10
-1.720129958507864402e-11
3.080804073738999637e-11
-2.345499321168098319e-11
2.193874162059280395e-06
-9.822493599366584581e-07
9.117192300511687046e-07
2.908926101512514153e-07
-1.407735132379287465e-08
-8.349457003488721199e-09
3.474940855425833593e-09
5.340546122761116697e-09
-1.916212165800193815e-09
2.387505683120688940e-09
1.886404841066600826e-10
-1.027921977365838721e-10
-2.219903895045567402e-11
-9.523883069242216853e-12
-2.693092424330294426e-14
-1.986285112864924396e-12
1.755230992351559251e-06
-7.586926066687200212e-07
-8.569966405564521259e-08
-2.837976600500558243e-08
3.619755792877528066e-10
8.556460726230562130e-10
-1.047670596213299450e-09
8.975640038340273586e-11
-5.120824834756426519e-11
1.524047962062305130e-10
2.661051315559864563e-11
-1.022501057735109024e-12
1.234050227812687628e-12
7.843693158837868956e-13
5.719807053029260160e-14
-1.270132167626803234e-13
-5.241574634579982701e-08
-3.389354079797821655e-08
1.159879083131362319e-08
2.152896680634100089e-09
-1.099977889313386694e-11
-3.366361159769080324e-11
2.786118548259645331e-12
9.390311543214838865e-13
3.406667252894374122e-12
-1.095104025279807524e-11
-1.679175690344199280e-11
-2.278987558408311086e-12
-7.279224745366759715e-13
-1.292113650646675223e-13
-4.933580712017582626e-14
1.262722840968134218e-14
-1.114361165795097405e-08
-1.464080078069390352e-08
3.186943209727080223e-09
2.372837311275087497e-10
1.799029775425917206e-11
1.080200992615421128e-11
6.379831019539337373e-12
-7.918122752377207586e-13
5.450524590160514668e-13
1.521927858345935351e-13
-4.130240412737261910e-13
1.995261719843833223e-13
9.270965245450067354e-14
1.704257762098908856e-14
3.357416295958248186e-15
-1.863958495156098903e-15
1.203231169098972043e-09
9.784686005768341949e-10
-4.385922929194895092e-10
-8.005913776724175350e-11
-7.950931959985411581e-12
-2.396538035148306013e-12
-1.014779493293072936e-12
-3.112359722826313058e-13
-3.346614603586564304e-13
-3.104772068707992351e-14
-1.072082792531419735e-13
-1.303833508402834392e-14
-8.226695775348256173e-15
-1.961963783045786970e-15
-4.822286271462386789e-16
1.690692728741077557e-16
-1.790072743846739081e-10
-1.665172068817804137e-10
8.656705181558620462e-11
1.575187218163921620e-11
2.258608149835699179e-12
3.787260085480004961e-13
1.645683040922545206e-13
5.757531026354446044e-14
4.768577175489271953e-14
3.877843040131985268e-15
1.853385552890968004e-14
5.380111390112161346e-15
9.082760974238387848e-16
2.374929698367786610e-16
4.065796719367789041e-17
-3.299871724110036513e-17
-9.681167257071760183e-12
-9.855483821113866823e-12
6.407720807577375623e-12
-2.555342349921992121e-13
-2.858876177423419924e-13
-6.495010899592576969e-14
-1.872904125232777717e-14
-7.431921043526576730e-15
-3.241131156757763595e-15
-1.381163687309597249e-15
-1.036715167708342005e-15
2.274814589275338214e-17
-3.675700850724919633e-17
-2.342088194256466244e-17
4.727470734437055185e-18
-2.583489188471940062e-17
-2.954126695673889187e-13
5.219130144212963738e-13
4.298791363030160756e-13
-1.277128271127221601e-13
1.541308669773515545e-14
6.708589641961706642e-15
1.796644598355715588e-15
1.159943889212361987e-15
5.098241596967729216e-16
-4.422328270536817265e-17
3.745335364339814172e-17
5.687951743903889992e-17
4.541899002025447546e-19
-1.316865692543293303e-18
1.488969883295770869e-19
1.101645128147620590e-18
1.504400218351604167e-02
6.304887450720314708e-03
-4.220494903758253979e-03
-3.409259077511888388e-04
-2.061867388783154525e-05
-1.631009040065446957e-06
-3.270079962946275971e-07
-1.462075494845331900e-08
6.153662292289968558e-08
2.725307344709237247e-07
2.242609220098664586e-07
3.523985072835015994e-08
-8.752988522296132620e-09
-1.458356028855175842e-09
-2.276514569360035092e-10
3.111192899881230932e-11
-6.708448394173784982e-11
-3.678578599948178433e-04
-1.225254552525987042e-04
8.493552076601386120e-05
2.303200207840791668e-05
2.830217462497709412e-06
2.798263822319253400e-07
1.042185038250922119e-07
-5.687734066971966544e-08
1.288844209853990344e-08
-1.522171771433257164e-08
2.359650542534538370e-08
-1.185661541184043754e-09
-4.211572651337365330e-10
1.943409857817532664e-10
-4.394032505139672436e-11
8.943896048528980883e-12
-3.218277434978534611e-11
2.298511984145965327e-06
1.195210969336428875e-06
1.447421576483304955e-06
-8.845722779811364611e-07
-3.270780783409249419e-07
-4.372283723180504315e-08
-1.016354743376888473e-08
2.142956605895301712e-09
2.384038782864216593e-09
2.122954992551091694e-09
-1.522958631672834628e-09
-2.076766485223641474e-10
6.265089733558977786e-11
1.248481854359605785e-11
-3.929434386330659699e-12
-1.670675369555989621e-12
2.954754632428815731e-14
-1.409561905626529313e-06
-1.233601720817068549e-06
7.976792241921403424e-07
8.688661622564710133e-08
3.375038891244845381e-08
6.435154296814356833e-09
-1.037441915893020583e-10
-6.574802977870325203e-10
-2.981383943154844183e-10
-3.413748270857306603e-10
-2.199518152996238895e-10
-2.370376622821632210e-11
1.124125917728846184e-11
1.223692192600690158e-12
8.055771418034193042e-13
-4.008211751264094689e-13
-9.304407692885734761e-14
-1.560180987008440464e-08
6.157385621335482750e-08
3.685377765287315537e-08
-1.149870323729181395e-08
-2.964043663004947196e-09
-4.664637804742026331e-10
3.127015250023652049e-10
1.587935456050772151e-10
5.484590218441729015e-11
1.702680059481307961e-11
1.368194880616616980e-11
1.564542310679423533e-11
1.304983425046803274e-12
4.462165428918450127e-14
1.050873548971659193e-14
2.801735356712920434e-14
5.558292561660583930e-15
-9.045462978408689735e-09
9.087873530108101523e-09
1.442879028181930536e-08
-3.158486738923849473e-09
-1.492012802379112076e-10
-4.545123182224007133e-12
-3.177175114046642200e-11
-1.437086159899068873e-11
-5.237411511451643954e-12
-3.399509503629188734e-12
-5.794906530036605821e-13
5.267680204332308114e-13
-7.262829496437250431e-14
-2.783987544961016379e-14
-7.583577297135362609e-15
-1.553936064566794945e-15
5.587433431142919754e-16
3.948070558330538188e-10
-1.129836900639246773e-09
-9.704259149523811029e-10
4.338476238138716231e-10
7.416871872361784290e-11
7.904817279139670085e-12
3.291684318254394650e-12
1.952991811320604002e-12
8.010910657884822533e-13
4.867058663026716442e-13
4.260050034983754775e-14
8.717974857388378324e-14
-2.266315880494777570e-15
1.034154229589776039e-15
4.941243269370811252e-16
5.264995665002158868e-17
1.184622681858461649e-16
-4.215475964665639117e-11
1.699963581077858849e-10
1.656545575924969148e-10
-8.618021822045281277e-11
-1.549128535229078630e-11
-2.310558033240030629e-12
-5.453166835312989460e-13
-2.422946292844586369e-13
-1.052125169454481181e-13
-5.817504732526339337e-14
-4.058137828736311593e-15
-1.591334658497250459e-14
-3.625427663868393873e-15
-2.075804074562885647e-16
-8.590284310757011231e-17
-2.572072720795103439e-17
-6.104333145912134976e-18
-2.252920338807985250e-12
9.329513844224591539e-12
9.823922413565024308e-12
-6.440109172151042183e-12
2.574284332623373655e-13
3.030409569546338208e-13
7.240935973840320287e-14
2.660771775625839526e-14
1.189393065398905292e-14
4.214214254776714027e-15
1.258416636438048524e-15
7.899905741724420547e-16
-1.931179084340925176e-16
-5.447252497850852052e-18
7.101903535730414467e-18
-1.812306956368014382e-18
4.261872217996297967e-18
-1.580143331190090419e-14
2.738650064394733008e-13
-5.343453298335246614e-13
-4.358234862242238000e-13
1.265160266343198189e-13
-1.504840070482180856e-14
-7.402088892960787209e-15
-2.529942820624151217e-15
-1.302274176546303054e-15
-5.825562697138991069e-16
5.460965999071943453e-17
-2.085497675084341918e-17
-3.154617203350133638e-17
7.414430455986307889e-18
7.937211283946853278e-18
7.017518531943926309e-18
-4.047962006950766311e-19
-1.604719851887869697e-01
-5.622053216988457704e-03
-1.984608864632648475e-04
-5.175193142855379527e-06
7.539871363723823956e-07
2.391893550230420516e-06
3.197619552304646283e-06
1.080058488093828823e-06
-4.692136337282326597e-07
-8.688648655177169980e-07
-1.548186933531553289e-07
-3.315667492752002201e-08
-3.512503445604592887e-09
6.505479636280979222e-10
2.252611308161259889e-10
1.429460846214417135e-10
9.059814180986624360e-03
7.917221906135727977e-04
4.832269807498871980e-05
2.078781838535699509e-06
-7.319471350249648365e-07
-5.992403511919363561e-07
-1.120372228974942494e-06
3.785623727814191263e-07
-1.006652261304883448e-07
-1.861316793137472131e-07
-1.033504186808618217e-08
-2.313616418903399523e-09
2.930502101694906941e-10
-3.865677064424141351e-10
3.867913300017898071e-11
-2.367343336975514779e-11
-4.138414692647904075e-04
-8.791960109147433419e-05
-9.172003721300880363e-06
-3.197995984286382329e-07
1.459719064852864654e-07
2.661450528306448006e-07
2.505732038889797377e-07
1.323959594445384285e-07
2.042414152896780406e-08
-9.016495892573219020e-10
-4.322743533134766588e-10
-6.060302930239709780e-10
-8.433165262835960166e-11
-1.013031237102756531e-11
-1.220207168325560026e-11
1.247282214376451927e-11
-2.053019126315166033e-07
3.803936528767441985e-06
9.604033828345302479e-07
3.460607010718906955e-08
-4.753082983782442096e-08
-5.141982415882520573e-08
-2.797566367665357383e-08
-1.057775979163203249e-08
4.292604641939526607e-09
7.313808310507495278e-10
1.530887125576012273e-10
3.855004976316866039e-11
-1.566102777618033210e-11
-3.140809108194184140e-12
-7.172873156726393342e-12
-3.738899907036055134e-13
-2.996423633444067065e-06
-3.714841290362124960e-07
-8.345547832698710543e-08
-3.783770307887765240e-10
9.205814400565105221e-09
7.102651736272651337e-09
2.712567531541359492e-09
9.121696465382962410e-10
6.293468437318522054e-11
2.398154388874786561e-11
-4.994070134504654221e-12
2.088356200940270527e-12
-2.162830352892726721e-13
7.503505992352144446e-13
-9.386934262731810809e-14
1.231669872763082763e-14
1.483721268199117006e-07
5.359394261314073174e-08
7.621124379940068607e-09
-3.352890710158961623e-10
-1.576115042580325362e-09
-8.514710454045248818e-10
-3.091526143264001286e-10
-1.248993336202388926e-10
-5.796861308606481647e-11
-2.041679117423184220e-11
-3.849297977216210134e-12
-1.135718298626894329e-13
1.012818101600047340e-13
-1.343481193285391047e-13
7.170538538140008202e-15
-4.681997393507451452e-14
2.239262657698334955e-08
9.874926390021972177e-09
6.556993658576679922e-10
1.707784863125160173e-10
1.947265579032568583e-10
1.009336477479605552e-10
4.004554311578111571e-11
1.168795794763517246e-11
4.288851563780460583e-12
7.606535103529100468e-13
1.563915470536926838e-13
6.643759031790315449e-14
3.879253670574823896e-14
2.098647069026814672e-14
4.619671300784912802e-15
3.734818711505435773e-15
-7.811167480700676745e-10
-1.517873655379119724e-09
-2.686658045453814737e-10
-4.597804924634701121e-11
-2.148369478295046993e-11
-1.097280832759345539e-11
-4.729643839526339079e-12
-1.634086596529440969e-12
-4.923854952364902199e-13
-3.956843225496595386e-14
-4.992229421782539816e-14
-1.022266730218322995e-14
-5.317619337718039909e-15
-1.216798075724114676e-15
-4.384242807420780527e-16
-4.849221563462274277e-17
1.148283151279726561e-10
2.972218499193881512e-10
5.568883987218056170e-11
8.977423655209484964e-12
2.569343906702337406e-12
1.102992935455747726e-12
4.833202124909811120e-13
1.795336100045654091e-13
4.356161314437812999e-14
3.540771011490262657e-14
8.995014229215404691e-15
1.317364599219437845e-15
5.647871041567723608e-16
1.418470626485017479e-16
7.012600870472702258e-17
1.369255346854050849e-17
1.150199562131686519e-11
2.476333081562980115e-11
-8.826878856256858161e-13
-1.020863989914332841e-12
-2.961677994867886343e-13
-1.137875851522308809e-13
-4.769161793641039777e-14
-1.678460233015717127e-14
-1.829442673491404409e-15
-1.587147214938344084e-15
-8.646329333786232919e-16
7.538938345826157747e-17
-4.344531418152701423e-17
-2.079136799840653679e-17
-9.074595098551724568e-18
-2.361628349358323979e-18
-6.824416118405370371e-14
-1.477590885978755556e-12
-4.612638967810268736e-13
5.272875505156789086e-14
2.777999347763189061e-14
9.257691832306560289e-15
3.542424966285624343e-15
1.637010019196661472e-15
7.605906953239323918e-16
2.913055330373317774e-16
1.440910684687839509e-16
2.802910161549541474e-17
-2.682344510077136280e-18
9.454779596515123337e-19
-1.550738524551794452e-18
2.677483024454378780e-19
-3.142599075736193098e-02
-1.608509340484213374e-02
-1.208566122721360528e-03
-6.727022692724073615e-05
-7.051449940065765593e-07
1.297895971847074867e-06
4.723924311737255980e-07
-2.561485909130296728e-07
-1.016052235465390980e-06
1.791750016082051902e-08
2.847553889774309719e-08
-6.436473859620276158e-09
2.451602244057794200e-09
1.856689388141794690e-09
-2.170768291649924822e-10
1.398275454952812110e-10
-1.219936098662025020e-11
1.133793889218668118e-04
3.795049351109797153e-04
8.229003758367979342e-05
8.794643451754993296e-06
1.937759020553679127e-07
-1.102536262821509056e-07
1.416174397445856832e-07
9.697765519595813664e-08
-3.148900267659208979e-08
-2.810050130896839095e-08
-4.265436893323426524e-09
-4.353407114290117563e-09
-6.241954883852396796e-10
9.014189480101931276e-11
1.836369201800653652e-11
2.614216190166944802e-11
-4.710002143120602543e-12
5.109478236610036719e-06
9.502441826417924111e-07
-3.783480070992252283e-06
-8.977225914924376352e-07
-3.000613954001265004e-09
2.801865852167170816e-08
-6.227376772365036695e-09
-1.708024353137684126e-08
6.407570498989922915e-09
-6.292930606436360886e-09
-3.786206859680233063e-11
2.808714541723786569e-10
1.362226244418379152e-10
2.340119736004733575e-11
1.226205059370740220e-11
-5.090386700356365145e-14
1.559628786523060010e-13
1.222563763431861974e-06
3.234375896914056676e-06
3.884062585356050319e-07
7.820532847163003928e-08
-1.519091372175126714e-09
-4.133119045016956042e-09
4.837490998829630624e-11
2.684681681681437758e-10
-3.153553575599964267e-10
-1.667517014122574911e-11
-1.309250550456139466e-10
-5.094164175121830135e-11
-1.642573349022977329e-11
-3.995755597609545586e-12
3.597032742481585517e-14
2.810103554445227153e-13
9.766077879018559444e-14
-5.025176104938655593e-09
-1.474907157579369980e-07
-5.297748373856907832e-08
-7.234528493488767753e-09
2.913695054222880745e-10
4.352223007590368859e-10
1.902673255006552594e-10
1.036396623858726882e-10
5.623876640611580815e-11
6.072261465770202747e-11
3.266873306165573661e-11
1.033033029605827742e-11
1.985315500183722240e-12
3.565779638972039967e-13
-3.026927337286519634e-14
-4.268429495482618705e-16
-7.431640796753517940e-15
-1.844643639674851879e-09
-2.236982753903591115e-08
-9.920929800077067512e-09
-6.891416408687033485e-10
-1.185978164692480736e-10
-8.138477235385195203e-11
-4.895248106981294552e-11
-1.836244165573719629e-11
-7.668973378905714729e-12
-5.670836974772854879e-12
-2.209853758874750578e-12
-8.453096856619185289e-13
-2.881502715974034517e-13
-7.209751052760016705e-14
-1.162116377954214572e-14
-2.122319238341024215e-15
3.641303571571967437e-16
-2.366116273818115909e-11
7.575749953917778853e-10
1.518370190273199578e-09
2.680247185572437310e-10
3.757342309149511093e-11
1.358889937749199835e-11
6.874059658864012205e-12
3.207742799005738014e-12
1.331936588666661439e-12
6.493899487758725509e-13
1.833676169817648921e-13
1.201051834843319649e-13
3.254563646205563652e-14
7.691945580496748760e-15
3.942862187075704593e-16
-5.699102013434986430e-16
-1.384612184425106110e-16
-5.352998286851944917e-12
-1.144860352256306138e-10
-2.972130475389263751e-10
-5.529240022918488997e-11
-8.174919791846318287e-12
-1.937784722164021519e-12
-8.726112252512714137e-13
-3.746975535947162172e-13
-1.733995217528507074e-13
-6.233431578395879465e-14
-5.018535441350901155e-14
-1.571925654227484094e-14
-3.410145934156284022e-15
-7.145248902156722341e-16
-2.020236031662621774e-17
5.537270306390097939e-17
2.297095109302753442e-17
-1.280500073022024847e-12
-1.172558787361730895e-11
-2.478992664917344993e-11
8.297940513676805961e-13
9.501284992529598339e-13
2.614709656554965777e-13
9.888713783460073913e-14
4.144930911999129807e-14
1.801295573318767324e-14
3.772190190285663329e-15
2.995590029218909201e-15
1.498072991391256942e-15
9.370202877629466042e-17
5.587239675949007662e-17
2.140307654643752330e-18
-4.642744998728152400e-18
-3.156443527694608711e-18
-9.565853740945050967e-16
7.507386205189268509e-14
1.483044680155199788e-12
4.722254792910028722e-13
-4.928281876274739094e-14
-2.728471807702860798e-14
-8.767940983464260639e-15
-3.489993577096322011e-15
-1.857924183400678843e-15
-9.878961909761262635e-16
-4.204754341109380462e-16
-1.895644384862918431e-16
-3.485936360828759557e-17
6.417214162857087661e-19
4.211939905264247541e-18
2.806655048293779842e-18
-2.238794471897148000e-19
