1.376585747486829825e-01
1.026155819352989829e+00
4.398610126690064015e-02
1.452216508825320950e-03
4.748816548814464167e-05
4.574342668095089362e-06
4.019774395651959152e-06
3.040268904621647427e-06
-2.336503211907308545e-06
1.476066529907205285e-06
2.623567370407582271e-06
7.054491453614909270e-07
1.095518035356595866e-07
7.849195621938450280e-09
2.048303908920149296e-11
-7.262042430688741957e-10
-4.081940321667901808e-10
-2.996818103560282276e-02
7.884207869304563077e-02
-8.412611122439014183e-03
-7.475939496513409185e-04
-4.308319521007298762e-05
-2.486459123402605229e-06
-2.477497902611412319e-06
-4.030787830129537298e-06
-1.080900929357115846e-06
9.722984974966132384e-07
2.546309739622892301e-06
4.292064996773044545e-07
3.611962346996053166e-08
-1.575365955433033530e-10
-8.673908458007382133e-10
2.417299948815592446e-10
-3.038861887400540600e-10
4.968303973315341820e-03
-5.757197493234375357e-04
1.355641536612473084e-03
3.050297596693181835e-04
3.061561932287385933e-05
9.323328824888622169e-07
5.875347744340410571e-08
1.998176902347958648e-06
-8.924459674152244006e-08
-2.767401874769696708e-07
4.831258071145187444e-07
-8.704128988013568419e-09
-7.812458415853457036e-09
-4.467156065268620551e-09
-6.861138297605235843e-10
-3.361931538225444289e-10
1.089125767283660456e-10
-2.407411295029836858e-04
-2.453363938719116725e-04
-7.720203573151087327e-05
-4.808768236149252111e-05
-1.138304581392498811e-05
-1.752253658264816081e-07
-1.752317129394278615e-07
1.260637998267216218e-07
2.037539358777770024e-08
4.305219655395108570e-09
-6.427119161879842235e-08
1.882040570071991702e-09
4.966936987679771457e-09
1.650592325356710680e-10
-9.584154824878135848e-11
4.156564860786516961e-12
6.528004996244560872e-11
8.977514020051137044e-05
-5.656658199499926544e-05
6.949027667735736260e-05
8.687300903082595263e-06
3.660277704563183246e-06
2.091865669572445528e-07
-1.647211619144851568e-07
7.717810308685329368e-09
-4.912446439983516556e-08
4.092228378772372012e-09
-3.288742590298750213e-08
-8.649259981255239016e-09
-5.481848381796218841e-10
-1.734372342678743929e-10
-3.541095262576554292e-11
5.289031231091375835e-12
2.872300330425860103e-11
4.450313804634919036e-06
-1.885026597695221834e-05
5.491515051303095840e-06
-3.117948488181747395e-06
-6.882233182434382452e-07
7.939042399712759317e-08
6.227854121791042301e-08
2.612733734831639675e-08
2.013823447965140495e-08
1.008953149214279093e-08
1.541567811305940392e-08
8.576774351093666450e-09
1.456678641261721253e-09
3.038608455750664709e-10
3.176135271396146872e-12
-1.963913633186027670e-12
2.801289548925867417e-12
9.952138048333359906e-06
-5.532349013920426000e-06
1.508068608533705104e-05
-3.626165502771837293e-06
-3.828101865959921921e-07
-9.713492780926551084e-08
-5.113270124502258317e-08
-3.521749514510931628e-08
-1.502472818482805496e-08
-6.654836472966713395e-09
-3.355881763341131158e-09
-6.376926628786968482e-10
-4.507696609275817488e-10
-1.223609213474913761e-10
-1.281133777441088397e-11
2.026042896695538031e-12
-2.958887036216121615e-12
-1.540053020315474800e-06
4.172363703830691359e-06
-2.449227007106704993e-06
1.890231367073031698e-06
3.823854382554941410e-07
7.468255660398903092e-08
3.283910717177169550e-08
1.563292414993278651e-08
7.999663994693048342e-09
2.966177432727999593e-09
1.084594110489414005e-09
7.022998664463326039e-10
1.462870569951403337e-10
5.102229775723014533e-11
8.097534137255983431e-12
1.469348391128454891e-12
-7.751998949069660804e-13
5.040425738559060627e-07
-2.011984053183221306e-06
8.014296186950458429e-07
-1.256530493468448532e-06
-2.437365994912109053e-07
-4.988843690779455443e-08
-1.546879535656033753e-08
-6.825292067833587537e-09
-2.978679409477290875e-09
-1.164194009065709802e-09
-5.998472856720914386e-10
-3.291866713326826593e-10
-1.069800793622545749e-10
-2.031987168748093900e-11
-2.655415341504406127e-12
-1.280685124644860406e-13
4.326327587448969080e-13
1.236843155486030853e-07
-4.060981752917973586e-07
5.160016456404055594e-07
-2.757025988852421947e-07
2.901811727592063490e-08
2.103753863523733625e-08
6.805415809419141786e-09
2.547192421073962706e-09
1.128340813154644906e-09
4.764941044006618010e-10
3.036076750628118897e-10
7.556142465030117332e-11
-2.574365703026832391e-13
2.490443870693239968e-12
-1.927086074531488013e-14
-1.804042758991765145e-13
-1.204287572301786950e-13
4.101263683428410331e-09
-4.861616182796340176e-08
9.966414394269207138e-08
-8.995959983042337968e-08
1.853964123332760387e-08
-5.040956372517957733e-09
-2.201366865538017102e-09
-7.806680754794932956e-10
-3.099924810207971410e-10
-1.059330467813435397e-10
-4.396687477638833297e-11
-1.966394971299006561e-11
-2.070160548165349884e-11
-1.671845813570857798e-12
-3.176897279356066155e-13
2.659017110593961866e-15
2.062042954192786223e-14
1.482184612860370024e-02
-1.512803678048319292e-02
-1.153732143178757674e-03
-6.266316790506175458e-05
-1.827851815607571775e-06
7.733761994944154971e-07
1.634405564041664106e-06
2.798558873623384885e-06
1.473744591004001216e-06
9.797507865266329022e-07
1.041580749728973473e-08
-2.812173510999217493e-08
-9.527072939922398184e-09
2.571665588054891069e-09
6.980273161628332894e-10
-2.062648968552407788e-10
2.655835929479772933e-04
1.245319189919713793e-03
2.856218225639893700e-04
2.891062948561674495e-05
-3.543054340957832347e-07
-6.931863176964622621e-07
-9.308129604997062920e-07
-1.388448992348568793e-07
-1.826185055734152921e-07
3.498901629872163413e-07
-1.832300414238432862e-08
-5.264869602222715488e-09
-1.154324952560769535e-09
-4.527399162261488614e-10
-6.228601728140312882e-11
-9.392688546823307943e-11
-1.854446834650421523e-04
-7.001087470145848327e-05
-4.904604059671588732e-05
-1.179019233418466646e-05
4.391820135548052990e-07
1.365990412543443293e-06
7.163236959341907396e-07
4.408483275213035683e-07
-7.190138583044214938e-08
-7.344113224860596140e-08
-6.669508323605837062e-09
2.104319283658197704e-09
1.386621922556815467e-09
-1.405552352054280040e-10
-2.842817429972433730e-11
-9.790472141027661816e-11
-1.988660265289887325e-05
7.349504891692799002e-05
8.693071994292568238e-06
3.459840645257357250e-06
-3.857994916496282464e-07
-5.880180724759278430e-07
-2.946965082818693215e-07
-7.916798189827782694e-08
-6.090129320149028798e-09
-2.417741149145848256e-08
-4.736155291908242206e-09
1.002538681753115472e-09
-2.283551095855407744e-10
-3.846085971931063883e-11
-2.054946248341895075e-11
-4.161419784582577895e-11
-1.644443277722741590e-05
6.037450163880389062e-06
-3.236916614811069837e-06
-4.786293747063306077e-07
2.832999092221659852e-07
3.231977250551671384e-07
1.553843889329381700e-07
3.522954998758765261e-08
9.240377453735214196e-09
1.127832264551716540e-08
6.614858905683422855e-09
1.056034539695504561e-09
1.766126234696823220e-10
3.819120740229557333e-11
-7.416087254440069840e-12
7.752959303692784383e-12
-7.534605885586580371e-06
1.490009958282210417e-05
-3.617381312139728095e-06
-4.722477378177094675e-07
-1.914019168533109125e-07
-1.217366023389042207e-07
-5.645839434986642441e-08
-2.065564171192099586e-08
-6.712639091915234523e-09
-2.296568156749285796e-09
-1.366434293426316915e-11
-3.087273451093593665e-10
-9.714273824173821286e-11
-2.905077805302659653e-11
3.762453484568693226e-12
-5.069781900847041145e-12
4.424631231399621946e-06
-2.430025774677814960e-06
1.907077149049244731e-06
4.142216868637271072e-07
1.072500670278256038e-07
4.726800044556391751e-08
2.184479327364928479e-08
8.943912314554362707e-09
2.412391366531268024e-09
5.982688479152912250e-10
4.846050476780561666e-10
8.265021855289719239e-11
4.506442138763129467e-11
9.735163731705235118e-12
3.891576206280004578e-12
-1.231212133301493727e-12
-2.095535924306138003e-06
7.910027111936677468e-07
-1.264685024736562731e-06
-2.546972155420408211e-07
-5.780095344846361635e-08
-2.015055914550819802e-08
-8.264461268191386846e-09
-3.175261863870216441e-09
-9.585851861259465153e-10
-4.301582105280502133e-10
-2.543448633242235160e-10
-8.380930937325159111e-11
-1.869736665721584627e-11
-3.953456099340213368e-12
-1.406123126336703127e-12
3.798876053437234134e-13
-4.230413711252190034e-07
5.165363882409275287e-07
-2.733726875398381567e-07
3.198318733143237134e-08
2.326594148395863947e-08
7.886134221670864845e-09
3.026672543149057149e-09
1.259493135593724153e-09
4.260026747958222551e-10
2.507209171648108457e-10
4.912118497087915801e-11
-9.031119614528886404e-12
1.766626060662604531e-12
5.326511427261572081e-13
7.957837909132565248e-14
-3.027882325090920344e-14
-5.445295941672276129e-08
1.003281366763065751e-07
-9.308540347460666425e-08
1.729295801942159322e-08
-5.646073766856559576e-09
-2.877388860289729125e-09
-1.103979131802715653e-09
-3.967684948972807962e-10
-1.378729867986105853e-10
-5.014388886439678296e-11
-1.394782729628059248e-11
-1.041297126685962808e-11
-1.873003481975377203e-12
-3.331534724205106031e-13
-1.415228738483719593e-13
1.773131045567719435e-13
-1.017036994782459125e+00
-4.370075573211266995e-02
-1.443767675502662801e-03
-4.423097141786015485e-05
1.766022848233482503e-06
5.302583760899575479e-06
5.072336467593302486e-06
3.092916985518122595e-06
-1.414758839770150593e-06
-2.628562197617502797e-06
-7.187836159304514708e-07
-1.152450109036474322e-07
-1.155104017697127346e-08
-7.403646801003758633e-10
-5.869311952483916955e-10
6.436428268228378912e-10
-8.354252261147930569e-02
8.150768682042513688e-03
7.376108674524659578e-04
4.189519336610315659e-05
1.055489882690864033e-06
-7.876811623885570445e-07
-3.301472846506237747e-06
2.208180036299018184e-06
-2.815737765732012628e-07
-2.395110976178910886e-06
-4.110504684832773696e-07
-2.862290892478472669e-08
-3.660072992107700495e-10
2.126775689161571801e-09
-2.529869264449037126e-10
2.618449561729545630e-10
2.480678256718712744e-03
-1.184483592715943664e-03
-2.988992977156000423e-04
-3.313042720498188276e-05
-1.738359595525992660e-06
3.321305247246349444e-08
4.948573751585283364e-07
-7.412006350245931454e-07
3.336891577691500460e-07
-5.150699201789352801e-07
-1.100622110687578872e-08
-1.648496483622785433e-10
3.389156958150115624e-09
2.815059922171276783e-10
1.078723777562965884e-11
-3.146423268299331308e-10
-7.106459655166225825e-05
1.509200817496202010e-05
4.478432708640162085e-05
1.209933903187951767e-05
4.494157259215892247e-07
5.856983763368633707e-08
3.884279102880343017e-08
1.919015693026821068e-07
3.474988194473069959e-09
9.630372595322294824e-08
1.181539270336612021e-08
-4.136799753754622376e-09
-2.764878138222168478e-10
-1.759633067460799102e-10
1.077556709820992364e-11
-1.349700191386857137e-10
1.278809898511801095e-04
-5.130322920203863506e-05
-7.695652569713555869e-06
-4.291882949422128423e-06
-2.792449072215907709e-07
1.327284241213805346e-07
-1.297286277146275165e-07
2.848546477977373258e-08
-6.122273682754183927e-09
1.889290189424007272e-08
4.943341087324833077e-09
-5.167715594444716642e-11
1.154697836127767295e-10
2.919747387348386498e-11
1.525400867994435941e-11
-1.017259111718163205e-11
-1.448497567339225119e-05
-1.046860770815717335e-05
2.997685015021756538e-06
9.991902042182038809e-07
5.593218685313452318e-08
1.700927271065193186e-08
1.698947332101845534e-08
7.506995541321795135e-09
-2.932624028114187967e-09
-7.266398820231587998e-09
-6.866836830164199468e-09
-1.010346382681910557e-09
-2.789829809146905735e-10
-2.629015649194058898e-11
-4.811646990908939216e-12
8.212091961093562253e-12
-1.234507925437429973e-05
-1.596043223191634166e-05
3.465284248511704590e-06
2.382757347017123718e-07
1.161274061634935668e-09
1.321565423224509555e-09
8.813552996427651940e-09
-3.180797652909435019e-09
1.851638663823666995e-10
2.971470719405074828e-10
-5.100682551738268974e-11
2.849283459254985114e-10
1.203414735127399343e-10
1.641225638169379039e-11
8.660323706990556786e-14
-3.811574661109973013e-12
4.739716731658847995e-06
3.974588984802362002e-06
-1.685056810874979950e-06
-3.030513639596792483e-07
-2.752743382243963479e-08
-7.579161264451396721e-09
-3.657561396556675788e-09
-1.193367783648109921e-09
-1.320573246836849057e-09
5.468914595748428531e-11
-4.583551430695263935e-10
-7.178751653952220120e-11
-4.538300377024133550e-11
-6.619756183658087628e-12
-2.734827213237550238e-12
1.625430961142054204e-12
-2.232706338020800737e-06
-1.959046305829055043e-06
1.091744160893560424e-06
2.023285087351402126e-07
2.969891948051898264e-08
5.042855051519736929e-09
2.096711349810124730e-09
8.712711390231257968e-10
5.686318977843264351e-10
1.374012481270962834e-10
2.318827918001943559e-10
7.792656235646256548e-11
1.870170871091624917e-11
2.105147982024009234e-12
9.585836004394960430e-13
-7.354821471220912685e-13
-5.074805804853972878e-07
-5.057699818359967887e-07
3.398237014233868909e-07
-9.876155450020839307e-09
-1.317984655792860504e-08
-3.112832625104426074e-09
-9.859059233934060812e-10
-4.736469439758256538e-10
-1.571566495507950399e-10
-9.124706832439205608e-11
-5.078763599475789027e-11
7.279685974109751866e-12
-2.194006900324473395e-12
-1.431784099282535150e-13
-1.094266572652049228e-14
2.823439936313729598e-13
-5.925597059073569484e-08
1.022422811961479591e-07
8.272896931718644836e-08
-2.464561001729646164e-08
2.641864073651414227e-09
1.162044271255271651e-09
3.762832878344551580e-10
1.899227100885980252e-10
7.182350646939612233e-11
6.598516008217909888e-12
1.379810988351604452e-11
1.931852435496291611e-11
1.079145799924008739e-12
1.762822800140878951e-13
-4.469001836819475008e-14
-4.783962837496587644e-14
5.235903018037779688e-02
2.201537206972526556e-02
-1.475236510966977319e-02
-1.140074417759552030e-03
-6.403676493920054506e-05
-4.223030332877652735e-06
3.268095870712990349e-07
6.261172302864966734e-07
5.595818622396123495e-07
1.247033893084489317e-06
1.089121775482512511e-06
2.793174463786181975e-08
-1.177999508621344065e-08
-9.489015897422589492e-09
1.426833517566859694e-09
2.163680232319619949e-10
-2.156894674032052246e-10
-4.584167653680916790e-03
-1.513444205193644485e-03
1.081909646992733733e-03
2.763154516244035780e-04
2.986803995139044484e-05
2.401579139481158590e-06
6.579884251636063546e-07
1.410151249389340589e-07
6.223721928319756572e-07
-2.772116308456287409e-07
3.293776979165840525e-07
-2.213970360845265746e-08
-3.131672614919374673e-09
3.401623418787301647e-10
5.594454573113982798e-11
-3.144379007253382952e-10
-2.850381914983260951e-10
2.207264601452185054e-04
1.354738108736696105e-04
-7.523798641592770928e-06
-4.577522188379017835e-05
-1.372371311776160251e-05
-1.793987550848839079e-06
-5.011131523832892022e-07
-2.610229080910316942e-07
2.146782127046436513e-07
-2.339070190886807108e-08
-7.792987716742626696e-08
-5.749462649207135113e-09
1.460629479743544966e-09
1.286299510101436417e-09
-9.130708957630338805e-11
-1.491869680361201582e-11
1.285405432624053809e-11
-1.033254158207274508e-04
-9.283902556993779242e-05
5.413279992945630890e-05
7.529564824654156943e-06
4.695664056893080885e-06
8.459529036004673443e-07
2.168648998789165190e-07
-9.431657411213438721e-09
-4.666399420220770697e-08
-2.707151893344173722e-08
-2.417698176949077274e-08
-4.952949906113810517e-09
1.205009802099506090e-09
2.729855718948498623e-11
5.383386889937535310e-11
-3.226013719320168235e-11
-1.531780500027073815e-11
-4.811289127142096601e-06
1.704170101891617277e-05
1.109469758383693978e-05
-3.038896194350946706e-06
-1.231057982094271801e-06
-2.436541751640182874e-07
6.163017770435405577e-08
6.408992765396450571e-08
9.998477274330717363e-09
1.098613598084488119e-08
8.363873380593276424e-09
6.005290395282001435e-09
7.874774650809167022e-10
4.730155324912904746e-11
1.366408467860653771e-11
1.370507618684023321e-11
4.733048009707391173e-13
-9.816923759951423279e-06
1.016433415569760506e-05
1.578509626639058942e-05
-3.407310854425777373e-06
-1.318002401247997692e-07
2.231260461344406959e-08
-2.854328765296841647e-08
-1.884069079327234202e-08
-4.819572976722426870e-09
-3.676282676665864072e-09
-8.439468463050013628e-10
2.500992983471079810e-10
-1.766644137936261298e-10
-5.479279189683191593e-11
-1.450865942761061692e-11
-3.363151571702416178e-12
4.593912992419261954e-13
1.578120820432268980e-06
-4.440604272791223353e-06
-3.955885942881987176e-06
1.662451018643816985e-06
2.762085478875608597e-07
2.606939392533960425e-08
1.153240354778132696e-08
7.603636631590349955e-09
3.393413910057385671e-09
1.971024763618742910e-09
-2.942165164245082872e-11
3.801625988623943336e-10
1.321708173636570097e-11
2.010481294013881310e-11
4.169691293470089752e-12
1.551638167256582751e-12
1.760969236875780633e-13
-5.064250346980005718e-07
2.141384527536031498e-06
1.953171558837254957e-06
-1.085959814001128014e-06
-1.976885631294361045e-07
-2.950370543618714613e-08
-7.421167935836442481e-09
-3.234554279737526288e-09
-1.535297132137149220e-09
-7.409778385358894404e-10
-1.288908020969713570e-10
-1.983666483701355744e-10
-5.345887312852511113e-11
-1.013614452339182180e-11
-1.680083739053367625e-12
-7.877260012828032757e-13
-6.881599278286714585e-14
-1.166396966231278344e-07
4.909910814713665114e-07
5.040312194953022205e-07
-3.411339037358351053e-07
9.485476823080152289e-09
1.384445077148023145e-08
3.649764207874967585e-09
1.440620604218751529e-09
7.485076171783042058e-10
2.128160719819801053e-10
8.950409299036535431e-11
3.620992274439994770e-11
-1.755347244970263475e-11
-7.941923001937938030e-13
-1.229416409553963962e-13
3.448006850096906088e-14
-5.637475264327917483e-14
-2.450436259428664650e-09
5.473725310933296834e-08
-1.107157707400083985e-07
-8.695090917381975978e-08
2.505700296975122751e-08
-2.337244624898966415e-09
-1.429372121730995508e-09
-5.777838666949466308e-10
-2.449581692185282670e-10
-9.751876865022255169e-11
-2.962393720037494292e-12
-9.491631896515443007e-12
-6.829022909199228643e-12
-3.787809662357316494e-13
-4.221565279832760449e-14
-1.714632723361240392e-15
2.540459526854376153e-14
-1.568130357720848023e-01
-5.137244377214081163e-03
-1.617239410495845131e-04
-5.370229393503926219e-06
-5.403802548513549531e-08
1.419926693326023727e-06
9.224408685261976908e-07
3.610200183818671210e-08
-1.240334949007748918e-06
-9.099447484816315882e-07
-1.993252784889899457e-07
-9.236266509170291067e-09
-5.391195199397737525e-09
6.142139409196252491e-10
2.456790350969033981e-10
9.955872189336137675e-11
3.150854084606027200e-02
2.640940043839483300e-03
1.474107935550205773e-04
6.416415256451367296e-06
-2.495154374627552665e-07
-1.451422002133943403e-06
-2.862397064849373563e-06
1.450244338511873665e-06
-6.726986167215417246e-07
-6.988279428404720590e-07
-4.980015093504088552e-08
-6.479004598498009869e-09
1.541982851993264166e-10
-3.716472942597675468e-10
8.440254451174202844e-11
-1.147247087352747293e-10
-5.185687563195655499e-03
-1.061209996366312613e-03
-1.055741459448979744e-04
-4.258319177607623277e-06
5.618139635717111368e-07
1.881114941431226556e-06
2.040480944566042580e-06
1.705533088058191777e-06
1.766198447330306696e-07
-4.320811356959760723e-08
8.372258927334560802e-09
-7.706717400371134471e-09
1.394221027298754863e-09
2.782316114948212110e-10
-1.228254477762279082e-10
7.557398082456858363e-11
1.786379070998405988e-04
1.828368783466620818e-04
4.020126614783296976e-05
2.496120074095206812e-06
-1.295319953596535628e-06
-1.099313349672309149e-06
-1.069104413961454477e-06
-2.713352559346563212e-07
2.178649125576204214e-07
2.605901359754341551e-08
5.213676721234651851e-09
-6.592259625928188284e-10
-6.508802022203376306e-10
-2.433004094136701287e-10
-1.593336823350789496e-10
3.615383008239522175e-11
-2.075213423085975448e-04
-3.528713362842417895e-05
-1.227147070785489923e-05
-7.677291735613708980e-07
7.050008523271840983e-07
5.951273023326454717e-07
3.730529550153136089e-07
5.291387756814235688e-08
3.560229809696089294e-09
5.418786285729048407e-09
-3.379288408415191606e-10
1.256457019252747351e-09
6.853805535436931685e-12
1.130990269554983839e-10
-3.364342091134252690e-11
1.193695540582227213e-11
3.979678312917127596e-05
1.503846835698263284e-05
3.337681475377648439e-06
1.130611724332412301e-07
-4.801093048180245493e-07
-3.145287917640703117e-07
-1.097667925419718006e-07
-3.574169448639831872e-08
-2.086669566653176101e-08
-8.763326326254744314e-09
-1.480533019759644956e-09
-4.106519050891190752e-10
-4.605853375428624534e-11
-6.473595697071376072e-11
-6.542840148587069393e-13
-1.783393721286158844e-11
2.498745385603694371e-05
1.081340598074735980e-05
6.690507288833982614e-07
1.643080441312355712e-07
2.221933433568747370e-07
1.333717929793535470e-07
4.840179610542745800e-08
1.552258926529000186e-08
7.110597589526071055e-09
1.845101120391131105e-09
5.442286166124223661e-10
2.092538324792998442e-10
6.272666951167304947e-11
3.947620045301557539e-11
-5.117471452216252770e-12
1.011701877139204672e-11
-3.356005172072144181e-06
-5.766301521113706626e-06
-9.983931794532748316e-07
-1.753598804840655036e-07
-8.783799014168691901e-08
-4.831490827792993624e-08
-2.056184808443098714e-08
-7.240373969437496911e-09
-2.157348867687738122e-09
-4.366515695052454920e-10
-2.875804468736151356e-10
-8.837029812799719618e-11
-3.630067501179968167e-11
-9.518937148717676382e-12
-2.371163300544013477e-12
4.149285251382369929e-13
1.308168523896728247e-06
3.700463541143826370e-06
7.147116726518526299e-07
1.202809073298673698e-07
3.769829079809022313e-08
1.706489059046476728e-08
7.704164398048265850e-09
2.711389400961929468e-09
7.027212132488475421e-10
4.822392622296779487e-10
1.535706123031895961e-10
4.320462905663518900e-11
1.486086729330230962e-11
4.526315107247717795e-12
8.284301425195848102e-13
7.871941522289920186e-14
5.760609765044087336e-07
1.268275569487566980e-06
-3.530664688182250227e-08
-4.962065794270944590e-08
-1.550032481539019240e-08
-6.033316901755188183e-09
-2.725870101871673823e-09
-9.455534842697153466e-10
-2.949392504055870089e-10
-1.469132810228561252e-10
-4.746550734783755424e-11
-8.339733290727836795e-12
-3.470071726905917595e-12
-1.379135166248213600e-12
-3.217618284444658761e-13
9.750400530308012573e-14
-1.442683614109965469e-08
-2.996915603892956012e-07
-9.318919443372113333e-08
8.106994992340080346e-09
4.799980826994641882e-09
1.684123320407630134e-09
7.227908283667054303e-10
2.908249693936373168e-10
1.531664739167212069e-10
5.474231254666112613e-11
3.548045679134285234e-11
6.385714703072541127e-12
8.291878790023517732e-13
-5.510414278383891466e-14
3.717328544847152939e-15
-5.831364249873893664e-14
-1.105394929425047856e-01
-5.594823890649166381e-02
-4.035642877451927832e-03
-2.112601747183012486e-04
-7.042997541248359830e-06
1.219554744562573544e-06
1.973436109691998854e-06
5.117436153112655890e-07
-2.293497489351706966e-06
2.456797666568868208e-07
1.729990587778262508e-07
-4.979335070733726959e-08
-1.178322730918855884e-09
1.371063839072673833e-09
6.936930334351139566e-10
1.409640068956171737e-11
2.548378821092192488e-10
1.451470887482615452e-03
4.748946680811801449e-03
9.894104706284212458e-04
1.019949382005652780e-04
4.272850100556163561e-06
-3.165057013173842935e-07
1.078941178244139708e-06
8.700980652571777427e-07
-3.997603764599374759e-07
-3.508953256730144032e-07
-6.782773105692269911e-08
-2.882447308858777041e-08
-7.394927023328236244e-09
1.438973124643373082e-09
1.865794460058343572e-10
6.640527244571934965e-11
-5.360367601854624576e-11
1.133095889552683392e-04
-1.594703220804491873e-04
-1.819869605522430537e-04
-3.845513880248281683e-05
-1.706549735277968880e-06
3.331130586295429163e-07
-3.619903057367115071e-08
-5.961407422721969838e-07
1.723756363169500253e-07
-2.658504374631199874e-07
-4.712160812576959686e-09
6.381850828051754342e-09
4.993899594500350905e-09
7.019549807320801703e-10
2.488590305253369040e-10
3.798735449998366708e-11
-2.709685710316609242e-11
8.081800453497733113e-05
2.221471980338810004e-04
3.665643180074318796e-05
1.183698716423805008e-05
6.356443793190056798e-07
-4.130282034056678280e-07
5.114659497401313632e-08
3.567880188949452774e-08
-5.193328131280624934e-09
1.447654703357520778e-11
-1.326466603042056898e-08
-6.127481915090278875e-09
-1.699248694176191573e-09
-3.250520657010377157e-10
2.749970927030748814e-11
2.681617543843536713e-11
8.973288090021074581e-12
-9.385132253950842279e-07
-3.925622565514781816e-05
-1.471765282856745629e-05
-3.281734193950306707e-06
-1.060785617983557262e-07
1.307386047941203969e-07
5.512490699766869311e-08
3.448937042915480550e-08
1.304214358337718656e-08
2.296841479727812660e-08
1.296279910295421483e-08
3.551689024501157011e-09
8.486724166499934335e-10
1.153285604631146951e-10
9.312063022852421768e-12
-3.034775036986342329e-12
6.979718132118062239e-12
-2.195298651225028967e-06
-2.505098201847454951e-05
-1.091726589892367357e-05
-6.917172169511996450e-07
-1.006548886137793182e-07
-8.120717244910804789e-08
-6.035691611072833118e-08
-2.145598153080161801e-08
-1.046390407029895792e-08
-8.880718174126718289e-09
-3.700209892066963993e-09
-1.230474550104148651e-09
-4.165673682479701054e-10
-8.003829811144219440e-11
-1.355532601931487356e-11
-8.370263547205368230e-14
-2.451068995150258046e-12
8.945836271930574125e-09
3.308207737406323344e-06
5.778466175446333466e-06
9.971038169013887724e-07
1.391691339935338597e-07
5.242405640666624680e-08
2.971943997098580053e-08
1.370043535235643166e-08
5.997642514779712825e-09
2.801218827827869961e-09
1.046612944397034298e-09
5.300046161068440836e-10
1.612123290122130101e-10
3.537548282892034239e-11
2.973194490765840266e-12
-6.507271623492667027e-13
-2.402665622812053560e-13
-3.504995642089012098e-08
-1.301018072283180088e-06
-3.701065741653784653e-06
-7.094691268137039665e-07
-1.092905920397547747e-07
-2.788717793327165167e-08
-1.326377262051337526e-08
-6.001636973886809526e-09
-2.605332827176711522e-09
-9.830570284547210666e-10
-6.842625350931540761e-10
-2.393811057490018240e-10
-6.464998181952998001e-11
-1.359712226594978201e-11
-1.901785187172810250e-12
4.148994621158841341e-13
3.420986508387355488e-13
-5.899944256628852867e-08
-5.838276964644273320e-07
-1.269072965402100652e-06
3.292240696014648040e-08
4.579018714048716257e-08
1.334028300525035016e-08
5.297806473572264387e-09
2.438483914263468670e-09
1.018567501719569277e-09
4.094211970353171025e-10
2.162041686412273244e-10
7.158757076086330816e-11
1.328693163240406816e-11
2.652352163122935804e-12
2.767506955056259275e-13
-2.810200450336552890e-13
-1.589466621869509488e-13
-4.815597257718159200e-10
1.603535753631007978e-08
3.001482678064258812e-07
9.691293937273007820e-08
-6.954255922639485311e-09
-5.185050015298412605e-09
-1.977821396867404705e-09
-8.608367187715328404e-10
-4.170382768544592731e-10
-2.342651497810703796e-10
-9.258834194761028286e-11
-4.019759522778401000e-11
-6.848671005255006043e-12
-3.566593265448408571e-13
4.907536509390600122e-13
2.674809988274244873e-13
6.166678878584728134e-14
