1.299292934584607706e-01
1.030387768004337845e+00
4.177236715054021693e-02
1.184569495231388133e-03
2.728610702309068939e-05
3.391496775210054327e-06
3.599409363933008466e-06
4.224314446831964695e-06
-4.860688391342437452e-06
1.307001205409847235e-06
4.022075472596553407e-06
9.492035441854028010e-07
1.304755459536516317e-07
8.570718120234921209e-09
-2.431349589922613033e-09
3.520401621510104899e-10
-3.190934715599780365e-10
-5.111255288735137153e-02
1.393029171736525906e-01
-1.435534034065101203e-02
-1.130625521194768453e-03
-5.518519369989988431e-05
-3.495836815440529007e-06
-4.405775808174962003e-06
-6.960695866603500121e-06
-3.666490542519822596e-06
1.499619308330113047e-06
6.110848324074961957e-06
8.043517028983984076e-07
7.093724808448095669e-08
1.125903808190451445e-10
-1.774585060758714136e-10
-6.756255161613165502e-10
-4.811196137354792063e-10
1.495035754428511617e-02
-2.079132626422119500e-03
4.023578604802384266e-03
8.431589000859701600e-04
7.009033157220580972e-05
4.904241115041777096e-06
3.231197141509871225e-08
7.107643005250132613e-06
-3.264347640120400062e-06
-3.297188628758306563e-07
1.713390757380702570e-06
-5.178292260876123865e-08
-2.885749690609600960e-08
-7.622417957592376924e-09
3.686134044217517948e-10
-2.213358402484627017e-09
4.157132015737970296e-10
-1.561038277589887760e-03
-1.024714985752504283e-03
-5.429655517777408650e-04
-2.636853407119673677e-04
-5.525257392400777072e-05
-2.622184554969466631e-06
-1.878739126650393355e-06
3.503786872543567769e-06
6.437202200855814036e-07
3.286608268035378168e-07
-9.199241053801724838e-07
-1.633115959893009585e-07
9.489119534006542954e-09
-2.322436392740043992e-09
-9.193225516863357592e-10
1.030921013000029755e-09
-1.725501793942667674e-10
1.148193953808497911e-04
1.562788921707944465e-04
1.462459276367047078e-04
4.790549871251794056e-05
3.509035078897200516e-05
3.887295129293492304e-06
-4.789652443305381032e-07
-1.480479153407177715e-07
-6.103568620605580313e-08
3.230501869947873205e-07
-1.365433953658093471e-07
6.339859614581987282e-09
8.611607200148735490e-09
1.547701814635105465e-09
-1.735940197652006644e-09
2.370358311027785485e-11
5.068826115691058450e-10
3.258043693997044826e-05
-8.712005999648172007e-05
2.201036118736299610e-06
-1.507045149507744579e-05
-1.401471822177497138e-05
-1.009525865677853941e-06
-2.429152315719933745e-07
3.099991730184796261e-08
2.282897834214494172e-07
-1.057056961456323361e-07
1.295357361148079289e-07
7.778537028057849599e-08
1.145744849824038036e-08
5.185211037000881954e-10
-4.479480655943623598e-10
-1.578549271397086184e-10
6.070475864109970458e-11
1.316513891150396861e-04
-9.316485220526870583e-05
2.090056014754152185e-04
-4.899805162434743685e-05
-1.290040552768913501e-06
2.875881936016766782e-07
-1.860320704246281749e-07
-3.885558124556367388e-07
-1.847259180471976581e-07
-5.196823308288276685e-08
-4.333116463884587284e-08
-1.675975128832722523e-08
-6.512576683043804996e-09
-6.972941036096231936e-10
-5.316936439361957835e-11
8.529111293341199924e-11
-1.043309252535742338e-10
-3.308732430221320692e-05
9.916526610026147161e-05
-5.583636376334363740e-05
4.018254111333272618e-05
6.826912524392004229e-06
6.848311209150904679e-07
4.806814052802116294e-07
2.943612204275710369e-07
1.472547100172316786e-07
3.464606873697352920e-08
2.390320531515328042e-08
1.454368823426060264e-08
1.423815847061562957e-09
4.569702502331477853e-10
3.261190092596100121e-10
8.320037881263500923e-11
3.558164430350323661e-11
1.177045363718587424e-05
-6.497190899787505698e-05
8.885008313994685651e-06
-3.691435424350186816e-05
-7.555582524166258010e-06
-1.386414544211515778e-06
-3.835547117177874254e-07
-2.004473507310825481e-07
-9.180767251091761985e-08
-3.339262418460674712e-08
-6.462348520700758615e-09
-1.218914257251458318e-08
-3.354640194733489901e-09
-3.409122490898360681e-10
-1.987583876646511509e-10
-5.854742065099484273e-11
-1.953824503765351616e-11
8.884774213129693866e-06
-3.199029183394060940e-05
3.487858477515511844e-05
-2.178448232554993245e-05
1.193739466361321295e-06
1.114206894914349281e-06
3.245869677154946923e-07
1.183935966668756021e-07
4.522025674155350877e-08
2.131354789531576019e-08
1.989257957927047650e-08
4.449479159437951665e-09
6.080213125683383948e-10
5.754428669744457926e-11
4.205979656711834303e-11
1.051354213739115070e-11
-4.425213110833445194e-12
6.542955865142985052e-07
-5.837149247965419363e-06
1.160831914992406657e-05
-8.236593143241696885e-06
2.221871999223449861e-06
-4.907141817361624795e-07
-1.681542410411512814e-07
-5.723877637093491352e-08
-1.985310651948572994e-08
-9.311789704525516779e-09
-6.162476943122042695e-09
-4.449271031435110096e-09
-3.923850179462335730e-09
-2.507473129728795200e-10
-4.722957243759648979e-11
-5.801748097530460870e-12
6.790418527935335238e-12
2.658462883193171700e-02
-2.573042184173660735e-02
-1.767442320094060344e-03
-8.104108265812964796e-05
-5.347294754001479615e-06
-3.441008613705500066e-06
-1.877905646265072602e-06
6.196203269629481815e-06
2.986855056953171852e-06
3.093598200450506063e-06
1.163260175350318296e-07
-7.635068571174163090e-08
-9.964202748974837047e-09
-2.489369922812697508e-09
2.969226133745773687e-09
1.060248302986346808e-09
5.011260023953291193e-04
3.716604528027655542e-03
7.817037194388750309e-04
6.564602591983462578e-05
1.304960415069320836e-06
3.299259708180651234e-06
-1.681775472175534345e-06
-1.022572377564537742e-06
-6.264449063689013761e-07
1.268425857603333617e-06
-1.267705364747752300e-07
-3.364435072430315303e-08
-2.282533737318404623e-09
-8.886470070729380075e-10
1.173786056760508806e-09
-3.396200891422250780e-10
-8.837787550144087347e-04
-5.225883064919118652e-04
-2.676480634840390938e-04
-5.446149502417211793e-05
-2.108237414130394767e-06
3.404830604801324558e-06
-1.756466716198744849e-06
8.877362704056778034e-07
-3.149971260523734289e-07
-9.133160237293937306e-07
-2.030898104802379023e-07
2.028694298216425220e-08
5.589344502739472720e-09
1.635872779082932601e-09
-9.738470910135625668e-10
-1.073069805263755593e-09
1.603002475984555933e-04
1.516368128516135160e-04
4.706175463451709514e-05
3.395354518984204791e-05
1.629530918060466455e-06
-1.159835603855389112e-06
-2.191815534840204321e-06
-9.775590924521993535e-08
3.387799015617574172e-07
-9.537282599993448123e-08
2.093850222265345270e-08
1.114667334106498172e-08
7.562088284178112933e-10
1.131949551922946011e-09
-5.878756024519676328e-10
-8.545585442340738183e-11
-7.403707556693629006e-05
3.076349620446242037e-06
-1.651198379100569610e-05
-1.261277440923649879e-05
-1.071933604330125997e-06
2.643278852512331379e-06
1.526602032265557201e-06
2.302243236091574201e-07
-9.576776323316747255e-08
1.013604904359868828e-07
7.281789134018658885e-08
9.450618450605399951e-09
-2.297970555604063705e-10
3.987397541397054913e-10
-2.221194157191310072e-10
3.168083171972107086e-10
-1.198635762158230088e-04
2.083178252328000816e-04
-4.819824191892218619e-05
-3.056749512396542632e-06
-5.765737461465364520e-07
-1.475946248032185108e-06
-5.191026092104378951e-07
-2.106126368300961110e-07
-4.929053673892808975e-08
-3.147853736980293293e-08
-1.327742762379455610e-08
-5.841092169660485463e-09
-1.302963251670312595e-09
-5.570431621257269806e-10
2.182801449365980740e-10
-1.225418539501198152e-10
1.036138444710085819e-04
-5.628236074179203662e-05
4.015883528550310194e-05
7.898334395031558522e-06
1.380421197524351375e-06
7.034854608149849299e-07
3.448192523593319430e-07
1.564546638247676031e-07
2.122434226994246040e-08
1.703989452635120178e-08
1.262098569181087362e-08
1.832353481795261701e-09
4.999297381898702526e-10
3.110103541267211534e-10
2.151199432098932955e-11
4.182897308402367311e-12
-6.572236244773895506e-05
8.950162961241403631e-06
-3.699582981828419679e-05
-8.045713692644659000e-06
-1.634236253454443832e-06
-5.297542105729957801e-07
-2.453131800339575100e-07
-9.353622436627200499e-08
-2.911582306394216046e-08
-3.592833345354050467e-09
-1.123060465310456136e-08
-3.445051462694496280e-09
-3.498995880958642839e-10
-2.060437189575945098e-10
-5.097099314102808170e-11
-7.633536093402566949e-12
-3.304552118363677490e-05
3.477678776607340255e-05
-2.176806767324384887e-05
1.448710208230166348e-06
1.232314806710761405e-06
4.003511738109203609e-07
1.644629113382271940e-07
6.437499896852269603e-08
2.362852658320923015e-08
1.894273974446482353e-08
3.111153345683421446e-09
-5.741050588788662942e-10
-6.574147063469304028e-11
8.727637224807586734e-11
7.138829960992852048e-12
1.384313066788507643e-11
-6.544194296756092543e-06
1.198502731903901870e-05
-8.783054394585810713e-06
2.057481144715705140e-06
-5.573516329543734509e-07
-2.791460217389268473e-07
-1.049760545237781329e-07
-3.437394715206807675e-08
-1.531213042228295557e-08
-1.055841173827993834e-08
-4.286902890140115714e-09
-1.887717230362486300e-09
-4.148584815837906770e-10
-1.230971494936739223e-10
-2.206174122456272716e-11
2.410551746026304575e-12
-1.022925875980088328e+00
-4.161120652550393678e-02
-1.179624392502566900e-03
-2.438517521248313084e-05
3.181132916282969456e-06
5.191284477728576319e-06
6.770192079494243467e-06
4.829599100299894568e-06
-1.035730765468562949e-06
-3.979445437476672807e-06
-9.462623042698907408e-07
-1.222725091587061196e-07
-2.183275024498790917e-08
4.931454415009838782e-09
-4.594251101092065631e-09
3.348433183726999444e-09
-1.464876112252800622e-01
1.400980341356378167e-02
1.120117607424752975e-03
5.319224863144227940e-05
1.502128494383256370e-06
-2.004064432950878495e-06
-7.266388298353854061e-06
6.419932053689231826e-06
-4.658134834087579787e-07
-5.976535954826651701e-06
-7.799522096527323891e-07
-5.764614068378282202e-08
-5.147367713853354207e-10
4.710567765524689834e-09
-1.560402327740191936e-09
1.796412558766668984e-09
7.369526399524247394e-03
-3.612201481845826040e-03
-8.213897209298900645e-04
-7.010246177028367314e-05
-2.018485758466919324e-06
-7.486612687603884935e-07
-1.295638834588029733e-07
-2.773111502971678269e-06
6.699389731408690526e-07
-1.773295097689000878e-06
2.620513090878902804e-08
9.113099793073238181e-09
1.269820406565876588e-08
-2.828418438750425107e-09
-2.081187734146628076e-10
-7.882475167717279552e-10
-6.559361955787439309e-04
2.627663050635073308e-04
2.428435261166046473e-04
5.356178267538133099e-05
3.541008429318773267e-06
4.323748878184871354e-07
-2.563168629520333079e-06
1.361872132411820387e-06
-7.080816239317610007e-07
1.010403041551529425e-06
1.972010298767980484e-07
-9.473452355459444280e-09
1.763337040806475538e-09
1.734864569018767579e-09
-9.594152671761625567e-10
-7.498676946838171240e-10
1.753452769575901448e-04
3.514114731675678733e-06
-3.193408799816781717e-05
-3.623542963592564649e-05
-4.662637307543990776e-06
8.132970511159317118e-07
-1.656285315371043751e-06
1.832036096726760210e-07
7.134397703677559249e-08
6.212983968305284736e-08
-1.715458718153769387e-08
-9.159442845360326615e-09
-1.481401387074555679e-09
5.326048783676178176e-10
8.856001125104789897e-10
-2.201632404188583369e-10
-4.906138408127484464e-05
-6.484729480387191780e-05
6.176619439358173995e-06
1.413708371159523591e-05
1.881047512305233670e-06
7.445663862045240152e-07
8.064238458796093205e-07
2.195153022128495139e-08
-1.971025561546774927e-08
-5.292492986019528303e-08
-7.228258563031299280e-08
-9.276668054341449357e-09
-1.107788260799112369e-09
3.849314931295079314e-10
-1.711686662023180583e-11
4.294494138551962679e-11
-1.913777100656875708e-04
-2.158081897108428513e-04
5.181596883475569838e-05
1.590416817772499518e-06
-1.284329965538965892e-06
-3.762739024184349510e-07
3.632161447701931170e-08
-8.518369417153649884e-08
3.029700681613710386e-09
-9.050478665465848378e-09
1.301937689569650851e-08
5.132692130067125874e-09
9.118649471389546442e-10
1.312968206513840540e-10
-5.018674516802762599e-11
-2.935757207668072525e-12
1.096070875031608546e-04
8.822690725970654905e-05
-3.833722074182347703e-05
-6.441896486280380040e-06
1.573475857370110872e-07
-2.591632811973167779e-09
-6.853035733019316633e-08
7.476152145513602251e-09
-9.967428633647895947e-09
5.875895116947615157e-09
-1.130337247431601716e-08
-4.719616768272907852e-10
-4.241670177024633581e-10
-2.247024879341703805e-10
-1.281246750798117719e-10
1.327468440199015400e-11
-6.478060341716492183e-05
-4.635840817995608843e-05
3.213493132087638995e-05
6.718690403787042432e-06
7.735003179377079000e-07
5.959165090943666642e-08
3.933220822822552135e-08
2.396990194503844818e-08
2.474712122219189142e-08
-8.929491823608171123e-09
9.540466201831011711e-09
2.706385021641492717e-09
1.815296270840700784e-10
1.505253605401819039e-10
3.185473587183159420e-11
2.359677186729833428e-11
-3.797733603762600810e-05
-3.646087014647224383e-05
2.532892166401770436e-05
-3.101445199238510313e-07
-7.239802988312318363e-07
-1.359704533324400448e-07
-3.299244066297558281e-08
-1.964229667732545582e-08
-1.222646138367854656e-08
-6.855831979275139171e-09
-3.628839265896232395e-09
-2.593257879020131114e-10
3.739169573561395052e-11
-2.407605443238420126e-11
-1.090150757386908525e-11
-1.925669967574874420e-12
-7.124803629707699722e-06
1.012015209674010603e-05
7.502763513610441050e-06
-2.742799373209919300e-06
2.977982798468517191e-07
8.688280171550890443e-08
2.387724629194642076e-08
1.483319977106890019e-08
3.864467668316372873e-09
1.013423596217167103e-09
3.614862286998933866e-09
3.869684204332180940e-09
2.014026434540139551e-10
3.138119562124754717e-11
1.065238881779800189e-11
-3.391461884581617184e-12
8.901997855075875765e-02
3.773466524457601973e-02
-2.523338319729932430e-02
-1.749812643852484677e-03
-7.889478377800250889e-05
-4.690241652052442569e-07
6.376505259669118311e-06
2.617839183011179666e-06
1.922307120514429150e-06
3.315078769662995337e-06
3.126245611383175463e-06
1.434601917185032614e-07
-7.338358029990403456e-08
-1.088414832766447012e-09
-8.581563246393053389e-09
3.355452497847323253e-09
-1.074415843936017944e-09
-1.383823700654396478e-02
-4.403993820062718396e-03
3.325447275696832156e-03
7.603214549567368892e-04
6.500557726972870101e-05
3.706998666739908974e-06
-1.702725949025319532e-06
-3.480086860333227123e-06
3.752701774365535331e-06
-8.496778217932575842e-07
1.280209653668528601e-06
-1.093702386598255194e-07
-3.418824080554233392e-08
5.801970025448965907e-09
-4.600354608362221474e-09
2.126354883112482564e-09
-2.546701840303899779e-09
1.465180765624614009e-03
8.070547841132992214e-04
-2.421975328908997137e-04
-2.488317537498499466e-04
-5.765134539963035919e-05
-4.718371192225099966e-06
-1.638337069809728928e-06
-3.618987587679834961e-06
-7.268658622689386990e-07
1.073806012295840277e-07
-9.243270046122276887e-07
-2.109089631020695324e-07
1.593577533857329881e-08
2.395084425125827126e-09
2.803788572750659603e-09
-1.064687576032444058e-09
-6.071514982961359234e-11
-1.245252939162524248e-04
-1.697356333535444560e-04
6.928127611892956423e-07
3.135636552678225256e-05
3.549205455696893298e-05
5.229476051474438527e-06
2.937564637702689203e-06
-2.247073053554960450e-07
-1.518151878270118445e-07
-1.549070581585951377e-07
-6.285119907865930968e-08
2.123369425291940764e-08
1.556824762990071338e-08
9.302707197249289828e-10
1.945146340283121052e-09
-7.145559410321492163e-10
-1.754115822067335932e-10
-3.154960708115148849e-05
6.260554013040516572e-05
6.641832355054249151e-05
-6.429409813544941752e-06
-1.749019085269504741e-05
-4.222480138743087148e-06
8.620676674777134502e-07
4.777408585428543936e-07
5.557946434419011242e-13
1.003950025988579986e-07
4.963299264545121167e-08
6.929183902298521277e-08
7.903928703583036656e-09
-5.202033922246561709e-10
2.238769255716237654e-10
2.977535447841261297e-10
3.186894625150860264e-11
-1.305191065723850061e-04
1.627365313573898051e-04
2.137086789169997210e-04
-5.123356460910441295e-05
1.564220144789954580e-06
1.645846312628929851e-06
-5.111180380759109506e-07
-6.360436243797829849e-08
1.544217153066132907e-08
-3.898385847563606650e-08
7.768032549550910505e-09
-1.057239812979893489e-08
-5.040367014474977792e-09
-8.646578844160908049e-10
-5.800572973052227136e-10
-1.306923675478096078e-10
1.203788353406034126e-10
3.465535527676955762e-05
-1.038097022641969441e-04
-8.790132850587606351e-05
3.773009795549310205e-05
5.124095859911098395e-06
-4.805128303304145047e-08
4.742683330897080012e-08
8.562953739250799482e-08
3.355931345232784946e-08
1.529877261769897232e-08
-7.003856079281014775e-09
1.005702795548638473e-08
7.043690512386658741e-10
1.198686101854291887e-10
2.771177348265376532e-10
6.484694047122741645e-11
-8.931810817658062172e-12
-1.247740892679205515e-05
6.343248892875586516e-05
4.631199579827982409e-05
-3.186126138379259285e-05
-6.381027166334098647e-06
-7.991048840212985745e-07
-1.088518632000044836e-07
-7.692835177472869461e-08
-3.953589200028035081e-08
-2.670271403304725094e-08
8.312730888389070855e-09
-9.269250214277640794e-09
-2.476916501830168005e-09
-4.905417564396233723e-11
-1.636046524495197294e-10
-1.990621342764118104e-11
-2.672873496575421636e-11
-8.467921355864058651e-06
3.711123470897305263e-05
3.646281539586009604e-05
-2.528963562044222332e-05
2.705959820264336061e-07
7.397725446320656499e-07
1.548981064429721346e-07
6.943202383500665436e-08
3.890552103236340237e-08
1.632843553993653199e-08
8.062626586243189894e-09
2.948605487781229232e-09
-1.164685732168508612e-09
-2.502806545619529202e-10
3.988993614445935782e-11
1.396058981298921138e-11
-3.067197270666740992e-12
-4.108389498982232683e-07
6.641095519918941155e-06
-1.171742698335160928e-05
-8.338996880141882914e-06
2.878816109501511016e-06
-2.415065834485276519e-07
-1.335885979797976722e-07
-4.687355061006415338e-08
-2.238546704195732200e-08
-7.366320365262622945e-09
1.033534429584447552e-09
-3.382258146498556970e-09
-1.517388529141355232e-09
-2.576907563695068151e-10
-8.999530565790548999e-11
-2.633361556870077901e-11
4.124062974332736462e-12
-1.488171367893955654e-01
-4.150320977149563398e-03
-9.490454446056190629e-05
-1.444971893610202892e-06
-1.052289299816664414e-07
2.483360083356565885e-07
-2.329541070801880166e-06
-1.788102143289575070e-06
-2.089366482312120654e-06
-1.412342859495934774e-06
-1.497956163010973794e-07
-2.246209892625807727e-08
3.039424747994747208e-09
-5.111441051702018621e-09
5.021120421635834588e-10
5.737455866447100826e-10
5.334150943819644664e-02
4.069360115776143177e-03
1.826167530684113150e-04
7.402690086330023634e-06
-8.880163014359845428e-07
-9.131686984069586262e-07
-3.976071422873719380e-06
7.149427508680334265e-06
-3.808440558302842430e-06
-1.386470265681463849e-06
-8.060758357020795453e-08
-1.526622666298537190e-08
5.676953473583132872e-09
-3.002301201701210081e-09
1.985981009957524227e-09
-9.938554327738524009e-10
-1.560202236278612591e-02
-2.930312503648959798e-03
-2.525830764608630492e-04
-1.038232047298248647e-05
-3.980573951469399197e-07
5.676410984361816491e-06
3.686396796690401944e-06
2.126993877641936887e-06
1.429347502431977236e-06
-6.874250812798200397e-08
3.176034339147998323e-09
-1.906988106302600016e-10
-1.892364411224951780e-09
5.914406955559173920e-09
-1.104269983836749748e-09
5.899844821347680688e-11
1.446340436997955569e-03
9.527351789905833326e-04
1.732092964658839209e-04
1.175429790225152015e-05
-1.482292971229366144e-06
2.051388941730283826e-06
-3.903669124343888402e-06
-2.003294381190633021e-06
1.482125756712942769e-06
4.001068509459821276e-07
-1.775359788629792576e-08
-1.266460111237065214e-09
-7.817384288294178244e-09
4.493511618652313407e-09
-2.986710657877024375e-09
1.235175397592929699e-09
-8.169511580934258070e-05
-1.711040102907194420e-04
-1.006227624680100345e-04
-1.068606454128609054e-05
-8.555040549145669828e-07
1.238899354065913876e-06
1.120300523971785215e-06
7.119827848735556011e-07
-1.280314036819154642e-07
-2.304544535180162691e-07
8.044741785929309361e-09
3.188443195178228128e-09
5.405129999553629071e-10
-4.417611723737107522e-10
8.102319628929258178e-11
-9.574848196489223974e-11
1.001841654849897675e-04
5.682830840992702387e-05
4.770195230161590358e-05
7.971845847729953970e-06
-3.406029542621326083e-06
-2.416311454599393438e-06
-4.644154632476198435e-07
-1.140118991063933796e-07
-1.781049651156220333e-07
-2.724322459400240119e-08
-2.159047724914264800e-08
-6.659689848874695780e-10
1.038240339972844890e-09
-1.141656752125989173e-09
5.624929018467645548e-10
-2.807026494086772104e-10
3.791320949306896263e-04
1.669694313724954160e-04
1.505305043414906373e-06
-2.354330220500272895e-06
2.951401243386414082e-06
1.438288706468690396e-06
4.908841609904982675e-07
1.053556428896065096e-07
5.819826205293566836e-08
3.011079085733837691e-08
2.287236275747139995e-08
1.902375964154295005e-09
7.720777147250820163e-10
4.502293514294829783e-10
-1.096651464329010546e-10
8.191261795674345950e-11
-8.174177358284634247e-05
-1.297050547510537671e-04
-1.955053228163293854e-05
-1.593342683184439721e-06
-1.434576127222094479e-06
-7.783259634510861013e-07
-3.521306932121493442e-07
-1.275522823087069480e-07
-2.958611735220691908e-08
-2.442193129148225556e-09
-1.154119615727202045e-08
-1.042439610586486037e-09
-1.004248959022688216e-09
-1.862482938919533458e-10
-3.509662393364849864e-11
-2.064192548262867975e-11
2.531864299637852023e-05
1.054822281937921270e-04
2.307971294848438874e-05
3.382541621092386635e-06
9.324229132586848808e-07
4.611583677815920689e-07
2.280309173059399648e-07
7.590196971395632257e-08
1.891128827864518501e-08
1.290778410878319847e-08
9.207486775913086857e-09
4.826900487336910485e-10
6.934276737293214731e-10
1.337229346209116031e-10
3.792310467557958190e-11
-3.974163220083838170e-12
3.946536227207985011e-05
9.253522791930744479e-05
-3.694021093147189955e-07
-2.751601374380528867e-06
-7.051552574920076068e-07
-2.862833231727173008e-07
-1.301454521872902907e-07
-4.958087561784122615e-08
-3.154668211151514732e-09
-1.106129743783355485e-08
-6.655942284964792936e-09
-7.657835619377796993e-11
-1.673073275250169923e-10
-5.053910359222669970e-11
-3.322331053123513885e-11
3.177074327931162145e-12
-8.009737134125692881e-07
-3.183618012991324851e-05
-1.053520284002199711e-05
7.960308933580647805e-07
4.083903766535381240e-07
1.178516980450395527e-07
5.862554692205835375e-08
2.660849705979781826e-08
6.412337687507149832e-09
2.039775153223726195e-09
6.827012019762883596e-09
5.319566457677372807e-10
8.247205525867505946e-11
5.746745294892290214e-12
9.475734182781504148e-12
5.207004352928861578e-12
-1.928408010905773295e-01
-9.506453017994434540e-02
-6.263671719998370989e-03
-2.740475522846920736e-04
-1.143609459220121050e-05
-8.899480791780008684e-07
1.863237010844470891e-06
-1.608490440853603574e-06
-7.300005306321994669e-07
3.206424180142561955e-06
1.965104444855626958e-07
-1.386917555576903770e-07
-2.401690536507328021e-08
9.554083414020381342e-09
-5.372441234619607275e-09
9.170516716746875830e-11
2.338305319073455351e-09
4.549456421975388125e-03
1.429760005465711796e-02
2.729331653984416739e-03
2.385514518431246158e-04
1.105253454785881572e-05
1.791313793020749620e-06
5.108872482874462664e-06
8.181217409833248185e-07
5.603605279667645771e-08
-2.421167929402302771e-06
-3.633326758433268578e-09
-9.419786226197908150e-08
-1.124021292213272451e-08
2.022161476232016897e-09
1.736049355240781252e-09
-1.687958922875432608e-09
-2.118956613124790270e-11
3.919637222881299150e-04
-1.341714036761581554e-03
-9.522278799163981424e-04
-1.716433009129210961e-04
-1.134025128522772806e-05
-1.500723116339825471e-06
2.877305038997561953e-06
-2.832538631835620914e-06
1.950923510885432103e-06
-1.739052832436561205e-06
-3.432442488636457508e-07
2.365117571624930726e-08
1.367828430528362585e-08
-2.919520049102103180e-09
2.118708676897847224e-09
4.531248646545909269e-10
-3.409904881589941439e-10
-1.355951320578377132e-05
7.977846781025859681e-05
1.726681803028062216e-04
1.015598915519807009e-04
1.165335964911965584e-05
-8.047817913911981656e-07
-1.292991186748940709e-07
5.884817231542819057e-07
-8.128834614956579705e-07
1.750953531264394971e-07
1.763953894231254295e-07
-1.690379537650196401e-08
-3.698207761616109851e-10
-7.121945799264511639e-10
-9.173004334365215488e-11
4.149223042922290930e-10
1.833914945967419969e-10
9.231276327784840636e-06
-9.388592609196275965e-05
-5.434914254994990969e-05
-4.614509178136066861e-05
-6.276906675924050012e-06
-6.473501335892535997e-07
-1.300183941982910944e-07
2.683346905145273985e-07
7.394372500768964826e-09
2.139163910883817571e-07
5.387009286794769438e-08
3.246700042977961605e-08
6.807148141581600296e-11
5.430100203827155373e-10
1.180033386822884325e-10
-2.757038790656895711e-11
-1.506499432170827119e-10
-3.695115653805201720e-05
-3.829917063981934182e-04
-1.688165880677709025e-04
-3.128639392531993184e-06
2.394839008811080181e-06
3.705279603322522021e-07
-4.368827212297130612e-07
-2.716986523411130965e-07
-5.538520742349851961e-08
-8.972296765031110849e-08
-4.602570377603512799e-08
-2.813532193055933592e-08
-2.072548872962061369e-09
-5.147328952265035713e-10
-6.395720145300440054e-11
-1.739564918244824623e-10
1.254554072834382743e-11
1.063010387826210457e-06
8.130666020825305445e-05
1.304959866470971699e-04
2.009151398925798979e-05
8.256910718654828051e-07
3.486944838908009832e-07
4.959288510197476555e-07
2.275460082464517211e-07
1.134963541783983071e-07
4.561561466536496596e-08
1.041025943297827510e-08
1.337167869720322365e-08
1.653859977727623010e-09
5.637806123793922897e-10
1.258497065431930247e-10
3.634900990498476119e-11
4.655290640017794818e-11
1.499409490188281349e-06
-2.503755403064270076e-05
-1.058249418337678990e-04
-2.306194890640806105e-05
-2.922535557030361148e-06
-5.719847288290752819e-07
-3.914769469257419964e-07
-1.829797396251485581e-07
-8.184418849198263171e-08
-2.844057572674784309e-08
-1.761481371413612731e-08
-1.012252652154180510e-08
-7.404451329473809873e-10
-5.179815892881446544e-10
-1.282874087374804040e-10
-1.469314474687203030e-11
-2.991234081912592776e-12
-3.255807468829911244e-06
-3.952136136483888699e-05
-9.230742969302915986e-05
2.882139928279526169e-07
2.446899682780114100e-06
6.099723660872962827e-07
2.745585473718292145e-07
1.369468562254126949e-07
6.177881170824298852e-08
1.197843945588140313e-08
1.740524616737964789e-08
5.383787711828830584e-09
-4.190652626403710722e-10
2.438185599763203396e-10
5.377847886748265593e-11
2.760367537968625275e-11
-8.459674794007771552e-12
-2.054530471534062879e-07
9.667100912311716675e-07
3.177589855752323500e-05
1.123765650016357579e-05
-6.803210757597847173e-07
-5.216124720270557583e-07
-1.775825372666898561e-07
-8.677782941093586349e-08
-4.671521642243311298e-08
-2.065852220994507980e-08
-7.429777666309766261e-09
-7.056275095412918352e-09
-4.818537523060425479e-10
-2.778208209694433849e-10
-4.525710570477566946e-11
-1.344118225601203510e-12
-1.094387682453155183e-11
