1.324699380409475880e-01
1.028946529669516829e+00
4.250115312424746633e-02
1.267978551398765740e-03
3.377779505734958547e-05
3.837463369325753305e-06
3.534406736735844912e-06
3.947962296067418489e-06
-3.895412033002706199e-06
1.494046769415544564e-06
3.531720246079321633e-06
8.409224463090053161e-07
1.244061133767726382e-07
5.941069581052511466e-09
-1.100988312182340952e-09
-2.489180661022170476e-10
-5.673672757830562510e-10
-4.541494061773019425e-02
1.223363327468894590e-01
-1.275141050304845133e-02
-1.046525191044735776e-03
-5.425686878317525331e-05
-3.581018640744685067e-06
-3.374225662049132510e-06
-5.759453380894695020e-06
-2.264191772238414016e-06
1.501493078139492167e-06
4.830688217806847273e-06
6.991472834716029588e-07
5.979325275002149525e-08
-3.207988067323604693e-09
2.243513042014198905e-11
2.251449638810694775e-10
-6.211129559209922718e-10
1.168429598062417987e-02
-1.573527864758096206e-03
3.161667972808603153e-03
6.790022491088100248e-04
5.972715288059318717e-05
2.434142885001450697e-06
1.743114854277289710e-07
5.486385402617251423e-06
-1.542161654993094307e-06
-3.376935608170124038e-07
1.367983353521952010e-06
-2.994126479618627463e-09
-1.300205745711291667e-08
-3.074334016592439176e-09
1.214208673291689310e-09
-1.128498023943004596e-09
5.447924186005841773e-10
-1.038173476874315951e-03
-7.050647982594032779e-04
-3.617002982604826736e-04
-1.823381308008200600e-04
-4.009735795752493497e-05
-2.434341928852189027e-06
-5.703212906584263528e-07
2.029174524779820781e-06
2.779631524078462394e-07
7.845593452162271150e-08
-4.957371169159526677e-07
-8.254765502785240036e-08
6.948238141512501790e-09
8.306641172823342390e-10
-1.908232010419706268e-10
4.979740326525988079e-10
5.010672196064114048e-11
2.071747092105289192e-04
-3.017656664867902246e-05
1.840614559067665608e-04
3.609111196451521172e-05
2.133532317416510037e-05
1.536928198834628428e-06
-6.052526518995607737e-07
-1.477239330167606131e-07
-1.320709531890413228e-07
1.528203679776324798e-07
-1.123062404307783223e-07
-1.535103418215064735e-08
5.892743837753134064e-09
4.717093906357671823e-10
-9.049535194789280451e-10
1.254329247227263464e-10
2.743977429255439735e-10
2.566235994586081248e-05
-8.611232892895967690e-05
1.579988969689840128e-05
-1.410302632471996498e-05
-7.908493554480504724e-06
-1.052051761454220819e-07
5.948661549175417736e-08
5.934661730611814618e-08
1.248353440760565140e-07
-8.341947649758695079e-09
9.110389684566665630e-08
5.256753736549157272e-08
6.761183104171040629e-09
7.227300355125388878e-10
-1.895716193255424443e-10
-3.537339698095400422e-11
5.462047474472678713e-11
8.761633680169649994e-05
-5.485193825170872845e-05
1.369970041045512289e-04
-3.203856742129359311e-05
-1.653566122322349682e-06
-1.394235153573119078e-07
-2.319927955248162961e-07
-2.569262924553130393e-07
-1.080848855680003737e-07
-3.619355791693622135e-08
-2.467331773335297348e-08
-4.865598020886696361e-09
-3.029539160093673495e-09
-7.265150932589228023e-10
1.852100344353967450e-11
3.378126303814753815e-11
-6.220093145785585911e-11
-1.997406374328828532e-05
5.636381769760632392e-05
-3.344878888819138049e-05
2.384173971072471820e-05
4.294314193010209117e-06
5.293732864973560845e-07
3.052230835451516650e-07
1.719214017821043978e-07
9.049625695377238053e-08
2.382067831452711835e-08
1.136931609299163676e-08
7.354416781716317106e-09
8.205700021724409765e-10
4.401121108319163080e-10
1.551678019497991098e-10
2.824273091778883297e-11
4.908319911184617007e-12
7.375423234606378964e-06
-3.542843969346459439e-05
8.310055867656163770e-06
-2.077135612504891940e-05
-4.164686688507848882e-06
-7.546160798656636827e-07
-2.143756634099866660e-07
-1.048516421309947734e-07
-4.673852866851551352e-08
-1.812229721124284088e-08
-6.427149458903954000e-09
-5.955206154945428091e-09
-1.843139948847379332e-09
-2.732003105106293281e-10
-9.238536526109071674e-11
-2.475034718146772787e-11
-2.502593092519333075e-12
3.896355739433357447e-06
-1.377678040679833388e-05
1.575494192529341397e-05
-9.423880479365128495e-06
6.398316299065143131e-07
5.279207266179640750e-07
1.515979365395647368e-07
5.598645452699569125e-08
2.134630357933186887e-08
9.663369111614074493e-09
8.680438073661485354e-09
1.968629521806095500e-09
1.643724323602769957e-10
8.307928758954384387e-11
1.348995598707260219e-11
4.989222195061174040e-12
6.841720067030502635e-13
2.496292694943714558e-07
-2.299271999539675945e-06
4.669996237564957400e-06
-3.647748986134621340e-06
9.017951875678207118e-07
-2.042410945568721025e-07
-7.076619900441304870e-08
-2.401005508025287667e-08
-8.187765504549445350e-09
-3.379909039106685914e-09
-2.237223761161535757e-09
-1.403735814517997125e-09
-1.400329250707029559e-09
-1.134053753250510632e-10
-1.613795323608535653e-11
-3.045566451907186563e-13
2.585119907963305055e-13
2.323921225338606428e-02
-2.288285618575591415e-02
-1.627944184845098738e-03
-7.809046708386227595e-05
-3.651594276880530450e-06
-1.852303002144876642e-06
-1.072073488455865129e-06
4.838407108141472366e-06
2.420892757523172298e-06
2.232902704645368278e-06
6.339387476032531908e-08
-7.304371147365289574e-08
-1.093855724027202002e-08
-1.110846294854538669e-10
9.534911151545147393e-10
3.700534399647704291e-10
4.583715324558677601e-04
2.921393431967318679e-03
6.334882255539721774e-04
5.749744635701680660e-05
1.420835465847353996e-06
2.082416126163412572e-06
-1.408289058040451584e-06
-3.973056500422084973e-07
-5.102010745666410940e-07
1.003241511983026315e-06
-8.583333722366293079e-08
-1.937412195435113576e-08
-2.864553439614952717e-10
-1.658377492531473563e-09
2.040821036738280352e-10
6.894438780735851105e-11
-6.009357081871258364e-04
-3.481420063588575205e-04
-1.852965364733194043e-04
-3.986120257316325751e-05
7.100024922381849421e-08
2.331525469487389106e-06
6.609134042974346863e-07
7.454649329815994338e-07
-3.773338867815889244e-07
-5.267599401000728472e-07
-1.079704121608861715e-07
9.851830517112937547e-09
3.363497501078123476e-09
4.353554898589529914e-11
-3.532120252982552599e-10
-5.654506458060719201e-10
3.664086261847084345e-05
1.928117989383723357e-04
3.646635009869979277e-05
2.209424528079625594e-05
-3.614875496012467294e-08
-1.276516177814913353e-06
-1.342044233898519919e-06
-1.809567165106078710e-07
1.386301249775556069e-07
-8.672794093907439430e-08
-3.118499844914174187e-09
8.580002487461724194e-09
-8.849923217894164064e-10
6.318007299742876593e-12
-1.261010035101363976e-10
-1.595791047850568595e-10
-7.402176273791318179e-05
1.791022280296467945e-05
-1.558910333119207560e-05
-7.129591905892605927e-06
3.314128115974345264e-07
1.731908197407021645e-06
8.772624015057159749e-07
1.616679750275035874e-07
-7.339848083397585398e-09
7.232638963145980989e-08
4.643992027794343114e-08
5.611757478261219213e-09
2.844135571278513182e-10
1.982804973013770348e-10
-1.168443458232895563e-10
1.417834357568221801e-10
-7.293177040623144143e-05
1.358941594979535649e-04
-3.151640323906683335e-05
-2.450837310928544970e-06
-8.180137814196707934e-07
-8.845532836978390129e-07
-3.578789173852807327e-07
-1.324916942952826416e-07
-3.548036218214583957e-08
-1.753462574699262954e-08
-2.288003209977477101e-09
-2.788112697703765473e-09
-8.967238048184459264e-10
-2.059687660876496983e-10
7.651362227261136793e-11
-4.642117119741527756e-11
5.950828826677219456e-05
-3.346471006432398591e-05
2.391201219681374340e-05
4.729686705643662197e-06
9.330340849663065972e-07
4.335327642735209801e-07
2.208014924645522331e-07
9.568538684998192900e-08
1.683083885322966653e-08
7.102310989370797331e-09
6.080621178725697994e-09
7.398035295331835966e-10
4.570504381637022957e-10
1.682907407907755750e-10
1.280859931489277762e-11
-4.783639616204902967e-12
-3.625409101153052172e-05
8.266687531298589874e-06
-2.085583132526708504e-05
-4.357808388478191133e-06
-8.909202473891474590e-07
-2.904464019645174008e-07
-1.279662859409131532e-07
-4.784570896060539128e-08
-1.549226832524159028e-08
-4.649708862696357285e-09
-5.345022708171593036e-09
-1.792829495703147801e-09
-2.833814341130124093e-10
-9.871652522630621118e-11
-2.921585637140495048e-11
-2.256119586527281490e-13
-1.425540361108439201e-05
1.573039609040202745e-05
-9.388852747599256136e-06
7.333538480537823782e-07
5.854384969790237922e-07
1.822029527067726209e-07
7.250870158541703259e-08
2.775440593875072196e-08
1.004249194015663211e-08
7.973812402499646063e-09
1.366328755037421560e-09
-1.791612937560203534e-10
3.378247006891229035e-11
2.321366412016433548e-11
5.312140283746556278e-12
5.947896347073001252e-12
-2.583555445603873268e-06
4.779383094888962997e-06
-3.851667600925730039e-06
8.444225721327472678e-07
-2.303544484414174129e-07
-1.080219616079083500e-07
-4.025991647770785245e-08
-1.292879580496696705e-08
-5.480922359792350678e-09
-3.323718983359457760e-09
-1.227856880556438706e-09
-6.574030542673292043e-10
-1.550728989381163052e-10
-3.424608172160637886e-11
-5.053171498478332624e-12
1.600039704355380519e-12
-1.020962080768488045e+00
-4.230204379877895021e-02
-1.261262706267184900e-03
-3.009902762906460183e-05
2.952680660766585416e-06
4.922673668605242401e-06
5.798407861416404648e-06
3.741385970377125762e-06
-1.167129620455056269e-06
-3.518351328468371635e-06
-8.353218755630038645e-07
-1.213519754078440635e-07
-1.403050308096407483e-08
2.360149586535217102e-09
-2.875409248055299071e-09
2.265317482514904651e-09
-1.289564014911089851e-01
1.241617992555703667e-02
1.034380032912042341e-03
5.269886942549064290e-05
2.281684372638439819e-06
-1.365492719289796702e-06
-6.511300552811175623e-06
4.583428919707470297e-06
-6.648398144164340902e-07
-4.678107176189467644e-06
-6.787928517654625869e-07
-4.933687293099983872e-08
1.986904699078217308e-09
2.877364038743121687e-09
-1.068478049994936222e-09
1.060599346346556272e-09
5.822273266318355595e-03
-2.814287911420142001e-03
-6.618575034117823823e-04
-6.103682575922140738e-05
-1.718787208255989170e-06
-9.806625103967990898e-07
-6.473249168047452717e-08
-2.081402119265550176e-06
5.693214929249588445e-07
-1.414248229718388425e-06
-1.954959566885687644e-08
-1.661359286857963625e-09
5.238373278424081664e-09
-2.770686021636585658e-09
-2.492803253075827595e-10
-9.718550088375888248e-10
-4.609287387277763133e-04
1.570305446954682333e-04
1.686148238672008695e-04
4.071883031746096493e-05
2.360246882596921794e-06
1.380708372601038271e-08
-1.410116719495310814e-06
7.884567175342198250e-07
-2.818948137092526959e-07
5.731825254415038558e-07
1.061062355822028448e-07
-7.022295799063785343e-09
-8.638760501201688714e-10
2.052912176998253724e-10
-4.034350226193470767e-10
-5.973982539824407780e-10
2.924102795803943723e-04
-8.845415803485803092e-05
-2.814288239190180095e-05
-2.332676055943978520e-05
-1.612979557073150734e-06
6.385130775894264147e-07
-7.787607633961441092e-07
1.731459073722687975e-07
2.695053357751834382e-08
5.626655788618074999e-08
9.416718807970317566e-09
-6.295377153233270912e-09
-6.455983086659631672e-10
5.364681299571137384e-10
2.680963147527665288e-10
-9.117011537059267166e-11
-5.575895088615209582e-05
-5.398880355584280199e-05
1.094392955994033333e-05
8.887378675765448920e-06
5.541627799909709529e-07
2.553740410024396509e-07
3.343871632352316349e-07
3.357400072467459779e-08
-2.401501109136791920e-08
-4.168323901920100294e-08
-4.886769993812185586e-08
-5.193508070069008445e-09
-9.365477404502647033e-10
8.288601945815298812e-11
-5.931289092337025451e-11
4.097494766265329122e-11
-1.193432396683613550e-04
-1.423209175673847634e-04
3.246329238396153540e-05
1.136928353465259433e-06
-4.567982648843365595e-07
-7.208684770523723945e-08
6.638325465133657384e-08
-4.045048853877343620e-08
4.697883081303092964e-10
-2.748016578330126092e-09
2.584756231353744386e-09
1.972019051280524068e-09
7.807686986759861559e-10
2.286404986231299622e-11
-4.195918578842202229e-11
5.675266751126574406e-12
6.379840336336072611e-05
5.235757468733415209e-05
-2.231800273095720650e-05
-3.737732463003112356e-06
-4.886222149498058915e-08
-4.445035136651929611e-08
-4.766012141887048481e-08
-8.752193002469205133e-09
-1.208415598892137746e-08
3.223676891336646713e-09
-6.017405727123128705e-09
-1.098555124551682973e-10
-4.048548649962935203e-10
-1.190695491777248214e-10
-3.167906553990899681e-11
1.550712117536222083e-12
-3.678342551630672997e-05
-2.861583416748875882e-05
1.816017450493654829e-05
3.619513596489729050e-06
4.411850741127313702e-07
4.777352223607519748e-08
2.624806487199221076e-08
1.225123847752253640e-08
1.277915470077555577e-08
-1.596070671241324858e-09
5.017822363571733744e-09
1.393774345178573256e-09
2.304968049916876519e-10
7.375597194454755692e-11
2.181113171230636417e-11
5.089765466851007419e-12
-1.659884328942659291e-05
-1.611581599150592941e-05
1.109602160004077844e-05
-2.041423746203405759e-07
-3.479752901031865965e-07
-6.534872329597193269e-08
-1.801366394235404827e-08
-1.023064045420618641e-08
-4.959023994133792402e-09
-2.676347546976119480e-09
-1.760060891523235990e-09
7.248145053041333589e-11
-5.155361980904895007e-11
-7.826866355223963095e-12
-6.514793877702605217e-12
-1.005192614611092327e-12
-2.811769070865105824e-06
4.346820783074454345e-06
3.348203078905544209e-06
-1.115988006520843626e-06
1.255563415917774334e-07
3.726248567217688415e-08
9.845365449298600148e-09
6.079956189029069405e-09
2.000077675125863045e-09
2.058242475121687503e-10
1.171357301012717166e-09
1.330034626100766085e-09
9.142597067036611727e-11
8.718651380308914035e-12
6.264880279966921519e-13
-5.634204865819620135e-13
7.916744427510485904e-02
3.346329151137210356e-02
-2.240202877569295523e-02
-1.611410163121101882e-03
-7.880904822209632997e-05
-1.887201515500794890e-06
4.993323579495641535e-06
1.889829241271421731e-06
1.314064423725699772e-06
2.557343698158711921e-06
2.291116955493398131e-06
8.307978176328124091e-08
-6.224016956309349858e-08
-8.038083012662886698e-09
-3.814738862708499405e-09
6.866583516392666017e-10
-6.998399104485074062e-10
-1.081071711531437010e-02
-3.491182032553452348e-03
2.590297165411820611e-03
6.146129432081573604e-04
5.785715856830522688e-05
3.840777706064141519e-06
2.134930137491982253e-08
-1.670487925506281825e-06
2.515175565246329734e-06
-7.614282998024710534e-07
1.016014001668610921e-06
-7.983579705440880980e-08
-1.953367302963033058e-08
4.334252222758818532e-09
-2.542111982370509956e-09
4.241476382289743182e-10
-1.241380000254040513e-09
9.828692361579485955e-04
5.756152430623643138e-04
-1.426463585804632172e-04
-1.709403622251375661e-04
-4.166175030253038507e-05
-4.375392514097418338e-06
-1.208093195625457502e-06
-1.436371128935417241e-06
-1.015287406318038658e-07
-8.348645990793803871e-08
-5.420890702443050744e-07
-1.056541756188624682e-07
6.447819763853072990e-09
2.546808073990489780e-09
2.815250203470747522e-10
-3.446864013101182941e-10
3.228132500740574770e-11
-2.302542440246379207e-04
-2.273711796423543254e-04
9.385436579966789964e-05
2.742569504378017893e-05
2.398696388989077609e-05
4.080400178052003105e-06
1.342545320128474495e-06
-4.727719971328293863e-08
-1.974419339183079612e-07
-1.094596673948127623e-07
-6.909895483855735768e-08
-6.530627112982895973e-09
1.099353289335520425e-08
-4.875582140410275225e-10
4.669359154563967408e-10
-3.047191565483554631e-10
-5.767947078829720344e-11
-2.660258941555446044e-05
6.947124370978165718e-05
5.700263735636349480e-05
-1.093495478653753432e-05
-1.058818087092747055e-05
-2.126012131825923739e-06
6.083926226198577503e-07
3.059649922160410715e-07
1.895625099004333458e-08
6.834811374802331627e-08
4.321894575166695405e-08
4.472118856537184833e-08
4.278483329246468283e-09
-4.896711785059827962e-11
1.119023318100297762e-10
1.654648656396624127e-10
2.725920288370191505e-12
-8.662016457432074508e-05
9.938729747443408532e-05
1.406574943065050213e-04
-3.207209436144486015e-05
2.172082329534016140e-07
6.462084260662313280e-07
-3.201281087853644630e-07
-1.025599984850865103e-07
-5.671416349017776293e-09
-2.343204674689505696e-08
1.073519798936922541e-09
-1.197803082306795186e-09
-1.783534321171130122e-09
-6.333403183903536622e-10
-1.660324317546898206e-10
-5.329838207686028731e-11
3.003992225419074819e-11
2.070774703833027055e-05
-5.983346126604628158e-05
-5.212434927649486335e-05
2.199100491917112922e-05
3.238443097133406145e-06
8.037776287184525914e-08
7.664665524517748888e-08
7.663206817247721895e-08
2.943325247405146231e-08
1.636502484020871945e-08
-3.817797555505266481e-09
5.359888612653396466e-09
-9.483764570849063441e-11
2.590582756913369292e-10
1.210290203845452267e-10
1.648985462522502736e-11
-1.933324592163667223e-12
-7.663239738181871214e-06
3.567587177296124661e-05
2.857716793018371984e-05
-1.800843185440262860e-05
-3.500065082690499063e-06
-4.469753794750092631e-07
-8.600748406735443794e-08
-4.518368837007647275e-08
-2.039769735805103531e-08
-1.434062063720533061e-08
1.517010349456440620e-09
-4.740759674588564473e-09
-1.216979193373287185e-09
-1.746397411092609201e-10
-7.283976035590740366e-11
-1.810499325223221417e-11
-7.645587274366283101e-12
-3.692988990176856799e-06
1.619025480175669907e-05
1.609629250128243144e-05
-1.110708498077682585e-05
2.011701705424167669e-07
3.613072145202337687e-07
7.752661765904801721e-08
3.133515938757668377e-08
1.787614452645585861e-08
6.475536489378540067e-09
3.009092899220390225e-09
1.416585566321739037e-09
-5.135726832625247873e-10
-2.187172316949822287e-11
4.386072289728207494e-12
8.599929799680688468e-12
2.917536308700546187e-13
-1.530112044138794274e-07
2.609327216147001925e-06
-4.929065787100403515e-06
-3.645994596190850283e-06
1.151278529450518435e-06
-1.086826101896064815e-07
-5.339137877894492460e-08
-1.799850934597834994e-08
-8.306546139748435964e-09
-2.925988135596380895e-09
5.354687630891082417e-10
-1.046706384048882423e-09
-4.355611022321237555e-10
-1.081420091350307377e-10
-1.970634876234245201e-11
-4.527724070597963639e-12
1.535834085551614505e-12
-1.514342478604642217e-01
-4.460706915985457668e-03
-1.141631894862830395e-04
-2.153864760604950402e-06
6.790657729652915787e-07
1.126189297920201499e-06
-2.068089067905360895e-06
-1.385993775460227643e-06
-1.771552715255531000e-06
-1.221474363681761721e-06
-1.532634574749269836e-07
-1.610393455280148996e-08
-2.189188786328791602e-10
-1.804944381044452468e-09
3.990702507622007936e-10
2.831578903926747258e-10
4.750603025843742888e-02
3.736692156165887305e-03
1.798177843432891595e-04
7.683110290839338527e-06
-1.092190439666548059e-06
-7.521707010042614160e-07
-3.703133878701783346e-06
4.688041232822343961e-06
-2.568013100697160526e-06
-1.143232878532784741e-06
-8.788288631450803526e-08
-1.260438139102182370e-08
4.731019518588745086e-09
-1.746756846178910818e-09
8.260487518164290380e-10
-5.670015556702053129e-10
-1.221254336276397616e-02
-2.363031824772940295e-03
-2.159340956191583801e-04
-1.041135573453576582e-05
-1.383814793503223304e-06
3.264380469863646459e-06
3.066115202996928604e-06
2.794915388480372331e-06
6.211907037575001104e-07
-1.003216005299459068e-07
-4.057378289089612810e-09
-8.972279413570884541e-09
8.882015276541148370e-10
1.844921304965928220e-09
-7.092372591195983992e-10
-1.619153936569435577e-11
9.378585360352505477e-04
6.653667613944657310e-04
1.286441903098509642e-04
9.430030072639893746e-06
-4.338932712579489385e-07
-1.352760623236473369e-06
-2.672401526258585029e-06
-1.296014264348625876e-06
1.067141836272801838e-06
1.917483444163467447e-07
2.987100379864505118e-09
1.775843284452448614e-09
-4.509463523400697720e-09
1.223498642076286311e-09
-1.187339849505449712e-09
5.779092376237650254e-10
-3.829601671656703639e-04
-1.353657705407710840e-04
-6.624949074868026803e-05
-6.107774728541202394e-06
4.511440090344650155e-07
1.602803665505584000e-06
1.000176818594417386e-06
3.057212277571510697e-07
-8.787058127118639457e-08
-6.716474345432866064e-08
-4.606939646054744706e-10
3.547442548085858454e-09
-9.903117300008493273e-11
2.984328248703758280e-10
-2.174311498144110150e-10
5.862859505745105917e-11
1.414900801951654249e-04
6.261108245207302905e-05
2.931869746090219668e-05
3.480535516987214832e-06
-2.402824013672918407e-06
-1.490409897524155383e-06
-3.662475583799632271e-07
-9.811981947878203793e-08
-1.037024807997034248e-07
-4.167902894222782485e-08
-9.048329417655875838e-09
-1.877363941908817277e-09
5.726623270271028916e-11
-5.821460587693902982e-10
2.356472113031499921e-10
-1.800354120971701414e-10
2.395540881358003112e-04
1.034469203330253912e-04
2.415458109240831770e-06
-3.822003727421210286e-07
1.757885979964015819e-06
9.138269436519952990e-07
3.015470299431276898e-07
8.182878068567082201e-08
4.542654829640461017e-08
1.792449901119715598e-08
7.836266437106644363e-09
1.371493159576810884e-09
5.651232107842254731e-10
2.091192949201239351e-10
1.134618388288691495e-11
1.691362868007274139e-11
-4.695049755380733463e-05
-7.558367381270844024e-05
-1.180044759097633228e-05
-1.298737677493271687e-06
-8.549566849802011006e-07
-4.887019894169164895e-07
-2.089906936828990782e-07
-7.015517866354514217e-08
-1.929505209663999909e-08
-2.622854562739554713e-09
-4.022665613205402435e-09
-8.200849519390110840e-10
-4.889727009735203921e-10
-7.767997085478837846e-11
-3.173711515691830156e-11
5.673619443731387319e-12
1.698791207469865647e-05
6.023621698288359616e-05
1.255422499301929408e-05
1.872943794469597541e-06
5.288006085734406756e-07
2.546753204952230191e-07
1.185312564876285496e-07
4.004662961223553874e-08
7.890001778431522372e-09
7.883170661050539878e-09
3.685149958018699841e-09
5.403023553441055131e-10
3.409332396381946528e-10
5.940910065990839684e-11
1.344634230248917665e-11
-2.796172686170759253e-12
1.782760538008109052e-05
4.079385969198150326e-05
-4.995786913481062358e-07
-1.303463818574409814e-06
-3.421481894690654834e-07
-1.351405298582364843e-07
-6.005143028927642661e-08
-2.271611009685522483e-08
-3.541790726301676488e-09
-5.121310619688463350e-09
-2.293709192029200852e-09
-1.686542263823371000e-10
-9.600575143352253773e-11
-3.095102341451463178e-11
-9.288693028680362628e-12
-1.666197211127022875e-12
-4.722632509653715550e-07
-1.341525983921280328e-05
-4.313946250157358560e-06
3.352616409783772302e-07
1.660717282585782467e-07
5.072316783177296772e-08
2.357982061968576942e-08
1.024965574251506539e-08
3.934165722878383631e-09
1.508737329980326750e-09
2.251703331696038034e-09
2.656256341233367568e-10
3.448435900860431589e-11
5.814249248129276277e-12
1.136080663512290467e-12
2.952931392957555941e-12
-1.700163717216487125e-01
-8.455148778766942430e-02
-5.739463584595858037e-03
-2.680643196865412775e-04
-1.158783850928220859e-05
3.192101897810823350e-07
2.946854515658853957e-06
2.551501479895978126e-07
-1.310618469080160628e-06
1.830623200185734822e-06
2.747543711409866445e-07
-1.186955051348749461e-07
-1.481095696415462010e-08
4.469532204364094328e-09
-2.742178915675476889e-09
5.210296309846171901e-10
1.107701514394445101e-09
3.519528693214723104e-03
1.118719823564949360e-02
2.199836112949228248e-03
2.029978713968726633e-04
8.857216961196916200e-06
1.775407137002001676e-06
4.135558310172705378e-06
1.001300053401532084e-06
-7.131459964326714018e-07
-1.304967896429361222e-06
-5.258769214409978796e-08
-6.339660596182819088e-08
-5.384081799654443683e-09
2.403966553873482142e-09
3.928180172666323447e-10
-5.862383192884163231e-10
1.514555624395264349e-11
2.651993150080103785e-04
-8.784242007103803271e-04
-6.664238576155262017e-04
-1.271685446672390582e-04
-7.998660874595600023e-06
1.356866181549809367e-07
1.281177360563507032e-06
-1.880282179460980174e-06
1.171495359157493416e-06
-1.219705072583854436e-06
-1.663479395687642198e-07
1.081871526958636489e-08
8.388338873976442223e-09
-1.648774285636895204e-09
1.171121007812962312e-09
8.633993013714726372e-11
-2.169504627417268643e-10
1.239242962539566163e-04
4.035134898037801465e-04
1.377740672520280424e-04
6.462772546247872168e-05
5.186062004833608337e-06
-1.171647459532081143e-06
2.550583114137961517e-08
3.200453000042756183e-07
-3.278234385629783414e-07
1.044945193794608996e-07
3.822325538090343994e-08
-1.240530954282982092e-08
-2.053329548509016296e-09
-7.338301735470009976e-10
1.046169697402103370e-10
1.799260299048684798e-10
1.003576288452963369e-10
2.944698506645839995e-06
-1.384038227517734991e-04
-6.043126601434448152e-05
-2.817393971975041224e-05
-2.211503218903198799e-06
1.357898305163366393e-07
3.130647012376326633e-08
1.142053279169992891e-07
2.151643249072649416e-08
1.194154279326433627e-07
6.108562561145906699e-08
1.694864972953469315e-08
1.746798394987930185e-09
6.229445130755824755e-10
-1.354570691954605924e-11
-6.546021846615750737e-13
-1.455813000676181284e-11
-2.209079604585267615e-05
-2.408341775830596856e-04
-1.046977827068679509e-04
-3.123066382840008534e-06
5.822976493108951463e-07
-2.028005846345141712e-07
-3.611440710423972951e-07
-1.301427844066715162e-07
-5.201553694802316192e-08
-6.129019679892000464e-08
-2.943392281621011877e-08
-1.095334008747592446e-08
-1.913371848045325220e-09
-4.192670198637497584e-10
-5.459156437303036480e-11
-6.981249466665117783e-11
-2.509454908384400247e-11
3.605665757944338114e-07
4.648595781998582068e-05
7.594374997941162359e-05
1.197983579992419765e-05
8.452679979145709453e-07
3.677925287621299100e-07
3.108177943233745392e-07
1.397520229257134870e-07
6.018963608091078552e-08
2.700004440271527776e-08
7.498928971332219909e-09
5.350155382806585102e-09
1.169367915227293498e-09
3.196890541484940611e-10
3.851593534788473207e-11
1.267467113197561814e-11
1.820682408269036004e-11
4.379829729982654815e-07
-1.679529147270071598e-05
-6.035331931413293830e-05
-1.251315721165685860e-05
-1.639870337216484294e-06
-3.543455510126291036e-07
-2.079979781808014395e-07
-9.420708351647648780e-08
-4.065237907767202530e-08
-1.222231445235754284e-08
-1.015659494225003927e-08
-4.360398106636630705e-09
-6.889898803304175014e-10
-2.699834938234148224e-10
-4.661428805368749339e-11
-9.720685843670894873e-13
2.634605434812485758e-12
-1.605762123468811427e-06
-1.793223820814902414e-05
-4.074091414726360304e-05
4.469470863135144549e-07
1.168160041330217584e-06
2.927442721825459214e-07
1.253739311599771368e-07
5.847738920505810997e-08
2.681264320772443295e-08
6.686189782343218937e-09
7.066024763219987968e-09
2.046722079765894137e-09
8.685508530369986351e-11
1.054823639194129902e-10
2.008069802881702324e-11
6.242943075014850690e-12
-2.202955340140580104e-12
-6.065120718739945001e-08
5.486436690276925143e-07
1.340702131894315103e-05
4.571438143096443970e-06
-2.852050951226201876e-07
-1.999638329326194616e-07
-7.012917666302817710e-08
-3.261298328352822532e-08
-1.746948529230924191e-08
-8.599904872078930730e-09
-3.366676151778662703e-09
-2.208611361886261874e-09
-2.787782495824800207e-10
-7.679223115996654824e-11
-4.876417470207508687e-12
-2.548751630204286340e-13
-3.103634585936469907e-12
