1.324696410297198645e-01
1.028954161309225013e+00
4.249864935766118484e-02
1.267256719625716030e-03
3.400536437024418590e-05
3.494124794052749483e-06
4.317152504003717217e-06
4.521228702674019847e-06
-3.574796759435490824e-06
1.815875319691273745e-06
3.599602528327438880e-06
8.358129731783469719e-07
1.259420659497041149e-07
7.625849801582140111e-09
-4.532463880557819272e-10
-7.526093539193220001e-10
-6.148429546793478295e-10
-4.541420840123379377e-02
1.223347451693705540e-01
-1.275141498593549381e-02
-1.046527488181233289e-03
-5.370412761622410619e-05
-4.474282518217037782e-06
-1.938754654131599711e-06
-5.671151371549395635e-06
-2.123480664983189503e-06
1.849497529653581919e-06
4.856331083503835295e-06
7.111704997562080314e-07
5.509235962555079856e-08
-2.343365669571681215e-09
-8.738864205033039836e-11
4.330411915217472288e-10
-7.164384145049923022e-10
1.168589463000710253e-02
-1.576735603627494892e-03
3.161828844157842360e-03
6.796193596566011720e-04
6.051111247099606207e-05
3.423277328811476867e-06
2.387168397907694498e-07
5.708093562099750596e-06
-1.406439169541016344e-06
-4.412152995734936856e-07
1.351830891439550865e-06
2.389856640846966959e-09
-9.927712438322664608e-09
-5.416240003766369950e-09
6.476100287991619794e-10
-7.755868589828966288e-10
6.329050976497005290e-10
-1.040710234174552825e-03
-7.095703600029166624e-04
-3.630766991038420280e-04
-1.829519629643762521e-04
-3.927283557678959625e-05
-2.987924127089946613e-06
-7.826860133633798002e-07
1.975824904333788495e-06
2.544961924472559083e-07
-4.170974084112359950e-08
-4.666218609298261325e-07
-8.045152837159101779e-08
7.320288790815530545e-09
1.017834417094290111e-09
-2.706812943638558392e-10
4.943919833083536479e-10
1.565635948059202811e-10
1.907192080880471745e-04
-1.526605954627914801e-05
1.728277432510398875e-04
3.571811109793911578e-05
2.166442613310064306e-05
1.528224560106645028e-06
-5.732701321458455738e-07
-7.711569722774988782e-08
-1.649313541855573869e-07
1.444567141175047011e-07
-1.059810404876457623e-07
-1.959945184240026318e-08
5.267095746058627513e-09
2.414349538263777011e-10
-7.706861344324528751e-10
9.144408422371478535e-11
2.733635706459870671e-10
2.292746097125170543e-05
-8.023515201393862089e-05
1.298590896838491715e-05
-1.334685523899939014e-05
-7.934670570797231005e-06
-8.771842177945493843e-09
3.983869532777098838e-08
1.313751293730667958e-08
1.110051142050572238e-07
1.330553257506098932e-08
9.465979478239028697e-08
5.220620904824519826e-08
6.792460077817454462e-09
8.388640998575579480e-10
-2.087370243870866985e-10
-2.121573263224957892e-11
4.914613839111984124e-11
8.587463824022999236e-05
-5.373792786226690914e-05
1.335727990448461731e-04
-3.106570705766137033e-05
-1.724543670195888209e-06
-2.165970003638824066e-07
-2.283742352981821825e-07
-2.437650696211668190e-07
-1.002820211885043313e-07
-3.859239644066336483e-08
-2.638216219853252172e-08
-6.062798471418580216e-09
-3.142632089232204274e-09
-7.977375276761871704e-10
3.977133507563400610e-11
2.975173200900176599e-11
-6.308370213799387075e-11
-1.994075546265655234e-05
5.513436668974581247e-05
-3.324147895662556308e-05
2.336570400252134928e-05
4.256342037384760626e-06
5.638558445927360077e-07
3.077772623031357156e-07
1.665586690023964611e-07
9.049460964872533073e-08
2.620760608316065148e-08
1.139060985659633006e-08
7.442525531218845343e-09
1.046178716056779237e-09
5.153795548260552036e-10
1.410930410946016143e-10
3.145626900248911434e-11
2.735338332903880165e-12
7.411347797172005436e-06
-3.525987128233121779e-05
8.428348721616275201e-06
-2.071766170492443722e-05
-4.132004780334416625e-06
-7.613142809382337725e-07
-2.258558273302361915e-07
-1.044361435815904493e-07
-4.663680721955658196e-08
-1.883215687261973099e-08
-7.251619534912423828e-09
-5.645130349351454452e-09
-1.865594217151845663e-09
-3.230405566421112947e-10
-8.830852699053536008e-11
-2.726251033846128415e-11
-2.923588054438065164e-13
3.931321400650084734e-06
-1.396465201536349275e-05
1.583781409150503808e-05
-9.560590642098701502e-06
6.210248056976257037e-07
5.279967317348026335e-07
1.549384069480954106e-07
5.702334688798003359e-08
2.241089838790367006e-08
9.697577939190841018e-09
8.875850436136683562e-09
1.983128743878788577e-09
1.221114804585969774e-10
8.979273958023724548e-11
1.268233674130501829e-11
4.857544752995793961e-12
7.240724168571524122e-13
2.528452152326205501e-07
-2.301227216773943460e-06
4.723011645381450412e-06
-3.677018303269069881e-06
9.108718727579556447e-07
-2.038013798096457713e-07
-7.110443157009242922e-08
-2.505798584592599130e-08
-9.008830829367990975e-09
-3.332337334734645744e-09
-2.270076657028148191e-09
-1.561909349353266601e-09
-1.405656970622392023e-09
-1.173571108267895578e-10
-1.434807838993566428e-11
-3.255693165782812312e-14
-5.999592543721303476e-13
2.323894030567714639e-02
-2.288350123017102861e-02
-1.629046018223737936e-03
-8.044978038388479345e-05
-4.050294580505141893e-06
1.533659319552301032e-08
-9.233170124610527378e-07
4.878087809264167627e-06
2.880059986695749129e-06
2.235865122458088927e-06
2.273539789691087833e-08
-6.577948250919581274e-08
-1.358945490276202013e-08
1.923439915233297877e-09
7.200753317527167629e-10
6.860711316793479299e-10
4.577043743005035359e-04
2.922099739594801685e-03
6.327483976994668175e-04
5.606759942142067248e-05
1.316264135144646149e-06
1.544221174715140299e-06
-1.247388659872059549e-06
6.809585130302309071e-08
-6.046544054124337846e-07
9.803872758872916501e-07
-8.384057288055007938e-08
-1.719911153360724466e-08
-2.940713132064097135e-10
-1.112663790629250654e-09
-2.230952561623567993e-10
3.749350759462531908e-10
-6.038913872058502370e-04
-3.498183430464173399e-04
-1.858822481282858014e-04
-4.003533627567694002e-05
-9.087440149900959374e-07
2.221358406628120798e-06
7.903674288294229106e-07
8.538174035381033101e-07
-5.240619775626021626e-07
-5.077196664051288729e-07
-9.522405149838233359e-08
7.846639041192432934e-09
4.645045058152848326e-09
-2.795622435140884058e-10
-2.804829175096979862e-10
-5.711494619916599511e-10
4.362190617078918402e-05
1.810180176348624769e-04
3.522719817687234629e-05
2.204210968583299055e-05
-2.792881641199783708e-08
-1.168928937754317337e-06
-1.143972739038172257e-06
-2.190168776066454325e-07
1.399488740296663736e-07
-8.003713877338375172e-08
-8.379781569454065709e-09
9.098128230379964244e-09
-1.312902042004803606e-09
-6.855952378463616383e-11
6.416944919453158179e-12
-2.360952848584819888e-10
-6.901243453535840225e-05
1.524943410858289135e-05
-1.496265022903479664e-05
-6.999167146432401726e-06
4.602300909013641763e-07
1.627044850479862912e-06
8.377387148425454491e-07
1.479412392868331305e-07
1.576056420076643051e-08
7.678470937807613276e-08
4.507620499133954002e-08
5.926362568784443064e-09
3.043498980249835109e-10
1.833299213938111526e-10
-1.268921265128039388e-10
1.509568409375526913e-10
-7.143230905330009886e-05
1.323355967626557836e-04
-3.050856890714802110e-05
-2.482160318604534166e-06
-8.972823512532928184e-07
-8.535617550305718956e-07
-3.571314013633131526e-07
-1.249918625843106844e-07
-3.821215159879289235e-08
-1.969490092089468006e-08
-3.310198823578076157e-09
-3.006862087566257725e-09
-9.441462606935712761e-10
-1.569065516372369479e-10
5.309514805665539028e-11
-3.434545669046643391e-11
5.829664680900486032e-05
-3.326231109752264211e-05
2.343780332610051812e-05
4.659985366543221630e-06
9.597911052419095709e-07
4.383127995209040347e-07
2.166641585876096299e-07
9.574680840067682116e-08
1.920395080325110301e-08
7.117951149181799020e-09
6.127119534640941089e-09
9.285971422468322929e-10
5.363526725355700874e-10
1.516234373113572989e-10
2.267735281334791597e-11
-8.151680887433549653e-12
-3.608927986798304963e-05
8.399941570915455904e-06
-2.081060509492632573e-05
-4.318849553485654517e-06
-8.941594565186170378e-07
-2.996997075852078233e-07
-1.267382739556572108e-07
-4.782293386283911075e-08
-1.621661813593558248e-08
-5.396624548407010329e-09
-5.044760988984809428e-09
-1.800873177754955207e-09
-3.377241382288079242e-10
-9.515894160309836710e-11
-3.288398815523598588e-11
1.715371965599602581e-12
-1.445426840284775566e-05
1.580242587474041960e-05
-9.527281320533359952e-06
7.141988769954896874e-07
5.839444286187172761e-07
1.858836844804636540e-07
7.384730608719225907e-08
2.893890485140965692e-08
1.018166400021660077e-08
8.165522915810958777e-09
1.325505939342675978e-09
-2.141627119974898707e-10
3.981936140042666775e-11
2.325110295546646411e-11
6.317699202568074676e-12
5.782187881354300095e-12
-2.577768467605802812e-06
4.835882583180700684e-06
-3.878694380276524247e-06
8.534894346247198987e-07
-2.305303673420386488e-07
-1.079139006817163794e-07
-4.152583435229770265e-08
-1.422206326930585721e-08
-5.674782450584265457e-09
-3.155458029141501391e-09
-1.349486407634478301e-09
-6.744847093554900491e-10
-1.570965848136859086e-10
-3.387064849214207298e-11
-6.243715632338103668e-12
1.543071527077071803e-12
-1.020971126833643661e+00
-4.230061156645135989e-02
-1.260478732892442687e-03
-3.009025271172372084e-05
2.588608689590759475e-06
4.319479513634805888e-06
5.887046209178590905e-06
3.294339027005832842e-06
-1.432463658324768246e-06
-3.591859329921337250e-06
-8.339451472460175941e-07
-1.233326927266321416e-07
-1.388298562786598240e-08
1.094398775487033695e-09
-2.314088239510277061e-09
2.170365611159659562e-09
-1.289538629132641889e-01
1.241702906191188317e-02
1.034207325717516422e-03
5.190066719104509543e-05
2.753961901130324898e-06
-2.408047207587462135e-06
-6.740944370599791580e-06
4.362118706427993901e-06
-9.995473034427903751e-07
-4.678363353762029285e-06
-6.997297280322491903e-07
-4.278075041625892075e-08
9.897906881694126232e-10
2.991865712732051466e-09
-1.083717133703275910e-09
8.604050798038446980e-10
5.827388330040528946e-03
-2.814427223119577923e-03
-6.630936790603349966e-04
-6.190233235140372677e-05
-1.576417648523113911e-06
-1.359026569192654211e-06
-6.088435623506536887e-07
-2.021590798478666069e-06
6.442102798388179212e-07
-1.405627444616591242e-06
-1.901615467363204735e-08
-4.821039941456760466e-09
6.222541993519840732e-09
-2.111381446420044458e-09
-5.295623383280581478e-10
-1.245690916459876286e-09
-4.576084161199518914e-04
1.588319020266081493e-04
1.674794047934232007e-04
3.935367000531618910e-05
2.745247273135174020e-06
5.173155439966210384e-07
-1.344967047133478880e-06
7.532821069624700341e-07
-1.360974629944251366e-07
5.373737201623280360e-07
1.055304650407353748e-07
-7.141074431755265801e-09
-1.000678421910408464e-09
2.215508891721389119e-10
-3.890178695709522111e-10
-6.739848882430949011e-10
2.699432075823814331e-04
-7.806538788186890936e-05
-2.693050586261323343e-05
-2.316338996789042617e-05
-1.675618125245464530e-06
5.073619034903744578e-07
-7.353794778455186310e-07
1.937842195158107291e-07
1.497527894119027717e-08
5.252181846154225784e-08
1.262293156768687888e-08
-5.930781223430845455e-09
-4.018681156902746294e-10
4.886800390219326318e-10
2.726074801345883816e-10
-4.602797615219712553e-11
-5.349348732375194696e-05
-5.049268977530960758e-05
1.018224876559418204e-05
8.741032566440251739e-06
4.736594679362062927e-07
3.212777022059488127e-07
3.362768158602568039e-07
4.329123032608058711e-08
-3.558161562775762419e-08
-4.619754983743657978e-08
-4.789787750897427651e-08
-5.189080388792886558e-09
-9.538145415367512351e-10
7.475076257441352766e-11
-6.333553231934758059e-11
5.021754586981641601e-11
-1.163496224236127118e-04
-1.389178628603177676e-04
3.134591685780257608e-05
1.207644441062037377e-06
-3.722323827775644965e-07
-9.362705345136051347e-08
5.608091335751511029e-08
-4.683196130163910270e-08
-6.250680235439836158e-11
-1.873750154352462063e-10
3.496014225771570821e-09
2.008052582591871006e-09
8.100535092125446658e-10
1.907086439558438700e-11
-6.558063133950266342e-11
4.492807113589068970e-12
6.250832650230202041e-05
5.178025489773354468e-05
-2.176192054630217028e-05
-3.677146153654328230e-06
-9.118938084427823616e-08
-3.855037230374310046e-08
-4.029724138027867845e-08
-8.569181051267178969e-09
-1.151408991195414813e-08
3.056075400179824349e-09
-6.027106160910354182e-09
-2.507786172633530672e-10
-4.826023601457719050e-10
-1.140918050793662271e-10
-2.117838147775832596e-11
-1.369238760020897318e-12
-3.658855936082780084e-05
-2.853419898643585079e-05
1.808436043877997322e-05
3.567427417115478718e-06
4.526626172337100438e-07
5.382056485046946180e-08
2.482847753931604412e-08
1.272637422469343019e-08
1.184955148608204218e-08
-9.761092917539155077e-10
4.685496599017818720e-09
1.363329114167167028e-09
2.886662346985173541e-10
6.642449346929774504e-11
2.505598719022720250e-11
3.792749736137286402e-12
-1.683632812497828495e-05
-1.632416206161025742e-05
1.123114852993591052e-05
-1.755565085959800351e-07
-3.473314877620010251e-07
-6.710793790491437879e-08
-1.949025307462760528e-08
-1.024244003011044761e-08
-4.817560260406968703e-09
-2.941813298558224622e-09
-1.700162249466422331e-09
1.223875505000960771e-10
-5.740533549218640433e-11
-5.313347466689515032e-12
-6.461851165544565715e-12
-5.194712721459998319e-13
-2.799664811218631485e-06
4.387986679784060094e-06
3.383267590142790094e-06
-1.127478928387491750e-06
1.225908901685488763e-07
3.730165983368634763e-08
1.171217882365829693e-08
6.123983768102504154e-09
1.829188941418143879e-09
3.918335898007408212e-10
1.294055024579470106e-09
1.326873504053596181e-09
9.744615435355364064e-11
6.708214858104850262e-12
-3.121121985299825959e-13
-1.237933558514670056e-13
7.916604049583587932e-02
3.346269275824964584e-02
-2.240179186675091139e-02
-1.611409569461000118e-03
-7.900708081301724569e-05
-1.840477908917276022e-06
4.825520341451256585e-06
2.741509412467862646e-06
1.500797406444268575e-06
2.826549600798295830e-06
2.351298901870409761e-06
3.277613370668539257e-08
-5.275221422929468769e-08
-1.167074264653349841e-08
-1.264904405319909335e-09
1.759353596179706138e-10
-4.450488880737418672e-10
-1.081072449010822556e-02
-3.490906291184513784e-03
2.590342248104112594e-03
6.141601891826408951e-04
5.725830622027635594e-05
2.657214443273388916e-06
-3.760824025972664310e-07
-1.009735070703497283e-06
2.855876498686316204e-06
-8.585054621670313291e-07
1.001295880372474622e-06
-8.002193359720813192e-08
-1.663740462732521202e-08
3.626554607319717385e-09
-1.479380630855365580e-09
-1.569144210275660689e-10
-9.804684309180506033e-10
9.847909379875723068e-04
5.743128085603771806e-04
-1.435547337220620585e-04
-1.718419197610939169e-04
-4.282941532334774774e-05
-4.677827814330314703e-06
-1.242607894207751789e-06
-1.627543802514777658e-06
6.652042115540134431e-08
-2.153396503864717215e-07
-5.316572458892349306e-07
-9.098687438484536865e-08
4.215226834803350833e-09
3.872697190040078317e-09
-8.218636140557273113e-11
-2.035563370998615778e-10
3.562625823970713385e-11
-2.114848871158196155e-04
-2.130384425128990474e-04
8.158034925170584500e-05
2.628015293612854649e-05
2.409911366974307970e-05
3.771367112254735557e-06
1.607948949402287811e-06
1.010303701782104159e-07
-2.461563490164938684e-07
-8.697831473829081832e-08
-6.380783131362826266e-08
-1.154275790542809164e-08
1.135291468750314895e-08
-6.314833436165700864e-10
2.286482721033124976e-10
-2.192639793875675696e-10
-5.059576969625722990e-11
-2.369621319288105468e-05
6.687727906171350603e-05
5.340704425006182474e-05
-1.052795843389744340e-05
-1.017713721044501292e-05
-1.894879835616485900e-06
4.071042641342064365e-07
3.098538191614474129e-07
1.467371006001202436e-08
7.764351863312147544e-08
4.987233981049903687e-08
4.272919795927154760e-08
4.453157222694881208e-09
-5.949093197680000193e-11
1.245131984253177267e-10
1.470721911816451860e-10
-4.581442191446071741e-13
-8.494656139304957007e-05
9.651241667656873708e-05
1.374210141959977957e-04
-3.085730914547408496e-05
8.828619822908431228e-10
5.569850980913042944e-07
-2.637631804426957036e-07
-1.059799726946915482e-07
6.867752890010439474e-10
-2.289811078746693974e-08
-2.193513419321650419e-09
-1.956449321633789317e-09
-1.888203767139098861e-09
-6.975271546106660541e-10
-1.132587198310098470e-10
-4.606678611346646646e-11
2.186735639684745330e-11
2.071434169496805095e-05
-5.850444204560666285e-05
-5.164483266168754043e-05
2.142776519390553276e-05
3.213254737586369816e-06
1.100243015663915424e-07
7.348214364807560016e-08
7.049716478246371690e-08
2.864475827363083215e-08
1.609030003108905408e-08
-3.653074905262394421e-09
5.372000881100334521e-09
3.200543535748993741e-11
3.424842541174733758e-10
1.039035552109186242e-10
1.706806682398464244e-11
-1.843741244081955182e-12
-7.721607576388602050e-06
3.550217106206030260e-05
2.851843681427902654e-05
-1.795017012296244577e-05
-3.454893091995133037e-06
-4.515008485563875066e-07
-9.129720288681442375e-08
-4.265381246886141526e-08
-2.065559268166030137e-08
-1.369176069207818650e-08
9.735517999829747293e-10
-4.433852002181416065e-09
-1.183437970979351709e-09
-2.269207751810412385e-10
-6.643901838108811235e-11
-2.090573176441129434e-11
-5.712371891335814318e-12
-3.723492978541878053e-06
1.639774388458789940e-05
1.630162634520714368e-05
-1.123327279012693579e-05
1.732035447875378896e-07
3.583741733179390005e-07
7.991638563421487969e-08
3.279737427420853266e-08
1.799252238919457043e-08
6.407271825698695584e-09
3.306089261224134370e-09
1.284644696766076464e-09
-5.549784415983948668e-10
-2.124021942165528127e-11
2.613822589631132442e-12
8.652735628764693285e-12
6.874224281797808250e-13
-1.550131195273304675e-07
2.607994536803797777e-06
-4.977982496175601423e-06
-3.686274255708050157e-06
1.162070763401774188e-06
-1.044383730501527430e-07
-5.234920372701714969e-08
-2.033827926273739729e-08
-8.383149089605636087e-09
-2.652251677704545113e-09
4.105426627458450385e-10
-1.102273300381320726e-09
-4.374310826643325827e-10
-1.126049849197582004e-10
-1.829340954147714561e-11
-4.247125379437126511e-12
7.018614242910291867e-13
-1.514313230686212264e-01
-4.459801361959244911e-03
-1.139041794207720077e-04
-2.978405874626463941e-06
-5.221310255550704742e-07
-1.205477780290020911e-08
-1.379316403326630907e-06
-1.924786214221881071e-06
-1.946860774014508992e-06
-1.139034071017060779e-06
-1.810455946873913788e-07
-1.004150457378812780e-08
-2.600679133948550594e-09
-1.231942473510757002e-09
1.737362739321095586e-10
2.795513469103378243e-10
4.750543718207916183e-02
3.737010120663185418e-03
1.810009511821245010e-04
8.097125053501192022e-06
-1.534311368621292968e-06
-4.945982463511768806e-07
-4.176945774261941558e-06
4.443739704655360764e-06
-2.533593682895706776e-06
-1.151469730437527669e-06
-9.436125808626980595e-08
-1.110954698799732583e-08
4.109699082171893828e-09
-1.241858273091096439e-09
5.182266503990446924e-10
-6.423045844075913382e-10
-1.221560019586629027e-02
-2.362541035798974582e-03
-2.143385486045662144e-04
-9.102348072728421200e-06
3.158313412442616807e-07
2.806482794680286245e-06
2.675961564442097197e-06
3.363364881379979655e-06
5.844387024586565494e-07
-1.384224113042719452e-07
4.671633618960721927e-09
-1.242294978743066668e-08
2.545753881987457903e-09
1.376971199190502050e-09
-5.323800223821207893e-10
-1.032561996146652959e-10
9.420975192052607377e-04
6.667704795358946231e-04
1.289858402178556580e-04
9.903542376434080360e-06
-1.245719242702639787e-06
-1.249672723209447449e-06
-2.602614080626241647e-06
-1.190630181990604803e-06
1.043549372460834200e-06
1.745352733546390947e-07
6.836614356145296588e-09
1.101544899334982371e-09
-3.732187666448501564e-09
5.769771871000755859e-10
-8.800558666501539198e-10
5.653503812862159673e-10
-3.417268306107465654e-04
-1.313562911229626041e-04
-6.644231917478799756e-05
-5.961226320350969335e-06
3.467623947245147847e-07
1.378162650017766124e-06
1.138797100076374706e-06
1.758488445842620107e-07
-9.717251692506073288e-08
-4.811346119913497112e-08
-3.558903339254038364e-09
5.194448157650716546e-09
-3.351186098878974727e-10
4.688169461007370770e-10
-3.112257636048089095e-10
1.019738593077875947e-10
1.347442939158686223e-04
5.980966748651804634e-05
2.862736973238115426e-05
3.083870677338954699e-06
-2.085982379465555720e-06
-1.415486276810783559e-06
-4.036757137545060713e-07
-8.672753329036341790e-08
-1.016554360835813196e-07
-4.466344802947303237e-08
-7.561036021705079218e-09
-2.548108062459128391e-09
-4.775926434587587971e-11
-4.996943604356715229e-10
2.053153223734330616e-10
-2.038274126087311705e-10
2.316908592731747212e-04
1.000445441276469311e-04
2.674783733571590924e-06
-1.505627811379524140e-07
1.627692016247383959e-06
9.149966946354659274e-07
2.964894930080220808e-07
8.522434727038471975e-08
5.159950268589121451e-08
1.947396416900687723e-08
7.418937057032763099e-09
1.538045118238908750e-09
5.529973188085879894e-10
1.962932947641994974e-10
2.301917005576942238e-11
1.450336123166711371e-11
-4.588892379575621193e-05
-7.379409147760914367e-05
-1.162789624560677112e-05
-1.379745142480558594e-06
-8.464306078250997914e-07
-4.834635475728219307e-07
-2.077521319129349082e-07
-7.100984709151748895e-08
-2.037682921467192709e-08
-4.129011451664879282e-09
-4.120241584071455186e-09
-9.656366572863516932e-10
-4.689649668939539784e-10
-8.627305505174089925e-11
-3.497351283701715483e-11
1.032546482691086625e-11
1.693813138722706255e-05
6.005955070555892261e-05
1.242008701071721243e-05
1.882714316666637417e-06
5.440706938616658649e-07
2.503000908368991710e-07
1.184032767751632077e-07
4.033632972052925851e-08
9.219793023461294959e-09
7.770060538146293080e-09
3.624621648382925543e-09
7.015095808765933638e-10
3.303949860895724983e-10
6.955777351620163848e-11
1.297848612472856778e-11
-2.716744952622128234e-12
1.797566629035113922e-05
4.122729567046062556e-05
-4.133930708676310321e-07
-1.294497724641596812e-06
-3.502479372354069571e-07
-1.342841950112016195e-07
-6.043551021603631764e-08
-2.236837323940430891e-08
-4.826324945435044002e-09
-5.212151948619968509e-09
-2.040079382592364993e-09
-2.456278112724063105e-10
-9.391434734591437973e-11
-3.426805703983457995e-11
-7.766148176904786661e-12
-2.820713548933815115e-12
-4.491976263698867313e-07
-1.351703401516445882e-05
-4.353029305104176982e-06
3.249850937807147024e-07
1.678886559159055614e-07
5.282403277864067549e-08
2.403240282797093614e-08
1.026384149668360385e-08
4.533816871636890632e-09
1.680296837629218333e-09
2.214612673721675176e-09
2.723070367871512063e-10
3.497885755800038714e-11
6.637758573229473381e-12
3.862883210686078575e-13
3.561277057981521328e-12
-1.700165147367851959e-01
-8.455093084636454426e-02
-5.738698845528520873e-03
-2.672958451717293905e-04
-1.138494369401373923e-05
4.687270803068160706e-07
2.492961794596882307e-06
4.190586294704946130e-07
-1.073810459226604106e-06
1.648705881976522300e-06
3.114144545350015383e-07
-1.178691670318218815e-07
-2.025513284885176930e-08
2.930560786809933987e-09
-5.479777976362024893e-10
4.310031171986316245e-10
1.073169445977163177e-09
3.518964292480295485e-03
1.118872337236592567e-02
2.201566376839898982e-03
2.040823183322928601e-04
8.549891265496347808e-06
8.980731802358789182e-07
4.600631009539224335e-06
9.587068956681700285e-07
-9.227781802996242705e-07
-1.224090078262460428e-06
-9.889751286297564904e-08
-4.624038098838148877e-08
-8.349478522144666766e-09
2.904470977737762171e-09
2.171602627606931134e-10
-4.083704534480418399e-10
-4.497616356883817220e-11
2.667746806863215484e-04
-8.817045334633867191e-04
-6.670213300509965793e-04
-1.259876209777492412e-04
-9.194163798805281174e-06
-2.611926384630433840e-07
1.125853803462185345e-06
-1.836589952128470435e-06
1.030221008412716036e-06
-1.176295122056711349e-06
-1.499150073152557384e-07
4.822267537623420286e-09
1.024993295980613858e-08
-1.217345479837362918e-09
8.677877157052674400e-10
5.819661106384219239e-11
-2.466395865216283088e-10
1.091529402447062456e-04
3.617885024127872489e-04
1.341470820325380313e-04
6.427360933021067705e-05
5.301670953008738391e-06
-9.511219209140554742e-07
7.459659721128059969e-09
2.785755128511553201e-07
-2.060363494920252676e-07
1.024913018705278886e-07
2.918304812753923921e-08
-1.243703866686731685e-08
-3.020608122221449654e-09
-5.817267753322449739e-10
6.768574553126041296e-11
1.241407458508016928e-10
1.269556785708404877e-10
1.198226457570160921e-06
-1.326154232011111077e-04
-5.728328917704900603e-05
-2.787441545416646552e-05
-2.008702881755351480e-06
6.861857247060767707e-08
1.917580938535551295e-08
1.282607086606212573e-07
1.988314163265255655e-08
1.170789640128170387e-07
6.307099414799322680e-08
1.595549422106706098e-08
2.441762629374337939e-09
5.288615817318726795e-10
6.049165854535629076e-11
-1.856591869459940864e-11
1.740134027689109483e-11
-2.101634621793056575e-05
-2.328392749990445979e-04
-1.014693922138126976e-04
-3.182241277635645624e-06
3.971388623916468813e-07
-1.994010744830142685e-07
-3.490964051090616377e-07
-1.250753959874108476e-07
-5.683137350215303807e-08
-6.592172908939625025e-08
-3.160839692451025821e-08
-1.040948408762943906e-08
-2.157011931813747653e-09
-4.190989197321798322e-10
-7.265280872307850564e-11
-4.946350700969096192e-11
-4.179136618102242061e-11
2.913800869466963263e-07
4.551551858585991021e-05
7.417442195070300030e-05
1.176958687866160979e-05
9.358494038658967521e-07
3.791006545660292276e-07
2.988971538129717991e-07
1.397066031104660242e-07
6.101099834169141890e-08
2.749474559781382848e-08
9.304975727374396036e-09
5.422507523922860047e-09
1.338714482916584787e-09
3.230375359151169770e-10
3.463713605897744502e-11
1.377448241505734546e-11
1.770979234334704525e-11
4.325926028712260082e-07
-1.678676875581002883e-05
-6.016072228812134869e-05
-1.237857154941523204e-05
-1.662123416621415942e-06
-3.716940731954955944e-07
-2.027227756523016734e-07
-9.441947451776567632e-08
-4.067517328891476989e-08
-1.359087768357237150e-08
-1.004714907619037215e-08
-4.317232031196036719e-09
-8.624533217919138731e-10
-2.614003207086535155e-10
-5.070685592215005134e-11
-1.709137151151014044e-12
3.662108977810087887e-12
-1.599943843076165027e-06
-1.806763898672168753e-05
-4.118589208592155133e-05
3.660621683293914327e-07
1.164509597356650009e-06
2.999881345567161457e-07
1.256805624389713292e-07
5.905616079562970160e-08
2.638708736184613348e-08
8.016509121762786683e-09
7.012735691497098425e-09
1.824473181190492305e-09
1.831588855492500852e-10
9.798475004463440341e-11
2.302206527402740278e-11
4.664723297232068914e-12
-1.408443523701042317e-12
-6.844433810150937719e-08
5.325641949691070370e-07
1.351185959508940881e-05
4.605206904556901320e-06
-2.714094947924684453e-07
-1.997411540480256476e-07
-7.417100700217504345e-08
-3.358400642859018122e-08
-1.734960857408529249e-08
-9.176864740761917004e-09
-3.725347286492432727e-09
-2.176023336854975857e-09
-3.095106111858606818e-10
-6.801839134983538308e-11
-5.687456594511912441e-12
-6.232268981454642865e-13
-3.058397772237607627e-12
