1.279792957632454042e-01
1.031517072543536528e+00
4.121084861795213522e-02
1.124812577386842104e-03
2.308502142677846950e-05
2.618569164463628314e-06
2.482947426530303468e-06
4.777997199888864027e-06
-4.993197222693987843e-06
1.546926573324621041e-06
4.510666614614020202e-06
1.033019514454358590e-06
1.331416461753187752e-07
1.058171774676935869e-08
-2.463997262279505420e-09
3.850820597062153314e-10
-3.364426443145872089e-10
-5.501116977115454165e-02
1.512785964052204279e-01
-1.545653290097254509e-02
-1.179246134974857576e-03
-5.513977334546644278e-05
-2.669039989632263392e-06
-5.056890831799318004e-06
-7.658349721002532056e-06
-5.165322254210607076e-06
2.052697147149710722e-06
7.185925509228814291e-06
9.087516586311310918e-07
6.952558036119518589e-08
4.113141590155842456e-09
3.963277932983449980e-10
-1.623603345542681114e-09
-5.991674338309428063e-10
1.745066020518293640e-02
-2.455255182768173363e-03
4.677308567613927895e-03
9.611339982672500873e-04
7.492002987848725177e-05
5.924122949484435806e-06
7.441439680309745515e-07
8.730395071476807444e-06
-4.759703078414484435e-06
-3.820700761822634284e-07
1.932370851069975246e-06
-8.604312149217865885e-08
-3.572203684439083187e-08
-9.373980444287951911e-09
1.291923574147489332e-10
-2.653824409895744888e-09
4.508192232590626000e-10
-1.990497736386178090e-03
-1.346135937187532263e-03
-6.825062010299001248e-04
-3.277779864298536149e-04
-6.685735948597099358e-05
-3.289029982534365451e-06
-3.367485693706923991e-06
5.547254795443134440e-06
1.094832018829680186e-06
3.282844820577596844e-07
-1.280079771401586395e-06
-2.480269735358209286e-07
1.156793472004147000e-08
-3.923145935244621533e-09
-1.629588724161122600e-09
1.732830089461696592e-09
-1.220938736896409962e-10
-2.397304677346420032e-05
3.719901698970790385e-04
7.252078151824805567e-05
5.439942665978801748e-05
4.793985171495616113e-05
4.080684880517936034e-06
-4.076805181459394173e-07
-2.251153337088913015e-07
-6.920998371663730744e-08
4.966990024798757433e-07
-1.092095905847220552e-07
3.394560508662741097e-08
1.214090029809225248e-08
2.240329162249371511e-09
-2.884998943098298557e-09
3.983815091179830039e-11
8.016089979040771262e-10
3.591222777277610853e-05
-7.144794562961333251e-05
-1.685255873595325695e-05
-1.191043078916450578e-05
-2.073746538277229507e-05
-9.308562503965145069e-07
-4.847559675835176515e-07
-1.301971240785047449e-07
2.891764611937490718e-07
-1.791348938407989482e-07
1.524075555765874746e-07
9.426615032491645860e-08
1.581372337979059760e-08
1.560504927994081977e-10
-9.244447940248588232e-10
-2.901068612901239429e-10
-7.791669329304612035e-12
1.777091543567823901e-04
-1.370050091146697872e-04
2.840905636302959989e-04
-6.719555244813419151e-05
-3.738054124004307132e-07
7.195376446862233449e-07
-1.358286649569130426e-07
-4.847322343646506791e-07
-2.257815772217692437e-07
-6.543768650382727309e-08
-6.538119357253310755e-08
-3.207171364813463804e-08
-1.057195136462094392e-08
-5.380235643248632782e-10
1.708386166455224481e-11
1.376152280190014731e-10
-1.555196933680322163e-10
-4.783330227360631297e-05
1.478508191939383943e-04
-8.050749208457200397e-05
5.783566384882236672e-05
9.212092760417872969e-06
6.541347824522311857e-07
6.430006017937214184e-07
4.219049161227263173e-07
1.899689990036156080e-07
3.466420564423467235e-08
3.542194225322930659e-08
2.343175945078518753e-08
2.481332449038824511e-09
5.263112303089207477e-10
5.243699717805819457e-10
1.282717099591514740e-10
7.648870578384978476e-11
1.619862784863808984e-05
-9.969896633260095359e-05
6.362167753142881820e-06
-5.529254346341269162e-05
-1.128011178731577842e-05
-1.988356294168763640e-06
-5.476524714245927619e-07
-3.010255991802727645e-07
-1.280816558854534494e-07
-4.476992223456590073e-08
9.264161607449854050e-11
-1.866162869568692250e-08
-4.978275440414407821e-09
-4.590488007725661283e-10
-3.400373766572493645e-10
-1.008391828350988802e-10
-3.616610040000076314e-11
1.595902617867590677e-05
-5.875236231573043960e-05
6.112807672246395481e-05
-3.991405947516738986e-05
1.626026230857599305e-06
1.782447413708281766e-06
4.883213506333123416e-07
1.798622108106107094e-07
6.658440949411486706e-08
3.025351495470093775e-08
3.598602251246230740e-08
7.164888282683658713e-09
1.090419625530331473e-09
-1.070103146343797537e-10
5.756960328350730628e-11
8.658757910667461081e-12
-1.759915295671405365e-11
1.313527511369853503e-06
-1.121942145129463500e-05
2.191573611269945419e-05
-1.396630753877270542e-05
4.235406623287018939e-06
-8.532841757017365474e-07
-2.565559590870902019e-07
-9.333343546988253676e-08
-3.144818872475419083e-08
-1.497712517959615015e-08
-1.227862860159835054e-08
-1.039760364024260736e-08
-7.699110864974233661e-09
-4.138046622398335464e-10
-5.561478761630054412e-11
-6.725207607989096154e-12
1.886381515098450035e-11
2.896559683745245778e-02
-2.767441272310081080e-02
-1.848923434791000658e-03
-8.075712571340672500e-05
-6.376951880913211665e-06
-4.080341181938794479e-06
-2.880911550665634057e-06
8.650297280238923730e-06
4.026451094915536053e-06
3.900660731854823686e-06
1.041909864682402089e-07
-8.142893046851220544e-08
-1.069396399450186756e-08
-3.991755501273669638e-09
3.142552310483645702e-09
2.924686686888503980e-09
5.207306777341174807e-04
4.318138856059071731e-03
8.884089700941654073e-04
6.992373865024878248e-05
1.340285209858182155e-06
4.627696923212449974e-06
-2.024028640002186340e-06
-5.018500961820488090e-07
-1.005572716146275896e-06
1.430047117025186731e-06
-1.653294683752068110e-07
-4.546742185796610241e-08
-3.832611230999816476e-09
-4.034013669831398280e-10
8.156446482602607298e-10
-1.010306780305032571e-10
-1.145008498628695935e-03
-6.516686002998289384e-04
-3.330160742813274518e-04
-6.482894372712552286e-05
-4.318004427721152057e-06
3.696513264121821059e-06
-3.737227139584807070e-06
9.469385976636116953e-07
-4.915186314911763078e-07
-1.262951938739846598e-06
-2.821663266931753465e-07
2.472194947107835125e-08
8.122648749685241938e-09
2.166299575855136550e-09
-1.388533513090668628e-09
-1.748438789734761434e-09
2.953888324266444316e-04
7.427878056471595421e-05
5.289431093091527064e-05
4.555205252363651592e-05
2.139806418478637590e-06
-7.046495491314061026e-07
-2.795056811723154235e-06
-1.473287464630565411e-07
5.782609912485729219e-07
-5.194074944591175121e-08
4.668722652406789940e-08
1.567639057710600604e-08
1.004753757216020115e-09
2.377203588367038028e-09
-7.267014237735906140e-10
-3.131462203265861454e-12
-6.059201013716867059e-05
-1.687709996745351599e-05
-1.416069277572990984e-05
-1.880900277838201562e-05
-2.118349575576247585e-06
3.516585090084471468e-06
2.117648680413486587e-06
2.811177946161747100e-07
-1.509005747616220878e-07
1.203517668110759912e-07
8.893001503068968887e-08
1.307717972928605623e-08
-1.039427545949082137e-09
8.807036112676791265e-10
-2.674422691414376425e-10
4.796164069352318040e-10
-1.724622115467288545e-04
2.833962178535591892e-04
-6.582490521006814275e-05
-3.172639095700817232e-06
-1.907502619060948387e-07
-2.092748669926771926e-06
-6.465358715379591697e-07
-2.403524062059095248e-07
-6.091704427569007636e-08
-5.142197576523857952e-08
-2.828687711827840453e-08
-9.845705586137463494e-09
-1.753318970795305066e-09
-8.348688144119677740e-10
3.385571549716747097e-10
-2.330742937512828810e-10
1.533737398448582257e-04
-8.143226496470896232e-05
5.762222026624839490e-05
1.100863685916311644e-05
1.633056517494634847e-06
9.419604439422394682e-07
4.382468215166278468e-07
1.965257779164954002e-07
1.428588022113193633e-08
2.700578396982021052e-08
2.132295801676694599e-08
3.863605322832828380e-09
6.429263866610051370e-10
4.183719280785829338e-10
2.102235507785748784e-11
2.165953096998105342e-11
-1.000361871874463047e-04
6.584740889028262335e-06
-5.528709257013297016e-05
-1.212712235486387185e-05
-2.338474059148714165e-06
-7.381187938187895439e-07
-3.623864033100886300e-07
-1.283022029765169395e-07
-4.049785381258071512e-08
3.328595490634902306e-09
-1.746495137448041165e-08
-5.278526192914067296e-09
-4.269839094967140574e-10
-3.274353207761090294e-10
-7.506753711319189800e-11
-8.022487273519277759e-12
-6.056526287479064761e-05
6.089661118969014094e-05
-3.997422723774580539e-05
2.090258844230527554e-06
1.943235940992783407e-06
6.144316698574980355e-07
2.652427843687763330e-07
1.039050902606549063e-07
3.690427593640057028e-08
3.471299198446106012e-08
3.973434122526642360e-09
-1.765405269705035281e-09
-3.881973738441791903e-10
1.651057771845967767e-10
4.882049470149008873e-12
2.310031410069728104e-11
-1.252035458066463499e-05
2.275582630116684802e-05
-1.500433623201921219e-05
3.957006374318672446e-06
-9.549202287874410662e-07
-4.583917405065491308e-07
-1.738752923154623473e-07
-5.674434853305269667e-08
-2.549069989658471192e-08
-2.011609218094320381e-08
-9.771165294387963385e-09
-3.577065794990922022e-09
-7.269792132984567278e-10
-2.372885191544242743e-10
-4.166755524438011463e-11
6.158376298497645474e-12
-1.024437993107415901e+00
-4.107648777908510379e-02
-1.120478549877614201e-03
-2.096848286292498110e-05
2.358388243302084099e-06
4.871366077694417239e-06
8.346066282860826769e-06
5.018026113054858331e-06
-1.179810379422387140e-06
-4.449012882126518795e-06
-1.031312273372161635e-06
-1.222296424963681644e-07
-2.696944320173215970e-08
6.257379295438426837e-09
-5.685139730144260621e-09
4.584283149258311797e-09
-1.588006537244718019e-01
1.510826528175909789e-02
1.169701295897443037e-03
5.350692966962334007e-05
1.278742856939803130e-06
-2.242144558275038535e-06
-7.698443584693963484e-06
7.930141953585357928e-06
-9.384695950985273210e-07
-7.030377006912633403e-06
-8.976855066568907169e-07
-5.272916612319293029e-08
-5.463335315672013722e-09
5.683200913435174895e-09
-2.227824859381144002e-09
2.601487388173978153e-09
8.503248544682090806e-03
-4.226750283719627257e-03
-9.373541946967961719e-04
-7.370103415040535442e-05
-3.644549822065435622e-07
-2.984242319953836643e-07
-1.390738502892470538e-06
-2.989839768905111875e-06
7.796434482890193669e-07
-2.022343184108924677e-06
6.627075461344013928e-08
1.388160521812467010e-08
1.715268535389481590e-08
-3.582676111593068506e-09
-4.024868123422135301e-10
-1.286860629635553688e-09
-7.531150559843521929e-04
3.478681647567428460e-04
3.021027115359140123e-04
6.302458449535246632e-05
4.982777841591884969e-06
5.264802580104888318e-07
-4.578951902828133870e-06
1.625878489270161975e-06
-8.278134015536989273e-07
1.366246703887630230e-06
2.897170822536454247e-07
-1.121135339070864953e-08
3.190859821862852415e-09
2.994176294865326551e-09
-1.485879686383885143e-09
-1.109831553365978197e-09
3.626756800630255767e-06
1.223234645274378111e-04
-3.398089861091191486e-05
-4.820699686512701788e-05
-6.551296668347563502e-06
1.037682415326285440e-06
-2.073017937458999581e-06
3.207677623818839714e-07
1.044871593889377521e-07
3.208094123720919353e-08
-4.684949953632765185e-08
-1.416194929771903134e-08
-1.627550385321230409e-09
7.028449829538195537e-10
1.429244407539639692e-09
-3.693645924192940972e-10
-3.578030485439494891e-05
-6.910454988656050158e-05
-3.243759154628419916e-07
1.986797697978799878e-05
2.655277129698713407e-06
1.237866873974024407e-06
1.359723113631006265e-06
6.929054946600204654e-09
-5.973757371288632919e-08
-6.176937382711080368e-08
-8.910069831576667098e-08
-1.296645868457877166e-08
-1.565283406258570777e-09
1.068719607773732641e-09
-6.870935108669711789e-11
9.598954630319632540e-11
-2.706097892789628766e-04
-2.922376305792396905e-04
7.203200781870965964e-05
1.624389562862612320e-06
-2.099087234062869336e-06
-6.346828808198309947e-07
-3.124407953389729464e-08
-1.577683496577535709e-07
1.393180459889445246e-08
-6.469607784635615683e-09
2.798457200917794080e-08
9.174474824704856527e-09
1.170954082991434943e-09
1.641243143955065549e-10
-5.966402002325217430e-11
1.736735847529315308e-11
1.603653792139008273e-04
1.275172967869394583e-04
-5.597833687681950205e-05
-9.140734454457994358e-06
5.222220369909642276e-07
1.097671564891651786e-09
-1.123171156440838459e-07
2.974890614472367255e-08
2.614528377268930329e-09
8.156074752655556036e-09
-1.852888926795948270e-08
-1.316527975930246880e-09
-5.807780596177478202e-10
-3.581456981673184077e-10
-2.211666072066543611e-10
2.088577802093463020e-11
-9.649207194113422633e-05
-6.382374827577501656e-05
4.828729216380820896e-05
1.021651551686907306e-05
1.057377221743095957e-06
8.690973624630922415e-08
6.045190022614366089e-08
3.508600853571333605e-08
3.711917547510759203e-08
-2.252550263613561959e-08
1.398366247726030829e-08
4.088453437786247030e-09
2.054396138136162656e-10
2.104843198424162957e-10
5.767895595600766548e-11
3.301489340661436078e-11
-6.883516209412492072e-05
-6.534130110902068914e-05
4.561978324173346567e-05
-2.929206207294803691e-07
-1.152088997052989908e-06
-1.991357195369893519e-07
-4.872370016094470754e-08
-2.501697585592881839e-08
-1.897872533699862167e-08
-1.538877029480415193e-08
-5.417156042358157174e-09
-6.959361116270661451e-10
2.256803161095468287e-10
-1.162025862057116920e-11
-1.956311800818594575e-11
2.538188615933220926e-12
-1.366184066376575931e-05
1.782553482410864802e-05
1.274182382969529934e-05
-5.098666308697035439e-06
5.235308427089931663e-07
1.241706994906582878e-07
4.215468082436347347e-08
2.375766866960733487e-08
3.090644872755501545e-09
3.561517952524867169e-09
8.659005577193915939e-09
7.712364043039285981e-09
3.700477196427380632e-10
3.210176064032885419e-11
2.541944979041884793e-11
-8.931161880702411442e-12
9.574875181638277388e-02
4.068256367401303086e-02
-2.717349308387581597e-02
-1.831880246965178916e-03
-7.770530812850987847e-05
7.664627853170731122e-07
6.687656399809685000e-06
3.093537590315407003e-06
4.285979884850204666e-06
4.281195330173211019e-06
3.967547369499891648e-06
1.429990205889902778e-07
-8.169304594847135661e-08
2.408461117256024980e-09
-1.157815543365921766e-08
4.167782071888417948e-09
-1.052055389916479908e-09
-1.615405407730781395e-02
-5.077061143532341295e-03
3.888952954051405793e-03
8.661682690505316962e-04
6.929064075541282184e-05
3.069452342562028514e-06
-2.620905577080149623e-06
-5.217784750939404636e-06
5.751903982579176758e-06
-1.197337897776249045e-06
1.455118294860295711e-06
-1.448792374981072233e-07
-4.786233424327767211e-08
6.737133377026966510e-09
-6.828499081632435749e-09
2.937385305969306371e-09
-3.558184572910867704e-09
1.848707324415220380e-03
9.625263150355182953e-04
-3.164466550511378564e-04
-3.088905930479853186e-04
-6.861369451616972852e-05
-5.210314156329766029e-06
-1.469217170195327149e-06
-5.195552666573001585e-06
-1.262719307254947859e-06
5.765495127368160286e-08
-1.279116400332924552e-06
-2.963914225549945613e-07
1.747121173387991604e-08
3.030315016573391160e-09
4.019682089269778525e-09
-1.718230040877824893e-09
-1.877205079307228303e-10
3.178328290335523946e-05
-7.385727321931389395e-05
-1.206788755799398496e-04
3.218882127165201442e-05
4.618565775459659037e-05
5.009707072724737381e-06
4.459322535193120893e-06
-4.372440313775617872e-07
-3.284920809194461380e-07
-1.338477596078692186e-07
-1.240827631286794725e-08
4.896197620317123277e-08
2.286561142653964951e-08
1.697095484199278321e-09
3.643386315334720282e-09
-8.574299962738105637e-10
-1.336226221788565604e-10
-3.277762727774857126e-05
4.644380807454213093e-05
6.934881710013793147e-05
1.435207480804742355e-07
-2.476414518414969126e-05
-5.495954090287865513e-06
1.096091076757444816e-06
6.656308713122715025e-07
2.397690424713102362e-08
1.664485236322170809e-07
5.839562184639340815e-08
8.509910820506590351e-08
1.163537645552941919e-08
-1.198539618029639281e-09
6.151480328355468122e-10
4.210816789188257693e-10
6.666210999828579316e-11
-1.758038643725776476e-04
2.326616850024676995e-04
2.893598273659399116e-04
-7.143284483349880264e-05
3.497146721112995375e-06
2.522047793815632797e-06
-8.223131641884050609e-07
-1.244617416098442368e-08
7.656922497144377760e-08
-5.748906014048231888e-08
3.355455852968858165e-09
-2.457904199316901487e-08
-9.459194666994682648e-09
-1.583065595216939196e-09
-9.555252685967161421e-10
-2.289444272689677181e-10
1.691536387720018999e-10
5.019385587279002407e-05
-1.526902345114906879e-04
-1.269817089641726566e-04
5.511598263208110783e-05
6.785679217450115416e-06
-2.816429191937397550e-07
5.521095378857226064e-08
9.120442920588982883e-08
2.212900245841474371e-08
1.601655983844112940e-09
-9.716198852618051925e-09
1.676885078242836923e-08
2.439680801997568638e-09
2.422040903531989582e-10
3.837435543935887503e-10
1.357019012744546621e-10
-2.399113532765472755e-11
-1.737829054567449321e-05
9.508757134213724938e-05
6.372546286383705199e-05
-4.789115161660220026e-05
-9.596253483088883251e-06
-1.115661925430005614e-06
-1.182136174126661827e-07
-1.110908524812557891e-07
-5.288630089698411886e-08
-3.960687563827636534e-08
2.084442209433929052e-08
-1.395412362964011980e-08
-3.875967494910516339e-09
9.509249765834394252e-11
-2.357414819963083649e-10
-2.498736923033523896e-11
-3.907785921331030622e-11
-1.529186719990364290e-05
6.740785315215543560e-05
6.541970493582751690e-05
-4.544608614275945488e-05
2.128061803635411124e-07
1.157924772217680937e-06
2.248040030832683317e-07
1.135416372807154987e-07
6.008894659530591789e-08
2.819987952251997302e-08
1.773135097886977495e-08
3.534451918949165262e-09
-2.556448831088598799e-09
-7.327044821892380924e-10
5.905568069174220934e-11
1.876138596618563245e-11
-1.247548235832789266e-11
-8.489702460469987913e-07
1.278584396028165863e-05
-2.097647668931457138e-05
-1.442692066408574206e-05
5.389037022318815820e-06
-4.149904961781600247e-07
-2.105295343609943217e-07
-8.007737761152826159e-08
-3.995643503146914038e-08
-1.017843505193463228e-08
2.332476180411516292e-09
-7.704497435925660464e-09
-3.107332036016381974e-09
-4.294992170589645589e-10
-1.731224618155436915e-10
-5.947499231543562212e-11
8.148446098865843544e-12
-1.468184084724946104e-01
-3.923819435281517692e-03
-8.256585226230911271e-05
-9.359530413677440986e-08
2.610476615938815442e-07
1.241168844085109161e-07
-3.033609505545257259e-06
-2.199834642291859366e-06
-2.703991894523954567e-06
-1.468835308932959982e-06
-1.715273423677124023e-07
-2.641868396072234278e-08
4.037003074977338317e-09
-6.869916688759268508e-09
1.720763553196714097e-11
8.688753850647320728e-10
5.731457808974634027e-02
4.273168209017345030e-03
1.814641314131510547e-04
7.005011481945998043e-06
-1.638183032523575108e-06
-5.135594624676899381e-07
-5.591685845477321251e-06
9.404785810314334057e-06
-5.022550836199942075e-06
-1.542338096497185636e-06
-8.228860780749137834e-08
-1.421977943424785496e-08
6.661449741424230136e-09
-3.743154143917253254e-09
2.924659490934375479e-09
-1.552529423051930345e-09
-1.818503724393374585e-02
-3.340304522377300807e-03
-2.753145495372612641e-04
-1.037833246112043467e-05
-8.701585496829099724e-07
6.900284247868091833e-06
3.602934589071958261e-06
1.956161892180800713e-06
2.221068456620731294e-06
-6.877635859400673076e-08
1.533185962990127500e-08
7.189866172853471407e-09
-2.342575056160284990e-09
8.287597146631733080e-09
-9.715311350979948921e-10
-3.248242907684688875e-11
1.850782222560315915e-03
1.181391777868251317e-03
2.047658255031995249e-04
1.539378839388988226e-05
-1.255459183559641386e-06
4.453112476339406656e-06
-4.491295794308418545e-06
-2.576517565574766806e-06
1.829804485761902646e-06
5.699149461784602542e-07
-3.112538828317883770e-08
-3.452517673612308227e-09
-1.145903842167396432e-08
6.767247280644359692e-09
-4.907076256561131292e-09
2.023280393284837555e-09
3.203318658264038251e-04
-1.907545261427722101e-04
-1.318247784841526063e-04
-1.281308840525908827e-05
-2.669561441921482931e-06
6.960810781875345400e-07
1.368741141486017310e-06
9.849834719294765311e-07
-2.111942974789899555e-07
-3.864432109992229657e-07
5.268539470966970003e-09
3.523800567185598644e-09
-2.072848564759978449e-10
-1.054208899075670006e-09
3.402159401134200051e-10
-2.709243792244350457e-10
3.270704832298964974e-05
3.960216213403675121e-05
6.702230818794082117e-05
1.100258796951657934e-05
-4.189531021976939908e-06
-3.109831795903531839e-06
-5.715285427037271900e-07
-1.045037025204835464e-07
-2.352928422394052307e-07
5.478606409216380268e-09
-2.797553209611218486e-08
3.443181847898646776e-10
2.181755135515534590e-09
-1.239579596171616272e-09
1.000352394529300919e-09
-3.841888283588061494e-10
5.289717441972118179e-04
2.369026827481698113e-04
-5.985796883748110041e-07
-4.332775777899228763e-06
4.284627426118774969e-06
1.895107539267956967e-06
5.994700097398547848e-07
1.052786371864408250e-07
6.588060040065102865e-08
3.807998798436218725e-08
3.836665657723900885e-08
2.518725325303313281e-09
1.010420720427200543e-09
6.087491283327639606e-10
-2.468718139741968471e-10
1.515665645954080237e-10
-1.204283543435208809e-04
-1.903624880401102689e-04
-2.735302327864370570e-05
-1.517754591975432792e-06
-2.093375914010539442e-06
-1.035440230983500225e-06
-4.481777722624466454e-07
-1.767782784617066472e-07
-3.252069103112063364e-08
-1.306654871578486856e-09
-2.136821514499245843e-08
-1.515046658253658013e-09
-1.490859246730172541e-09
-3.483209150464466410e-10
-5.927738331514738256e-11
-7.155110297495220652e-11
3.206375271982242036e-05
1.570725121899183160e-04
3.511677300505037814e-05
4.827850939948267771e-06
1.324812791773168632e-06
6.679892154071597902e-07
3.151383981197171093e-07
9.894329192524643246e-08
3.021066565103217099e-08
1.565508214050618253e-08
1.607764312864086119e-08
5.193114787311077475e-10
1.028758797298872835e-09
2.506335937616185271e-10
5.938218205241250183e-11
6.497444718498380712e-12
6.943955217899124878e-05
1.658935143568262204e-04
5.470178282662839643e-07
-4.440800438867349888e-06
-1.051787431794050476e-06
-4.559111174549532937e-07
-1.951540110710376509e-07
-7.006102140972705971e-08
5.326306353203039435e-09
-1.850745506866982230e-08
-1.178120818395679887e-08
5.445124574391142100e-11
-1.948337485544281513e-10
-6.692501112304801859e-11
-6.278043407798390667e-11
1.459349587225664339e-11
-8.194065814464089042e-07
-5.685181351501451651e-05
-1.946689344562451714e-05
1.381452485340520520e-06
6.811013808442652215e-07
1.912408986591414376e-07
9.717167383720558813e-08
4.255029179148088430e-08
6.943505326306703730e-09
1.476807071932623716e-09
1.394950380199372183e-08
7.705075484696726511e-10
1.284918316526901880e-10
-6.641381834024790458e-13
2.378176094326809840e-11
5.496974245341222039e-12
-2.088129235761222724e-01
-1.022472228112934201e-01
-6.584860097861910087e-03
-2.740726180181547603e-04
-1.063530898980054180e-05
-8.058918862554890500e-07
1.539389077976133589e-06
-4.696569655176342724e-06
6.569698765565109293e-07
4.188497050831046786e-06
1.639130362603799049e-07
-1.476885114679070810e-07
-3.269153001399818717e-08
1.100806036953483160e-08
-6.708064643700678349e-09
-3.398825192400254090e-10
3.555452891954013204e-09
5.339842854683970325e-03
1.666434394643168809e-02
3.110908019523985629e-03
2.579524332445828818e-04
1.025496206083626640e-05
2.129220497087413807e-06
7.249991618200366409e-06
1.329874670660555662e-06
5.498559680200444657e-07
-3.319626931760665569e-06
-4.956829755714750450e-08
-9.531599082076237403e-08
-2.096278745133678649e-08
1.903319891295965089e-09
2.609199091930714746e-09
-2.406687117686793223e-09
-1.169059841148196695e-10
5.373676574062530992e-04
-1.699921425938013446e-03
-1.180740642060075897e-03
-2.035149570940918227e-04
-1.410442652822823779e-05
-3.160685712857746138e-06
5.202263532666284162e-06
-3.297093445483110742e-06
2.299818574800162192e-06
-2.156171951479343357e-06
-4.923558409538784710e-07
2.262894932011450039e-08
1.806701953164801313e-08
-3.811649012791514640e-09
3.065163286396069368e-09
7.000447425264279823e-10
-4.173376709292068166e-10
-1.848232899956179891e-04
-3.465685754068640353e-04
1.933966974588903140e-04
1.348920632848922281e-04
1.470608192812922270e-05
-3.076722987369189018e-07
-1.163346496498338539e-06
5.236806324976328138e-07
-1.150742909886469488e-06
2.626995750921908377e-07
3.327959540018851806e-07
-1.371885307442752090e-08
1.024005075380393010e-09
-7.190652715035167767e-10
-3.476583773571130425e-11
5.527633253580274337e-10
3.510507055501083806e-10
1.264301385137716711e-05
-2.573794511299480785e-05
-3.685063286471653208e-05
-6.517162467437845764e-05
-8.411362097540314367e-06
-1.421747122652462410e-06
-2.840738952931259384e-07
4.466552336572296156e-07
1.749095283262891261e-08
2.944844203693832531e-07
2.372858044167314966e-08
4.216436075648647036e-08
-1.288122120010601796e-09
3.145980625898868099e-12
1.864408921444600912e-10
-1.542859004798051090e-10
-3.529221655633604394e-10
-5.300125443484798323e-05
-5.347950066144917421e-04
-2.395329832512294423e-04
-2.045067755200768557e-06
4.052277081656570302e-06
9.297639275054978146e-07
-3.931040303156141115e-07
-3.633798028065975913e-07
-4.962379663351631241e-08
-1.077878400931768939e-07
-5.802025416663116123e-08
-4.543967805008014655e-08
-2.113452075125553006e-09
-3.284338790627049371e-10
-1.323039251370897888e-10
-2.391944132348089281e-10
6.763236451812864033e-11
1.520441573125151675e-06
1.196613941407152011e-04
1.916386928307077324e-04
2.842318239454455527e-05
4.143022627209901538e-07
2.989529255867240354e-07
6.685665808370615089e-07
2.794135864716180687e-07
1.632876944866569312e-07
5.436031691527103970e-08
1.206638378811029802e-08
2.292841142970701117e-08
2.258258560267725083e-09
7.538247735898389945e-10
2.484985588747560373e-10
7.835453074534197086e-11
9.354479154795863717e-11
3.209378881855103557e-06
-3.159516671373191542e-05
-1.577271122660163375e-04
-3.515801586316400417e-05
-4.081905855201107221e-06
-7.796345193575442356e-07
-6.009904777050461048e-07
-2.584648042821148141e-07
-1.138152653551028919e-07
-4.525729803005700572e-08
-2.284910114964944745e-08
-1.647394933477409181e-08
-8.262169047484612335e-10
-7.523991431126403221e-10
-2.204948684437862227e-10
-3.427006371209976818e-11
-1.377597970542400327e-11
-5.406850195735063369e-06
-6.937225286216856736e-05
-1.654033220192602715e-04
-6.818977476943570233e-07
3.915560062482793120e-06
9.264892415168673191e-07
4.483687532355417709e-07
2.206162305162118242e-07
9.403834140169802084e-08
1.134973730414307938e-08
3.123750357747567881e-08
8.216032375760703975e-09
-1.404768192443871517e-09
3.720949783451415976e-10
9.311330435425017512e-11
5.635795082552033726e-11
-2.245199701092672625e-11
-4.552116258108604347e-07
1.110350819362622421e-06
5.670177336753914860e-05
2.089152618169970321e-05
-1.185688234143042713e-06
-8.901634067571994837e-07
-2.983028295425354648e-07
-1.476988677413374747e-07
-7.830951475577729850e-08
-3.421761359046831673e-08
-1.246994016535829397e-08
-1.425559781525672559e-08
-5.940951124026085188e-10
-5.158542621193066112e-10
-1.146173295736111262e-10
-7.217847946329098068e-12
-2.299751384319419301e-11
