1.321869016850649448e-01
1.029110995396515182e+00
4.241774519224403989e-02
1.256686308750373489e-03
3.239122568177821266e-05
3.868550481545132564e-06
3.771936006586294821e-06
4.364164940042670930e-06
-3.568234836109946719e-06
1.720927501058447212e-06
3.568279832771507148e-06
8.319438744723431000e-07
1.260488820312144493e-07
7.042176083767168782e-09
-6.910900247893645023e-10
-7.239435670476088267e-10
-6.000458409447024929e-10
-4.609353161029491192e-02
1.243257415048861919e-01
-1.294249397042962664e-02
-1.058051598546258954e-03
-5.460157840527825063e-05
-3.325050323743338796e-06
-3.063874129320214527e-06
-6.207843091511135067e-06
-2.081175212820833743e-06
1.757417204154336224e-06
4.913343558697223171e-06
7.173174710039438431e-07
5.671843864172988836e-08
-2.102353063648407340e-09
-1.898310261935632002e-11
2.978212424796338459e-10
-7.172049814476442613e-10
1.204944458053168639e-02
-1.632157936948417255e-03
3.257293427585712577e-03
6.980322321994605200e-04
6.108762089543502119e-05
3.139723657185435349e-06
8.497959131437686990e-08
5.832629478504896285e-06
-1.598848261367267442e-06
-4.495071474292321264e-07
1.390596234215934925e-06
3.350219190798073727e-09
-1.070652129264680851e-08
-4.599028292519425492e-09
8.938492630642957301e-10
-9.600377853463889982e-10
6.372862567735140529e-10
-1.096972826539593590e-03
-7.371367766923588635e-04
-3.843007491052305544e-04
-1.918712925826042014e-04
-4.133589410699123405e-05
-2.836860083790537586e-06
-8.345277926847229387e-07
2.126714430644566602e-06
2.687633399512982245e-07
2.639916486642212088e-09
-5.006181846439745021e-07
-8.638740852522186590e-08
8.169838868248226800e-09
1.009978886918076493e-09
-2.411622186399425924e-10
5.531653130763189823e-10
1.066829624265268335e-10
1.954595901865754601e-04
-1.093540934622346187e-05
1.778320976295617980e-04
3.714869618755810705e-05
2.303572198618272478e-05
1.446118876259278354e-06
-5.741994928206441686e-07
-9.998806659635453542e-08
-1.625152743765422079e-07
1.572132677553563566e-07
-1.124593876187610643e-07
-1.910993207376249958e-08
5.727574941000844272e-09
2.545936507088155875e-10
-8.458175992565917330e-10
1.077410500030024391e-10
3.017103890204936285e-10
2.579583829696264151e-05
-8.326435942542545184e-05
1.407877648334971293e-05
-1.364601608694545521e-05
-8.708338077747497334e-06
-4.500055043102003004e-08
1.181050507995196768e-08
1.236636046607496607e-08
1.219632937459616101e-07
5.500157990828729611e-09
9.972999543823940384e-08
5.578620514667631130e-08
7.109756064531720037e-09
8.340351336239597048e-10
-2.354981865286013831e-10
-2.688696597737230006e-11
5.642184546525184184e-11
8.954621089370355528e-05
-5.731293491279631196e-05
1.402550822976880783e-04
-3.292873481860476143e-05
-1.668213301139889229e-06
-1.655006723496772984e-07
-2.251478846952733644e-07
-2.589243919632440000e-07
-1.091821051990662173e-07
-3.976662235086480995e-08
-2.853447077908932126e-08
-6.875223677255641395e-09
-3.384470415873276375e-09
-8.139858989212444339e-10
4.283491428844411129e-11
3.509985972298888733e-11
-7.084652353672390399e-11
-2.078508739617877633e-05
5.911116425428902045e-05
-3.486208599953430251e-05
2.491810240258275565e-05
4.533796483900473692e-06
5.748717519383244751e-07
3.243178769509007392e-07
1.788883255078724265e-07
9.742086293189615749e-08
2.753433995074249577e-08
1.270554604495252055e-08
8.086971574944802577e-09
1.099868233871911288e-09
5.364463551883672644e-10
1.600323551608340624e-10
3.344884323511918328e-11
3.348685518136164111e-12
7.686249814789652244e-06
-3.769813276029124232e-05
8.405417736803602168e-06
-2.204339433376026482e-05
-4.449016212378638161e-06
-8.215752417686706178e-07
-2.410262989859475677e-07
-1.139285258449588925e-07
-5.070638228553192816e-08
-2.055338352365256817e-08
-7.623358386135427162e-09
-6.237631689312723317e-09
-2.031347788196832187e-09
-3.395173293969613234e-10
-1.005956265205268092e-10
-3.042355711733970090e-11
-1.178383946993311697e-12
4.286142250672370605e-06
-1.513063708177996040e-05
1.722702363659888634e-05
-1.035418802242254987e-05
6.937567991496571909e-07
5.835731615008076566e-07
1.695320425019570507e-07
6.302778281181706639e-08
2.448764377803220010e-08
1.080467008420232155e-08
9.724751083059295855e-09
2.199109795343839837e-09
1.962893143192339492e-10
1.020461603318306685e-10
1.531573122644630804e-11
5.746831934249966143e-12
9.604510770159486356e-13
2.804924633836181844e-07
-2.558695528057676630e-06
5.182693708710453113e-06
-4.029747277489380073e-06
9.917118532002714934e-07
-2.321118826816092420e-07
-7.972375818344250972e-08
-2.847450508697149634e-08
-9.855070515973093087e-09
-3.814636774164156509e-09
-2.620539985844919465e-09
-1.702484772044923080e-09
-1.558842437269271945e-09
-1.310971657725706946e-10
-1.608941512609426335e-11
-3.589042751688361857e-13
-3.780824497786835874e-13
2.363040286686328081e-02
-2.322260355059541787e-02
-1.646322911223327455e-03
-7.975207998084543777e-05
-3.960815383494401115e-06
-1.633580640692723648e-06
-1.348329302029759510e-06
5.141450436585427687e-06
2.858025698086613184e-06
2.286157040048315012e-06
3.316147439899676951e-08
-7.076068943228444677e-08
-1.368415270495869235e-08
1.378380223744132435e-09
7.678691786747270226e-10
5.825917536777312275e-10
4.636185721396267508e-04
3.011481078099660733e-03
6.502808806279889754e-04
5.823987432188695347e-05
1.394036990016367477e-06
1.827897949745470495e-06
-1.224148189508177901e-06
-6.431640038390247658e-08
-6.148431821750920537e-07
1.011364641640223843e-06
-8.974431890605592512e-08
-1.889560955468296032e-08
-3.237678438186669974e-10
-1.267869608992454729e-09
-1.913524257125253804e-10
3.155211062218322288e-10
-6.304464043725731878e-04
-3.691103436892374649e-04
-1.949515184614610029e-04
-4.232969399086810311e-05
-7.680057288735987801e-07
2.286184411081076420e-06
8.377484504700536645e-07
8.467851493420793443e-07
-4.909361506968557902e-07
-5.420452241517587633e-07
-1.049035139052541584e-07
8.616281861403462829e-09
4.689119057965169179e-09
-2.366158586353401412e-10
-3.929773985520561339e-10
-5.918578721969945862e-10
5.150941913962401366e-05
1.862859952010185007e-04
3.726341459014051715e-05
2.369404250358745566e-05
-3.567302244936882405e-08
-1.175456274420097004e-06
-1.278761795950896707e-06
-2.207086828537438097e-07
1.522629418438001825e-07
-8.610315998274207248e-08
-7.332647470410837455e-09
9.337874214748749673e-09
-1.338570066554320803e-09
-2.674502862036317446e-11
-2.350708011665389152e-11
-2.087943635538140431e-10
-7.281466971420433841e-05
1.604822700075115606e-05
-1.552978472627781730e-05
-7.811227854168355730e-06
3.994636435575924567e-07
1.745326857407402048e-06
8.990978385253192359e-07
1.613750983743179270e-07
7.596575282354667953e-09
8.040553932108210001e-08
4.829122442364103118e-08
6.213964069283412659e-09
3.014274651354134375e-10
1.891988949882104454e-10
-1.319815817574330221e-10
1.626921285528458230e-10
-7.541940093061150923e-05
1.391958058433050876e-04
-3.228145387763197582e-05
-2.487968852322220890e-06
-8.938531741549307958e-07
-9.190910551018023177e-07
-3.804500152181449151e-07
-1.353121421903371175e-07
-3.920436473503913945e-08
-2.120815058679706791e-08
-3.969326426398010592e-09
-3.234131363251779479e-09
-9.969589066497559186e-10
-1.844569883512994137e-10
7.281700467949549145e-11
-4.526677984766679150e-11
6.225207249328161378e-05
-3.496715411810073359e-05
2.498619017685002434e-05
4.985453432801463858e-06
1.012707024123511722e-06
4.704187648148402055e-07
2.335099711441230052e-07
1.031853824819574620e-07
1.995289625134552598e-08
8.052031050735308020e-09
6.709975880357866741e-09
1.011188720983258205e-09
5.681206684621893351e-10
1.726564592922877133e-10
1.943653574470276269e-11
-8.950347310984083474e-12
-3.847380979917761399e-05
8.396658020557906912e-06
-2.214287799487525503e-05
-4.660922900428187206e-06
-9.720070682961040687e-07
-3.238619666740869521e-07
-1.394746582958883550e-07
-5.213694155336130731e-08
-1.776005093085523600e-08
-5.630995283077998367e-09
-5.603674789842726478e-09
-1.983879966528696078e-09
-3.622836840384918632e-10
-1.076660985033306377e-10
-3.539054302487679462e-11
2.147087326182480498e-12
-1.567626114116904630e-05
1.719017454813877340e-05
-1.031284504421725134e-05
8.018239645148788194e-07
6.488360948987508707e-07
2.056936354555779031e-07
8.248062505653498785e-08
3.193883656018377687e-08
1.144728858792353451e-08
8.970511768051493452e-09
1.503658407337851037e-09
-1.750705150665354772e-10
5.090245377354434834e-11
2.862611002076546040e-11
7.129725683695211610e-12
6.605306447247581779e-12
-2.862533641255188233e-06
5.306473696309919419e-06
-4.260243013086424844e-06
9.240969284096800281e-07
-2.653792587351851778e-07
-1.226830253386435065e-07
-4.771320249371733017e-08
-1.600810772255728121e-08
-6.493909996863007240e-09
-3.758129676111822589e-09
-1.520389138743209751e-09
-7.528907873280235830e-10
-1.821046295746233722e-10
-3.999195604620933388e-11
-7.134927826563204274e-12
1.706608154958727929e-12
-1.021187554816353593e+00
-4.222384026635237625e-02
-1.251254725289439439e-03
-2.939500222933710231e-05
2.290281957783715537e-06
4.888442745151271630e-06
6.272930638928593830e-06
3.258043294151290362e-06
-1.332001952944604158e-06
-3.570191476828545318e-06
-8.281083591831359329e-07
-1.230382149581995647e-07
-1.412910933199225121e-08
1.444154963519926674e-09
-2.458259513878811437e-09
2.264834504007622769e-09
-1.310172274331164177e-01
1.260611733856185045e-02
1.046436561654555961e-03
5.310407991200494275e-05
1.874632932361445310e-06
-1.816081277937470464e-06
-6.706475294523076335e-06
4.504662571074744841e-06
-9.122268034760522694e-07
-4.734971998945054825e-06
-7.050994063298711547e-07
-4.409977464884673118e-08
8.457461534442403945e-10
3.020095493822338241e-09
-8.985775085165315859e-10
9.137260778243430583e-10
6.002170098830565508e-03
-2.901387928003429807e-03
-6.796959804771579225e-04
-6.220734132145052341e-05
-1.724109170338757438e-06
-1.117051804260291682e-06
-3.613845401976226618e-07
-2.098047435998806306e-06
6.633648019239009530e-07
-1.442608750461083593e-06
-2.149643534206623780e-08
-4.815953436297376749e-09
5.984095263409022673e-09
-2.480141779462481233e-09
-4.463109689616422569e-10
-1.190173624468752509e-09
-4.843712778100963670e-04
1.708884496662542993e-04
1.755268485087269439e-04
4.155224484896375417e-05
2.826960998437464960e-06
3.940873553413474396e-07
-1.556990395233911402e-06
8.370282097466866875e-07
-2.037708612408416200e-07
5.772000440929805084e-07
1.122352322017854231e-07
-7.752570971704398433e-09
-1.078106600901820287e-09
2.914900124796009996e-10
-4.377587453526088342e-10
-6.683503702891123078e-10
2.786353439612642606e-04
-7.680654283652853134e-05
-2.798887761641155714e-05
-2.470502398986478367e-05
-1.694307455449298107e-06
5.880160696591070162e-07
-7.834088935008468293e-07
1.932784838522035776e-07
2.790982310295310887e-08
5.340901693561773454e-08
1.216106865000568113e-08
-6.530775505011880999e-09
-3.635299936905385176e-10
4.840681131453474774e-10
2.906251124312262926e-10
-7.094080407134387697e-11
-5.530342323952671378e-05
-5.463287524188121695e-05
1.013863460656557848e-05
9.493053738069589164e-06
5.271330032133079600e-07
3.338735380301237547e-07
3.804623426157531212e-07
4.645797980995222190e-08
-3.622676932720256069e-08
-4.654542991195123845e-08
-5.142879369666722866e-08
-5.351055845990588411e-09
-1.037854097081105803e-09
1.172716464686007698e-10
-7.189642429934681083e-11
5.263069741905055638e-11
-1.227969353195957215e-04
-1.455683697978810912e-04
3.339431980331675529e-05
1.196236522303149498e-06
-4.416107946098373748e-07
-1.008062288249303796e-07
5.742775667488913586e-08
-5.106090636327065926e-08
-8.402117609770077537e-10
-1.191283564339791899e-09
4.221792177088731164e-09
2.142479544569532075e-09
8.597233465620673240e-10
5.623609484230320447e-12
-6.368102041817407676e-11
8.059377964603599432e-12
6.658783143627321449e-05
5.466720436967087540e-05
-2.328481233505833663e-05
-3.949964402695941455e-06
-6.916422472031834208e-08
-4.169695787248863215e-08
-4.515115225959066439e-08
-8.181346778788420914e-09
-1.172213694604856201e-08
3.528248022132136984e-09
-6.568294922045908685e-09
-2.174119131906928817e-10
-5.061105510907061823e-10
-1.190152234584316461e-10
-2.714674307187391246e-11
6.672772354450313075e-13
-3.886402550719328738e-05
-2.997202389026210374e-05
1.922275200564280511e-05
3.848799652710430576e-06
4.810627910368325468e-07
5.644812596318713822e-08
2.789685380925554686e-08
1.287858574921446977e-08
1.305378563791872866e-08
-1.587109688394708759e-09
5.201166910428198138e-09
1.463274183440990349e-09
2.997765870666921075e-10
7.325357939405480476e-11
2.742398638001664249e-11
4.230674011989986284e-12
-1.826172931818921853e-05
-1.770286125956867221e-05
1.218788680302041128e-05
-2.056546817363572452e-07
-3.811163651716146555e-07
-7.326884071458398797e-08
-2.112610822311330381e-08
-1.090104804746943355e-08
-5.311354781354976086e-09
-2.992704170629369034e-09
-1.896880023588905331e-09
9.013608746713053570e-11
-6.509484610379027810e-11
-6.119076363484208548e-12
-7.145209123530781329e-12
-1.233329470509050315e-12
-3.101421838280828570e-06
4.796648702930765341e-06
3.688166376587276007e-06
-1.235587804137556552e-06
1.400380202400988668e-07
4.194906073002255188e-08
1.275033607318112664e-08
6.584326708909897729e-09
2.050491265035008526e-09
4.047588338579361684e-10
1.407243246532756444e-09
1.466447753056513989e-09
1.087469315408309035e-10
6.908678621181292445e-12
3.446718231802839647e-13
-1.482782983959253667e-13
8.034161288113965405e-02
3.396944284950911830e-02
-2.273894832148458042e-02
-1.628779178539503832e-03
-7.817105201611733250e-05
-1.507092823861022174e-06
4.298751481007393646e-06
2.396412316864783198e-06
1.526957131006324773e-06
2.860089823197794452e-06
2.386506758876915097e-06
4.410152109271528304e-08
-5.775482000736487757e-08
-1.111845103243996944e-08
-2.171478922024004024e-09
3.090385634991862621e-10
-5.596562477779426037e-10
-1.114966288772858104e-02
-3.593872721455408994e-03
2.673609132636664207e-03
6.312693693256104079e-04
5.734769784140331383e-05
2.834056604166029281e-06
-1.464247528230546253e-07
-1.214190257423929906e-06
2.948754832783565711e-06
-8.854347834104357381e-07
1.035667325426699670e-06
-8.616481449303568822e-08
-1.848796073894823149e-08
3.936685405096445623e-09
-1.893241620735946880e-09
-2.158249986849572789e-11
-1.146759944834658115e-09
1.038215601527736577e-03
6.041692902256313915e-04
-1.545818166907316599e-04
-1.798962395511982139e-04
-4.374364653779932939e-05
-4.753095762476017214e-06
-1.316272060471251096e-06
-1.543284377472507465e-06
-1.682515645005734796e-08
-1.663563719921146629e-07
-5.689324198643895390e-07
-1.001649643992620945e-07
4.413121440817745337e-09
3.797045803878743921e-09
-4.632387383194081353e-12
-3.028755980470608872e-10
4.362627665685923676e-11
-2.144009379723325697e-04
-2.185159805355453273e-04
8.120104473488063269e-05
2.744599906891546972e-05
2.530053641060433852e-05
4.079551918565436997e-06
1.683856053510543412e-06
5.310480529681725107e-08
-2.486601256170613130e-07
-1.007697298233545562e-07
-6.642034707123950415e-08
-1.082944251621282040e-08
1.205492635178578692e-08
-7.234419260324248324e-10
3.288493855528788951e-10
-2.485478765794513660e-10
-5.059387979144970581e-11
-2.704449173611940421e-05
6.797556505028763229e-05
5.719996483845681597e-05
-1.040116736756250647e-05
-1.105407601816954699e-05
-2.135706580375836446e-06
4.784244927246027598e-07
3.162879052822017376e-07
1.362473484098199285e-08
8.036992135756973321e-08
4.994997892466855295e-08
4.596739152671757777e-08
4.580087083202450701e-09
-4.031991956894117896e-11
1.186019268298491972e-10
1.722078556489199610e-10
2.743266960894828704e-12
-8.858757438877136600e-05
1.025163087393241376e-04
1.441483701245271942e-04
-3.292019887333131267e-05
1.705535704849045860e-07
6.596845088480357642e-07
-2.997209980278759141e-07
-1.106803336410273209e-07
2.006450471052424022e-09
-2.371131643212945984e-08
-1.149625923290772953e-09
-2.573050825525618454e-09
-1.989390990990086346e-09
-7.394191096906803409e-10
-1.306384770933334191e-10
-5.669106008877727372e-11
2.672362044043831904e-11
2.164020201061968106e-05
-6.256664853703212557e-05
-5.455432787601516986e-05
2.292618412189530904e-05
3.415814820749134944e-06
9.257706852826501902e-08
8.132423853519113433e-08
7.808777834038706493e-08
3.020572382338513766e-08
1.666940750514094184e-08
-4.205730309988190806e-09
5.854677262761714204e-09
-1.207354576886686528e-11
3.562308803923552984e-10
1.172159311293253658e-10
2.039326583949445728e-11
-4.171549254248678620e-12
-8.026241697686672960e-06
3.780196590308259377e-05
2.996310776499940242e-05
-1.906342970982435742e-05
-3.716619555749937578e-06
-4.825515505689332380e-07
-9.766450966046511331e-08
-4.827419971326578514e-08
-2.176235156917222877e-08
-1.504655180465363052e-08
1.547044733168710389e-09
-4.918948817985870602e-09
-1.268747120930790133e-09
-2.388975347519793565e-10
-7.572768729679587638e-11
-2.293339942088544094e-11
-6.641172873289021440e-12
-4.065315428456244471e-06
1.777974864374866167e-05
1.767971758415234454e-05
-1.219576947811668113e-05
2.004305824168393880e-07
3.941078520443841726e-07
8.805719110650008320e-08
3.621520592963988791e-08
1.960052001549862553e-08
7.152121922307482959e-09
3.401874455766677369e-09
1.455321778677551783e-09
-5.830276281190280874e-10
-1.760458273865009656e-11
4.519233069785583552e-12
1.067066908973381507e-11
8.631412173963859667e-13
-1.688573643372834223e-07
2.892643005543346743e-06
-5.453220416901249081e-06
-4.020986940091049027e-06
1.277357786884111404e-06
-1.207137384891707988e-07
-5.971800067729068704e-08
-2.249341510534188933e-08
-9.439248875072622015e-09
-3.101711618056782976e-09
4.786884996283413048e-10
-1.228153939097944154e-09
-4.714428077712924139e-10
-1.300918630140199451e-10
-2.105918235725823288e-11
-5.775839229756865803e-12
1.023282225268674493e-12
-1.511370161478192975e-01
-4.423443819256165505e-03
-1.112841936673576097e-04
-2.261851286736047068e-06
1.126406506083793599e-07
8.428132764821264814e-07
-1.610460040997036946e-06
-1.973872442426177477e-06
-1.889908361548005380e-06
-1.156992060146886836e-06
-1.714684828469405532e-07
-1.100304733698784052e-08
-2.087457789581566577e-09
-1.544754342053384430e-09
3.167410632242249177e-10
3.053256744415336477e-10
4.820216915560100734e-02
3.778205195626663498e-03
1.811815372586171103e-04
7.446428289642748925e-06
-4.399041508629813942e-07
-6.279825991037813821e-07
-4.277000874952270310e-06
4.733833569409449382e-06
-2.631828867794707641e-06
-1.153371532691668585e-06
-9.591476167057657091e-08
-1.114765377490768336e-08
4.277724013983966389e-09
-1.334527459528119102e-09
7.185744697185129080e-10
-6.875675088023081377e-10
-1.259499368139001090e-02
-2.428603066002226786e-03
-2.193326695451738406e-04
-9.612364789833912972e-06
-1.381537071458006316e-06
2.742670163085490496e-06
2.820801595872129814e-06
3.236465433982224619e-06
6.463265027523578062e-07
-1.292095912693526414e-07
3.173126893656370521e-09
-1.255121829005470605e-08
2.363093690702366557e-09
1.628341715386072977e-09
-6.092723739795429901e-10
-1.141611748430742828e-10
9.964648144218770168e-04
6.977710051604258225e-04
1.343005016097593833e-04
1.031502498488613063e-05
-6.632803612783830758e-07
-1.349161652479537065e-06
-2.670851732008646036e-06
-1.294944182464568194e-06
1.103842525781177953e-06
1.896209339546838695e-07
5.430173937502137734e-09
1.113967573991866890e-09
-4.270455521082439093e-09
8.399596316486310024e-10
-1.053350447222562863e-09
6.145413136931381722e-10
-3.443362674676488772e-04
-1.383134250535642473e-04
-7.080882172060408062e-05
-6.643592266741439188e-06
1.362641684260321440e-07
1.553871999471582657e-06
1.148849416392898158e-06
2.431106773147630864e-07
-1.014033552490876295e-07
-5.895384215114315186e-08
-2.926405034759232062e-09
5.253406142365250715e-09
-2.949321668435660325e-10
3.915565918822932717e-10
-3.124975503730574233e-10
9.904630874124538530e-11
1.347985597111819086e-04
6.116014548669676336e-05
3.112233184881143519e-05
3.604665524414702950e-06
-2.224320467154395738e-06
-1.520039849453484796e-06
-4.105457635570539338e-07
-9.241866248294607210e-08
-1.101246514467415675e-07
-4.630159874075414596e-08
-8.598719014677568424e-09
-2.645258497622197738e-09
-1.017573140327882308e-11
-5.558571999726637677e-10
2.371486285756720687e-10
-2.055902524340661295e-10
2.463869829934447488e-04
1.063688590965067922e-04
2.436846247416847205e-06
-3.594184909728811322e-07
1.768985844100816004e-06
9.732597636415000933e-07
3.124017602076117426e-07
8.668614827914551159e-08
5.333308057208035914e-08
2.121993383681831150e-08
8.434023766225266575e-09
1.660449279705668963e-09
6.142030561261354428e-10
2.202489743777029504e-10
2.109246690013057894e-11
1.572586085776975948e-11
-4.923158935740110819e-05
-7.879079476298991283e-05
-1.238215637092489193e-05
-1.402820926751779892e-06
-9.152169028490150547e-07
-5.237417748090138533e-07
-2.227125603823206913e-07
-7.545484638427765272e-08
-2.188205163359237401e-08
-4.380820686387365342e-09
-4.617594523356924590e-09
-1.031813831741913203e-09
-5.351991553910034490e-10
-9.411374459915482360e-11
-3.634536035984680440e-11
9.044177203579935444e-12
1.776537141636249945e-05
6.369094719936082432e-05
1.334361021508154802e-05
2.026605199164693819e-06
5.899759928468483064e-07
2.764430524418342618e-07
1.286819388221177119e-07
4.426999397247508545e-08
9.910291133440833510e-09
8.553714746564332716e-09
4.080980723019949983e-09
7.320349462388572455e-10
3.781126166966610355e-10
7.428704296358764050e-11
1.417570958731381020e-11
-3.623399383374230848e-12
1.946640478910994910e-05
4.475768613745219202e-05
-4.835723457494942096e-07
-1.431108686964196986e-06
-3.859778776074376551e-07
-1.505234791068930113e-07
-6.634388131065128570e-08
-2.518916851690815460e-08
-4.822708729244063331e-09
-5.759091517593308455e-09
-2.432060394312319032e-09
-2.718961832999452928e-10
-1.116880031537647672e-10
-3.733304462936406685e-11
-9.819944379219516927e-12
-2.257367687919679031e-12
-4.896079398611449823e-07
-1.484212566937297698e-05
-4.776537133647318511e-06
3.752459907919067600e-07
1.889153931332676549e-07
5.953392455880064969e-08
2.662339993347718688e-08
1.144743241662464656e-08
4.750490345518568199e-09
1.816256018893806554e-09
2.509949484250531852e-09
3.062611384070618433e-10
4.127335755585222967e-11
7.742508661033750400e-12
1.183521817971950028e-12
3.681126489407670827e-12
-1.727095599252249369e-01
-8.580660883604718236e-02
-5.806125812670657853e-03
-2.696268684822781961e-04
-1.230514280105012050e-05
-2.513885708888873107e-07
2.926995066329063605e-06
1.444548532243972670e-07
-1.097721512908852791e-06
1.795141670346318886e-06
3.206539980806346777e-07
-1.244874685745301912e-07
-1.947128664940286395e-08
3.620870738699571695e-09
-1.279444069974165303e-09
4.367162911089847453e-10
1.154829185274776807e-09
3.632847454515720446e-03
1.153429176975747338e-02
2.261587274123829771e-03
2.078120234516777015e-04
9.099517011679821715e-06
1.237922539962386720e-06
4.573541915335145555e-06
1.109518828757146693e-06
-8.182740773914469066e-07
-1.312463656246793652e-06
-9.408538059910337325e-08
-5.012284842584409643e-08
-8.640755121024885491e-09
2.821038824532552427e-09
3.214319110726054357e-10
-5.542270939113115539e-10
-3.364428773620416677e-11
2.732521065069564987e-04
-9.354792192078449295e-04
-6.977257681644656899e-04
-1.315015731473085714e-04
-9.234882624664946224e-06
-1.178803964419345843e-07
1.461020373538381307e-06
-1.981899713507799796e-06
1.130423008694093988e-06
-1.241612618134934816e-06
-1.681734452498303886e-07
6.881721934307513476e-09
1.018469602504827857e-08
-1.370963551565385009e-09
9.834163367061903064e-10
9.314282957008084435e-11
-2.501077458656229655e-10
1.042730256263705148e-04
3.623223318617557862e-04
1.404258979004700792e-04
6.878898109921663124e-05
5.607554358154866557e-06
-9.805819550597173657e-07
-4.447419763841967595e-08
3.372693023390621117e-07
-2.749668874366192959e-07
1.105192469235025565e-07
3.781450951076649578e-08
-1.357929230963226105e-08
-2.964382981861491896e-09
-6.303297815402785285e-10
9.122599739493401084e-11
1.564919330357059411e-10
1.298477158075113969e-10
4.346794552278386877e-06
-1.312684847198232029e-04
-5.836282308313042153e-05
-3.023181719159739981e-05
-2.254788422351826281e-06
2.231498422726594415e-08
-4.616252796422536620e-09
1.152238436900856032e-07
2.245533480852730146e-08
1.259292857562740986e-07
6.600496183134689489e-08
1.731907663232567475e-08
2.473919113203110552e-09
5.731850875846702573e-10
3.452932399807197772e-11
-1.171495377184083895e-11
6.326334094141034190e-13
-2.306308475987331021e-05
-2.480862205412023348e-04
-1.078904471754740845e-04
-3.073526022460577172e-06
5.639127509430420092e-07
-1.714749957700863835e-07
-3.567533240873961737e-07
-1.269710646745528191e-07
-5.631806365723333684e-08
-6.898340580992977057e-08
-3.419804279253039361e-08
-1.164325458423274856e-08
-2.259388524008622729e-09
-4.486257678087471756e-10
-6.990699543304716912e-11
-6.665026414122887037e-11
-3.893912634191029459e-11
5.227192508186116474e-07
4.896670633166043597e-05
7.920731391568164585e-05
1.257117102612231976e-05
9.194179602137074400e-07
3.863805993433936140e-07
3.221368063939992339e-07
1.479378310092463242e-07
6.481694842128282189e-08
2.985911126014949565e-08
9.959929373594475964e-09
6.025892853170757245e-09
1.408809416716657022e-09
3.551275554943257802e-10
4.025602887988591135e-11
1.706506122197377618e-11
2.058510224393543334e-11
4.416425292299257617e-07
-1.763577495386715324e-05
-6.381243720397193760e-05
-1.330622672401061812e-05
-1.774477356159985607e-06
-3.951448978993775246e-07
-2.233107476373013053e-07
-1.023830001613730884e-07
-4.494956533116205516e-08
-1.484107682771817052e-08
-1.110551227239842593e-08
-4.826623674719015389e-09
-8.938317273517974580e-10
-2.966347350920956405e-10
-5.648406394183491653e-11
-2.244482989050078562e-12
3.669011055053056262e-12
-1.703949275202708350e-06
-1.955258548420839220e-05
-4.470145099946150200e-05
4.286576439745649291e-07
1.281854938384599730e-06
3.298313135715094161e-07
1.409774183263929627e-07
6.531733446198073848e-08
3.007888324997048707e-08
8.553253272242540301e-09
7.906233269217813248e-09
2.165989076777438667e-09
1.907588059276419538e-10
1.189585433579541264e-10
2.656593538551542241e-11
6.824222773064048564e-12
-1.825310841662259048e-12
-7.961035612383348107e-08
5.762640523273256464e-07
1.483164822984349483e-05
5.062165746546131738e-06
-3.193894147981704174e-07
-2.274711235428308137e-07
-8.426261844337338317e-08
-3.793775411636727853e-08
-1.986544336421186397e-08
-1.018530771673240004e-08
-4.127381048974000937e-09
-2.482771783033546104e-09
-3.499846349970220817e-10
-8.497676122510348865e-11
-8.279640792731884355e-12
-1.705554319583759694e-12
-3.623077502430001900e-12
