1.321857995157932064e-01
1.029106802397878440e+00
4.242035412177482673e-02
1.257595872854571631e-03
3.306982939145132895e-05
3.748006407716708457e-06
3.189670487304248219e-06
3.922680519739993289e-06
-4.160894135000962920e-06
8.017794179431633249e-07
3.533708200591006477e-06
9.032869774495501138e-07
1.196264391505117391e-07
1.081175586667249880e-08
-1.296602102321608635e-09
5.386261737824098365e-10
-3.110575762792392236e-10
-4.609578520938582141e-02
1.243298455680855313e-01
-1.294274419233516771e-02
-1.057839921090703364e-03
-5.405686967415061160e-05
-3.735818753882459286e-06
-4.174074309696855979e-06
-6.093562156033327283e-06
-2.177245195413920680e-06
8.743865350952898439e-07
4.979615078975823880e-06
7.082139485563301161e-07
5.973035644143009598e-08
1.934950030030960700e-09
-5.230728389221510602e-10
-4.297121056420568954e-10
-3.537456228977912951e-10
1.204860207932358443e-02
-1.628158051778348311e-03
3.257754629814111746e-03
6.980699201576106433e-04
6.191092430865994720e-05
4.414804226889019037e-06
-1.341301729631281690e-07
5.230470804763801493e-06
-1.710632196793771818e-06
-1.212875842170089613e-07
1.331248742958208829e-06
-4.186799409898038528e-08
-2.133516067227472441e-08
-6.900519627338772485e-09
-8.404716779067178532e-10
-2.462644355878145020e-09
3.625419615841686072e-10
-1.095454384075095775e-03
-7.375631333017883349e-04
-3.823083435464521770e-04
-1.913258820597035185e-04
-4.211880553762438939e-05
-1.601437586627447282e-06
-1.391614414196480650e-06
2.144291598355343628e-06
5.014903335943493239e-07
2.486942821179033936e-07
-6.168559523198605647e-07
-1.029095853510354042e-07
8.772013592149437355e-09
-1.889584302891118383e-09
-1.049754671533126676e-09
2.754513829133090352e-10
-5.096508490302189996e-11
1.847794047554278103e-04
5.537675254351588721e-07
1.726767350105577054e-04
3.622167243778988942e-05
2.390212538042557432e-05
2.143023575707218863e-06
-8.934037921462489044e-08
-4.286947206006312929e-08
-1.191831592571159084e-07
1.805331856497983365e-07
-1.103495218999887076e-07
5.193123417737905132e-10
3.786514902512429069e-09
6.436058572063652717e-10
-8.573052541071752304e-10
9.219360098823193229e-11
2.667006517789461745e-10
2.418777412003214578e-05
-8.162794349603204422e-05
1.289866422539214744e-05
-1.430562487175288184e-05
-8.193819438673323225e-06
-3.502821976351515328e-07
-1.652131920808093123e-08
7.995582413859829542e-08
1.503229060804763541e-07
-5.323040778086538194e-08
8.427991254130251553e-08
5.250571549727326273e-08
7.904661028679162254e-09
5.500719383971629267e-10
-1.069272106864155052e-10
-6.250568482691069537e-11
1.800511739958764404e-11
9.164277195103755821e-05
-5.943135635522724206e-05
1.431255504064110097e-04
-3.343406133409272419e-05
-1.467892010037251433e-06
-7.308425481549561047e-08
-2.387660493046945606e-07
-2.672137484675238707e-07
-1.156159415768956038e-07
-3.254189286306784986e-08
-2.318471938461632199e-08
-5.903701946869494848e-09
-3.677361829737782392e-09
-5.344828566000823562e-10
-1.066377430508973170e-10
2.931836435304937828e-12
-5.426524635306339347e-11
-2.090170654627087008e-05
6.025644142089856594e-05
-3.513349108685254971e-05
2.528100705458932173e-05
4.345771036252015525e-06
5.418826346330581889e-07
3.264986581903926987e-07
1.800855835113562898e-07
8.660309186064534628e-08
2.182280391010920087e-08
1.295318419655896611e-08
7.784596933136774715e-09
8.318447854925845132e-10
2.758964634349843300e-10
1.544588096791965596e-10
4.232670909058687949e-11
1.813659890888077207e-11
7.589523597914742088e-06
-3.756592809097441719e-05
8.257401319736569836e-06
-2.191085279524698518e-05
-4.359324525360375936e-06
-8.015388305824873065e-07
-2.255792617078490806e-07
-1.141692340728830525e-07
-5.031888297252013482e-08
-1.692498131889224933e-08
-5.150782575360593533e-09
-6.737832982541666830e-09
-1.915203042260119713e-09
-1.926873250275634507e-10
-9.713887661505289489e-11
-2.162592930258714602e-11
-6.525225756905963747e-12
4.212997988221350091e-06
-1.472846797983902900e-05
1.692106063637651759e-05
-1.005683958814507391e-05
6.845712919795113548e-07
5.714040347389473776e-07
1.659591491032695375e-07
6.359580195997417831e-08
2.367956285966770458e-08
9.963931869836308606e-09
8.734065321635828707e-09
2.422696294825356589e-09
2.582248993747634616e-10
2.586664709629566569e-11
2.370422510154397690e-11
7.083929620846293847e-12
-6.060293584740162646e-13
2.668954270634219319e-07
-2.521541055126500428e-06
5.044914414068107967e-06
-3.928621324871052917e-06
9.682170268766509716e-07
-2.196232539143265900e-07
-7.916981456372665841e-08
-2.687499816546187112e-08
-9.550778545259491116e-09
-3.960190032096768105e-09
-2.352089167628655697e-09
-1.556255627157645632e-09
-1.606398484642208121e-09
-1.094145156762489491e-10
-2.299037067361534277e-11
-5.048109458859039404e-12
8.528811333131573206e-13
2.362995720899311453e-02
-2.322325606538112874e-02
-1.645975411590202718e-03
-7.937182802584263083e-05
-4.854988143715008436e-06
-1.886176978514983712e-06
-1.354698787237429550e-06
4.416635927259086815e-06
2.237565053811224357e-06
2.367914382274817821e-06
9.517753902345594601e-08
-5.993356386131981445e-08
-4.943617671450813270e-09
-8.513920282117444340e-10
2.172671140182822855e-09
4.756630342465638471e-10
4.651954256498620440e-04
3.008355268532338176e-03
6.487927805021787616e-04
5.794123793915585897e-05
8.949975200419825634e-07
2.072338919115569900e-06
-1.550022362209290404e-06
-1.003819329351448739e-06
-2.500917811559096886e-07
9.905012988577188293e-07
-7.282794202379689775e-08
-2.845056273829912314e-08
-2.013717420450768803e-09
-6.438950534418848736e-10
1.067216502752182805e-09
-2.993334015092729573e-10
-6.329038426827659960e-04
-3.690418661811583939e-04
-1.947631621263218673e-04
-4.181355453390266428e-05
-1.518203518524729478e-06
2.696083788168993200e-06
-5.914125705173317569e-07
8.141227532674803201e-07
-1.784608151894500257e-07
-6.073928945804275841e-07
-1.279892174568740490e-07
1.339810008013634193e-08
3.172300430910177793e-09
1.091047884569382449e-09
-3.136338182539765019e-10
-5.096999129455798422e-10
5.340077297154688076e-05
1.798874836455282699e-04
3.673683494648474919e-05
2.258564594241098739e-05
6.090904581351068939e-08
-1.284730691430207619e-06
-1.660044016366997979e-06
-1.107988416154616344e-07
1.700478581995826969e-07
-7.417009252440454102e-08
1.107603770622400785e-08
6.570435995477812975e-09
2.731050233563232778e-10
5.735045078017308833e-10
-2.371342493635044199e-10
-8.049332315058736162e-11
-7.055784634780163820e-05
1.419948687347047882e-05
-1.531224240559693979e-05
-7.065626033853137139e-06
-5.247186299256756477e-08
1.871894000573010450e-06
9.607283344540698445e-07
1.654292064368204211e-07
-5.233500323531017593e-08
6.368901077306258431e-08
4.748730649566174912e-08
6.509442953452128604e-09
3.664426740178210982e-10
3.604734578766127408e-10
-1.167350535029058143e-10
1.351601165720638080e-10
-7.768059207106093570e-05
1.424426439878778922e-04
-3.302281194089250053e-05
-2.563091841882155187e-06
-6.556447751621537872e-07
-9.712974424171274702e-07
-3.396930868529836886e-07
-1.377300328972453913e-07
-3.048889967898441646e-08
-1.599713209459973979e-08
-3.313016378693398538e-09
-3.208776057310382516e-09
-7.656470978377197320e-10
-3.242561817591021609e-10
6.544563786326133836e-11
-6.096024585256959790e-11
6.323946505076339687e-05
-3.525085499382843169e-05
2.528273669490169252e-05
4.914353472380441994e-06
9.334332884421477876e-07
4.501609740780490982e-07
2.209325975389705627e-07
9.285496527177908286e-08
1.426197263781308779e-08
8.668866499978078256e-09
6.321679843295108031e-09
8.268278912927628776e-10
2.664470157831738128e-10
1.677622113632939648e-10
1.756496063683354756e-11
1.053498387649574472e-11
-3.831462844640616750e-05
8.228723424865430438e-06
-2.196149655417682376e-05
-4.600987882782577506e-06
-9.308605521972433770e-07
-3.077847690485983122e-07
-1.381127792954571156e-07
-5.106093864554642407e-08
-1.402388573252341522e-08
-3.298802121937030509e-09
-6.054116234266181667e-09
-1.847695191661224359e-09
-1.847211778177831531e-10
-1.062612888140903084e-10
-2.506543339826880559e-11
-3.083471663918561171e-12
-1.525626562368534396e-05
1.689429275143615827e-05
-1.004976851204915250e-05
7.895663381967772939e-07
6.262302913350397663e-07
1.972139563191898682e-07
8.168666930874652604e-08
3.083313740157611954e-08
1.035021386478319775e-08
8.132072762481226178e-09
1.888506947139998615e-09
-1.723617003094556978e-10
-2.202832786180095249e-11
3.874581571785254815e-11
6.812183559310795653e-12
3.720918747012967552e-12
-2.834270757650782428e-06
5.173552813999022568e-06
-4.141119616603898119e-06
9.013929085563526942e-07
-2.446941908927176775e-07
-1.215861588830251821e-07
-4.569197709441301115e-08
-1.502983373847829260e-08
-6.428175740957794574e-09
-4.125381342381221217e-09
-1.471711058559785542e-09
-8.058734231016462252e-10
-1.554833743356782015e-10
-4.999678629240176905e-11
-7.719790463324854198e-12
-6.830988888795298116e-13
-1.021182892906465245e+00
-4.222651469133974905e-02
-1.251307650298766339e-03
-2.977266036664602186e-05
2.594382823972482065e-06
5.218974671199762182e-06
6.062125120890882586e-06
4.022257352142740188e-06
-6.498041909512681476e-07
-3.466751933922340543e-06
-9.026541061064103320e-07
-1.154441394466090130e-07
-2.072354340239415932e-08
3.032011849926825873e-09
-3.733253706157079234e-09
2.329014149759936143e-09
-1.310219785468001163e-01
1.260652546494945951e-02
1.045992382768067821e-03
5.200915055562988962e-05
1.890398219109965349e-06
-1.117014536629214677e-06
-6.155174659487815206e-06
4.675174608065473894e-06
-5.192164690440281929e-08
-4.830513071828318857e-06
-6.900280501894081733e-07
-4.869913902095785116e-08
-2.340967149044427260e-09
3.993988394223388002e-09
-8.331933530197543759e-10
1.198159696042567187e-09
5.995641912782265041e-03
-2.902297813041707607e-03
-6.793402323394305293e-04
-6.266030997658247426e-05
-1.999546590414306578e-06
-7.376893869134801735e-08
3.006448557835467756e-07
-2.629731581510189644e-06
4.607618007101608628e-07
-1.403840806949962288e-06
1.876118454050882061e-08
7.018779985454297796e-09
1.046959376268834757e-08
-1.315629476254709918e-09
9.540469936947586059e-10
-5.155477828845045055e-10
-4.848111333807700557e-04
1.685040142805026276e-04
1.765104413449356978e-04
4.137948472619348080e-05
1.657881392055618817e-06
8.278982026403987414e-09
-1.300921246882657140e-06
9.580733408564608952e-07
-5.069184227729772625e-07
6.899453713019244681e-07
1.308077840933178313e-07
-8.786087290638280610e-09
1.343188887360398639e-09
1.131836272265529020e-09
-1.517869811783937086e-10
-6.029994156236557860e-10
2.623693671710159033e-04
-7.040343301686648712e-05
-2.734367011318467429e-05
-2.473873074653878954e-05
-2.560453584943778575e-06
2.364387608996645505e-07
-1.100030969753700774e-06
1.294833830280509074e-07
5.108083387034927842e-08
5.689584057292677646e-08
-8.953214106650389442e-09
-4.614938746595554352e-09
-6.538949454711999284e-10
2.976667137492277584e-10
3.842880750521651942e-10
-1.235606101883792573e-10
-5.499840773233804982e-05
-5.249270074297911003e-05
9.894946706256427084e-06
8.318224364913565807e-06
1.013598176412958497e-06
4.839584837998146754e-07
4.266593193347933738e-07
2.293024198920956646e-08
-8.904283907847840687e-09
-3.267898334214178235e-08
-4.819863430381899485e-08
-6.364425537236794994e-09
-9.191234992958275608e-10
1.058537958640164660e-10
-7.705510854075529901e-11
6.809910423264736727e-11
-1.252769524985029880e-04
-1.489265066845590186e-04
3.430918060737513792e-05
1.428796335035541849e-06
-6.003831354934510311e-07
-1.609417902323207743e-07
2.657589082608255731e-08
-4.983703236982195177e-08
-3.403101272431992826e-10
-7.514630729775796704e-09
3.160764289469173835e-09
2.833057401430622244e-09
6.749641360210258692e-10
1.326210300159877372e-10
2.553134568423104178e-11
-7.953967731207775001e-14
6.746443488423616952e-05
5.520645450405293705e-05
-2.372719362148800878e-05
-3.927218577866593701e-06
-3.424267819903439994e-08
-3.975529515226392543e-08
-3.465566854123921316e-08
4.439448761134531838e-09
-1.032398851407699769e-08
3.092544218210865757e-09
-5.888875688320552939e-09
-2.499484278053190078e-10
-2.533501222540933555e-10
-1.209651906052872926e-10
-5.884270202360262581e-11
-3.228476815931633664e-12
-3.873076440427987438e-05
-2.984883866188567538e-05
1.912382269945145082e-05
3.815869292069920196e-06
4.615942499901496992e-07
4.938793943288542136e-08
2.539935511896240784e-08
1.152405161057395670e-08
1.331154962461738543e-08
-2.824247912994158111e-09
5.297865527897113498e-09
1.578981957066565780e-09
1.239699926071783138e-10
7.681637312632382377e-11
1.381866584820296724e-11
6.724334368676368185e-12
-1.772438048450602851e-05
-1.720792457132535669e-05
1.187039766205961765e-05
-2.197686909878624197e-07
-3.707765814248857297e-07
-7.216673383010623578e-08
-2.131518720027617516e-08
-1.056056962372973342e-08
-5.548424620209388840e-09
-2.535107718179920298e-09
-1.953571705978270892e-09
-1.002595235156799041e-10
4.750865441938276878e-12
-1.452765128175489030e-11
-8.632934953355150871e-12
8.543258211789987692e-13
-3.096161492459428306e-06
4.629956661647220363e-06
3.604515316493007098e-06
-1.207280545095016040e-06
1.301031100950357855e-07
4.277994735979987889e-08
1.189205177492335287e-08
7.354298690527641436e-09
2.174520090411402663e-09
1.135866722839397848e-10
1.199454958072059332e-09
1.574503954662998379e-09
9.038667751911613962e-11
1.571419689132701376e-11
6.400023585657661655e-12
-5.669870445983121896e-13
8.034326794566731822e-02
3.397018110080967518e-02
-2.274014428158865897e-02
-1.629102775582641841e-03
-7.873643231707523171e-05
-1.584502266899670322e-06
5.016817437477046011e-06
1.610569571032885559e-06
8.592022446901938434e-07
2.452256174484487025e-06
2.410876199187366469e-06
1.270624600564289950e-07
-5.607749658497224845e-08
-7.606311318839606693e-10
-5.062199812109145886e-09
2.473365390411571209e-09
-7.994018289609338004e-10
-1.114571437590978174e-02
-3.592557820082290833e-03
2.670262841679439322e-03
6.305518892626116008e-04
5.834063358742869784e-05
3.205272150503381541e-06
-8.285287445686551108e-07
-2.688740607395404938e-06
2.448484609755123423e-06
-4.651478591083970515e-07
9.900104182561786991e-07
-5.958993402987074100e-08
-2.741144635656217824e-08
4.262931137261386551e-09
-2.737918723051279108e-09
1.606991676694699480e-09
-1.751707879570610760e-09
1.034991644828169672e-03
5.998428967966655274e-04
-1.541346986859336787e-04
-1.802664434284755501e-04
-4.538742137837753488e-05
-4.594743991928650759e-06
-1.333275950570662625e-06
-2.139210968934461326e-06
-4.574526147828452301e-07
1.480294325877101182e-07
-6.181983326081023711e-07
-1.338291377254169832e-07
1.040444379151496416e-08
1.675118415355481047e-09
1.591598007837930195e-09
-3.370043173354070595e-10
6.238303683428623945e-11
-2.063970911245065231e-04
-2.112477256132006746e-04
7.585646745586463913e-05
2.644943731941991821e-05
2.509638550697547503e-05
3.683667656422862111e-06
1.603061873584252861e-06
-3.066144382322115637e-07
-7.198145873913615160e-08
-1.443512703536400606e-07
-5.429389708508837699e-08
1.016475144555339272e-08
9.539750254866681091e-09
5.521993651397180226e-10
1.145340999659036984e-09
-3.884850636949472815e-10
-8.110757105779820332e-11
-2.477768643089932460e-05
6.674412118595077019e-05
5.486433407354109678e-05
-9.892956020208723425e-06
-1.106598491214510852e-05
-2.575230283029365553e-06
6.062100107915303820e-07
2.787368708256878176e-07
1.564168767050826831e-08
5.742381201965887190e-08
3.162087141906106474e-08
4.553932646551226760e-08
5.337212499277270780e-09
-1.783122837118452645e-11
2.530880363562239145e-10
1.769209133682289867e-10
7.510800660370339951e-14
-9.048460959781597492e-05
1.056621595703326747e-04
1.472010344209729238e-04
-3.394574304500289460e-05
5.114761705733601504e-07
8.105532750629808540e-07
-3.156875541127731305e-07
-3.359580052930953313e-08
3.450763916778690349e-10
-2.210685299590065847e-08
5.305390086765886559e-09
-1.637288325241012847e-09
-2.573822978161307933e-09
-5.056784440348196627e-10
-3.121292641446439304e-10
-9.230926338224875287e-11
4.672816933618226576e-11
2.161268791900036813e-05
-6.367070350673391160e-05
-5.488067310931331257e-05
2.338968030242666551e-05
3.242103504635216536e-06
8.403456907134706349e-08
5.975747848835874876e-08
5.696283304697152550e-08
1.939745946977343156e-08
1.436326374677052129e-08
-3.486328540248351058e-09
5.007008556690379911e-09
1.617127884810805768e-10
6.960154598315736007e-11
1.262474850268190494e-10
3.307391872518614287e-11
3.208440970060701166e-12
-7.871341857108233903e-06
3.765894931856026903e-05
2.977346423416887223e-05
-1.899023999890382685e-05
-3.660695971801465380e-06
-4.733805088883572603e-07
-8.487226437983571115e-08
-4.602748233143940035e-08
-2.011084125406144729e-08
-1.482663826035931288e-08
2.767358230649435650e-09
-5.010433966825210229e-09
-1.409420020198496221e-09
-4.053590320803352964e-11
-7.562309418788271101e-11
-1.280486544139756512e-11
-9.622951080858068583e-12
-4.006885552312629505e-06
1.729554391955514752e-05
1.719818533547723085e-05
-1.187289502207640344e-05
2.016023613819598661e-07
3.826674517775364246e-07
8.018566880401910629e-08
3.664944783858818067e-08
1.934177384045899801e-08
7.453224685710952346e-09
2.895669814318831544e-09
1.745682152138131372e-09
-3.993779969543052201e-10
-9.637994778332795164e-11
1.673849118659531521e-11
8.853329970115140819e-12
-1.764184014188368279e-12
-1.643350408683115878e-07
2.864672702848337533e-06
-5.266358620708934727e-06
-3.938837154782415534e-06
1.254467459371339274e-06
-1.066253058443502862e-07
-6.052010344521300257e-08
-2.238122043685752480e-08
-1.072201052297001320e-08
-3.661433436263241631e-09
5.259240911056197402e-10
-1.163478497883739814e-09
-6.580115145680356471e-10
-9.537757913527774042e-11
-3.508556040872366123e-11
-1.079158669235888090e-11
1.253453673293348658e-12
-1.511423136045325077e-01
-4.425574058808441451e-03
-1.113558510688521046e-04
-2.510108840215368076e-06
6.197288497727527222e-08
1.063122624829671044e-06
-1.422496027142180436e-06
-1.483579340266200316e-06
-1.606063850687420930e-06
-1.270179566066539225e-06
-1.586865858468662143e-07
-2.407632130187324464e-08
1.322970112193704395e-09
-2.929810862777216662e-09
2.854334021739616689e-10
3.480546877909808373e-10
4.820487159206127831e-02
3.779536955112069302e-03
1.809070342880234104e-04
7.489406185992538509e-06
-1.318566258293156368e-06
1.240916885218662667e-07
-3.530916079881100539e-06
5.255697039647601883e-06
-2.695913680326116539e-06
-1.209881352528832698e-06
-6.884624647653421020e-08
-1.579377773352608943e-08
3.725518803437528744e-09
-2.142467694550517205e-09
1.464162529346610797e-09
-6.320852106268899934e-10
-1.258823704757906260e-02
-2.426102321346360405e-03
-2.191517337452368000e-04
-9.025471724333976355e-06
-2.992552135821711117e-08
4.119750504812474800e-06
3.211165851210075776e-06
1.801792758140779882e-06
1.071030649784425249e-06
-1.180265988605627497e-07
1.042720352822154798e-08
1.560426405012737722e-09
-8.449240798228570922e-10
3.266799970369680665e-09
-5.216280774284060230e-10
1.015464927370113133e-10
9.941414375334357324e-04
6.971100140422285601e-04
1.349006625494799327e-04
9.945448321272081329e-06
-1.769136136865140325e-06
9.638860529405268916e-08
-2.996240397855846436e-06
-1.287381958337944057e-06
9.908914365676842031e-07
2.846016517907642319e-07
-9.310729595940602500e-09
-9.888072372445777617e-10
-5.153494279551177378e-09
2.458417248562019946e-09
-1.708667026787987018e-09
6.663501337887844111e-10
-3.241351603562661610e-04
-1.352118939747329893e-04
-6.925542065404614205e-05
-6.488610243661422624e-06
4.602514090572082722e-07
1.740431093369761138e-06
9.423849866724906182e-07
4.723616046687856344e-07
-6.824950472667179527e-08
-1.313746931575797545e-07
4.969641418948454435e-09
1.895789031813927412e-09
2.382107401935555438e-10
9.398200385574338621e-11
2.595174781093701993e-11
-2.322351265631210073e-11
1.345770825248589718e-04
6.013306113886462300e-05
2.984188141508730085e-05
4.150964928096754439e-06
-2.673313483998138314e-06
-1.721012888675467136e-06
-4.229225353548006233e-07
-1.320658658832955125e-07
-1.160555799162588178e-07
-2.295112754337846053e-08
-1.441401050915111328e-08
-6.835603656497978695e-10
4.180441179131585958e-10
-6.333327964727528588e-10
2.631815568304896542e-10
-1.489887209397205561e-10
2.516993909002310519e-04
1.097316367162002009e-04
2.333850974460682628e-06
-7.396476102673163933e-07
1.940281584415364188e-06
8.935618490736943010e-07
3.417962649820834604e-07
8.772564137746838331e-08
4.258477415946786343e-08
1.358618793038432288e-08
1.229385204584054124e-08
1.196522060823557556e-09
6.097370432644310158e-10
2.448139067592678679e-10
-2.576400209851239653e-11
2.688961394058755263e-11
-5.017135098392090713e-05
-8.051937665145299358e-05
-1.222405137606760530e-05
-1.283779887974332350e-06
-9.052105016296774190e-07
-4.759767837472823585e-07
-2.113034315963327393e-07
-7.577208004195786721e-08
-2.172124702366537501e-08
1.261320320281439024e-09
-5.823169747951692960e-09
-6.069972655778117033e-10
-5.195986697936333415e-10
-1.218572292912650307e-10
-2.742501328618086176e-11
-7.526464740861872570e-12
1.774259953796352251e-05
6.350859512565095117e-05
1.325250512901103179e-05
1.962832277235148372e-06
5.573051193279961262e-07
2.631741072944880133e-07
1.250851760679788554e-07
4.262430912149846645e-08
1.025155794445475517e-08
6.653753256841924663e-09
4.580041409244114199e-09
3.354847693436990968e-10
3.137412590274086589e-10
7.203981608361379568e-11
2.193003109382594071e-11
-2.617408083589112236e-13
1.897684008939558661e-05
4.353476283000067123e-05
-5.385705786778199215e-07
-1.395817263468727796e-06
-3.664288915478890544e-07
-1.488682253459377870e-07
-6.392872865048524724e-08
-2.467011949793061770e-08
-3.138872425367172121e-09
-4.979332605490388579e-09
-3.137657864995163476e-09
-2.860876849855894336e-11
-8.262640755916605836e-11
-2.628081544996317359e-11
-1.283310814592321468e-11
1.003617685180154601e-12
-4.725036611651864809e-07
-1.432920935602487441e-05
-4.633621063855730971e-06
3.610111052710830079e-07
1.853502505987627024e-07
5.710825764742851830e-08
2.568891793486743091e-08
1.102310203854119017e-08
3.525756318709100052e-09
1.312305687956130820e-09
2.747925500770977675e-09
2.484219695866083139e-10
3.806654156022200677e-11
5.968767927329112237e-12
2.277002174346167580e-12
1.485092711256954372e-12
-1.727067968791821118e-01
-8.580690079327187025e-02
-5.806274932725341564e-03
-2.689521571725973477e-04
-1.195178102748411444e-05
-1.763806170757866735e-06
1.272049589534988607e-06
-1.910372584765300438e-07
-9.481318579056391769e-07
2.229194020097691370e-06
1.205974181341671986e-07
-8.955390893207238786e-08
-2.086809377757148947e-08
5.400127570866462773e-09
-5.062494206247851974e-09
8.359353705810235145e-10
1.310613319480197004e-09
3.631102317051771323e-03
1.153269591357118824e-02
2.259845927221935426e-03
2.082575049943923538e-04
1.046712567947404685e-05
8.985059823781825819e-07
3.895208407815166822e-06
1.132029359552033828e-06
-1.935010361411976973e-07
-1.756315708211079169e-06
1.899362437058517346e-08
-7.282946764422333212e-08
-1.236633482077087960e-08
2.276610117316101016e-09
9.254782800072422587e-10
-6.967970516795227187e-10
-9.264049972026794484e-11
2.803959760005088342e-04
-9.279304001519236280e-04
-6.971561667375984371e-04
-1.323313733706197855e-04
-7.584752957882195957e-06
-3.980006406558147127e-07
1.704870779381673429e-06
-2.333653592061963844e-06
1.231355243704342133e-06
-1.191049999966999399e-06
-2.162603218929723403e-07
1.601961823567957007e-08
1.089287196066403897e-08
-1.045959316171130504e-09
1.767785583660279908e-09
2.113471133083050840e-10
-1.431560973774022035e-10
1.012389070359178187e-04
3.412142701567024046e-04
1.369484208742766096e-04
6.940631451420748983e-05
6.311321038328573726e-06
-3.235620184247719170e-07
-1.614733320389159289e-08
2.172367799850404959e-07
-4.765175532211703070e-07
8.880946944679360603e-08
9.477556917900001781e-08
-1.560445375617932060e-08
-1.174729449284560493e-09
-2.383026931731643328e-10
7.180049210441738675e-11
1.930751776988141190e-10
9.354935671374463627e-11
3.161659314101060086e-06
-1.303808427359737601e-04
-5.835881546930208951e-05
-2.840860517503257014e-05
-3.195324198754753402e-06
-3.867222788391587862e-07
1.687683717899771937e-08
2.626366840368744310e-07
4.329217567117197436e-08
1.413190464167549317e-07
4.149114692186512944e-08
2.281197383823926698e-08
6.792743650122399757e-10
2.847199105014750797e-10
-8.548820312907873649e-13
1.745303804910476056e-11
-7.962005555947284023e-11
-2.416085813027720735e-05
-2.537152205002095144e-04
-1.108124036647027742e-04
-3.390264703522978827e-06
8.737970942877106714e-07
-8.965146517943818846e-09
-3.324773386131438059e-07
-1.783168151159818774e-07
-5.789610067949987874e-08
-6.094370565528752636e-08
-2.453748321044827230e-08
-1.596995074793409003e-08
-1.537295724128583979e-09
-4.398950924211356263e-10
-6.512821699033613657e-11
-7.804495263685595516e-11
5.998994670929065290e-12
7.630432371685468229e-07
4.975817918159080938e-05
8.094574971753533215e-05
1.251133290754537318e-05
8.550820750607340233e-07
3.543411528397250433e-07
3.090801633857072733e-07
1.369704971352876701e-07
6.702666652721117479e-08
3.015901355601713589e-08
3.875549490675352360e-09
7.173218782394032450e-09
9.992005999751258600e-10
3.400725506286949347e-10
8.978731757933026563e-11
1.516318567691554720e-11
2.067269512505161373e-11
4.195621759867712363e-07
-1.753498221553967116e-05
-6.366570261218016888e-05
-1.322451096029856654e-05
-1.739250745358907093e-06
-3.712020778687585539e-07
-2.210100570703856189e-07
-9.932549424066740810e-08
-4.430062622053647004e-08
-1.496853501759441013e-08
-9.307066324635488247e-09
-5.244928480392195128e-09
-5.065687109896717461e-10
-2.417213136049550208e-10
-5.980735690458285924e-11
-7.245799497964453307e-12
-6.004542187210550833e-13
-1.684179470951693788e-06
-1.907531742539831315e-05
-4.344929221294458675e-05
4.891722817108973303e-07
1.261783383203360438e-06
3.159191220878003423e-07
1.392000996400157301e-07
6.397240974539632576e-08
2.932723012476935175e-08
6.691444686527483184e-09
7.397036387151452367e-09
2.879828979172346630e-09
-1.163137542106108266e-10
1.032710851160007156e-10
1.706880183226276329e-11
8.700886926461517008e-12
-4.047142081285818626e-12
-6.997462228960127425e-08
5.420818627988958784e-07
1.431816581466826268e-05
4.912832150649347895e-06
-3.145631946048542878e-07
-2.284771047689273461e-07
-8.011820926988607823e-08
-3.700584836415888472e-08
-1.847362659043652548e-08
-8.392259030712593920e-09
-3.106051090167831780e-09
-2.971316874862953821e-09
-1.965284901777415840e-10
-1.020111808538386286e-10
-1.761826530579286854e-11
-1.261468957343906101e-13
-2.908846290650517239e-12
