1.370760091537119307e-01
1.026456309103876752e+00
4.381934769572362609e-02
1.430671896058900586e-03
4.581252704840815256e-05
4.710944635018947593e-06
4.354100660437041701e-06
2.958975455088988402e-06
-2.793203567757564371e-06
1.003526989790999994e-06
2.523160046036086096e-06
7.394286906120101668e-07
1.057632877026613572e-07
8.457606189767941822e-09
-1.172569037242875992e-09
2.182347861608711088e-10
-5.021910338737004957e-10
-3.212353247362759179e-02
8.473224276723421988e-02
-9.017851305173898643e-03
-7.949562774437621748e-04
-4.469373027345420316e-05
-3.204304102233485714e-06
-2.127593384389824364e-06
-4.281065796898580397e-06
-7.660804224702968166e-07
4.705761713574769174e-07
2.712840786782807551e-06
4.627138423390672418e-07
4.648086997065881447e-08
-2.566030052643406292e-09
-5.954885727070676865e-10
2.091897927616465949e-10
-2.556124237858319923e-10
5.725674177231349429e-03
-6.771959000300744594e-04
1.561357277182499588e-03
3.497500906013858405e-04
3.474074469276342404e-05
1.432411887045777753e-06
2.137055716529373064e-07
2.563564507628055030e-06
-1.535551402800217925e-07
-1.398805289713741699e-07
6.102309128367210674e-07
-7.736980119028987580e-09
-1.002475680104599205e-08
-3.245742369948180043e-09
-3.065728896627356735e-10
-8.381669425089008657e-10
2.110907155207334057e-10
-3.033144817148593028e-04
-2.935792632784699641e-04
-9.845804848833250155e-05
-5.999605134741470942e-05
-1.444810598106103570e-05
-3.109129182947512329e-07
-1.224813939553236673e-07
3.364022799468752386e-07
4.316584223143777031e-08
1.090231511644851706e-07
-1.256797790672245748e-07
-9.524567886103386051e-09
3.965656816670490535e-09
9.950347031134800891e-11
-1.745434548781994480e-10
4.891765739364586582e-11
1.678055842231804866e-11
1.208810826090985950e-04
-7.554880473086013056e-05
9.351955991462807319e-05
1.207392006313380004e-05
5.044769077475414098e-06
4.236114859763075984e-07
-1.449949537039940672e-07
-4.168328752462092580e-08
-4.235541774619427211e-08
2.688369240606017227e-08
-4.297935550418300248e-08
-6.498235761379092291e-09
2.523682241785766482e-10
-1.383020507004966520e-11
-1.374394930700866811e-10
2.933558282627664110e-11
3.635370048322138078e-11
6.599602418308249238e-06
-2.744243627927765066e-05
7.737809726725210737e-06
-4.661562596194690338e-06
-1.145803673233171639e-06
3.905983568343111831e-08
6.826335771661796296e-08
4.965035375759023974e-08
3.339346487571952688e-08
1.519615439544959389e-10
1.834025006479617526e-08
1.172110041898889887e-08
1.777201845021468308e-09
3.013679391739281604e-10
2.094160355519465303e-11
2.814943502900640206e-12
1.056507712312990257e-11
1.513629611142363358e-05
-8.399545670275690245e-06
2.318830068272582774e-05
-5.519989522777187866e-06
-4.608084184495398010e-07
-9.989239319704869072e-08
-6.879735168479443362e-08
-4.983709888760017048e-08
-2.303485280684876781e-08
-8.265644305410585215e-09
-4.331015802337623275e-09
-4.536226850070784934e-10
-5.690428097715081453e-10
-1.400171743617987012e-10
-2.203528707897613748e-11
9.270184517623112596e-13
-6.026399014707148181e-12
-2.473114873959344582e-06
6.770160274535646368e-06
-3.988665517972657024e-06
3.037958190290675581e-06
5.805690528354458200e-07
9.881363752431795447e-08
4.734452899926325688e-08
2.351275677833809066e-08
1.201121031070318279e-08
3.675087240114808618e-09
1.795047177710055496e-09
9.983904940419957435e-10
1.491974906832385176e-10
5.623788957349330844e-11
1.742486288044518111e-11
3.680802531850413444e-12
3.708917972386478381e-13
8.327489590415344968e-07
-3.381951541499510844e-06
1.285708600535145775e-06
-2.092289452605718899e-06
-4.045623081361197551e-07
-7.785591915921931407e-08
-2.290460209956126954e-08
-1.071116143240717377e-08
-4.841519739766244266e-09
-1.809754918079597304e-09
-7.822487200435377704e-10
-6.034045020877001502e-10
-1.787850609801514095e-10
-2.453869255507169938e-11
-7.080566279170116614e-12
-8.450412947781149625e-13
-2.015337009736079043e-14
2.211542398299950810e-07
-7.339807882170279051e-07
9.305119765439454543e-07
-4.997188068545005888e-07
5.132337680783040607e-08
3.629990382816546006e-08
1.131649476237440352e-08
4.315095133822799626e-09
1.739023400780966762e-09
8.147961916805396346e-10
5.090442081189060563e-10
1.410561300414113796e-10
1.215511465343077900e-11
4.755464694425753345e-12
7.228191212683466695e-13
1.305809591575720201e-13
-4.448962379930010350e-14
8.334802171578566823e-09
-9.520851336256412438e-08
1.923288829322707429e-07
-1.730215035788118080e-07
3.611119012973755424e-08
-9.391067692005523967e-09
-3.939779918893268603e-09
-1.321109023284785476e-09
-4.831462632001236843e-10
-1.806883182486401234e-10
-9.034180205629800434e-11
-3.106209765241087095e-11
-4.519733039502129023e-11
-4.183905463914570024e-12
-9.393094633546284847e-13
-1.116977209569084478e-13
1.823079128208737440e-14
1.594930637973520499e-02
-1.621205654348716399e-02
-1.225735994929798853e-03
-6.524300651196235465e-05
-1.904199193905724127e-06
5.050287555061763544e-07
6.344876167999493439e-07
2.412827614376476089e-06
1.007180977618067865e-06
1.073356391436141138e-06
8.108793450537469391e-08
-5.220152869359698033e-08
-3.813504880523721896e-09
5.011873901151943700e-10
1.079986160324752521e-09
-2.375423146569386928e-10
2.964889194162605439e-04
1.437048185173284490e-03
3.270958922025136496e-04
3.305092836743937112e-05
-7.969608018901819484e-08
-7.605565444412087544e-07
-1.040698778443583381e-06
-6.427588851792184586e-07
-7.010335430933487342e-08
4.388975965280479169e-07
-2.038249614455227978e-08
-9.880461898703311470e-09
-4.772044887699197940e-11
-8.076276756920681195e-10
3.417171208027736941e-10
-2.600408360683181447e-10
-2.249421637620791761e-04
-8.999405051511272875e-05
-6.119796773050538018e-05
-1.449892525579873516e-05
6.314809878405149966e-07
1.476443777517592870e-06
6.753917884387536325e-07
3.393207955167019785e-07
1.212354129454272646e-08
-1.348875950248148590e-07
-2.760259121760772167e-08
4.113938525141142973e-09
7.136470449663631973e-10
1.668200950361057313e-11
-6.328474304708280191e-11
-1.450881315869499663e-10
-2.557630147477748844e-05
9.832269302341816440e-05
1.243742806356919129e-05
4.924182636214569875e-06
-3.856501111698488941e-07
-7.046189887178722291e-07
-5.128331790366541443e-07
-7.074108989162354411e-08
5.043575948358391440e-09
-3.342500590256184793e-08
-1.044012052297094239e-09
1.847445980010925966e-09
3.345067359854090443e-11
-4.825369164210972274e-11
-9.098864133626114384e-11
-3.089060724826580556e-11
-2.380642914006080667e-05
8.451360452976205677e-06
-4.769859050068065197e-06
-8.960565806720801182e-07
2.864176884631071880e-07
4.634228912449844888e-07
2.172362765412226560e-07
5.384565832776571997e-08
-9.383113373259095537e-10
1.295432468211790265e-08
9.821056365038417822e-09
1.164331920248851210e-09
1.823998472367970267e-10
4.964097637666872855e-11
-1.264355030923519240e-11
1.475422824046859534e-11
-1.154912605595387542e-05
2.297317141889730434e-05
-5.507057685165391542e-06
-6.079046318834671177e-07
-2.284758409846880724e-07
-1.778064517009583756e-07
-7.490916056203417760e-08
-3.075975643220112936e-08
-8.411021893342495116e-09
-2.773300810803141521e-09
3.095926920252580024e-10
-3.535475549900441063e-10
-1.154132820842186314e-10
-5.055889183189778188e-11
1.159852330846252419e-11
-1.290605804907406311e-11
7.191510628366526934e-06
-3.963684438355275621e-06
3.055993329378560084e-06
6.353637752422137054e-07
1.490937582146960586e-07
6.796439397460742016e-08
3.264633381843608618e-08
1.362188012538448487e-08
2.935374242116745504e-09
1.113814818953127733e-09
7.003811802355663546e-10
6.775720037925772876e-11
4.323837937184578243e-11
1.836604223360062580e-11
4.351333082796908687e-12
-5.274085838088059396e-14
-3.518368422279503156e-06
1.269613842985190703e-06
-2.102634166795198819e-06
-4.228793020534421092e-07
-9.139088451328252762e-08
-3.107234032200406592e-08
-1.334267032954162554e-08
-5.204932149435991034e-09
-1.511806643776586246e-09
-5.520948263591626853e-10
-4.895327640257112883e-10
-1.467272569565041616e-10
-1.968540410636735691e-11
-8.063557210218612072e-12
-1.987167349050698760e-12
-2.355906734545121768e-13
-7.641668789093969627e-07
9.314753759505597807e-07
-4.963896012293901757e-07
5.661154863747386520e-08
4.034598941958223313e-08
1.314641204526540732e-08
5.185247235724316821e-09
1.994640940367407675e-09
7.494841151656671226e-10
4.313099326367308270e-10
9.968178586821056892e-11
-4.042575284860568884e-12
2.306762626040670414e-12
1.129404357845337470e-12
2.853223308892040245e-13
2.325751531816593815e-13
-1.067410093758531709e-07
1.941419275929500545e-07
-1.794282701598268689e-07
3.366906125722551440e-08
-1.052187658110146598e-08
-5.305276843636762523e-09
-1.960423763653273717e-09
-6.405290547267507989e-10
-2.326366998378551699e-10
-1.230436576604201548e-10
-2.393044394031178382e-11
-2.261475827886735802e-11
-4.612440176540122841e-12
-1.123882099065062001e-12
-2.240135857553315160e-13
1.512483657587208873e-13
-1.017470195465687288e+00
-4.354430318784697357e-02
-1.421957818921371856e-03
-4.265925460359082047e-05
2.093918972196150995e-06
4.747183093439399637e-06
4.707496687544051571e-06
3.209099234526660400e-06
-1.004861706371534387e-06
-2.500133719063312774e-06
-7.480025060941102963e-07
-1.086821079309464609e-07
-1.438953509939575864e-08
1.562158864697303926e-09
-1.795248299355102755e-09
9.908271344050796438e-10
-8.973106823842653956e-02
8.742801250840988303e-03
7.841579820882380513e-04
4.409803090279633712e-05
1.186372044470557724e-06
-1.442924748882042272e-06
-3.536675292031137464e-06
2.497559618126306029e-06
9.519787209144235710e-08
-2.577786737490047707e-06
-4.332515775504234974e-07
-4.138941600147425539e-08
2.309769689346111287e-09
2.057482820503389408e-09
-2.853373932994450762e-10
3.890709912550560145e-10
2.861910691544087681e-03
-1.367163676643343368e-03
-3.421934072430981525e-04
-3.729918748396000074e-05
-1.343055171387307314e-06
6.204073630411221240e-08
4.398829626586783268e-07
-1.234142765325967061e-06
2.855031801064036999e-07
-6.500707935718579509e-07
-1.417060111054523945e-08
8.744383992344099513e-10
3.528796565841597084e-09
-5.743614926569411326e-10
4.109200585967167548e-10
-2.716671485038657341e-10
-9.900781552099815347e-05
2.167115083370612391e-05
5.647729058921465946e-05
1.539547222722540264e-05
-3.574766276241283464e-09
-2.310703103456442912e-07
2.554459486209061330e-09
3.239318633860584511e-07
-1.471984596318346612e-07
1.711970636021928969e-07
2.238918021585388660e-08
-2.950378336891248823e-09
-2.689437997084470361e-10
-9.732325413850962048e-11
-1.499148582476198401e-11
-1.435474809397775270e-10
1.707805197191833403e-04
-6.856376406926662469e-05
-1.070776760839089683e-05
-5.847747483955533968e-06
-3.559565289720884391e-07
1.360256755700458038e-07
-2.346967800243321561e-07
1.751471809335990637e-08
-3.905796882038980000e-09
2.337856285108705517e-08
2.999301771422514079e-09
-8.228498113951053348e-10
-7.239141237396668356e-11
1.039286232362852890e-10
1.953341421218697724e-11
-2.559221034910648041e-11
-2.008919061742731968e-05
-1.517521172760275189e-05
4.303749370728356139e-06
1.495632327143201273e-06
1.180704347775435526e-07
3.062048868854380081e-08
3.411396022473162250e-08
5.189929189893522412e-09
2.023674423119480220e-09
-6.603131432846659864e-09
-9.958957457727523476e-09
-1.218012621888693741e-09
-3.064106612650182431e-10
-3.774706097855904099e-11
-2.001117284240486061e-11
3.830135351545268923e-12
-1.907629999249346422e-05
-2.436164926700823901e-05
5.398808871686454534e-06
3.049027520826100258e-07
-3.063482683986240984e-08
8.503097422395203844e-10
1.133440012809140856e-08
-3.366250656373544734e-09
3.981890560383032394e-10
-4.789074121136840676e-10
-2.960423798184986828e-10
3.599168949536429959e-10
1.482435175119210182e-10
2.172403809011072469e-11
8.081063492807505743e-12
-3.860521091121812750e-12
7.729397981075288777e-06
6.415213896668934544e-06
-2.761843077843654402e-06
-4.799615201076147146e-07
-3.006658148220635681e-08
-9.784321540291537546e-09
-5.648907746684369964e-09
-1.425513567299552416e-09
-2.002683917618775777e-09
2.837955542762198894e-11
-7.070724432243890415e-10
-5.549813417498628236e-11
-4.821432464497583536e-11
-1.390912938616236875e-11
-6.084910528242599770e-12
1.314428999006004273e-12
-3.736236606928732161e-06
-3.238233239604115918e-06
1.828823458856210269e-06
3.441164272911461843e-07
4.635006158409673927e-08
6.366378829169237748e-09
3.074085007480806536e-09
1.239390469033181811e-09
1.233962770680389018e-09
3.701755525605193218e-11
4.687065439616305016e-10
1.404933576356874123e-10
2.026428257280207210e-11
6.871107210639292147e-12
1.217075865474083398e-12
-1.194141198652559017e-13
-9.134866620248049602e-07
-9.070665698833773611e-07
6.127957676899015382e-07
-1.966707292777156511e-08
-2.330139380609255691e-08
-5.136008641937448974e-09
-1.549355904423857920e-09
-7.588882456379100990e-10
-3.682544121753003892e-10
-1.222277281125404890e-10
-1.127164441110396157e-10
4.445805583210035046e-13
-4.295119596978283525e-12
-9.773449432619660438e-13
-2.824280133887364543e-13
1.350974443827525149e-13
-1.161548004498317749e-07
1.953072078542600437e-07
1.591473214075425328e-07
-4.720237145056939957e-08
5.255547585518202192e-09
2.133441129968557102e-09
5.401840042424307147e-10
3.674268421702490380e-10
1.526755622194145108e-10
-3.277980562736764754e-12
2.463593113995977248e-11
4.270277566132086802e-11
3.040654573133522069e-12
6.815607358353610129e-13
3.500036052017385916e-14
-2.203940582097299650e-14
5.610679115813736045e-02
2.360451821325527250e-02
-1.581781370415485943e-02
-1.213147781696983759e-03
-6.722571703120812489e-05
-3.785418820023179777e-06
7.010767762584580019e-07
-4.369462498809363977e-08
-2.228043031603901372e-07
1.116705557764069433e-06
1.073052205731147718e-06
1.196335782681573720e-07
-4.166447256118549290e-08
-2.537680381817898871e-09
-1.398402153158744589e-09
1.070034978343821387e-09
-4.148557431033411546e-10
-5.285549067544524290e-03
-1.740864066349431328e-03
1.250739254593784917e-03
3.170432272628896393e-04
3.452953709432805883e-05
2.774197747928403200e-06
6.085127928271366767e-07
-7.532521236062802667e-07
5.185303598160742143e-07
-1.939160002496940640e-07
4.172587249811321287e-07
-1.966958554984766924e-08
-9.011521349465052719e-09
2.560131099701265240e-09
-9.481878674383856662e-10
3.512000666425130696e-10
-6.044165580647565148e-10
2.803397227746179344e-04
1.730440318442985929e-04
-1.276405223081634668e-05
-5.692666081854189179e-05
-1.672193382300774900e-05
-2.068026055739164684e-06
-6.781551730157375998e-07
-2.716858965977304068e-07
-4.370636003106547930e-08
8.464307077928667124e-08
-1.373818771268971916e-07
-2.739808004454977454e-08
3.716308027176368598e-09
5.330240494710725244e-10
1.528543259295839727e-10
-9.927682125173866637e-11
1.950220131556068721e-11
-1.375984513595774055e-04
-1.232331651974465873e-04
7.209412875536667042e-05
1.046360048557022515e-05
6.417585037767229750e-06
1.294742574578326282e-06
1.839022776972273092e-07
-7.591036813522750736e-08
-1.848113143129904271e-08
-4.673195737514240947e-08
-2.956974178418527598e-08
-2.365281270221499939e-09
2.166941862086192082e-09
1.702755925815787146e-10
1.158885120759313098e-10
-1.143303061619482927e-10
-2.205671776079441908e-11
-7.314191844410590595e-06
2.385654106597406119e-05
1.629480500973417607e-05
-4.214084851094215707e-06
-1.990813158831836056e-06
-4.419424588737041832e-07
1.550491854954610801e-07
7.053732363691550456e-08
1.695818028920994336e-08
9.600689677814224949e-09
7.164903111646584424e-09
9.593265632564704999e-09
8.494863887223844683e-10
3.999236129680976329e-11
2.592430968512267772e-11
2.699079749867033648e-11
1.754330657421902714e-12
-1.492484926249003566e-05
1.572056238396474036e-05
2.401453282253445328e-05
-5.344652545245858895e-06
-8.326527462427581504e-08
6.655710064943561616e-08
-5.139254963331991145e-08
-2.059803304146519841e-08
-7.510711257222482845e-09
-5.170761509375298668e-09
-9.841834746285244349e-11
4.772436296477379368e-10
-2.038846262026505577e-10
-7.021962268680956750e-11
-3.502851534253856431e-11
-7.786026739627869447e-12
2.104000377711675092e-12
2.529452212360810160e-06
-7.232435570114464281e-06
-6.359503221161522818e-06
2.726463187805209892e-06
4.250439005519454740e-07
2.971418392955230916e-08
1.437499891779750655e-08
1.120830054221094561e-08
4.880751267927989282e-09
2.904676498957673912e-09
3.985674087229350236e-11
6.003369446245374003e-10
-1.491451739643290342e-11
1.518659650811775457e-11
1.096085289648181481e-11
2.395929721891092269e-12
8.954012466066639162e-13
-8.371623828713694992e-07
3.580800488594731643e-06
3.224375212646670977e-06
-1.817008890905496418e-06
-3.343432990908845351e-07
-4.702860190966142416e-08
-1.037862856429584625e-08
-5.148900740357412606e-09
-2.327225684581713527e-09
-1.473403344191145998e-09
-5.573808241145535056e-11
-4.170431868240260615e-10
-1.094049256177926726e-10
-9.086826645854249580e-12
-5.186027264298723529e-12
-1.104789053580442030e-12
-6.215578995510373510e-13
-2.089208235289153128e-07
8.867945748976793077e-07
9.046785447917563027e-07
-6.158308316683539143e-07
1.898841413550376551e-08
2.453779901659226027e-08
5.816953481310590392e-09
2.369691291930636314e-09
1.220602401102503175e-09
4.670778593341955879e-10
1.252327872518824708e-10
9.460451479855217249e-11
-1.755932336980673057e-11
-2.386838298905413245e-13
1.347532984591133672e-13
2.962401364549840555e-13
-3.659896977692160208e-14
-5.110130298900792880e-09
1.071245738717182279e-07
-2.124292749734361146e-07
-1.678329034577147244e-07
4.804715254672207004e-08
-4.649395180996818529e-09
-2.717081963303814719e-09
-9.379495425640500749e-10
-4.693400309301595155e-10
-2.029442551289958759e-10
1.046944577788902317e-11
-2.446197659871709699e-11
-1.671759776167615769e-11
-2.390567044197786319e-12
-6.101526320305414236e-13
-1.080094052308451983e-13
7.493945989791434637e-14
-1.562086862401644294e-01
-5.058906699436119432e-03
-1.554684492479827776e-04
-4.543235918125709039e-06
5.900424881437382424e-07
1.682144201652641314e-06
8.034463545073414155e-07
-2.142521509896521924e-07
-8.912067493902461414e-07
-1.073400856802167834e-06
-1.291213272086741140e-07
-2.792258022483626976e-08
-1.661038786006352586e-10
-5.721146469881306850e-10
4.041829487843903165e-10
9.198987262546204862e-11
3.375520333415007318e-02
2.808861953375450804e-03
1.546339518079925513e-04
6.401542647597016609e-06
-8.607524518756050349e-07
-9.267753961939953928e-07
-2.883661066320120886e-06
2.230523383519268765e-06
-9.067204366729089689e-07
-7.476265806178143043e-07
-4.491155269641449641e-08
-1.220790657741061319e-08
2.177997563983907812e-09
-1.329956024730099446e-09
5.793695975075759942e-10
-1.732701023476512747e-10
-5.981761483463397290e-03
-1.216956329110928338e-03
-1.212590062312245468e-04
-5.174512033950866581e-06
7.503218027235828021e-07
2.136650732111012793e-06
2.580079214857788426e-06
1.298940817236095937e-06
2.978346538958873245e-07
-3.061852692989011269e-08
-4.769255033923351681e-09
-3.416689902101527708e-09
-1.888545592627045242e-10
7.764128558726769009e-10
-2.756089172617825082e-10
1.422203940350512185e-10
2.278902360654703010e-04
2.267413258768740997e-04
4.973024227533979791e-05
3.151960879174651551e-06
-1.290861803903066329e-06
-1.300889325612041269e-06
-1.200492058489734094e-06
-4.699178540730528456e-07
2.910761489091192839e-07
6.030115011454885130e-08
1.577289934007245394e-09
8.840016552695322302e-10
-1.221400675150596449e-09
2.500929956408133723e-10
-4.064076157843193913e-10
8.847410972887162449e-11
-2.739580917719042935e-04
-4.816349240342142200e-05
-1.683035804653477965e-05
-1.373518218828458230e-06
8.452785360886332555e-07
8.683088236995931413e-07
3.365411874938126768e-07
1.462512849443252444e-07
1.637540722022018207e-09
-8.979075235089165052e-09
1.270548807210137130e-09
4.515987994436890901e-10
1.000357743939987155e-10
1.014991272254107545e-10
-2.306202253228119853e-11
6.659099479575055864e-14
5.486642540489547964e-05
2.131977836287037343e-05
5.296770828228167278e-06
4.336513218056271672e-07
-7.376144615122896372e-07
-4.296225702486104271e-07
-1.310449735301922277e-07
-4.796043594493351526e-08
-2.791277259029645691e-08
-1.011054598613487919e-08
-2.527433824267940823e-09
-1.241425625961410699e-10
-9.396957937710536851e-12
-1.186848573404557818e-10
1.728239942878269252e-11
-2.239012379209923617e-11
3.884383523857754770e-05
1.683011920178286396e-05
7.559999859715225360e-07
1.162856622264606422e-07
3.410499451591927608e-07
1.783323223123829072e-07
7.172055460051857385e-08
2.050253707894911173e-08
8.060337468704441189e-09
2.335908869255985556e-09
9.643273374059029295e-10
2.002072226002086485e-10
8.207179296484337814e-11
5.070913075897778788e-11
-9.251335964780035036e-12
1.653929391234537148e-11
-5.503616249583349146e-06
-9.399525209397688566e-06
-1.553578669553858176e-06
-2.336562835493276857e-07
-1.279793238127754056e-07
-7.022312319475152490e-08
-3.135284036492431104e-08
-1.068900135034411563e-08
-3.405277467825733169e-09
-2.443054166134043113e-10
-4.420602954863968233e-10
-8.573192937293134795e-11
-5.279351730784387330e-11
-1.071844396443027683e-11
-3.237283988794758585e-12
-6.842337271090148421e-13
2.130903919565217600e-06
6.169211971700103714e-06
1.202365242803648804e-06
1.912628931491487037e-07
5.685288617607732099e-08
2.669037222198744235e-08
1.241299786526246187e-08
4.333401777539694387e-09
9.584193887224514493e-10
7.753900867068007677e-10
2.864140017178941035e-10
3.954662827189895936e-11
2.382462018515078931e-11
5.504720277599622427e-12
1.488332734628677112e-12
3.390960490647533505e-13
1.041487643002638366e-06
2.288685239646066045e-06
-6.640507315314246315e-08
-8.765729427432180730e-08
-2.565152745611352920e-08
-1.017250658521130209e-08
-4.521809428867409277e-09
-1.738408426067549901e-09
-3.245894814656412842e-10
-2.482229083448413047e-10
-1.373205834822325495e-10
-1.760522363977518255e-12
-6.406638361268015973e-12
-1.750382181459730177e-12
-6.432230164814114141e-13
3.665363676813491858e-14
-2.882717582634602720e-08
-5.786039902329933802e-07
-1.797036420096546443e-07
1.576546013992434737e-08
8.714919688840565745e-09
2.879729413352010879e-09
1.233670461094056916e-09
5.623114530332916156e-10
2.303954481805544862e-10
8.687398323044820007e-11
7.811391871058878354e-11
1.194070790470316915e-11
1.434085224287366203e-12
3.097020388004165257e-14
-8.246116088730628030e-16
-3.256406084609471086e-14
-1.186691329475502710e-01
-5.994881723652002031e-02
-4.295967005121261416e-03
-2.218925176289326463e-04
-7.429166251690450891e-06
9.446550160983148124e-07
1.439250990935933308e-06
3.195381084944694924e-07
-2.525702021577002063e-06
7.094566731567304267e-07
1.057830035748009910e-07
-4.613336859124654508e-08
-2.748721693791499670e-09
3.867581644949940874e-09
-2.204818862577394422e-09
7.215419121519363175e-10
2.495608757036254554e-10
1.678284440396758713e-03
5.474573354370155555e-03
1.134035411417032204e-03
1.161840819587837108e-04
4.894799091193607493e-06
-6.880730309854095695e-08
1.714526778098067568e-06
8.604717147533093328e-07
-3.488941856793742467e-07
-5.290672340949863645e-07
-1.092012800870938694e-08
-5.181711871730608401e-08
-3.535953615737549441e-09
1.109316136969668515e-09
2.510338798841446975e-10
3.090305207379821286e-11
-6.939679951235773406e-11
1.327064309775679912e-04
-2.065385068868594786e-04
-2.264985626201176754e-04
-4.829236017574689793e-05
-1.725412239015905438e-06
6.417742758878334705e-07
-5.899966305485858582e-08
-8.329648279845528779e-07
3.936537406409400859e-07
-3.780682805422809791e-07
-3.372462863339569997e-08
9.366492987715275312e-09
4.432065820036869477e-09
2.977104908732912372e-10
5.731729493118670073e-10
-2.521279836956790576e-12
-1.455407525728608088e-11
1.054071636809044853e-04
2.930190441571432140e-04
4.961288189349730073e-05
1.627146122804843371e-05
1.014989534069652540e-06
-4.660969290983304155e-07
8.778424884613539682e-08
8.044035128104722634e-08
-8.891705453153421662e-08
6.963466901185755952e-09
-6.374432710102041161e-09
-6.451066165633516449e-09
-1.448641516024896736e-09
-3.593841086260836712e-10
2.745731168723139170e-11
4.425824784724013039e-11
4.349082567558272199e-12
-6.249717143159563532e-07
-5.409483918458761795e-05
-2.102029811639813650e-05
-4.984866451651348721e-06
-3.194857222981892706e-07
1.183853039091856159e-07
6.322786819505461447e-08
4.567915742358520442e-08
1.479512993158422692e-08
3.053894745732187554e-08
1.551447435905894523e-08
5.091994560512806440e-09
6.673239301443297395e-10
1.698814450450110973e-10
-1.021568928574479186e-11
1.234517084131535853e-11
-3.802245875654424993e-12
-3.415578695767933060e-06
-3.892289010023638037e-05
-1.694112885165297266e-05
-8.679070587906818199e-07
-4.914259564585433591e-08
-9.133282672529999799e-08
-8.146788928836212939e-08
-3.277791148923010909e-08
-1.285549424947200352e-08
-1.071808741133596286e-08
-4.526524579456256061e-09
-1.947211217625150809e-09
-4.419203801558615041e-10
-1.079982907597712704e-10
-1.721485136214389539e-11
-9.175225366576058909e-12
-1.246779048874177219e-12
7.221955124257340956e-09
5.408785738720088470e-06
9.423489641884613761e-06
1.566280202099174758e-06
1.796439689178952804e-07
6.963127361650102682e-08
4.334787150003844985e-08
2.045251041083456123e-08
8.740229832841273573e-09
4.390730048270909014e-09
1.025190472956699071e-09
7.931288498105419069e-10
1.821863174231681852e-10
5.120564721728128088e-11
7.094124994340656154e-12
-3.739065808295162002e-13
9.553580227820833613e-13
-4.227247434534011882e-08
-2.112278210605488827e-06
-6.175426222009632276e-06
-1.196544229083721512e-06
-1.719969883860616141e-07
-4.023269978560529770e-08
-2.075025373155886306e-08
-9.474183605642652214e-09
-4.162699904813051390e-09
-1.355695578189826630e-09
-1.070879677372232843e-09
-4.099949439924807814e-10
-7.226231092288729006e-11
-2.364296866715873878e-11
-3.664141593113863461e-12
2.272287473970521585e-13
1.119676341950731959e-13
-1.069784343558164847e-07
-1.055845089332950541e-06
-2.287864755036532416e-06
6.242844870383601105e-08
8.027734935992298053e-08
2.192368165193986782e-08
8.774253868764610764e-09
4.007238444282714374e-09
1.860518415403057995e-09
4.898563151506952738e-10
3.711068611665044158e-10
1.689627757589636574e-10
8.965313459625894191e-12
6.828966092661752723e-12
5.025577549925204251e-13
-5.024112783469185079e-14
-2.243689540521050642e-13
-8.528533724381559309e-10
3.147060557781822316e-08
5.792023931854047093e-07
1.876936020140307288e-07
-1.378381457302652201e-08
-9.650477511708311833e-09
-3.362829555596188194e-09
-1.508919203531999539e-09
-7.897862330697392975e-10
-3.808112105515371638e-10
-1.488002307778216690e-10
-8.625342058407550959e-11
-1.147851222475187995e-11
-2.182865177369860347e-12
4.926842383713884277e-13
3.437284498640450149e-13
5.762786685391842392e-14
