1.353380055216165390e-01
1.027370526511867110e+00
4.332251010659397134e-02
1.365656784489608071e-03
3.992296626130413897e-05
4.121826043457783823e-06
4.163210396198205950e-06
3.358036588786626398e-06
-2.866154350528304166e-06
1.733116209261953419e-06
3.038172639988103258e-06
7.589035662799065551e-07
1.145119130548958103e-07
7.973792663427750314e-09
2.068731747718089248e-10
-1.063469665701577482e-09
-5.204391536830437546e-10
-3.777399994641073011e-02
1.004176835448812449e-01
-1.060473320820849892e-02
-9.113045319227469935e-04
-4.900290856587097196e-05
-3.137705116692166070e-06
-2.465693890932194091e-06
-5.892450499361573824e-06
-1.982445211860855320e-06
1.650165449935437585e-06
3.493723919602306655e-06
5.446356128607787595e-07
4.227188297874318743e-08
-1.668932561307104160e-09
-7.187094531620034843e-10
3.436013053651520621e-10
-5.469213236752759544e-10
7.968368622489408956e-03
-9.847692974595573419e-04
2.166288350655347795e-03
4.797083603310332085e-04
4.699623383490352289e-05
2.335300232248612112e-06
-3.211460134752414704e-07
2.431804948197120137e-06
-7.477413855471369541e-07
-4.973114336842417458e-07
8.247762272479480134e-07
-1.366431591570856738e-08
-9.611271758961812669e-09
-8.040932319670534230e-09
-1.224480568704757325e-09
-4.747682940124454653e-10
1.448039742704971464e-10
-5.489695016230185763e-04
-4.237438853672245470e-04
-1.890627680574963332e-04
-1.022050484436745561e-04
-2.314369356434410794e-05
-3.658888531644770936e-07
-5.358793450138459823e-07
2.724345680871819897e-07
1.131257598206521484e-07
-8.060799769745001773e-08
-1.668473159975968285e-07
-7.729530650532688272e-09
7.045452719349475826e-09
1.153866596983460096e-10
-3.681713865055610731e-11
2.272737227945444961e-11
1.061632521168669349e-10
1.652395129386228590e-04
-8.005978031169775765e-05
1.335967460632663277e-04
1.969226023810052956e-05
1.014215673562203001e-05
9.998673653634220698e-07
-4.575143177713502506e-07
1.007361636701503311e-07
-8.552249959064435918e-08
2.783533140703456614e-08
-6.863504931263501478e-08
-1.858472483117200917e-08
-8.363127877115633730e-10
-1.296862245800680154e-10
-5.451131609672527736e-11
7.783144885035765430e-12
8.261269159855640420e-11
1.175309293830085993e-05
-4.672346056269646676e-05
1.161149693802511562e-05
-7.902988921211319810e-06
-2.541427356662459867e-06
-6.245137832234745653e-08
1.082692832979982966e-07
2.874613051953113884e-08
4.313638108487635642e-08
2.691023809361081945e-08
4.600775282840330243e-08
2.342250567183410008e-08
3.910366024977691338e-09
7.347332181193486062e-10
-5.205244921856274958e-11
-1.650889276049178574e-13
2.424982222038644561e-11
3.248083286815160975e-05
-1.846570597238523327e-05
4.974830294138058437e-05
-1.158236695896235061e-05
-1.108123372601871227e-06
-2.165162497460075473e-07
-1.268050316199512057e-07
-1.059393547412409477e-07
-4.584754665722388400e-08
-2.125212811796458293e-08
-1.114564081487637413e-08
-2.401511789965011319e-09
-1.393239447344039964e-09
-3.868501002863391609e-10
-3.894340463441303758e-11
-1.400290232760108092e-13
-1.460126643521652713e-11
-6.403377962784713201e-06
1.721940550481151124e-05
-1.051478424923018082e-05
7.634874237205164070e-06
1.508724786741238714e-06
2.690030856415085097e-07
1.186613081246946436e-07
5.811525255050363540e-08
3.039839629061137851e-08
1.155189481961137470e-08
4.088001412432680508e-09
2.825085780006651805e-09
5.753981197509247493e-10
2.055028791965175915e-10
3.648375343800982950e-11
1.161749371524337493e-11
-2.511550271633771022e-12
2.360816499809477775e-06
-1.010115328953523188e-05
3.394167539849472539e-06
-6.160942363905695272e-06
-1.206320959006302669e-06
-2.420084527927797234e-07
-7.162197232552296268e-08
-3.232111996426207249e-08
-1.476740820783757624e-08
-5.607656746324485243e-09
-2.942726849520831704e-09
-1.638306773446766679e-09
-5.475570047313400253e-10
-1.086676191496920708e-10
-1.679576659442951543e-11
-3.083885554943379929e-12
1.062676987472112290e-12
8.488284352515427908e-07
-2.867604085614243912e-06
3.476518242815700755e-06
-1.958673175803169536e-06
1.708625575376946559e-07
1.324440095045663011e-07
4.191049251992254172e-08
1.476593532850661481e-08
6.772418450706811347e-09
2.752245092994033714e-09
1.995953903353775588e-09
4.695706109325097497e-10
-4.485819216359070101e-12
1.919889747552422881e-11
2.938893734848010032e-12
3.947994815796696902e-14
-3.147726274039743504e-13
3.845798652733506677e-08
-4.192224507476342774e-07
8.519942683038454537e-07
-7.285932178727783659e-07
1.607729881345168681e-07
-4.112999856105271826e-08
-1.701322763399087429e-08
-5.757156898146375354e-09
-2.388777714453635575e-09
-8.112654835372665164e-10
-3.764697151196968250e-10
-2.265524746947885741e-10
-2.035002548647703359e-10
-1.595513190289946513e-11
-3.720030181061918754e-12
-1.074906751151815331e-13
-1.346786025616998873e-13
1.896681892496445559e-02
-1.905348628247488171e-02
-1.409983806631413426e-03
-7.250486012783364479e-05
-3.346230492378876043e-06
-1.261282992406684264e-06
2.317960985165903114e-07
3.671464815132430503e-06
2.107675222130300630e-06
1.453490642732236134e-06
-3.348290289492529734e-09
-3.181211375950436110e-08
-1.217092970690010842e-08
4.390813021969929667e-09
5.612900500030957729e-10
-1.239735947163905290e-10
3.755019459664322838e-04
1.994369975163312689e-03
4.460988004378637468e-04
4.423439319284095403e-05
1.876702073884810424e-07
-2.576680538746059163e-07
-1.574952042158127552e-06
-1.216656483262055626e-07
-3.880002684055814505e-07
5.876318569609133881e-07
-3.077968997575558319e-08
-8.156892763523802061e-09
-1.733492804551279708e-09
-2.648895370084392974e-10
-3.459385688649691668e-10
-9.697778435915873082e-11
-3.487212365668502807e-04
-1.797856840813109262e-04
-1.036476062863643939e-04
-2.399622468370408149e-05
-5.960857895181147448e-09
2.220526038783145878e-06
8.362243152191292651e-07
8.566956308065385437e-07
-2.640509202829053921e-07
-1.818993327797944856e-07
-1.750254619021992488e-08
5.067207941950210896e-09
3.000213107644827291e-09
-2.713800617629640488e-10
-1.463634225718631710e-10
-3.088401196638147817e-10
-1.733262327850735730e-05
1.401581744556460645e-04
1.933658065700504165e-05
9.718172601919196349e-06
-9.227380095320182906e-08
-1.122268046505894619e-06
-4.913440611100626326e-07
-1.253813582308552344e-07
1.740786202023669753e-08
-4.800583708711276351e-08
-1.263761454341720813e-08
2.339462794315667117e-09
-4.936836902468410271e-10
-6.068733255540466799e-11
8.687987477741057009e-12
-1.269614287024520552e-10
-4.065155384255245499e-05
1.305193280824862866e-05
-8.440714457751683888e-06
-2.025830365133415395e-06
4.045447383684740257e-07
7.956258330757677952e-07
4.070989934055218269e-07
7.289515336957814783e-08
2.523287044418651932e-08
3.528342263699892662e-08
1.892377191547926208e-08
3.205386973172665899e-09
4.145853082865976797e-10
9.948113328579986162e-11
-4.702182845356881592e-11
5.351115361279814318e-11
-2.491030703470295695e-05
4.919928485704443415e-05
-1.146288404596504710e-05
-1.374648823506680613e-06
-5.159521950486058534e-07
-3.628899189083216665e-07
-1.715736189274577088e-07
-6.245243883100627290e-08
-2.110679959482005338e-08
-8.007884936912186413e-09
-6.428895333889850413e-10
-1.118036752703677465e-09
-3.836822563149592775e-10
-8.395881256262612489e-11
-1.056223183027921062e-12
-1.589242282888552408e-12
1.824167478556070415e-05
-1.047435586448576749e-05
7.685223608370921449e-06
1.632859933316709742e-06
4.022305555487646125e-07
1.770513774425148993e-07
8.216069500717685295e-08
3.388629254480807476e-08
9.021472076724310628e-09
2.318394439760261782e-09
2.113654497874727565e-09
4.014062759630853160e-10
2.043938825033220673e-10
3.971963085133852499e-11
1.624067845987007673e-11
-5.194204090343734822e-12
-1.043107756912491471e-05
3.367363258978855055e-06
-6.196336304497300511e-06
-1.262477775656352637e-06
-2.822677215682736537e-07
-9.626035902257441569e-08
-3.963782979018678183e-08
-1.552165456842186134e-08
-4.574289812613619122e-09
-2.184216924180907542e-09
-1.345386958249082133e-09
-4.714839853022228217e-10
-1.077539331542734154e-10
-2.204482314285265501e-11
-6.513570229236228409e-12
6.147793838087420407e-13
-2.985201490241556778e-06
3.472571179870614941e-06
-1.947331445600964379e-06
1.921016879266150656e-07
1.473148431087855057e-07
4.982005535785652411e-08
1.850414320300939303e-08
7.885779705984197966e-09
2.561017111937124710e-09
1.733554540738830315e-09
3.111714209177405420e-10
-5.941146407515574028e-11
1.378430442225380466e-11
5.358785728413282427e-12
5.776201701051554098e-13
2.005736807238344232e-13
-4.677931263051162421e-07
8.650751418051326800e-07
-7.604513746862501769e-07
1.489666139671872034e-07
-4.683143622141977018e-08
-2.398535797586164650e-08
-8.956220121935476521e-09
-3.351970995765028270e-09
-1.274470967384823850e-09
-4.978298184120481958e-10
-1.875180316366194959e-10
-1.037702411115841937e-10
-1.957167407359569075e-11
-4.472488293370910238e-12
-1.267495930175963606e-12
1.009019199673013867e-12
-1.018771689013877824e+00
-4.307848265326769122e-02
-1.359024404704572064e-03
-3.853623731975163754e-05
1.754538907080069276e-06
4.491025454305147088e-06
5.534112199201728498e-06
3.344606270979402815e-06
-1.653438765641213081e-06
-3.015191133534076583e-06
-7.672194947631679253e-07
-1.165759376883518935e-07
-1.155075396879343481e-08
-9.438501392916625001e-10
-9.146833991891900542e-10
1.121821722836337355e-09
-1.061550776513821431e-01
1.029961660686839163e-02
8.995046510003227398e-04
4.821481592950975720e-05
1.130453298057868881e-06
-1.222138656636200893e-06
-3.975678169248650556e-06
3.511778972696224601e-06
-7.906589326894747648e-07
-3.328690510064325886e-06
-5.283944641177732896e-07
-3.379216425208922267e-08
1.543815899539905068e-09
2.759940932680700554e-09
-5.421288946606950702e-10
4.993303797224548571e-10
3.971778864269310226e-03
-1.906704865432482573e-03
-4.662874972893596643e-04
-4.918430262298965103e-05
-2.908191422029769787e-06
-2.299721742229715357e-07
1.090574016213159825e-06
-9.174371963747809849e-07
6.199095047732635220e-07
-8.662033203363052602e-07
-7.896819872612728208e-09
-5.648280638145905901e-10
6.192295149571500501e-09
5.095385666628787017e-10
-2.070796428328568655e-10
-5.155842554474482810e-10
-2.310584440885122160e-04
6.716233028994119498e-05
9.375387260470539343e-05
2.305104094883590201e-05
9.968524929018073614e-07
6.240017812195466827e-07
8.511397860791967879e-08
3.131826783080086313e-07
7.004842132309850569e-08
2.142978881756602022e-07
2.930803952424224621e-08
-6.140652003337569654e-09
1.825206842693466165e-11
-3.048615872976296006e-10
8.215995410998371441e-12
-2.450321150418617421e-10
2.334782135104784113e-04
-8.747145605252032257e-05
-1.582780288147106050e-05
-1.100927559804957725e-05
-1.036219173699021472e-06
3.246321125548609501e-07
-3.553776777875745569e-07
6.772350359360864546e-08
-1.906493845832109291e-08
4.113339223196721310e-08
1.143627045909796764e-08
-3.130667150751768445e-10
4.800329374450457276e-12
5.663269500887535792e-11
5.586573884251520206e-11
-6.348140146390071660e-13
-3.405205802685166668e-05
-2.694277376041625432e-05
6.745015321532923270e-06
3.181630643799051541e-06
3.062109640785836305e-07
9.355948892013631859e-08
7.237438547702234423e-08
3.354353219229019915e-08
-1.060203478697584182e-08
-2.433742354327919392e-08
-1.936666239675102205e-08
-2.852231914399122906e-09
-7.197872422245955120e-10
-2.122648215743593110e-11
8.166488949355781471e-12
7.704288054474717702e-12
-4.090896290403359597e-05
-5.216557600914847941e-05
1.136606798221674854e-05
7.342081183262198209e-07
-5.452361305762898319e-08
-2.553964184571116932e-08
2.661396296616029664e-08
-1.503243893631701522e-08
5.933690201672372743e-10
1.188920152039807654e-09
3.893853681659760652e-10
9.109415662003512574e-10
3.582818464647787454e-10
5.573161189090065232e-11
-2.402802414335879790e-11
1.963570918223088179e-13
1.961445004413397058e-05
1.656969873116533119e-05
-6.901083150329944695e-06
-1.234393354782489058e-06
-9.490660927776332078e-08
-1.949563585851550865e-08
-1.015557282846293702e-08
-2.042357568399767507e-09
-5.010627666362765516e-09
6.202644557734236748e-10
-1.927361977682459521e-09
-2.965270445675080249e-10
-1.785057386336581099e-10
-2.736166175929110687e-11
-9.559674957719635832e-12
2.983078733386230810e-12
-1.087189647908167650e-05
-9.131226402413362010e-06
5.354814658794168331e-06
1.015986848742297993e-06
1.461177756853382913e-07
2.011633128587300682e-08
8.739566924444760489e-09
4.167264905747959222e-09
2.539868456472951916e-09
5.764718894090026324e-10
1.177097791498610847e-09
4.068492306340700551e-10
9.621188030178113914e-11
1.193320779193186907e-11
4.359829937654303896e-12
-8.860015748188647746e-13
-3.539894378325553641e-06
-3.482849429323216737e-06
2.364856410847391310e-06
-5.365670963028322985e-08
-8.433324010727321743e-08
-1.859863841816566763e-08
-5.606696386643364283e-09
-2.968701337823925280e-09
-9.097808209629543158e-10
-6.873956259774368081e-10
-3.189334830880342266e-10
5.285853041455468592e-11
-1.176843883331694363e-11
-2.166732001163259431e-12
-2.392455155674704080e-13
9.949228925368390814e-13
-5.057397950701305414e-07
8.463821644209850636e-07
6.689902527795996729e-07
-2.084212349659940254e-07
2.267020304517212053e-08
9.002787169721255123e-09
2.941360541381838498e-09
1.453380569975340356e-09
4.730756135365462619e-10
9.014421662682622601e-11
1.693553630165995915e-10
1.907861498880840998e-10
1.061072593883633819e-11
2.440471816351532501e-12
-3.042179624373677514e-13
-2.117890614642057025e-13
6.591569688092178969e-02
2.777767305239164930e-02
-1.861425331935067512e-02
-1.393995278258543680e-03
-7.302152256948432542e-05
-3.600297835395739246e-06
1.136890500360900964e-06
-6.853127119434806599e-10
1.198090379553841123e-06
1.819574662111500986e-06
1.600128743278996468e-06
5.881493524157560812e-09
-1.438990014480188511e-08
-1.248917309459906559e-08
2.963989379945705878e-09
6.821369647225881879e-11
-3.809382410319066738e-10
-7.362467219367796641e-03
-2.405820882084108367e-03
1.747941154663603790e-03
4.322109366662950196e-04
4.398787929120848595e-05
2.587986274445584658e-06
6.500548335753850172e-07
7.940545664564599535e-08
1.219806270767941707e-06
-5.219411515058833538e-07
5.621740918902501840e-07
-3.046485848412691165e-08
-4.994509654998120817e-09
-2.158401397261716596e-10
3.771668976275531476e-10
-7.980830517401806335e-10
-5.192975171831063942e-10
5.162768265769994208e-04
3.143422063837429475e-04
-5.677729547224634921e-05
-9.684780207461862560e-05
-2.620621540722064150e-05
-2.865203520586493836e-06
-1.198639988125678991e-06
-9.527437146191271584e-07
4.533763376543504228e-07
-1.464336209088097046e-07
-1.904455003317856605e-07
-1.737898061240931069e-08
3.465283118929594469e-09
2.711344374242660331e-09
-1.427890571220527973e-10
-8.345117404998467540e-11
-3.089752638099927829e-11
-1.875132213222918925e-04
-1.733758155800916071e-04
9.162598267056188349e-05
1.537867332516279755e-05
1.157647189298912880e-05
2.033918180702637129e-06
7.831079548215927548e-07
9.386535569721626228e-08
-9.017904150413371405e-08
-4.447433957631064654e-08
-4.608220178068158403e-08
-1.212253517539548902e-08
2.830478347851056549e-09
1.005192467071833919e-10
6.059524756905294958e-11
-9.687693110183709857e-11
-2.678535804920518542e-11
-1.265796738559021715e-05
4.077916709650533737e-05
2.827951309300166102e-05
-6.992167326461209444e-06
-3.672235158905840775e-06
-8.243986038291573873e-07
9.354126251103794072e-08
1.822684390155799590e-07
7.645117483182661475e-09
3.180884632894899156e-08
2.590924235515214830e-08
1.691990455577871402e-08
2.467336461339048072e-09
1.220540479679188002e-10
6.097356487497655554e-11
3.788791166092057982e-11
6.971323738931952192e-12
-3.209423616920296978e-05
3.372738405571306481e-05
5.171656693278677881e-05
-1.113377949264306039e-05
-3.796974824616404373e-07
1.486451222969343193e-07
-6.929365524703601178e-08
-5.657681828323231872e-08
-1.170842701680712071e-08
-1.118672223145074392e-08
-2.576731403434517270e-09
2.975499480377775115e-10
-6.540308829449548411e-10
-2.229817647306317028e-10
-6.368828931922482110e-11
-6.511232237065567401e-12
2.263278549345831802e-12
6.603734584757205175e-06
-1.836047278793383040e-05
-1.653676887919219610e-05
6.798775068040075464e-06
1.113541673362733056e-06
8.453253769125785221e-08
3.467017198501091224e-08
2.579968231222003089e-08
1.126155713875037392e-08
7.127115214559365828e-09
-6.584866757143276820e-10
1.651277286715892825e-09
9.801548335665815105e-11
1.084904153067499188e-10
2.216358631319423836e-11
7.539705274140015788e-12
1.413595561464881022e-12
-2.412842021544124937e-06
1.049150291169924383e-05
9.121819991777259295e-06
-5.322876230387840145e-06
-9.883263042812835973e-07
-1.429777140061948480e-07
-3.233714004560650905e-08
-1.490013391482287218e-08
-7.306398806174001592e-09
-3.252667515747630955e-09
-5.137622799599592007e-10
-1.038760692400126598e-09
-3.070008196686638695e-10
-6.727787506482662972e-11
-1.148425695621513829e-11
-4.311636162829047237e-12
-1.002124477416211668e-12
-8.005091198589150658e-07
3.427885291089522849e-06
3.471312762695643212e-06
-2.370887641741795022e-06
5.043822800364659393e-08
8.757471833322184605e-08
2.243861203902456682e-08
8.992099616271104914e-09
4.771394607519797433e-09
1.252137477723616246e-09
7.168051607619396130e-10
2.176430188758932867e-10
-1.229771452541999932e-10
-4.750522382523693958e-12
8.967514785217150300e-13
5.862699829844741261e-13
-3.093161855880000941e-13
-2.261627135144986411e-08
4.705930478498732827e-07
-9.365106784498996812e-07
-7.142337249168440459e-07
2.141400736176742233e-07
-1.931529903064272110e-08
-1.187944325414895916e-08
-4.780802309599980859e-09
-1.882221357017377789e-09
-7.248074640545559078e-10
-4.729944956082780200e-11
-1.282088091902653637e-10
-6.789360241069925446e-11
-7.844122301587309934e-12
-2.175214730178570565e-12
-3.361593668613013372e-13
1.231318125064225774e-13
-1.544071621851572373e-01
-4.827954476155697956e-03
-1.389214657270392570e-04
-4.306526929982415005e-06
1.733606109986107119e-07
1.178586709628221461e-06
-5.356401364025902213e-07
-3.332355716337952739e-07
-1.797872834834114955e-06
-9.465098387949345624e-07
-2.051770241235923964e-07
-4.049150984415203124e-09
-6.263368070861970110e-09
4.146931508820297318e-10
1.591625067296209490e-10
1.406039771165542715e-10
3.962702054216296621e-02
3.229706691458658283e-03
1.684077134556063364e-04
7.215071936387116519e-06
4.547671055715483145e-08
-3.657651809955715675e-07
-2.947480318163980618e-06
2.230641366751212980e-06
-1.224734031339380473e-06
-9.386586138069201274e-07
-6.025164408104323374e-08
-9.137774898657672688e-09
1.112321269376404266e-09
1.110186374143058465e-10
4.530630220289996051e-11
-2.201520248437040775e-10
-8.319346528021277776e-03
-1.661349527782738202e-03
-1.603197309512829753e-04
-6.245085343500064132e-06
7.972298849347810097e-08
2.506229381208936764e-06
2.912002679384629515e-06
2.714724940122897994e-06
2.811926876035773064e-07
-8.757278247025498674e-08
1.065568741547644094e-08
-1.025797899914201339e-08
3.486313794678175229e-09
6.668922614873704130e-10
-1.929822593718717436e-10
8.461998862411849366e-11
4.676885854071842204e-04
3.770425644747482609e-04
7.815060768407424633e-05
4.860445221001127942e-06
-1.505193059648167954e-06
-1.114626813389262517e-06
-2.119822753886892061e-06
-4.616173121260802888e-07
4.754319203356137695e-07
6.447886365393934336e-08
7.119063498262552930e-09
-1.865217221925151123e-09
-1.074713575653778333e-09
-4.073503921028956986e-10
-2.378873890822605823e-10
1.780916494933627687e-10
-3.616151101767374433e-04
-7.587799538923709151e-05
-3.129308888134194305e-05
-2.863459017584571398e-06
9.284373583470789159e-07
8.376617021221906746e-07
8.343734940348050023e-07
3.987692167828544039e-08
-1.085146494067480336e-08
7.818293050737692115e-09
-4.126019036483037571e-10
3.417842615762832603e-09
-1.119771089487434325e-10
2.484468480797908195e-10
-1.468177229237142251e-10
4.292452569440844385e-11
9.135334676279875036e-05
3.648061650238697219e-05
1.041203358175963964e-05
1.002573467345046429e-06
-1.054750861066530830e-06
-7.634249060036996266e-07
-2.526993001427562676e-07
-6.729933690327807955e-08
-5.209725367950273214e-08
-2.472116212318977408e-08
-4.238681640694426761e-09
-1.255600219354090678e-09
-1.503750768205632480e-10
-1.989177879011991299e-10
3.319177290505664849e-11
-7.917343074254720068e-11
8.323447420755618049e-05
3.527512790810299035e-05
1.910938164820669624e-06
2.834564255483079058e-07
6.446338376366228343e-07
4.215749699248864534e-07
1.468164199182153665e-07
4.649650809141378558e-08
2.438017657429025113e-08
6.734046615984223169e-09
2.364237297403869311e-09
7.219789285369343344e-10
2.620882695249450233e-10
8.240689816239872402e-11
1.993760477638508699e-11
-6.390587073389563825e-13
-1.430971518409519168e-05
-2.344232757560356156e-05
-3.960906419563663312e-06
-6.326051388939854560e-07
-3.228350165281142666e-07
-1.844155653177267556e-07
-7.878613747530209159e-08
-2.746217204718527718e-08
-8.179361764290521476e-09
-1.848951192386454983e-09
-1.278553126200264565e-09
-4.137178946028629627e-10
-1.633241117779850920e-10
-3.317245552496356047e-11
-1.352778382867118117e-11
6.599713153631765719e-12
5.884562472354097657e-06
1.798136122487544694e-05
3.553071364785848591e-06
5.859552314512000506e-07
1.779721421515466741e-07
8.189320652793969822e-08
3.767043974208022164e-08
1.238154354740118931e-08
3.335625044378378879e-09
2.372049031796250322e-09
8.729810941013742842e-10
2.579452600314618169e-10
8.272704485447926060e-11
2.343437352902886118e-11
4.278960826343522914e-12
-6.941517071624149520e-13
3.900403880605330883e-06
8.736733688780307027e-06
-1.699077203231924672e-07
-3.150571367968220025e-07
-9.548991373319367012e-08
-3.630177920522222829e-08
-1.679477595442505866e-08
-5.459828128140010668e-09
-1.914874694077015281e-09
-1.101493888261919047e-09
-3.447469292254822518e-10
-7.069865110759827319e-11
-2.185858900886687442e-11
-9.323775501167844838e-12
-1.201251230626187133e-12
-4.731899289421835463e-13
-1.081780046620234738e-07
-2.534032244827746299e-06
-7.977581452297890393e-07
6.380895167858729692e-08
3.756865762729989884e-08
1.249904139413218414e-08
5.654767033844429957e-09
2.066504632205165901e-09
1.182305942714441294e-09
4.143443241299842753e-10
3.348836300048794089e-10
5.270671670016367788e-11
6.756814864347556915e-12
4.602010292963547799e-13
-7.967486866989586911e-14
2.014031376451505316e-13
-1.401954494596537315e-01
-7.041676917278960612e-02
-4.945151308552536012e-03
-2.458139596147300714e-04
-1.073266965366075991e-05
-1.432182688307832645e-06
7.169785722047667872e-07
4.963847647786389792e-07
-1.989429032255636479e-06
7.155723759736373015e-07
1.896918895747997044e-07
-7.217558596738629764e-08
-9.271435716315602254e-09
1.977102588712828538e-11
1.666478139036639408e-09
3.083502678111935564e-11
4.359929075726076263e-10
2.356193782378774096e-03
7.617905440817428035e-03
1.548447632939083845e-03
1.542088770740131329e-04
7.976296313479195173e-06
1.537368511398048635e-07
1.378200139880070800e-06
1.050752683808994551e-06
-8.494967246204475622e-07
-6.048199023391981560e-07
-1.005736883003766015e-07
-3.197713991231950427e-08
-8.119231578082604749e-09
1.978406479819656046e-09
-8.990579228982348173e-12
-1.343711400591555462e-10
-7.857814874934447314e-11
1.723395874449243337e-04
-4.351808599237660556e-04
-3.764488056125198209e-04
-7.538838783654104407e-05
-3.932763132904055574e-06
-3.441057895296951240e-07
1.096912359476142234e-07
-9.026588741053066856e-07
3.657017023914101453e-07
-5.682225074671037605e-07
-2.021663644206612600e-08
6.591119184602023009e-09
8.758816705324618199e-09
1.046272414837855489e-09
3.506053392618633800e-10
2.170608819672538807e-11
-1.080788443423795243e-10
1.335084814198226363e-04
3.856008344225008702e-04
7.833513124197716683e-05
3.056661327803523976e-05
2.531586631123205106e-06
-7.823852582912604420e-07
2.822433630591509988e-07
8.018405277153041747e-08
3.098955237415428299e-08
1.481811523407702327e-08
-2.219839781710185567e-08
-1.144080435012011590e-08
-3.147234627871053665e-09
-6.149322493964293222e-10
1.288039488393835573e-10
5.890057749272245084e-11
2.269071201918020390e-11
-7.655518452165555587e-07
-8.977988608511085222e-05
-3.534240101791816040e-05
-1.039751850078440392e-05
-8.824684356785521392e-07
2.591675010149449945e-07
6.723474975192402045e-08
7.017569742138686593e-08
1.334420217810520103e-08
6.152108913630305033e-08
3.441844532368389706e-08
8.929003592541700767e-09
2.018233705910405974e-09
2.336797834971169352e-10
3.681197453363201914e-11
-1.410672330690807750e-12
3.670415283080995070e-11
-7.506398459807381910e-06
-8.363084287429870119e-05
-3.576201993880383690e-05
-1.979464303231869403e-06
-1.088652059705358880e-07
-1.835899129477546573e-07
-1.722105138107377042e-07
-6.034501129764957688e-08
-3.155094071882647362e-08
-3.103174993090115246e-08
-1.247753390364766925e-08
-4.065039734653187999e-09
-1.282247984714036643e-09
-2.090117781885179152e-10
-4.142964445512404715e-11
-1.160312611870148638e-11
-1.323244036285375736e-11
1.478470872668236750e-07
1.420828245284988180e-05
2.353525119245065009e-05
3.971605403844600719e-06
4.929054792107801745e-07
1.758200086997939757e-07
1.080992525243041382e-07
5.022626387936706386e-08
2.336422279343589652e-08
1.090984214025839143e-08
4.117494931461763651e-09
2.048981343967548920e-09
6.267748382408630636e-10
1.315841198384548056e-10
1.361913165549960087e-11
2.424466553493235118e-12
1.998093644718468861e-13
-6.307549324802534442e-08
-5.860163954143997854e-06
-1.799528756974303552e-05
-3.533139385161768613e-06
-5.325946140054396869e-07
-1.258142072126060645e-07
-6.244666293027522403e-08
-2.901779011934288716e-08
-1.224906076680249964e-08
-4.753425492829760643e-09
-3.259258414330411609e-09
-1.222615247897446881e-09
-3.307066295550905363e-10
-6.883659594988991977e-11
-1.363158415274522740e-11
5.867784481614963382e-13
1.648644632011436090e-12
-3.710203198067769012e-07
-3.932355840123865585e-06
-8.734709939309940517e-06
1.578967572220099490e-07
2.878578039450066105e-07
8.081949952045056762e-08
3.223982461272423797e-08
1.549071871183255483e-08
6.179027548653196063e-09
2.711191776569155180e-09
1.513404574175640255e-09
4.324943125719632162e-10
8.408953763380638877e-11
1.748345463439508229e-11
3.623785443601428028e-12
-9.696595419319990533e-13
-3.501124952492048162e-13
-9.039417083538481808e-09
1.215983632193749105e-07
2.534548992170105700e-06
8.353446199997671103e-07
-5.232932245268250634e-08
-4.232249383760855598e-08
-1.598044080687570695e-08
-7.284942379314149529e-09
-3.390539123977543023e-09
-2.017774088178688470e-09
-7.860998678730080849e-10
-3.566126226612115772e-10
-5.699705685151381411e-11
-6.487161367509142424e-12
1.736010549775361803e-12
1.027812090281394439e-12
-2.004637516103286173e-14
