1.288127745404201441e-01
1.031031549084864052e+00
4.145002134296102425e-02
1.149968336225790826e-03
2.501092437119025811e-05
2.871579489370507234e-06
2.790215733456046972e-06
4.541994986799715262e-06
-4.885883492893364731e-06
1.333467207193516716e-06
4.316399003770168693e-06
1.007331458656558587e-06
1.305861015228428372e-07
1.066251399774332541e-08
-2.112876489236922292e-09
4.654251967906076050e-10
-3.906661695046621795e-10
-5.338831636070242442e-02
1.462553667079720954e-01
-1.499779946157435949e-02
-1.159862771605339737e-03
-5.511479402225533651e-05
-3.011604628088392495e-06
-4.544258675597892572e-06
-7.512966589725541035e-06
-4.420664215205813949e-06
1.815579839315039566e-06
6.724299455959357532e-06
8.693984005767533190e-07
6.790201779597287833e-08
3.471652478950629974e-09
1.558388861479315509e-10
-1.187702948384083496e-09
-5.927249008856482271e-10
1.638413233112583078e-02
-2.296271540680238765e-03
4.399339017987651673e-03
9.117166493792376895e-04
7.310886188838201316e-05
5.637764004753273936e-06
6.263207100759189219e-07
7.873551899522777291e-06
-3.986451808772535936e-06
-3.006015636910023153e-07
1.816630763959130979e-06
-7.641926903732053698e-08
-3.215253562085762482e-08
-9.240039003175038032e-09
-6.428852803005891160e-11
-2.731456070181096786e-09
5.010272778902567782e-10
-1.803574908350556727e-03
-1.201737922051884528e-03
-6.224339490118922184e-04
-2.999651807433999207e-04
-6.212146224880625935e-05
-2.926340663080978951e-06
-2.820780156265831729e-06
4.698741465930025626e-06
9.475276099220367855e-07
2.724109355570578276e-07
-1.127868368523650230e-06
-2.124642077861911255e-07
1.114484405696319544e-08
-3.407849728533244382e-09
-1.454658349463067253e-09
1.279763033230079275e-09
-1.006750833453489075e-10
4.190239658216082124e-05
2.733116943720955610e-04
1.083442473640746495e-04
5.136760083156510168e-05
4.273740748570781554e-05
3.617306543356549827e-06
-3.617219019475614640e-07
-1.428748919514592872e-07
-1.015806259184874732e-07
4.161926265279516852e-07
-1.159120294191613067e-07
2.369070633838815938e-08
9.955364630410093387e-09
1.821582697127925167e-09
-2.299302517340756779e-09
9.686199532683594956e-11
6.607937649083677967e-10
3.483251789995814296e-05
-8.017315564566037485e-05
-7.631366027784264428e-06
-1.325796415793400486e-05
-1.774588443810207794e-05
-7.866919582841939212e-07
-3.470667949612932588e-07
-7.677887443661775228e-08
2.564001847023771093e-07
-1.413103791943452092e-07
1.430010986865209541e-07
8.648166761922590058e-08
1.410474740481890125e-08
3.362873641105737170e-10
-6.474207783872313644e-10
-2.211310481622668581e-10
7.485156056270072792e-12
1.574317062231545320e-04
-1.171998696853364288e-04
2.507199187351503446e-04
-5.912719258904242917e-05
-7.743609194280317469e-07
4.731363448470177928e-07
-1.966930750114291286e-07
-4.478881057353032967e-07
-2.000784713674565389e-07
-5.790463608082817637e-08
-5.526626093364106376e-08
-2.470507876228374425e-08
-8.734122271681913377e-09
-6.107519388003473436e-10
-3.439696461470810282e-11
7.911173412091293670e-11
-1.323172985267367420e-10
-4.148288892874317589e-05
1.257206742206066542e-04
-6.993887900768108929e-05
4.999210432299930036e-05
8.108342555760320744e-06
6.832069839686170118e-07
5.860863558971136001e-07
3.690482354461827998e-07
1.672613647997508285e-07
3.440449952770982290e-08
2.967931157201942531e-08
1.917267331447791639e-08
2.091546384268991340e-09
5.030860671748869735e-10
4.168813212152474325e-10
1.077200954450985082e-10
5.935472530002572457e-11
1.443932534276372450e-05
-8.419754027926016693e-05
8.225281319689372526e-06
-4.720984292125196438e-05
-9.587639672586365576e-06
-1.711419159764127243e-06
-4.785921179319291034e-07
-2.586205960849724002e-07
-1.115496940359071871e-07
-3.845377158519919253e-08
-3.321543989835938113e-09
-1.553264717504365078e-08
-4.249158761162751755e-09
-4.160013130789088299e-10
-2.784769761510734915e-10
-7.449707323963650937e-11
-2.572576479712901359e-11
1.263586195416423488e-05
-4.619344638895483556e-05
4.890611869347579957e-05
-3.141887210031040032e-05
1.426467522898628634e-06
1.470147263986289548e-06
4.097115698002162265e-07
1.536891552999735158e-07
5.724020741932379108e-08
2.560735576356994329e-08
2.813024168630390114e-08
6.023324997863888560e-09
8.326634923894217656e-10
-4.310120194954354097e-11
5.624214606352632310e-11
1.166140096482773524e-11
-1.079806054275365312e-11
1.007969332979094123e-06
-8.599907391030496413e-06
1.700866597088004299e-05
-1.129814009692915708e-05
3.283082449274382060e-06
-6.765207311691486981e-07
-2.126212617291230252e-07
-7.663864193741232584e-08
-2.657943277736387328e-08
-1.202946914754504495e-08
-9.301029223082767235e-09
-7.478395818706715660e-09
-5.893025903857592566e-09
-3.363418637278228259e-10
-5.179219341377316063e-11
-8.168631583793088441e-12
1.094490248794756264e-11
2.796538716148351880e-02
-2.686568155394047572e-02
-1.816358042382445115e-03
-8.096952448731886806e-05
-5.863137583210368564e-06
-3.734464067467822841e-06
-2.482418586217174612e-06
7.773556977494477181e-06
3.624586883262909659e-06
3.571450982488673090e-06
1.006967564661551262e-07
-7.677507060015426283e-08
-8.885656734839082905e-09
-2.895785128070317503e-09
2.873426828375376140e-09
2.220128262170138082e-09
5.135445035498978524e-04
4.062959411334041149e-03
8.435857127296652117e-04
6.818788527165181839e-05
1.356884751842631698e-06
3.922773464014884314e-06
-1.924151954838698701e-06
-6.036818495549737109e-07
-8.050320473543759438e-07
1.352235804637603432e-06
-1.430878694541569294e-07
-4.189106678804074429e-08
-3.221351266930515883e-09
-5.212810487055351402e-10
8.541733487606549245e-10
-7.371719129578271899e-11
-1.029469449815120785e-03
-5.962024529515114711e-04
-3.049590451913567792e-04
-6.074914361739282352e-05
-3.605892354591213824e-06
3.338866269483048760e-06
-2.872216884008551697e-06
9.500210455939098682e-07
-4.515065987451086706e-07
-1.111122955859655417e-06
-2.441523784754774677e-07
2.221332022739024430e-08
6.671295642111663814e-09
1.804053488712892518e-09
-1.091035844838877198e-09
-1.401737921574861102e-09
2.337758705238630137e-04
1.120023543942672039e-04
5.035753947788006488e-05
4.074899976004774197e-05
1.457013914229014474e-06
-9.272505478582497484e-07
-2.554101681518525503e-06
-1.437404319063443552e-07
4.732325382750438317e-07
-6.150653691084160060e-08
3.604141344644190431e-08
1.342182565349542127e-08
7.136542513492057377e-10
1.864294261926213652e-09
-5.443311747797233366e-10
-8.136784883353446890e-11
-6.802141867015270985e-05
-7.221547414301889807e-06
-1.531526984141186798e-05
-1.595346874800287096e-05
-1.467992711146077494e-06
3.207752211144615617e-06
1.834542397525798165e-06
2.535690992056596268e-07
-1.216417014860160426e-07
1.122772630131851742e-07
8.066342443107955329e-08
1.162962849840896568e-08
-5.495690266554760526e-10
7.736191588452694548e-10
-2.500721283801710555e-10
3.862176169416311369e-10
-1.485558029201125075e-04
2.499250928143901965e-04
-5.796518401451452093e-05
-3.156678903883250394e-06
-4.198835082109915049e-07
-1.855235577256771293e-06
-5.832900765589048319e-07
-2.199354754697453279e-07
-5.357458256494027822e-08
-4.279202454475652593e-08
-2.099619200146392426e-08
-8.110764279930700731e-09
-1.520507796257707395e-09
-6.979783543112218163e-10
2.481812336834108290e-10
-1.772870919029138026e-10
1.308281232555025806e-04
-7.058228597402632946e-05
4.985209810393384066e-05
9.571557322189456660e-06
1.530726520817332874e-06
8.471619530579934483e-07
4.022147006573178982e-07
1.756091535772624233e-07
1.722722208258765521e-08
2.200287144056720099e-08
1.703623236238051639e-08
2.974127542446972872e-09
5.750137227574498846e-10
3.550210546842538129e-10
2.412991385232982399e-11
1.787051019000374451e-11
-8.479492888949498688e-05
8.348549977842815688e-06
-4.723863142559172143e-05
-1.026464916997264190e-05
-2.014870984131015415e-06
-6.489416625208189400e-07
-3.132688826681004330e-07
-1.122818470944585335e-07
-3.401316971257103209e-08
-1.401076647180353362e-10
-1.442457797990515375e-08
-4.417892864477684015e-09
-4.024308446481643776e-10
-2.743684039419054395e-10
-6.231164682625136184e-11
-5.337096413883738967e-12
-4.764058868598735198e-05
4.875051138707339976e-05
-3.144839319800372566e-05
1.786835361085916495e-06
1.609799505257222975e-06
5.110405214949870882e-07
2.198733031328626899e-07
8.548993357152662870e-08
3.016163653590455597e-08
2.698035041382716427e-08
3.707670647094608003e-09
-1.197055869939499190e-09
-2.472117332674787293e-10
1.298531584414350120e-10
9.938502422107967256e-12
1.587622326764872579e-11
-9.637891384380329398e-06
1.760815790677333157e-05
-1.209354525966041156e-05
3.062318893767683453e-06
-7.595270586590551548e-07
-3.681968061940462311e-07
-1.403047843290081591e-07
-4.663441085649882918e-08
-2.061718644789734258e-08
-1.532001531998287451e-08
-7.027512836288421254e-09
-2.798041535566880419e-09
-5.636959035987014328e-10
-1.836721037034495695e-10
-3.098128582462219896e-11
2.227112916939840092e-12
-1.023791250040636980e+00
-4.130488516514503605e-02
-1.145505602440289499e-03
-2.262460109700625813e-05
2.517309380036481029e-06
4.816794407345774863e-06
7.956520509586473475e-06
4.814304284226826621e-06
-1.015156924867068299e-06
-4.252439601801784568e-06
-1.006007244122704794e-06
-1.211095482192904562e-07
-2.560056063463967473e-08
5.547946325909635758e-09
-5.356268951580258900e-09
4.120710636884729337e-09
-1.536419874984907286e-01
1.465019752059270979e-02
1.149926403333099241e-03
5.348068633054966722e-05
1.401820726499194925e-06
-2.182130876231982016e-06
-7.302908729289347090e-06
7.192665875066196217e-06
-7.702243104306576380e-07
-6.566197037223423647e-06
-8.568968047647848342e-07
-5.194937366347769212e-08
-4.715651256943008643e-09
5.343814214573409553e-09
-1.980559120133525813e-09
2.310649317398337835e-09
8.025743920076922749e-03
-3.964573826821417638e-03
-8.884788717372483048e-04
-7.241273754866963698e-05
-1.035636250746646921e-06
-5.464639646265795109e-07
-9.564465315325772405e-07
-2.999024990549372248e-06
7.062507950543526614e-07
-1.906419983581008312e-06
5.582330458008916457e-08
1.164136292949417992e-08
1.607541855406415368e-08
-3.237213367195838027e-09
9.019916479043928359e-11
-1.170768925934659446e-09
-7.163671291305925923e-04
3.107777691204712325e-04
2.762067938458664072e-04
5.905357096016795095e-05
4.218106123634202137e-06
4.248748587253041605e-07
-3.712312936059031774e-06
1.487407131930846511e-06
-7.202710955451102554e-07
1.213480143735679429e-06
2.516198315052187785e-07
-1.105215029188528398e-08
2.906426652034972698e-09
2.398788238801472536e-09
-1.065399466837569589e-09
-1.033890092467708505e-09
8.475009076075566835e-05
6.690386889182104834e-05
-3.367857979618010008e-05
-4.326588343970465093e-05
-5.427171180630092944e-06
8.105252689144591848e-07
-1.864486537595582190e-06
2.871842359621821180e-07
9.295642840340556175e-08
4.136047450003966678e-08
-3.558318500811700206e-08
-1.158509752033937417e-08
-1.470578842092207057e-09
6.247023557167131953e-10
1.103572686538102451e-09
-2.868314852416102844e-10
-4.189115609252589063e-05
-6.771186528086700672e-05
3.153426473933416284e-06
1.722316553656565033e-05
2.177565365252272833e-06
1.070243553767522445e-06
1.111280898956078709e-06
1.507086247391799334e-08
-4.995101058559263311e-08
-5.853749665892356853e-08
-8.147877462131960307e-08
-1.145617131991924219e-08
-1.474266248424660539e-09
7.495855705617351567e-10
-7.832232004644543109e-11
9.961238585352842759e-11
-2.344176163512212024e-04
-2.583134697364730583e-04
6.275341996307473298e-05
1.583047066766509312e-06
-1.689091083211227786e-06
-4.998916806627012843e-07
-1.759343533869777196e-09
-1.300828052931728682e-07
8.945521796422980789e-09
-7.584588441351284157e-09
2.095663547957014923e-08
7.330866919927197216e-09
1.116347417951413864e-09
1.520502409827898720e-10
-2.094979157338768871e-11
5.099721863348872564e-12
1.375462044208925134e-04
1.102612141207794366e-04
-4.805041472109867199e-05
-7.840952281071381994e-06
3.519631198403806893e-07
-2.125914134240533372e-08
-9.336730865765992225e-08
2.275712064312781603e-08
-3.408253465853214593e-09
7.486806336517533174e-09
-1.517590226929224324e-08
-9.807454950264129530e-10
-5.255722850895429426e-10
-2.884117289221742456e-10
-1.706681572725890792e-10
9.610796225962057546e-12
-8.261353060828417478e-05
-5.666260271004417966e-05
4.122022304393476388e-05
8.594600326132786355e-06
9.139237963278801801e-07
8.210520820437554378e-08
5.502202203268572594e-08
2.979748119681555641e-08
3.073498504868836249e-08
-1.574142522821201886e-08
1.184623083911322181e-08
3.458451704056674782e-09
2.119426665947812158e-10
1.832923709422499976e-10
4.137824872810639256e-11
2.605318289382166070e-11
-5.434931976955631081e-05
-5.183718003879927007e-05
3.610159515324519377e-05
-2.972977730290527703e-07
-9.438382106874498008e-07
-1.672474609058891538e-07
-4.485432502874256772e-08
-2.298583448735704396e-08
-1.560626781435241106e-08
-1.136643410045552017e-08
-4.687286784320984704e-09
-4.612072957493467413e-10
1.377468988448573285e-10
-2.068600007674362620e-11
-1.893879187807757656e-11
1.879221370553298494e-12
-1.053198446964513037e-05
1.420876892222201659e-05
1.032641902196648513e-05
-3.978949720349347808e-06
4.093453483855528363e-07
1.048598470159156844e-07
3.451866137247923204e-08
1.990993298836747428e-08
3.330303761941387693e-09
2.454461240490943236e-09
6.170936019241162131e-09
5.866152197405054111e-09
2.978111368070667984e-10
3.191607133775401765e-11
2.046478011885948494e-11
-5.462943961275117583e-12
9.295059093181290422e-02
3.945362810587820651e-02
-2.636589412667162541e-02
-1.799230166776380436e-03
-7.831215486612741407e-05
4.510733411346379762e-07
6.497443041679176004e-06
2.695731437313205557e-06
3.629520713329564218e-06
3.866804633620484828e-06
3.633383291245847787e-06
1.368836928147944145e-07
-7.578685375059582264e-08
1.760975264963200340e-09
-9.830331137406555535e-09
3.753532544926399979e-09
-1.085652863307169409e-09
-1.516708371274363282e-02
-4.793130046335177495e-03
3.649353475711176759e-03
8.218424676528792404e-04
6.765478187174990684e-05
3.091414515768267339e-06
-2.270356365887690428e-06
-4.537697600605347724e-06
5.003075559253016756e-06
-1.017511512630882040e-06
1.372536819130838885e-06
-1.231918957781963517e-07
-4.360432622157017639e-08
6.363914081912605541e-09
-5.813766458455007585e-09
2.613700018339886837e-09
-3.105461692722164157e-09
1.682572099799979062e-03
8.982527055442077928e-04
-2.841308293871616024e-04
-2.826938703169362883e-04
-6.425908914669167912e-05
-5.292468327299195465e-06
-1.729366982752945154e-06
-4.434298118889880318e-06
-1.056379630995925002e-06
5.749953066661488427e-08
-1.128217163330773519e-06
-2.559287656654308398e-07
1.582704785648701795e-08
2.753243865368055304e-09
3.285472822451957700e-09
-1.301530438799210699e-09
-9.748360524798184828e-11
-4.258447726352234032e-05
-1.198972329884450051e-04
-6.402983040431052010e-05
3.197713212470255207e-05
4.181522989801099335e-05
4.943338424007742947e-06
3.792739544846604772e-06
-4.187964255008845887e-07
-2.637724661818601285e-07
-1.453086943663046087e-07
-2.496081510572346111e-08
3.669274438141599224e-08
1.960148395744143181e-08
1.181344051688271934e-09
2.964596108968629150e-09
-7.634695876217739357e-10
-1.161681311446971001e-10
-3.289541800614137452e-05
5.408189194713181465e-05
6.869625236734412535e-05
-3.171798465431685369e-06
-2.162637810598638325e-05
-4.883800331407104549e-06
1.016839383323902411e-06
5.715773995901100948e-07
2.020242245452655500e-08
1.424291783241122818e-07
5.562336650143111564e-08
7.745081513515693175e-08
1.014015890593726206e-08
-8.151461075090129626e-10
5.641164281854364633e-10
3.528610878204477477e-10
3.705315234454960641e-11
-1.556743512895580580e-04
2.007342173954676956e-04
2.556028446756735458e-04
-6.223739084172863120e-05
2.753476760090534226e-06
2.090790049053018508e-06
-7.033624956431529814e-07
-2.247953998949535124e-08
5.219851509233490012e-08
-4.807459098609724855e-08
4.227467472975127315e-09
-1.796735402671580466e-08
-7.478345965996190202e-09
-1.280409115738723173e-09
-7.792009627904587381e-10
-1.933278487688124395e-10
1.341960636675037299e-10
4.336446839148886404e-05
-1.305900872603118861e-04
-1.097101382824863103e-04
4.732169334921983801e-05
5.929827210067543027e-06
-1.703213706661621630e-07
6.597081324404398174e-08
9.183480296751717472e-08
2.436663662200286438e-08
8.585109364717624015e-09
-8.613307335403030234e-09
1.356383408309496437e-08
1.635827930232214835e-09
2.150467121001864729e-10
3.087162779102907421e-10
1.012384040617330969e-10
-1.242350632253494820e-11
-1.536038849706457485e-05
8.112846549026291227e-05
5.654418314088236191e-05
-4.088361852837019963e-05
-8.102237503727947207e-06
-9.580070799818379552e-07
-1.213770813602038494e-07
-1.004226211178395018e-07
-4.626410822564487668e-08
-3.345530702042758196e-08
1.461380238300807661e-08
-1.167318537880881648e-08
-3.233574218349128043e-09
9.002366836144712561e-12
-1.963177137132437130e-10
-2.177381572298531535e-11
-3.038191634278278995e-11
-1.209355159761905593e-05
5.321180161404637791e-05
5.188767302364858465e-05
-3.599631790706713864e-05
2.374146775625978327e-07
9.546784205944758950e-07
1.891453271480284959e-07
9.553776718879518033e-08
5.061731067537452280e-08
2.270171537021064765e-08
1.311616888030796697e-08
3.373819904986113839e-09
-1.866177463025598088e-09
-5.061736022249874594e-10
4.891050921808644517e-11
1.933067919421200776e-11
-8.883117059618723271e-12
-6.430309267861054229e-07
9.815098974030334936e-06
-1.661519824884842819e-05
-1.160529562867269864e-05
4.188194026706018178e-06
-3.259394368931522348e-07
-1.700499450642660603e-07
-6.518543661887618341e-08
-3.224571147004797734e-08
-8.689517906088868783e-09
1.682541283322944763e-09
-5.555358378165575985e-09
-2.375045899005042260e-09
-3.436104007722379205e-10
-1.323055854732939126e-10
-4.450664822053959957e-11
5.196698881876172715e-12
-1.476706619668677611e-01
-4.019296793043433333e-03
-8.763197931767694869e-05
-7.616295356617033349e-07
1.155850914476669826e-07
2.310393363024812984e-07
-2.869286261325722101e-06
-1.982019599995633321e-06
-2.487563483395815853e-06
-1.423142181310942189e-06
-1.694577970363594047e-07
-2.577002075766518922e-08
3.231894690675212747e-09
-5.850181970973127577e-09
1.708927924122098711e-10
7.411367577843520904e-10
5.566276021252258149e-02
4.190863914583408539e-03
1.821466631057847734e-04
7.129970905237543766e-06
-1.444957107495028584e-06
-3.613529377287017592e-07
-5.028891918310238467e-06
8.399791248101124767e-06
-4.507858320213734438e-06
-1.477471788563646834e-06
-8.036808677923986099e-08
-1.532357878773888062e-08
6.166634614907889113e-09
-3.377526995823877238e-09
2.478613208442887520e-09
-1.308320411530001292e-09
-1.708579594999063908e-02
-3.168323355936569080e-03
-2.661421236623677544e-04
-1.025198533524492223e-05
-5.877425804353292837e-07
6.155365355523723197e-06
3.647939360546428890e-06
1.990190782169538978e-06
1.950652718720323197e-06
-9.064037008937298918e-08
1.465872228694619485e-08
5.894322063673334199e-09
-1.625082482118711905e-09
6.841733858607804095e-09
-9.300495739481719994e-10
-2.155233892669977337e-11
1.675711583577591500e-03
1.082775398743411784e-03
1.919046589553962550e-04
1.434176862447515346e-05
-1.140217459450334618e-06
3.176042144282026977e-06
-4.245395478338189709e-06
-2.245875402320750507e-06
1.661447636491350358e-06
5.030736484929968020e-07
-2.566909208270779029e-08
-2.430780185474148254e-09
-9.938846652231278787e-09
5.635756451484482410e-09
-3.982744348636097851e-09
1.678583345273493124e-09
1.315995335249004860e-04
-1.826895151399939878e-04
-1.188971005886627622e-04
-1.140639145902859436e-05
-1.906202046486121810e-06
1.160145206529848751e-06
1.321552141455273760e-06
8.292859378320044271e-07
-1.861453437653200796e-07
-3.179153985339561889e-07
5.410926007246865669e-09
3.319562166787901355e-09
-2.071517007425983212e-10
-6.056351308304402293e-10
1.946504405571830864e-10
-1.676648175541512219e-10
6.378568584025513918e-05
4.821736744853523827e-05
5.848552817310864277e-05
9.322531528206810840e-06
-3.965632206258339891e-06
-2.833705007651618344e-06
-5.620072218247269885e-07
-1.179901031742346536e-07
-2.048561879378640041e-07
-7.260535085168299572e-09
-2.489897109859277970e-08
-1.939911462771346596e-10
1.660624557646164970e-09
-1.134960940193732759e-09
8.041774200123961212e-10
-3.493665742313379679e-10
4.613122299950196291e-04
2.052297437370289635e-04
2.513400221520680895e-07
-3.298109036149608446e-06
3.786987238042125057e-06
1.676480929568464056e-06
5.519159110607434575e-07
1.105723328069586860e-07
6.550752350761522191e-08
3.245640372279570229e-08
3.143055409201228457e-08
2.202901913727532619e-09
1.007847886765752031e-09
5.143536031626319078e-10
-1.712630267622054854e-10
1.123452530500064525e-10
-1.033922650258569753e-04
-1.632444065039826537e-04
-2.366596170589313142e-05
-1.586504354860069092e-06
-1.841768181886444940e-06
-9.278988718531400264e-07
-4.014290420697481151e-07
-1.527254552166190368e-07
-3.283191470199139767e-08
-6.779114202527594154e-10
-1.687803959244314928e-08
-1.297055389298840979e-09
-1.259250444421207236e-09
-2.874251646014431621e-10
-5.778995448698542248e-11
-4.427189369931966051e-11
2.974507225163082298e-05
1.346903554592245814e-04
2.962849086636922406e-05
4.149997436427868199e-06
1.164915797898704583e-06
5.856484581200623390e-07
2.750589448478744317e-07
8.777603612401479810e-08
2.530807045746015417e-08
1.375767183572360904e-08
1.279550270614874405e-08
5.385989455526637028e-10
8.437063912408533497e-10
1.972509435500904867e-10
5.205134724688111345e-11
1.992210258205583404e-12
5.547752412804039140e-05
1.314920529506986835e-04
8.615632900770405219e-08
-3.637780258314076313e-06
-8.870707119167423824e-07
-3.837146725287664516e-07
-1.646143206639018998e-07
-5.956422068340590896e-08
4.963904260329557591e-10
-1.501869614489392189e-08
-9.274465163750535409e-09
4.252989870599646694e-12
-1.796433165645124214e-10
-5.860166498605449237e-11
-4.668590216502573305e-11
9.374788793161798846e-12
-8.661329257682917687e-07
-4.509949862706495402e-05
-1.522994441867037285e-05
1.092702022584617124e-06
5.441144764466910872e-07
1.585220659160861891e-07
7.875861867041974989e-08
3.403787981628851788e-08
7.047266571864408467e-09
2.035998390969375507e-09
1.048293111081069955e-08
6.511621179066109968e-10
1.083580551861710423e-10
5.594553561914383453e-12
1.589797002243275286e-11
4.747776644125150714e-12
-2.021301618144302203e-01
-9.926004288395054442e-02
-6.455123435950729620e-03
-2.746521679769641650e-04
-1.115935009200055317e-05
-9.783216519438870306e-07
1.528899561278720090e-06
-3.364231757217979923e-06
4.523194420688094135e-07
3.731715606821853473e-06
1.505212625722943159e-07
-1.337793637907314246e-07
-3.095178516348402832e-08
9.894581502685948952e-09
-6.477899486095943812e-09
1.916344595899655147e-10
2.926671572844563233e-09
5.003769620971204070e-03
1.565719524101023136e-02
2.950945420736062700e-03
2.502845589388974219e-04
1.081560455775198458e-05
2.027396266371503215e-06
6.382132962403955292e-06
1.243171112260438747e-06
2.710900087498460844e-07
-2.947013519605607305e-06
-3.076705627650610181e-08
-8.947091416660341329e-08
-1.931685768713271207e-08
2.264689743123097789e-09
2.002565174046033853e-09
-1.947798690363878810e-09
-5.955969686033121135e-11
4.710059870724192239e-04
-1.545890770108247639e-03
-1.081924495931860632e-03
-1.902479898762843443e-04
-1.280929761725710631e-05
-2.529867264573928306e-06
4.273658989056929554e-06
-3.118744867679402281e-06
2.034655411661441159e-06
-1.959258555405768733e-06
-4.225793523030763242e-07
2.051799204907826646e-08
1.670954603248638328e-08
-3.200516748361987819e-09
2.825075624348627714e-09
5.192351153225571275e-10
-3.671143672573605812e-10
-1.046090285931496045e-04
-1.466111527454067324e-04
1.851850772847125751e-04
1.210718396137549119e-04
1.254864434655831176e-05
-3.762222970331832942e-07
-7.744977596519277790e-07
4.365137107308278029e-07
-9.485894579588050740e-07
2.285910874881020045e-07
2.683770875877604961e-07
-1.534059422096902973e-08
3.532628772248239715e-10
-6.044536067920928435e-10
4.110113295163222310e-11
4.511889995061435114e-10
2.739824401830780044e-10
1.177951288129625070e-05
-5.707944976675898610e-05
-4.567978388188269768e-05
-5.671004483891807805e-05
-6.991620181089641016e-06
-1.140329058528800834e-06
-2.194194271186435622e-07
4.132244702983855727e-07
2.288826655379874190e-08
2.571138195784644097e-07
3.438167347835380494e-08
3.812479212446672585e-08
-6.609563060295799639e-10
1.701508807724576448e-10
9.021835484357529944e-11
-8.537751228036734183e-11
-2.609367133691992339e-10
-4.575791086223401579e-05
-4.659798351394025574e-04
-2.074759285497508035e-04
-2.495838452894794630e-06
3.127903142577166463e-06
6.233906766846249570e-07
-4.158758103885316671e-07
-3.167418477560063324e-07
-5.971731150741484339e-08
-1.018428496990256946e-07
-5.093071213613246392e-08
-3.774972792306273002e-08
-2.098945745372366151e-09
-4.551780183497196119e-10
-1.197068093128003188e-10
-1.965444370176413807e-10
3.994037867529596218e-11
1.365656427242176802e-06
1.026191763559347668e-04
1.642941503333954136e-04
2.453446798620385883e-05
6.443909443792195075e-07
3.772281368030344677e-07
6.027847198840397312e-07
2.501739364482284019e-07
1.393859223885555691e-07
5.124246537384075325e-08
1.048041672616300713e-08
1.858791026256398951e-08
1.973224437132450881e-09
6.679993732170243661e-10
2.168567588228028535e-10
5.966575703610119832e-11
7.189883006976108001e-11
2.412392653944052425e-06
-2.928019497564888793e-05
-1.352039109863587495e-04
-2.965337283679865790e-05
-3.542905199296306849e-06
-7.082482465336974036e-07
-5.146977141016670244e-07
-2.223579481309421433e-07
-9.790948668731491539e-08
-3.764056632614574822e-08
-1.988825569541263459e-08
-1.347948032996048216e-08
-8.193749386338972778e-10
-6.222474143377388942e-10
-1.742819955390830268e-10
-2.595720968088089149e-11
-8.443777941333523933e-12
-4.455057874952310032e-06
-5.549533461215337753e-05
-1.311175131946248559e-04
-1.937643125817399061e-07
3.220197451516658613e-06
7.739161348474927697e-07
3.712158371136216857e-07
1.801455258086837702e-07
7.774625104973214728e-08
1.229202305928271188e-08
2.439866333134109173e-08
6.885179575211670419e-09
-9.323493324226115310e-10
3.087458068024463766e-10
6.634417942402704033e-11
4.073878539171180829e-11
-1.665739706378202010e-11
-3.232101620548739698e-07
1.090892058062952756e-06
4.498738963587747825e-05
1.630348908067627369e-05
-9.351521256235342367e-07
-7.009651107446418104e-07
-2.405500615988686814e-07
-1.184663994489230167e-07
-6.191003494459230365e-08
-2.749574702243834839e-08
-1.002562567917158196e-08
-1.084933575905296445e-08
-5.283209479192867100e-10
-3.986754283648933926e-10
-8.366718475739055388e-11
-6.008150799595560438e-12
-1.623776772872236777e-11
