1.324696406923871750e-01
1.028946508725553155e+00
4.250276512441777954e-02
1.267526969442769273e-03
3.375860455786681215e-05
3.994384284431249448e-06
3.756775405473031699e-06
3.406339929247623943e-06
-4.044629501693485743e-06
1.153208671335302053e-06
3.440469596995980051e-06
8.579889575587435337e-07
1.225122277390075086e-07
7.816193453280044033e-09
-1.414259503604413133e-09
1.831395460936827636e-10
-4.594339853469318565e-10
-4.541626997968518237e-02
1.223376135085668670e-01
-1.275153027303373848e-02
-1.046804404807708108e-03
-5.386495079838240715e-05
-3.757835859997723495e-06
-2.937707661028281581e-06
-6.313562880517651501e-06
-2.040374095406993538e-06
1.053561104071625212e-06
4.795590263907764599e-06
6.822190926237595279e-07
6.527296559344061046e-08
-2.193269507014088408e-09
-4.431096971999334394e-10
-6.612493718476835472e-11
-4.611909408538898470e-10
1.168052894734590737e-02
-1.567317849798804822e-03
3.159760389703206510e-03
6.787234064529142942e-04
6.060088145279056161e-05
3.871413144810431104e-06
-1.745557164255400555e-08
5.507499556371269656e-06
-1.676315650456449076e-06
-2.886563094525347603e-07
1.320107787546922450e-06
-2.525129881784514278e-08
-1.954630621615581025e-08
-5.819442601218692143e-09
-1.592158837973742340e-11
-1.771334546064832089e-09
4.456517465649463351e-10
-1.040673588259139739e-03
-7.033808333809700051e-04
-3.634534354392181753e-04
-1.827773667000858393e-04
-4.031600465913178898e-05
-1.751604192889933314e-06
-9.324012795978720039e-07
1.861375629888404030e-06
3.001965456501618590e-07
2.282220366502171809e-07
-5.312343874107232107e-07
-8.364827212488020122e-08
7.242097005072927386e-09
-9.807204473080418600e-10
-4.679283437132909089e-10
4.986663570703460040e-10
-4.975707736839022749e-11
1.930415019531907337e-04
-1.726087458714983041e-05
1.752459668161468964e-04
3.528323074444083505e-05
2.173833202356204332e-05
2.318964024785158137e-06
-3.612978209016824204e-07
-9.400640040744256427e-08
-9.005102217536682005e-08
1.642052313733291076e-07
-1.174626319553571545e-07
-8.948390552831506777e-09
4.623389017564022449e-09
6.435970125115924291e-10
-7.747628580294875967e-10
9.304040400397789535e-11
2.621288576687832378e-10
2.508345666742911207e-05
-8.085116293834504247e-05
1.425969110933544524e-05
-1.343455860041271494e-05
-7.628998562273073900e-06
-4.449824000727008137e-07
-3.029421084135212803e-10
8.992354623517178848e-08
1.416074101675071284e-07
-3.190709189912677879e-08
8.677629210411913884e-08
5.107392666625742287e-08
6.872964005463197743e-09
6.597923672588057174e-10
-1.342110897676454734e-10
-4.340959343544205237e-11
5.505854316379064771e-11
8.067129682717616088e-05
-5.144757766542706635e-05
1.264804828972146693e-04
-2.965962830322692905e-05
-1.448160353368296942e-06
-8.146917001622017245e-08
-2.150156249511789407e-07
-2.519874391688666021e-07
-1.160823316884436333e-07
-3.569724356174271488e-08
-2.455834065615629254e-08
-5.862319785213842164e-09
-3.266107711696809589e-09
-5.877871144692942206e-10
-5.457125942455185342e-11
2.492407360552215649e-11
-5.542073074064853365e-11
-1.830450604977056881e-05
5.245277949366170081e-05
-3.069087952723780312e-05
2.214910980848238298e-05
3.965031888817231571e-06
5.087664365952847078e-07
2.961458459635746526e-07
1.642244357982636142e-07
8.622034949227005445e-08
2.355426001052508302e-08
1.257583846951138594e-08
7.270639924939403237e-09
8.245897349481592483e-10
3.372986224714393961e-10
1.560302856987198054e-10
3.850252076634821571e-11
1.029170897616869088e-11
6.722014906816983441e-06
-3.267307430126559697e-05
7.507695632440980134e-06
-1.913810606922035444e-05
-3.857176842038681195e-06
-7.220798911464274786e-07
-2.059469426708355483e-07
-1.027050058870148186e-07
-4.739095890245985560e-08
-1.783621855537576182e-08
-5.831408429810434257e-09
-5.893588100177249014e-09
-1.738088380959130771e-09
-2.060897529385576337e-10
-8.929257663470092830e-11
-2.202216400756990523e-11
-5.033862979125154380e-12
3.582932152547529919e-06
-1.253135108772880760e-05
1.445292580048410615e-05
-8.555697478581846888e-06
6.110760784619284686e-07
5.010291042323374973e-07
1.504109625771856976e-07
5.640194006116474391e-08
2.191434088052538379e-08
1.009437588794187882e-08
7.967224029422443554e-09
1.951009474157530303e-09
2.185565798176146714e-10
6.296294418932088655e-11
1.788973416289872724e-11
5.442566342596484127e-12
-1.276269705689165492e-13
2.175611652128658794e-07
-2.121940915413142270e-06
4.265358557830094167e-06
-3.376038561023157420e-06
8.162401681291284086e-07
-1.928255328620717578e-07
-7.138361106393357461e-08
-2.417400969796087081e-08
-8.528893110059711171e-09
-3.523874617860444464e-09
-2.151845482372796430e-09
-1.234433362465588132e-09
-1.311185325263414484e-09
-1.010367483394692019e-10
-2.013399323777789812e-11
-2.400879949151478023e-12
7.407755802111395811e-13
2.323830536768346083e-02
-2.288337131185139844e-02
-1.628496341905546953e-03
-7.896143395027368291e-05
-3.711870837255849236e-06
-1.919210358802790583e-06
-1.437352033850317482e-06
4.458232500605230122e-06
2.118343053018311064e-06
2.223860619927508679e-06
1.096755096602313066e-07
-6.907490194727083914e-08
-7.498225581120816313e-09
-5.163133512416351483e-11
1.968055526760793051e-09
1.327760289521494444e-10
4.591593246901094338e-04
2.917968580509057441e-03
6.312820417876897818e-04
5.697340770527513766e-05
9.131710723997068950e-07
1.040157799872641428e-06
-1.383947936728231314e-06
-8.234441841084453145e-07
-3.495587294415308625e-07
9.797815863003716858e-07
-7.994417180669346897e-08
-2.297609506520389209e-08
-4.989623226146376765e-10
-9.643465568688519933e-10
7.152735180596767682e-10
-3.163599704876205435e-10
-6.041596171224485751e-04
-3.498088112615399428e-04
-1.864789778812341438e-04
-4.032310507187520494e-05
-5.132871504205593729e-07
2.646873270508898494e-06
1.284517093946602259e-07
7.070489931950351809e-07
-1.917613206101652278e-07
-5.377741227872794325e-07
-1.170787383968684216e-07
1.310235535829925073e-08
3.355656525640438902e-09
5.941327484521296374e-10
-4.718581462700908218e-10
-5.482811769833770236e-10
4.175982842750585936e-05
1.829669449241053613e-04
3.542478109505196524e-05
2.121133093338692971e-05
2.544556646358926849e-07
-1.288263392346761517e-06
-1.470242844444800832e-06
-1.136683604078720577e-07
1.451305911542130713e-07
-8.937757312361329591e-08
3.798531705058423103e-09
7.301621511352960356e-09
8.984606169689744255e-11
2.519716604160727386e-10
-3.018488780007586104e-10
-9.702835974092546499e-11
-6.884977221886299614e-05
1.565120727038421549e-05
-1.434914129132286391e-05
-6.612453779539766609e-06
9.687533550930167741e-08
1.763965568181448647e-06
9.054619122545099586e-07
1.665635720597923909e-07
-3.300289603571216080e-08
6.629934003389502210e-08
4.620158259115873794e-08
5.627123988857484585e-09
2.597523173617832295e-10
1.880727590760183630e-10
-1.218797317197800278e-10
1.408060782573317016e-10
-6.797578262085855326e-05
1.257950070115918797e-04
-2.932298443445761839e-05
-2.390671589967662297e-06
-7.346612937556835349e-07
-8.973686867032745081e-07
-3.446463196545846201e-07
-1.393282984630772377e-07
-3.354670510892285635e-08
-1.674176170885113077e-08
-3.245703512696038655e-09
-2.792747437058660791e-09
-7.799118744354128632e-10
-2.832738514822969373e-10
8.453467215138250490e-11
-5.533704947904675826e-11
5.521535547487442259e-05
-3.075805933406555314e-05
2.222614267584855974e-05
4.467661662271301759e-06
9.020405665254662967e-07
4.268371067451278558e-07
2.101510441656122932e-07
9.221450649246259003e-08
1.641306780060007775e-08
8.330716937102775472e-09
5.930564204222769782e-09
7.422035968199167403e-10
3.320875694977833592e-10
1.653107215442130771e-10
1.538111917869271210e-11
2.036096246290782015e-12
-3.338272518062013655e-05
7.461905778953959074e-06
-1.922426991042581470e-05
-4.075296665932363731e-06
-8.557992656076724553e-07
-2.829698544494028578e-07
-1.259159144846905494e-07
-4.842979095966916193e-08
-1.501693388319353474e-08
-4.056009962509329073e-09
-5.232845153371676564e-09
-1.667288848148574972e-09
-2.050975631577929899e-10
-9.553013930703571870e-11
-2.415143969088721873e-11
-2.766919103934727299e-12
-1.298024874585573192e-05
1.443657462513662445e-05
-8.525268243227771003e-06
7.089232576478128963e-07
5.578097571248804054e-07
1.808106130721262742e-07
7.263045357141043595e-08
2.794809225109045266e-08
1.026592651370794163e-08
7.311476012153575763e-09
1.448852678893379746e-09
-1.175965173607410250e-10
1.965216694164145958e-11
2.804065116913617757e-11
4.705763088280656246e-12
4.543569857817728913e-12
-2.386660930983323828e-06
4.367814585485522458e-06
-3.564785311916165154e-06
7.559048268600580596e-07
-2.193782950433317758e-07
-1.093884589060595965e-07
-4.097236199282121128e-08
-1.353762600835699423e-08
-5.572807548816642401e-09
-3.496042645457422970e-09
-1.160231495383315056e-09
-6.441906641136839255e-10
-1.449818600547098945e-10
-3.886097058004455217e-11
-6.086507212263906668e-12
9.032877731287738784e-13
-1.020963542575797023e+00
-4.230408407396334808e-02
-1.260885390685898347e-03
-3.012295101322676376e-05
3.013244393736886267e-06
4.682702013099205842e-06
6.022853036245669059e-06
3.969890059060032967e-06
-9.643783627904531558e-07
-3.413291165410010988e-06
-8.551872379165645644e-07
-1.193497846809649156e-07
-1.729436047776873024e-08
2.893384429737198388e-09
-3.265671784810217413e-09
2.250721863103757302e-09
-1.289579162663940515e-01
1.241692901808323125e-02
1.034890568161815671e-03
5.184656361652787711e-05
1.787036350683669449e-06
-1.803166840859420531e-06
-5.847185171666657489e-06
4.582398844856432466e-06
-1.993663405905953396e-07
-4.658077868536025425e-06
-6.539192430432659420e-07
-5.475588841222830521e-08
1.828476262062849238e-09
3.487136437449862016e-09
-8.615479018607241145e-10
1.046477673142070425e-09
5.814307816289806044e-03
-2.811972445399560372e-03
-6.608501586975897273e-04
-6.217572406872323959e-05
-2.539720093436600115e-06
-8.633327533194527284e-07
2.231571506810588853e-07
-2.335019790783511921e-06
5.629367281169484357e-07
-1.374717536175308529e-06
-1.598240630596151723e-09
4.333311756821499542e-09
8.596750953977000020e-09
-1.853542242997621933e-09
3.078127171366034298e-10
-6.493823624233671070e-10
-4.628388628581364792e-04
1.574349889053467950e-04
1.687796533013818012e-04
4.014632402978244192e-05
1.601302611959255992e-06
3.403618538563401024e-07
-1.103787890565494477e-06
9.612054661034054974e-07
-4.547127882946980374e-07
6.169961755028499775e-07
1.088147870445162734e-07
-7.147366921590074641e-09
7.092672630702724056e-10
5.630875015942471104e-10
-3.848916931359307612e-10
-5.184242615465695699e-10
2.729142873369309647e-04
-7.916614674336797976e-05
-2.652985481103048511e-05
-2.296602817449223618e-05
-2.274600928128557768e-06
4.064789430396859302e-07
-9.985652859898105381e-07
1.032724078239538213e-07
3.158944552326980881e-08
5.821990959083827874e-08
1.758656573475488294e-09
-5.374445780258400475e-09
-8.661729561888482223e-10
3.636993937101233374e-10
2.938839859738844971e-10
-1.105494887124344255e-10
-5.013037025710510950e-05
-5.131713843068357272e-05
9.349104170753238949e-06
8.180051036602510294e-06
9.175542334085761988e-07
3.695058841912070763e-07
3.637652337150854370e-07
2.734965413025372788e-08
-8.092016930485264384e-09
-3.544554092972588621e-08
-4.708292789615788567e-08
-5.184771230481357879e-09
-8.786472598719593231e-10
5.242042350757588925e-11
-4.122213069627990359e-11
2.645774579449653719e-11
-1.104268274249158721e-04
-1.313704126456006972e-04
3.042058775956365206e-05
1.181732729989686088e-06
-5.413842890365406723e-07
-1.370801205735890521e-07
4.495264887764625244e-08
-3.682692356766910804e-08
4.500912203796059526e-10
-4.585813043781238420e-09
3.442320187647720413e-09
2.282127415376003654e-09
6.610315635597502204e-10
7.481121588059934997e-11
-1.536884941107089398e-11
2.509235478050660004e-12
5.900129050725904295e-05
4.834587219553095999e-05
-2.075011181671024163e-05
-3.516392528283262974e-06
-3.215683811795009494e-08
-2.442956568924971583e-08
-3.586701688256201352e-08
-3.250611510539705274e-09
-1.107259696615992190e-08
2.524245237074314841e-09
-5.704373950080781877e-09
-2.018719487356249892e-10
-3.043589171415475968e-10
-1.139051489440580678e-10
-4.935072260346584138e-11
1.329583384708455276e-12
-3.380604081551839932e-05
-2.629835869301311508e-05
1.667718568616878246e-05
3.356527677538207584e-06
4.136400809364425316e-07
3.948682416213285114e-08
2.408117753432474729e-08
1.161569499983143711e-08
1.266118614436457793e-08
-1.855132256204800348e-09
4.788327343248623526e-09
1.361876722141025209e-09
1.489810710909702897e-10
7.346122690896502692e-11
1.403141895963314084e-11
7.868023350538648612e-12
-1.512906392763718290e-05
-1.470773538086118076e-05
1.013259147897334757e-05
-1.937474263293897831e-07
-3.231603154385545587e-07
-6.384626883878786981e-08
-1.823490089393700832e-08
-1.012141753953910673e-08
-5.418091407408482149e-09
-2.267443977938848437e-09
-1.687850297617372844e-09
-2.154353861866317342e-11
-3.107741314775528259e-11
-1.308283289293624467e-11
-4.919615791123836244e-12
-1.003947185230120646e-12
-2.595646289643819861e-06
3.999926587873620052e-06
3.089407934287438723e-06
-1.027061741915535786e-06
1.142735481396193354e-07
3.793842127277200905e-08
1.003470314575712001e-08
6.460347533629223388e-09
2.117645935598093572e-09
1.547636202660635355e-10
9.980120914675076948e-10
1.263075930547766044e-09
8.000049091074010404e-11
1.377302155893472747e-11
2.761611465448874266e-12
-5.065433827653304743e-13
7.916760077468451562e-02
3.346273512528645522e-02
-2.240233842172596399e-02
-1.611620648636076731e-03
-7.882374575256580749e-05
-2.401766280407139619e-06
4.044576346851855692e-06
1.158378981116658125e-06
7.126744176780405803e-07
2.416023883512896404e-06
2.240174518713909708e-06
1.366511717477446274e-07
-6.072889224437734924e-08
-3.221006696459913900e-09
-4.209898305289668629e-09
2.133586304099537650e-09
-8.986163007263125586e-10
-1.080510363706009905e-02
-3.487230612030072906e-03
2.586889791329543328e-03
6.127682154240137770e-04
5.721498404802829595e-05
3.652640455260308768e-06
-3.356244211678648638e-07
-2.091475538391113438e-06
2.303336128012840821e-06
-5.787845275229480391e-07
9.828643620747814108e-07
-7.007535431862832835e-08
-2.239252160051830850e-08
4.772974293984605311e-09
-2.669352142729947184e-09
1.065363793468656641e-09
-1.596155656189029301e-09
9.827669952499830559e-04
5.738004175856325920e-04
-1.436045910128089264e-04
-1.728716117949808924e-04
-4.322377735750509693e-05
-4.406216265449356354e-06
-1.672952608901390168e-06
-1.709279209815940015e-06
-3.272168222358100027e-07
8.870205618642852429e-08
-5.501666241229682116e-07
-1.186505232430289048e-07
1.024299481381036875e-08
2.084327087844133687e-09
1.139861103190756952e-09
-5.143658163772782843e-10
2.787779349497107883e-11
-2.156832737638860061e-04
-2.159727679194100658e-04
8.454128527281138446e-05
2.573667875523913997e-05
2.347635841336044306e-05
4.137395452744850701e-06
1.480960482242979761e-06
-1.218595497632716714e-07
-8.509085999632003802e-08
-1.277844252851625697e-07
-6.769153062765325090e-08
2.022466393787059692e-09
9.787564979642330738e-09
3.097813331313466160e-10
7.228125075563821423e-10
-4.246196922776560259e-10
-9.293961334189851791e-11
-2.560456974778031056e-05
6.262639837007765472e-05
5.361085699877920970e-05
-9.310884427872898392e-06
-1.025655179646369996e-05
-2.408420072818948788e-06
5.931565403605062166e-07
2.818153790122173230e-07
1.424330068116172135e-08
5.641857148640400737e-08
3.396113268895284057e-08
4.448207324267094343e-08
4.349771841179715364e-09
-9.862907323567528618e-11
1.203602932721078540e-10
1.567186410775350898e-10
8.269199370203937325e-12
-7.991164001068123978e-05
9.269577066061959541e-05
1.299836714322195755e-04
-3.003412132477755337e-05
3.722588555322922877e-07
7.326323428425735192e-07
-2.855546864624447488e-07
-7.318466857960148798e-08
-1.164162235607706320e-08
-2.277301342661269571e-08
3.759418707009675986e-09
-2.118656165785418724e-09
-1.985138265720983502e-09
-4.893201015945056632e-10
-2.647593588211566985e-10
-6.101298845222868551e-11
4.103245380365018717e-11
1.900278406519807409e-05
-5.558921877770949628e-05
-4.813764055434898017e-05
2.042172760657110693e-05
2.963462223660125763e-06
7.263529343868874517e-08
5.581961358828948045e-08
6.338097157504667517e-08
2.632796286972483124e-08
1.504402387039501224e-08
-3.019840921049657197e-09
5.013828403942620061e-09
1.460342899845247304e-11
1.400896689169058694e-10
1.286185843417313696e-10
2.371862092975104543e-11
1.370159873253228421e-12
-6.978285120733217957e-06
3.285260567783598645e-05
2.625850409444283905e-05
-1.653874518476226458e-05
-3.229785930118241536e-06
-4.251845102277292561e-07
-7.550450299117944609e-08
-4.425241669880408572e-08
-2.031929460840813486e-08
-1.396955483617066503e-08
1.760310213098949239e-09
-4.480432712401631931e-09
-1.174882953289884745e-09
-9.176473109629438184e-11
-7.184916849021854809e-11
-1.203716578942249586e-11
-1.013476705282317910e-11
-3.403176312949132102e-06
1.474220282404254323e-05
1.468644374289571973e-05
-1.014404204785657514e-05
1.844870208127313647e-07
3.360879045871693874e-07
7.428830392452501097e-08
3.219906223166518123e-08
1.753561006292234913e-08
6.867910191532115030e-09
2.568606322926918244e-09
1.450605357384460929e-09
-3.973058507915145146e-10
-3.755247661441539650e-11
1.094730449244633022e-11
6.702064370498128001e-12
-3.588557086974331006e-13
-1.307172478990933800e-07
2.408743413740138396e-06
-4.531835839812523609e-06
-3.365551860674362616e-06
1.064613655763178405e-06
-9.628594299734723617e-08
-5.415534449589054339e-08
-1.892441566706292838e-08
-8.955233970992294553e-09
-3.295969029508785994e-09
3.575376797450097813e-10
-9.757838781225486097e-10
-4.718945425545239528e-10
-9.738545246057775566e-11
-2.690745892052227093e-11
-6.610774654070987126e-12
1.287787305857987646e-12
-1.514365082987849942e-01
-4.460883330434173635e-03
-1.136921680517933149e-04
-2.811614283083431197e-06
2.391567020723195999e-07
1.080577684264569704e-06
-1.384224545564601259e-06
-1.398208404833923636e-06
-1.550788478540863746e-06
-1.292245397742602810e-06
-1.368869813900332718e-07
-2.168255780062097540e-08
6.877540662258029216e-10
-2.773051599828246851e-09
5.962159599336012085e-10
2.791446343135983919e-10
4.750735966520660408e-02
3.737790605441965609e-03
1.805443178776223751e-04
7.509054973464345854e-06
-7.600401768447788585e-07
-3.366642454038889120e-07
-3.683231912523069402e-06
4.971876050852408153e-06
-2.532264232695006353e-06
-1.160181466786077519e-06
-7.522019695758702993e-08
-1.521968336147652627e-08
4.390293070643479898e-09
-2.069491581853418582e-09
1.292040956724635420e-09
-5.969839457393796675e-10
-1.220458499787709788e-02
-2.359248932071511106e-03
-2.147667431343794418e-04
-9.486514094432240302e-06
2.938570105947074889e-08
3.490211954037072525e-06
3.626340784328873291e-06
2.153993886966660781e-06
7.873631209639316660e-07
-6.844079431050944498e-08
-2.270805648541236589e-09
-4.269409754560513862e-09
1.749907809795661960e-10
3.108659783539448091e-09
-8.201290679360187631e-10
1.209227129129074877e-10
9.379803146766349433e-04
6.670388885573725430e-04
1.296444831585095872e-04
8.921369995259676943e-06
-1.417603632540140451e-06
-6.364451073523039753e-07
-2.818372225125375622e-06
-1.307473551532592147e-06
1.000224610888161359e-06
2.270971829995615156e-07
-5.476990312655062886e-09
3.095526170328195654e-10
-4.598545042244654927e-09
1.991835832994337005e-09
-1.493105312787717179e-09
5.949656513219899456e-10
-3.534944842427130266e-04
-1.314188527934943309e-04
-6.504493987811932538e-05
-6.657591146081495020e-06
5.322350144481846395e-07
1.684964661597166475e-06
8.865866432615467791e-07
4.198252372282494935e-07
-5.977877965113761376e-08
-9.592130035107742730e-08
4.908749907497780966e-09
2.401697002528355674e-09
3.068882355323943367e-10
8.597684540424415194e-11
-8.472180835218936403e-11
1.061717725104650811e-12
1.270207126822062865e-04
5.688476247874597349e-05
2.782407133014228300e-05
3.881994420238820027e-06
-2.502252482675696770e-06
-1.601715454258593652e-06
-3.783822526282537013e-07
-1.109554588367973055e-07
-1.098495499021347296e-07
-3.328296235107907172e-08
-1.209977380146049475e-08
-8.810025350802119927e-10
2.445168211587605612e-10
-6.680817991174762355e-10
2.423345307948556828e-10
-1.576008646634466323e-10
2.220210325441687564e-04
9.654500258983883000e-05
2.185057832626172048e-06
-5.410267895994768417e-07
1.774323858378534830e-06
8.961764688475793572e-07
3.247569774863742561e-07
8.181259927629079913e-08
4.077429453350582547e-08
1.698316464124428757e-08
9.751918992454571837e-09
1.138346797247895570e-09
5.563860838004137957e-10
2.141990367640068454e-10
-1.080237334092993152e-11
2.335798114807917358e-11
-4.359877782989499449e-05
-7.017660491812600736e-05
-1.098711617968301745e-05
-1.232258411178392819e-06
-8.356584936503957235e-07
-4.653332360061370028e-07
-2.088860691053277205e-07
-6.991986747148663682e-08
-1.996253908976016094e-08
-1.809463817859529475e-09
-4.641043001209819947e-09
-6.441189056489416234e-10
-5.085216917583860100e-10
-7.876313634211452991e-11
-2.799430303913358610e-11
-2.045353876249685102e-13
1.563501353462816936e-05
5.533932447628039160e-05
1.162705344678677326e-05
1.779735969078489900e-06
5.077192645713758417e-07
2.462708074874732945e-07
1.184100541398034598e-07
3.994651957895629297e-08
8.854290289941259718e-09
7.181312604761704374e-09
3.817801272518150226e-09
3.667333675824304530e-10
3.228259498672685436e-10
5.660529751510824236e-11
1.761285145160934213e-11
-2.158734733292648343e-12
1.626213872512863158e-05
3.723180791890987008e-05
-4.984356473788681962e-07
-1.227066957653733850e-06
-3.330274615332428814e-07
-1.334276115039013169e-07
-5.974239582737810032e-08
-2.326288222824032009e-08
-3.469822421603948644e-09
-4.534102752096367600e-09
-2.513892631965115013e-09
-7.506510932364074094e-11
-8.900436901562493586e-11
-2.492640334699527411e-11
-1.055668566695233948e-11
-3.673355889498976219e-13
-4.368866308039634868e-07
-1.232225234258565963e-05
-3.955706678284659784e-06
3.133265398870130669e-07
1.637054974993740167e-07
5.072497329743735378e-08
2.340611438094232913e-08
1.053465043261055913e-08
3.563013608286051409e-09
1.260796580505857232e-09
2.179888483843272471e-09
2.330596684295081143e-10
3.346459358569439815e-11
3.692197318148272377e-12
1.636256908342267096e-12
1.994243793808446047e-12
-1.700160978690782587e-01
-8.455280544538580634e-02
-5.740713922635609125e-03
-2.674118840106041442e-04
-1.124236066113445849e-05
-6.093583189709293415e-07
2.230410696112718177e-06
5.895332551621801552e-08
-1.664008483623727149e-06
2.075372052598576069e-06
1.997006569366993708e-07
-1.081178227359287260e-07
-1.542148909290536617e-08
5.805531918185333015e-09
-3.882393658509825068e-09
6.842487982214728850e-10
1.204512302622540066e-09
3.515713174305567113e-03
1.118043827162559095e-02
2.197511156440038523e-03
2.041171114292155428e-04
1.020116488508978321e-05
9.804307768612497677e-07
3.970292926333840974e-06
7.185421135093122978e-07
-3.686279234397296594e-07
-1.515328728699931431e-06
1.626277402545355814e-09
-7.969230226295459575e-08
-6.641153345226900477e-09
2.372129650078150834e-09
7.495452990615914221e-10
-7.622216181765188654e-10
-4.344608206646583240e-11
2.693637703150131139e-04
-8.765953523548849395e-04
-6.662360033307032896e-04
-1.276117294622132849e-04
-7.317535702930250490e-06
-4.156165404170632547e-07
1.038917872935505907e-06
-2.064339451637469308e-06
1.292844413145869022e-06
-1.176295608850672033e-06
-1.831883965900210152e-07
1.886041100322830739e-08
9.583954558549867417e-09
-1.109814038034055681e-09
1.498215984767122420e-09
1.107183445984484038e-10
-1.789172367476190677e-10
1.138165670365198393e-04
3.725851325211622682e-04
1.334072291027199684e-04
6.443039136874587416e-05
6.231697066408856167e-06
-7.120623629435249058e-07
1.866912961307693162e-07
3.585707795713435563e-07
-4.324442211455952611e-07
8.628652220383606686e-08
5.459408067017435853e-08
-1.512117939900957148e-08
-1.225087525768820324e-09
-6.382250926641947152e-10
-1.719535500737541365e-12
2.261459915640765689e-10
6.057667376295101817e-11
3.720412744827884551e-06
-1.228852414516625239e-04
-5.526072486602239252e-05
-2.673383699218212574e-05
-3.009045866744232424e-06
-1.146712803385542960e-07
3.162261870972211237e-08
1.655562846749750138e-07
2.405122846273353460e-08
1.295326954012418675e-07
5.331515640102088135e-08
1.969156689985822901e-08
1.054357875447925965e-09
5.238108796414362967e-10
-9.429398392437457704e-12
2.458064893124191749e-11
-4.099647922190543955e-11
-2.084181692475724074e-05
-2.237560667232407329e-04
-9.752352419398842200e-05
-2.938723608763724297e-06
7.883569320742589430e-07
-6.667346757370289703e-08
-3.468304160671913283e-07
-1.610655738301804399e-07
-5.149275490810269025e-08
-5.924592091998569891e-08
-2.772192129141617944e-08
-1.309500048249710238e-08
-1.652294935781207827e-09
-4.295394197298019685e-10
-4.028480428065528259e-11
-8.862114893883920670e-11
-4.912194281946435732e-12
5.425905120476448567e-07
4.328458892400440606e-05
7.051206550718805812e-05
1.116007187885468329e-05
7.833524206989417042e-07
3.199845761632228917e-07
2.928330723125513812e-07
1.388127485153469677e-07
6.138015073130116730e-08
2.865907137058219336e-08
6.573876538251209017e-09
6.075807292039876252e-09
1.028109171600943249e-09
3.277159123266343394e-10
5.548891960250595374e-11
1.388995739802631437e-11
1.763381781066351973e-11
3.401413563395650489e-07
-1.546992714458697191e-05
-5.545142883131625665e-05
-1.157853221843454056e-05
-1.554854120818511806e-06
-3.312119163806230705e-07
-1.994312279794618473e-07
-9.396632447245208810e-08
-4.142153121028476145e-08
-1.334877883062026412e-08
-9.585465309163917665e-09
-4.529548938724500080e-09
-5.193051155181122204e-10
-2.548126628112584411e-10
-5.078695363427955270e-11
-3.288671051010335446e-12
2.355010084237857481e-13
-1.449561276784987560e-06
-1.635240333195762055e-05
-3.717517453552968772e-05
4.464131694059574205e-07
1.099373852887756624e-06
2.839271400193242397e-07
1.228416699517744205e-07
5.869703589511545478e-08
2.747544119626204149e-08
6.634566109130924358e-09
6.664813165167391784e-09
2.346485483439980666e-09
-1.508464654601406864e-11
1.034275425824118865e-10
1.594817719583957718e-11
6.681501327361366906e-12
-2.608661490927901450e-12
-5.770692475415767464e-08
5.032144214361022324e-07
1.231539740117024776e-05
4.192833162833039672e-06
-2.671901317558504306e-07
-1.989770161884832545e-07
-7.039071567208857214e-08
-3.317455632683374580e-08
-1.748525760311865301e-08
-8.152882054881210897e-09
-2.980857897358443935e-09
-2.260434141815742153e-09
-2.188935349105980979e-10
-8.605170610872766226e-11
-6.651252785392114336e-12
7.700325737203964993e-13
-2.546182986594254667e-12
