1.379528191579093843e-01
1.026000941679541478e+00
4.406926828434041404e-02
1.463181017767131546e-03
4.844113590994996691e-05
4.500168083257280405e-06
4.404581145381422155e-06
3.054528750639549303e-06
-2.310701238108888841e-06
1.009458911684737154e-06
2.365143923451729240e-06
7.215410405013082989e-07
1.021634302155846662e-07
8.803433684697867157e-09
-1.102896770023611944e-09
1.701813123103864535e-10
-4.791987376061730471e-10
-2.882554534138708283e-02
7.573299504549571570e-02
-8.091585716894974037e-03
-7.230494009141251628e-04
-4.109356667596827662e-05
-2.825727975476357616e-06
-1.813826485614538012e-06
-3.695053468128488728e-06
-4.786643300061809681e-07
3.635889017348680758e-07
2.339616661737869663e-06
4.121641084122904072e-07
4.099921493223928437e-08
-1.449056420091352932e-09
-8.341315433023136906e-10
1.838123342986471492e-10
-1.903300269771846523e-10
4.586495156410119560e-03
-5.177075667950625532e-04
1.250827735351197397e-03
2.823746204767637225e-04
2.840581575789284926e-05
1.282728100592904735e-06
1.673804188090563722e-07
2.133351887683279288e-06
-3.808763745070348177e-08
-1.324639678201961379e-07
4.711451411782291091e-07
-8.989684749072832468e-09
-8.933729134042209942e-09
-3.037342463188432167e-09
-3.986881963561104181e-10
-6.999912598448098615e-10
1.681503402089956585e-10
-2.009558381125994527e-04
-2.298233162777442136e-04
-6.111288150728835431e-05
-4.200802327249597221e-05
-1.025371328777709788e-05
-2.225616206370269595e-07
-1.128818909183517740e-07
2.097101181438092747e-07
4.194596099480296451e-08
8.589397422545461370e-08
-8.321946912921971300e-08
-4.644254856923782410e-09
3.411905298210905745e-09
6.337535223960944570e-12
-1.425071591111941438e-10
1.527499432547864939e-11
1.460871367985299753e-11
9.165436417124264116e-05
-6.296710091624071841e-05
6.973225775861572359e-05
8.194374331818390537e-06
3.207616978116369167e-06
2.467026871958901979e-07
-8.429274481322091097e-08
-3.145120692993043491e-08
-3.587213965831591227e-08
1.385403321803344412e-08
-2.923828389516049347e-08
-4.526902261850249059e-09
3.854937644428080765e-11
-5.713872249776972572e-11
-8.843920019940426592e-11
1.511892780714658848e-11
2.041531708095931389e-11
4.330431874453615235e-06
-1.826992818140315362e-05
5.550088205545239247e-06
-3.063037943013205495e-06
-6.329636259610724791e-07
4.337321359472743424e-08
4.709817302205574020e-08
3.258500613460243467e-08
2.105959078375853357e-08
1.119969107585595632e-09
1.116136177335396410e-08
7.215452438354736158e-09
1.096401921911594678e-09
1.992129756893443223e-10
1.835098981456927049e-11
9.072287503604108808e-13
4.806759243944138821e-12
8.797758798306483315e-06
-4.787940227384185194e-06
1.339892213724452305e-05
-3.206345556679164769e-06
-2.868168130706646269e-07
-6.525143614463217255e-08
-4.093550396017614128e-08
-2.824415808807100051e-08
-1.332937574997763100e-08
-4.854384655691382471e-09
-2.455916919002889466e-09
-1.843130874794299924e-10
-3.130235684101866779e-10
-7.649629775357317893e-11
-1.227005309224986532e-11
4.984863834693206969e-13
-2.878839177055035122e-12
-1.279225010316969739e-06
3.513103803871245606e-06
-2.035931443362561958e-06
1.584159184703272792e-06
3.054514718974933084e-07
5.343683074697037372e-08
2.484508319167027321e-08
1.200768663587158235e-08
6.144378708880304413e-09
1.897736518092808447e-09
9.069114865008095393e-10
5.002096206288592375e-10
7.532341339639778755e-11
2.779966374992146798e-11
7.655749871573123904e-12
1.611141209839091470e-12
2.384064521986016006e-14
4.042134960066770752e-07
-1.600215587772708398e-06
6.477972450665971473e-07
-9.979875036124421959e-07
-1.917986101735320342e-07
-3.689502110907144388e-08
-1.083795271616654757e-08
-4.953825141607694907e-09
-2.211672017634462775e-09
-8.104070365565970818e-10
-3.610054414192176426e-10
-2.745748872608054962e-10
-8.058215439764016763e-11
-1.048085838002681627e-11
-2.747171305106346914e-12
-1.983879165277168429e-13
1.007748415878169286e-13
9.117978644821529708e-08
-2.985114350134210336e-07
3.851082986901778563e-07
-2.030363102317819686e-07
2.186954823033498106e-08
1.530797124987172291e-08
4.749224428113718787e-09
1.810743674509339650e-09
7.303424287051523058e-10
3.320329006929371961e-10
2.054705423931752353e-10
5.717096721920891490e-11
3.744369344696382219e-12
1.323544282409194957e-12
5.504401787282205424e-14
-2.942947708566349754e-14
-4.570424872069467302e-14
2.963596389906935801e-09
-3.463536616505373642e-08
7.076619345984517261e-08
-6.444226518294382770e-08
1.324071770049073673e-08
-3.501540605770995604e-09
-1.490264509634266033e-09
-4.994142109340249194e-10
-1.801049132820286931e-10
-6.212118597838994597e-11
-3.077394446016370529e-11
-9.578636101452059259e-12
-1.529268894630234044e-11
-1.352834469085971802e-12
-2.920948961152776425e-13
-2.899266835092903727e-14
1.315024716894571971e-14
1.422986257986439199e-02
-1.455284135105768852e-02
-1.112649096753240245e-03
-5.997329735415373402e-05
-1.257629876417167107e-06
1.218357566459440912e-06
8.336295944806267607e-07
2.193857071954902694e-06
8.853347277340645820e-07
8.903450476406112377e-07
7.350717052426097655e-08
-4.295411264064616788e-08
-3.907773416504766080e-09
8.828505095740250460e-10
9.657293435620296489e-10
-1.678498280824488382e-10
2.517368226863005566e-04
1.148736378133940854e-03
2.641078248707944692e-04
2.708170027761252626e-05
-4.551009682653489622e-07
-8.194952154017799731e-07
-9.563987264324294823e-07
-5.029112000356085837e-07
-4.141710642857762148e-08
3.382861270818672960e-07
-1.297382724197702925e-08
-7.581998730414889400e-09
-2.653112888701520829e-10
-5.876378435396202438e-10
2.646263449168450306e-10
-2.151331184116544853e-10
-1.683843482133566061e-04
-5.382471304748126067e-05
-4.267039422702350611e-05
-1.038380496842964796e-05
6.671748571097592715e-07
1.221024072276146199e-06
5.756668466648137797e-07
2.747212915024722119e-07
1.655252972103824372e-08
-8.906849192599011099e-08
-1.782246001317722879e-08
2.817366575766242947e-09
5.741220506727964611e-10
1.303025223956002851e-11
-2.553626710799165376e-11
-8.867058832940014078e-11
-2.385353664610454814e-05
7.336971068185098267e-05
8.479465122844183727e-06
3.025873686099222452e-06
-3.770930055150358876e-07
-5.153852622478396994e-07
-3.498014691854936549e-07
-5.467410240566595225e-08
-8.113329251447786631e-10
-2.206166709240036486e-08
-5.473053653898737727e-10
1.190836988865833251e-09
3.044610746339497101e-12
-2.902096968420607300e-11
-5.995324100947659517e-11
-2.057613978236750413e-11
-1.590090370882819238e-05
6.048158117632323192e-06
-3.112792296170105901e-06
-4.512687317108988636e-07
2.166319341202709520e-07
2.890589671974557486e-07
1.321644770232961867e-07
3.333676311874488371e-08
-2.021862313711832934e-10
7.557024824735902235e-09
5.894959538277561499e-09
7.095494578038456778e-10
1.184676471615334305e-10
3.325158823982519286e-11
-5.993343281972552829e-12
7.726032123769208525e-12
-6.609599012412637621e-06
1.327139566134833376e-05
-3.209535535859714495e-06
-3.746505614636630361e-07
-1.410842477883133318e-07
-1.015488346018044136e-07
-4.242850315364902313e-08
-1.736330169070946132e-08
-4.789915329793780584e-09
-1.519721225784455057e-09
2.708166099136345338e-10
-1.842715771458449440e-10
-5.617175445540980783e-11
-2.748027039690412734e-11
6.419338015104080136e-12
-7.639699955195200150e-12
3.727176602424678718e-06
-2.021435235964224880e-06
1.596062074340541463e-06
3.345502667489201152e-07
7.976206984462957924e-08
3.535913824451750421e-08
1.659015073775181680e-08
6.835470894450780330e-09
1.464610841980155812e-09
5.354235286994743872e-10
3.394036322607659111e-10
3.004284233482937973e-11
2.048911513240528340e-11
8.397658538555118095e-12
2.357899677177832958e-12
-1.415396488693450977e-13
-1.669208842270082104e-06
6.391420500608401691e-07
-1.003851241452386832e-06
-2.005730082986302880e-07
-4.320568099189653915e-08
-1.453723319241249852e-08
-6.082374240261132466e-09
-2.347554984007371272e-09
-6.501758150274027280e-10
-2.464805517326488867e-10
-2.196479514726284342e-10
-6.445202793621044399e-11
-8.145608364125657015e-12
-3.301851868421598573e-12
-8.410801343157601190e-13
-1.100846180194709911e-14
-3.113499521768794086e-07
3.858249073746414639e-07
-2.013528188823473834e-07
2.405860847279817202e-08
1.696249176388960693e-08
5.456669698400770616e-09
2.129110845479297649e-09
8.127642614418729465e-10
2.952578610907288365e-10
1.704208142449271286e-10
3.948720718114643512e-11
-2.676661142870077819e-12
4.788769234781866094e-13
2.682609036912553905e-13
7.575438339930858426e-14
6.760313532962549845e-14
-3.877484606982423324e-08
7.117548727297126326e-08
-6.662549718900380078e-08
1.237944965733150834e-08
-3.882988472018360458e-09
-1.939505893051126153e-09
-7.097185607870247179e-10
-2.250248766993878633e-10
-7.532592103209100578e-11
-3.925374757333681387e-11
-6.136444881345029081e-12
-7.575571594746838377e-12
-1.373728147152138710e-12
-3.127322236068609314e-13
-6.667760365875434952e-14
7.128011516090648163e-14
-1.016815644143364450e+00
-4.377887909883126233e-02
-1.454223306567472510e-03
-4.569628027978062389e-05
1.706115240813947071e-06
4.671866633157718051e-06
4.354620999894374714e-06
2.842822454371164804e-06
-1.042694143567461275e-06
-2.345150403390467986e-06
-7.328551090599211275e-07
-1.065113465908738036e-07
-1.428214986592668844e-08
1.379865097181860589e-09
-1.469839136962621595e-09
7.752087848150552564e-10
-8.027448435223792644e-02
7.838275656930666566e-03
7.129637353079660428e-04
4.054629085316139431e-05
1.166726265122357585e-06
-1.399725352264116071e-06
-2.959597483902183137e-06
1.998428350442438269e-06
1.459349163885201717e-07
-2.212260231727016243e-06
-3.863612690700323376e-07
-3.594769231935867153e-08
9.903702776816724464e-10
1.980710335333632362e-09
-1.885941484611572064e-10
2.510787180265885030e-10
2.282334496039696310e-03
-1.091989316268407754e-03
-2.765775499851495637e-04
-3.098003150334235239e-05
-1.112837997509554525e-06
1.375510299540936614e-07
3.125674293906431151e-07
-1.009669242252084275e-06
2.399309870970753082e-07
-5.075603638762581449e-07
-1.056350743314211585e-08
1.176104812368637500e-09
3.185855081186596380e-09
-3.022715691564789985e-10
4.053582775267905842e-10
-2.178903442061756480e-10
-4.689195890810414074e-05
5.779571451163720874e-06
3.947963753945356124e-05
1.107020882824134653e-05
-6.531352917272262796e-08
-1.088936764327176451e-07
5.532371149796194473e-08
2.301261258440512943e-07
-1.050894425359588111e-07
1.178317960920168621e-07
1.465244544567820629e-08
-2.814818393229918679e-09
-1.735725215630929424e-10
-8.921789964613135134e-11
7.284806029851602572e-12
-9.880514021560969798e-11
1.301218150848352346e-04
-5.361360357838223075e-05
-7.393184327938177297e-06
-3.729859948679741021e-06
-2.060609422738541786e-07
5.639776309931716779e-08
-1.529883711914299381e-07
1.186901226774161135e-08
-2.815707222480507047e-09
1.582421210825786290e-08
2.115979302155254811e-09
-4.223766400795007603e-10
-6.004262742945944774e-12
7.486093418365952862e-11
1.058873582433104877e-11
-1.303153066745169085e-11
-1.364695507160590228e-05
-9.986248467007770622e-06
2.900527242328479318e-06
8.436635859875699076e-07
6.173713946201471020e-08
2.271673530199992505e-08
1.809412986403025932e-08
2.716805181206188031e-09
1.260100931300708248e-09
-3.984078824424605924e-09
-6.120070803648140079e-09
-7.462978963872898639e-10
-1.982508656476507692e-10
-2.960698534411934178e-11
-1.231932248293670091e-11
3.207539627415265675e-12
-1.091919169661248354e-05
-1.412350696036002226e-05
3.112170879177707473e-06
1.963042375921076564e-07
-9.163198577778275427e-09
3.797017027159970481e-10
5.452587951903185688e-09
-1.796560185455947894e-09
2.773790055477583201e-10
-1.663430456804104774e-10
-2.395946803157949238e-10
1.997768008795646375e-10
8.518010298801845506e-11
1.219134368435216836e-11
5.671990151029172659e-12
-2.897147089793905088e-12
3.989518424843847686e-06
3.308210448766682276e-06
-1.432715702348117896e-06
-2.515817347237980944e-07
-1.846163171083043147e-08
-5.504999914294028694e-09
-2.794833567942473773e-09
-7.044067239549142069e-10
-1.061431016351329188e-09
-1.992558475003853005e-11
-3.553107655363399617e-10
-2.885624207912335381e-11
-2.512582923263148769e-11
-6.014531208974314006e-12
-3.101910023746156630e-12
8.972781257575905272e-13
-1.785330425964773511e-06
-1.573808446439762787e-06
8.725685900540745880e-07
1.628045003792065328e-07
2.238524266894883546e-08
3.271558423069866412e-09
1.495765650479734723e-09
5.677922736734851540e-10
5.668850597236574766e-10
2.859856567264561468e-11
2.144765936879383111e-10
6.403929282517879447e-11
9.221623625269671494e-12
2.730605582096912473e-12
5.695247537377299978e-13
-2.217989304201889218e-13
-3.745422297155290737e-07
-3.733448767136792953e-07
2.507082350490735449e-07
-8.434925002360424405e-09
-9.888355859136665522e-09
-2.232391973617209398e-09
-6.868734977383565864e-10
-3.066330677175143495e-10
-1.457391848636731842e-10
-4.822891990387028558e-11
-4.626928302858067853e-11
5.555761638693469641e-13
-1.556183468337167729e-12
-2.547839791617543485e-13
-9.211728913521784491e-14
1.065484989739235242e-13
-4.222856956930071583e-08
7.232328121918954016e-08
5.927271202375027274e-08
-1.745963844149437331e-08
1.927793886956813877e-09
8.256464901922718421e-10
2.201256684058256139e-10
1.408863457371919125e-10
5.776149720092241079e-11
-3.014566200003971896e-12
7.774590571356678775e-12
1.451662237479886238e-11
9.787202438943291160e-13
2.046291315377322424e-13
6.197460826047017392e-15
-1.459478617120520803e-14
5.037195147264154210e-02
2.117380192832879135e-02
-1.418886844395256079e-02
-1.100827356872499186e-03
-6.253141214384990646e-05
-4.267720890301746165e-06
1.512595182642803852e-07
-2.059177541518585142e-07
-1.542355134797305422e-07
9.691351015786616998e-07
9.043869677470586244e-07
1.088195087768012167e-07
-3.134700247346446138e-08
-3.011001388137009176e-09
-6.791113575811216476e-10
9.118598613353106209e-10
-2.876451055074996510e-10
-4.229676017903266465e-03
-1.395379529089937854e-03
9.957063057064029655e-04
2.559382468564479771e-04
2.864941840629319679e-05
2.505561687089604468e-06
6.967577746769291160e-07
-6.517969199314603149e-07
3.487835413753869606e-07
-1.393582940579137112e-07
3.192076713493818535e-07
-1.372411422151092052e-08
-6.503893529007490978e-09
1.835905456703344008e-09
-6.342207834018661598e-10
2.639730293888934117e-10
-4.562745156485624045e-10
1.818955035473965212e-04
1.122718029611377485e-04
2.167872940472166784e-06
-3.985442679728816619e-05
-1.225120753997028306e-05
-1.634997027279336145e-06
-4.818950835018679194e-07
-1.462605289438527541e-07
-2.027418066183717768e-09
6.656899970570002248e-08
-9.076187132272416951e-08
-1.701938365584896675e-08
2.578703596006041655e-09
5.194609120833407135e-10
1.014672470748538291e-10
-5.117874826524433527e-11
1.606662945015721951e-11
-1.048946685655159937e-04
-9.314917949512857098e-05
5.640828100533367974e-05
7.373373885571061592e-06
4.149966483184401340e-06
8.405358259195673205e-07
1.056874999548105930e-07
-6.064487240250910062e-08
-1.568782857916133138e-08
-3.282594095998985278e-08
-2.018432949899562218e-08
-1.509051187629670737e-09
1.391716973808800873e-09
9.554946992642536058e-11
8.393125345111267365e-11
-6.983151003517166672e-11
-1.376472681866670158e-11
-4.816920744941659513e-06
1.613713997960882475e-05
1.069243331901303812e-05
-2.879112769459638766e-06
-1.151190976271217376e-06
-2.483782099239836335e-07
9.171980601487102769e-08
4.495199250604953284e-08
1.187787077279343315e-08
5.744405394576961925e-09
4.279074208149863454e-09
5.755049541071864270e-09
5.189057763182521176e-10
2.839028316814098068e-11
1.721517838009959355e-11
1.550565416188526410e-11
1.007200595662680208e-12
-8.681149574492254289e-06
8.980933122181613540e-06
1.394088797352078900e-05
-3.074862977512326018e-06
-7.718541381672157074e-08
2.608900722872371296e-08
-2.894848874325614370e-08
-1.165503156682432106e-08
-4.354714226343076877e-09
-2.972478184189199360e-09
-1.280821523141927815e-10
3.635941651529169784e-10
-1.073689088291394825e-10
-3.488023753986362196e-11
-1.764165710351080021e-11
-4.362271391589725285e-12
1.012351762552277401e-12
1.310041433638242932e-06
-3.739034060047883621e-06
-3.283958552754049715e-06
1.413985307978445762e-06
2.259734067656132270e-07
1.913700063492824541e-08
8.300766694389254844e-09
5.817586518714456870e-09
2.448632565266677448e-09
1.507280291248619663e-09
3.586454526211346349e-11
2.944051810227508253e-10
-9.736283749482742651e-12
6.785129760050853161e-12
4.560120776165808689e-12
1.107851994315541234e-12
3.993681176930522697e-13
-4.048064192334821072e-07
1.709290986214854359e-06
1.567689036644282987e-06
-8.674469030515649744e-07
-1.589707925202618383e-07
-2.293069353675043874e-08
-5.235688588524920108e-09
-2.440791892554266883e-09
-1.072976314869615423e-09
-6.663812643535658770e-10
-2.921071897099292463e-11
-1.889140738298450800e-10
-4.840165978870927288e-11
-3.605909603902176579e-12
-1.993085246330111054e-12
-4.553743376457053477e-13
-2.110888338824017231e-13
-8.613313789436751912e-08
3.626334434253124558e-07
3.721624090188663575e-07
-2.519949886751546201e-07
8.284848948489627822e-09
1.047437671578107679e-08
2.526931164795864852e-09
1.016474008497671658e-09
4.907160217168646363e-10
1.816293255244545985e-10
4.676827499522705463e-11
3.798124294449731297e-11
-7.348461610231073563e-12
-2.805495471492218761e-13
-6.932034100032109484e-14
8.160049655094032970e-14
-2.490292870415757109e-14
-1.814129345412792799e-09
3.898296683769926107e-08
-7.796259317442440006e-08
-6.216276139541352724e-08
1.767831336777521239e-08
-1.727261188749794483e-09
-1.026104804465935805e-09
-3.661821964301730256e-10
-1.750411472433621135e-10
-7.443963581256662486e-11
5.654636139223570572e-12
-7.167384259284753540e-12
-5.782376070579225306e-12
-6.441161819155100225e-13
-1.417542004959610445e-13
-2.443174678729640885e-14
3.092811576795847582e-14
-1.571188373569705199e-01
-5.177587109902711919e-03
-1.643327434930346332e-04
-5.077890947748722489e-06
3.148901955384357119e-07
2.129898965155193044e-06
1.179075652481876882e-06
-7.469831432049830075e-08
-7.710776141423934585e-07
-1.024734806655046109e-06
-1.374107475243106622e-07
-2.650517322734153902e-08
-1.390065747052043304e-09
-1.589513356829765938e-10
3.682732722342580539e-10
7.294769653299886063e-11
3.031737988861662667e-02
2.549802447493751140e-03
1.438483539156433695e-04
6.092471429820770819e-06
-1.051938487912075124e-06
-9.859420862971443951e-07
-2.839141530305981059e-06
1.817480057169372431e-06
-6.640214713937599699e-07
-6.675053587542504626e-07
-3.935971442373125394e-08
-1.026151336834788414e-08
1.370835121295800525e-09
-1.105817138816254386e-09
4.695080853402773036e-10
-1.503180339304548095e-10
-4.783276333600949316e-03
-9.822713969883157571e-04
-9.912138043559353849e-05
-4.104506212259275437e-06
8.038277967026067004e-07
2.036604501757527222e-06
2.233382395392547530e-06
1.130217320016621683e-06
2.319052006585653060e-07
-2.594136921958053213e-08
-2.273464707226285373e-09
-3.702047029389203069e-09
-7.009948085402043199e-11
5.383893713959833213e-10
-1.764787232802669253e-10
1.249929153330937246e-10
1.331022746816508384e-04
1.602548168443624417e-04
3.614044978221235961e-05
2.176634704868997511e-06
-1.145517926036966103e-06
-1.139955319151377187e-06
-8.993582572584625795e-07
-3.348262801453014544e-07
1.984766847231192033e-07
4.180962196765773480e-08
1.966690525990849588e-09
5.005256616609010488e-10
-8.832852162174676299e-10
1.312258112996906774e-10
-2.816759043280587106e-10
5.122005744615022822e-11
-2.133702974863681658e-04
-3.358115424557302242e-05
-1.073967415424950278e-05
-7.339564640970494619e-07
6.594086197856104786e-07
6.371499940537488885e-07
2.471777241866753905e-07
9.637436971699862147e-08
2.104326002869758252e-09
-4.372097235762839212e-09
5.606896098927996407e-10
3.389589014420101033e-10
4.382360560164379931e-11
7.444352287895727959e-11
-1.385482823211412206e-11
4.407218840996826887e-13
3.784067426585768291e-05
1.429979035675670708e-05
3.050607400475771858e-06
1.738355298528023875e-07
-4.667617262917812970e-07
-2.714246483993366514e-07
-8.776442423569429645e-08
-3.238644316890336773e-08
-1.715348413750917185e-08
-6.132211056786611800e-09
-1.524114903653863078e-09
-8.542790340875546836e-11
2.984394025240811209e-12
-6.852425773689906518e-11
7.780537799386766570e-12
-1.303467830871418799e-11
2.225577830999953487e-05
9.659209876682707313e-06
5.009367548097574247e-07
9.854534090648616584e-08
1.941365149376244152e-07
1.005501378896661448e-07
4.068293732880329840e-08
1.171230771407448613e-08
4.466050855243436445e-09
1.159121766694841303e-09
4.670094716084680452e-10
1.077523974402720738e-10
4.210780594225205019e-11
3.048365260807116591e-11
-7.066097974048802066e-12
1.110196422652303792e-11
-2.799110231871578235e-06
-4.891189385732059870e-06
-8.222021110833211207e-07
-1.305066020389351705e-07
-6.718632342209022627e-08
-3.580322044441066914e-08
-1.582583374837062427e-08
-5.411751221169805964e-09
-1.718103798452151166e-09
-9.819692348660890754e-11
-2.126351117097150756e-10
-3.952601416637591379e-11
-2.409066781942520448e-11
-5.395994290976453073e-12
-1.328854441154189984e-12
-4.314792882347820419e-13
1.049052180200843801e-06
2.954051258801700402e-06
5.707210328093530597e-07
9.158081842032288762e-08
2.706824094445357313e-08
1.225040204895631690e-08
5.616710293665519760e-09
1.962342000539991243e-09
4.291144811087703994e-10
3.527008083236824254e-10
1.238105255370454063e-10
1.702000512548951836e-11
9.566746208863839274e-12
2.339735597285954342e-12
6.341488638345612335e-13
1.735159804208020788e-13
4.302699131280910780e-07
9.402265776937518203e-07
-2.950999813858246847e-08
-3.694134030513730181e-08
-1.086984268734155272e-08
-4.253552995872930589e-09
-1.839579432551779516e-09
-6.886770282429216044e-10
-1.190644210659430321e-10
-9.225898682373008938e-11
-5.279621956621680959e-11
2.396617781094289482e-13
-2.313375222649421749e-12
-6.402002345510444437e-13
-2.475819202430255518e-13
4.779036723135445768e-14
-1.051263610183814525e-08
-2.121546733801339486e-07
-6.588194732667274855e-08
5.949652286760998629e-09
3.316191466648982187e-09
1.109794129089672582e-09
4.539090557357083600e-10
2.022646694662316234e-10
8.832679554530662919e-11
3.266756119075132879e-11
2.683031956754809190e-11
4.069912044922184944e-12
4.136820039900592196e-13
-5.525053976468369626e-14
-1.396134236935300247e-14
-2.885062035354876508e-14
-1.062425367200052623e-01
-5.382735108586031436e-02
-3.897170031765245530e-03
-2.049706966737504382e-04
-6.039410688575215794e-06
1.305742759640882327e-06
1.146489406112333146e-06
8.876409856130281833e-08
-2.521440248493577961e-06
5.356201179913281089e-07
9.774858158313349247e-08
-3.515542671607292150e-08
-5.587636191706254335e-10
3.764199955168520467e-09
-1.831034966642248535e-09
6.846995856984972986e-10
1.651634738826900504e-10
1.330927199931486492e-03
4.377536905091956691e-03
9.156743451015040159e-04
9.497203730898737273e-05
4.066787933647421932e-06
-3.074926531111484553e-07
1.503333716403785459e-06
7.085166691190386036e-07
-3.141102718824125890e-07
-4.167483543819878057e-07
-1.363036319233581951e-08
-4.122128842552126973e-08
-4.186440324879787052e-09
1.200183182489437055e-09
1.995445985131773669e-10
7.130387910662027095e-11
-6.386654282005126135e-11
1.115725827140225644e-04
-1.160602751984934119e-04
-1.599351496926780861e-04
-3.476526180169127765e-05
-1.232296278651715714e-06
4.686757425928363460e-07
-1.227064677353284263e-07
-6.157134695347838165e-07
2.822527146503216430e-07
-2.602912886335556277e-07
-1.946295249245709887e-08
7.810841415546532377e-09
3.583066593700729570e-09
3.391883858830538053e-10
4.413679111444727156e-10
-6.308694462393375290e-12
-6.230118856086449732e-12
8.374678615303556787e-05
2.288066010917217980e-04
3.461079098223916864e-05
1.040187327616883858e-05
5.666621664118864884e-07
-2.678850291046210286e-07
5.216191836572249034e-08
3.674936283993130057e-08
-5.808810134495834290e-08
2.510510565984964263e-09
-6.477004532580911856e-09
-4.717076222310926866e-09
-1.022260463141325006e-09
-2.455604087459190671e-10
1.587025260159675226e-11
3.062601070985447676e-11
3.451508061001847668e-12
-6.661884413977269354e-07
-3.733664639033139321e-05
-1.407567657866263570e-05
-2.891441335435222133e-06
-1.473646047252610713e-07
6.717312202006783300e-08
4.426729899351682434e-08
3.428236196728826102e-08
1.263045277016925489e-08
1.919634115863483653e-08
9.807702857751363557e-09
3.184097755431149514e-09
4.408868751100099044e-10
1.021236995786174798e-10
-6.454391224614044540e-12
6.873515942875436902e-12
-2.152045628253564894e-12
-1.939323894665544566e-06
-2.230897123855643145e-05
-9.721639834102781193e-06
-5.511861636740386493e-07
-4.996798823905868837e-08
-5.478272203713925707e-08
-4.628428227733144128e-08
-1.920572292618564909e-08
-7.832755400639522624e-09
-6.159526865386338553e-09
-2.498663649720318301e-09
-1.039352793012231920e-09
-2.519095933517309775e-10
-6.271257495205914745e-11
-9.429507497116138238e-12
-3.926823108473849226e-12
-5.995466489235842646e-13
-4.716785513271316784e-09
2.751396503190477541e-06
4.901081906011838744e-06
8.240460190786921487e-07
1.007009674895670265e-07
3.752555226684335441e-08
2.205683162975565813e-08
1.058068259976320663e-08
4.542997401572118509e-09
2.288997440667116228e-09
5.242869317143654543e-10
3.978431883607646893e-10
9.222927763547309531e-11
2.436512154219211494e-11
3.028915815294807402e-12
-5.494082184354869482e-13
2.869033046230667082e-13
-2.894077769524486406e-08
-1.042297992878242384e-06
-2.955590206093377724e-06
-5.667663359932120721e-07
-8.226220312887204701e-08
-1.941115124353467723e-08
-9.599726558245266485e-09
-4.351239353672538569e-09
-1.926024554736574468e-09
-6.334569490072993703e-10
-4.952991295075676846e-10
-1.829923474964337086e-10
-3.297318600038833635e-11
-9.461167448741598891e-12
-1.338719763649711217e-12
2.007196834280367246e-13
9.810765285272053759e-14
-4.477972424761235995e-08
-4.367945566444965621e-07
-9.404392379133375820e-07
2.755881336175897265e-08
3.390331095635934629e-08
9.351236636926664185e-09
3.689846034015243393e-09
1.631780670048720329e-09
7.478068661139484341e-10
1.904921843956107862e-10
1.419375070977846829e-10
6.802873097207482927e-11
3.128114533449406684e-12
2.325770101058393903e-12
8.838993057826426544e-14
-8.867848816788098686e-14
-1.140275412830283001e-13
-3.020439397918749451e-10
1.159089745806076978e-08
2.125574513639285895e-07
6.866286240382437357e-08
-5.241558161170947275e-09
-3.603892941173848199e-09
-1.264803742940560830e-09
-5.439277205395929500e-10
-2.756217429109372617e-10
-1.371711065483499269e-10
-5.348239234729906023e-11
-2.977320757779224381e-11
-3.646768019004558863e-12
-4.795268994749953771e-13
2.950979082725290747e-13
1.663422105273668634e-13
3.816361192953328125e-14
