1.373683457895167326e-01
1.026302473279766314e+00
4.390229548580480007e-02
1.440822920077542172e-03
4.687808232801816928e-05
4.735723701146590628e-06
3.878694572385102709e-06
3.185169380057022583e-06
-2.504982756891482133e-06
7.944566766494310074e-07
2.451318120591573970e-06
7.537999153341313063e-07
1.007272793741845788e-07
1.001583391208244537e-08
-9.829475002608307592e-10
2.776411265374532885e-10
-4.497956519242669985e-10
-3.106713584077939322e-02
8.183715659984515389e-02
-8.720661443518202410e-03
-7.726188356120155436e-04
-4.344872234380804725e-05
-3.112524433326175303e-06
-2.559351583450205876e-06
-3.831728343633060664e-06
-4.030912504786083698e-07
2.552782020652245904e-07
2.573327621195144666e-06
4.500590027809640871e-07
4.055259924199334301e-08
9.117607695407164231e-11
-9.357841300899391846e-10
6.941732643415209612e-13
-1.938756148625656365e-10
5.345255611239439417e-03
-6.201431383573826001e-04
1.457214645311864787e-03
3.279728000270691114e-04
3.255619649139565521e-05
1.864598347048716193e-06
8.888395303862735460e-08
2.339228661480957248e-06
-3.869919137007847456e-08
-6.956462637303348974e-08
5.551103317813200074e-07
-1.534649198466282595e-08
-1.074063235755115261e-08
-3.630617982665762940e-09
-6.330542219347336613e-10
-1.061402833891952060e-09
1.379775882528250417e-10
-2.621315857641110729e-04
-2.765842122061218356e-04
-8.199831671017312551e-05
-5.326759447105170001e-05
-1.295082103479413195e-05
-1.690193427073087839e-07
-2.211496759614936780e-07
3.092000766235663332e-07
9.746315115796729943e-08
1.029565608737174021e-07
-1.262335708337886797e-07
-1.193717344557938913e-08
4.300236758201735478e-09
-1.400164452819405903e-10
-3.008115998396962350e-10
-5.772458216731282481e-11
-2.951467828929925902e-12
1.164323805265762856e-04
-7.692641879057172168e-05
8.928895966645733354e-05
1.087236710094060548e-05
4.595592652225893222e-06
3.011404132330942271e-07
-6.507478971729606819e-08
-2.889708001544166835e-08
-4.722244019736486954e-08
2.493426346053566272e-08
-3.630474249947354138e-08
-4.005858080101481193e-09
1.087088897530400042e-10
-4.396916287494273720e-11
-1.405232264021610073e-10
1.306434179775759119e-11
2.912823574450552857e-11
5.687968269697615057e-06
-2.513450006309778274e-05
7.270622667969568609e-06
-4.382293414462336409e-06
-9.683944364385971037e-07
5.780129962196798356e-08
6.470910796915538320e-08
4.351808101310477991e-08
2.867637585109216596e-08
-2.492807050250680898e-09
1.462256790588838864e-08
1.000855173087086174e-08
1.559047402545289035e-09
2.411984007007697455e-10
3.016601181853015359e-11
4.429749554144170350e-13
4.177816002510649646e-12
1.370425635148649758e-05
-7.565257401319383266e-06
2.088889782775179497e-05
-4.945445439246668159e-06
-4.068958971484645631e-07
-8.980207902760429528e-08
-6.115292372603130330e-08
-4.175676961750392987e-08
-1.876268037352527521e-08
-6.299657500292415965e-09
-3.231148188713023554e-09
-1.436729170982248838e-10
-4.605462490386577446e-10
-1.078203284963738224e-10
-2.205959730996781667e-11
-6.606337316403158716e-13
-4.564910515831420315e-12
-2.141923004897155060e-06
5.878588726308844204e-06
-3.446908327538383683e-06
2.633542447425601225e-06
4.926965225891791190e-07
8.301799822608402763e-08
3.997029097950512797e-08
1.935872368212485636e-08
9.345080410574375316e-09
2.723917336698063717e-09
1.412266084275887909e-09
7.673990735993407266e-10
1.067488814015690326e-10
3.957665764350764857e-11
1.236185184143577032e-11
2.876438079465710948e-12
4.893585943538879348e-13
7.026809497935497958e-07
-2.837805130632072437e-06
1.101714727221915569e-06
-1.758107895011116353e-06
-3.362961062564065842e-07
-6.355816026653371724e-08
-1.849359319613606670e-08
-8.630511279901212843e-09
-3.795209843403254593e-09
-1.263687187388800807e-09
-5.828871204361430056e-10
-4.883411915834255430e-10
-1.406465866026200825e-10
-1.742365502395464934e-11
-5.362176203559200561e-12
-5.930622871428019717e-13
-1.010186305353826192e-14
1.775433543334276151e-07
-5.857932037176042798e-07
7.468583582944310131e-07
-3.989891756921707867e-07
4.068696884053971381e-08
2.892111443469057989e-08
8.754178309929076476e-09
3.405112522279500179e-09
1.329494570080194349e-09
5.737031224824359536e-10
3.761966638862381513e-10
1.177892525861586344e-10
9.152901217499341690e-12
1.774194256713414781e-12
5.770145425301944339e-13
1.313820877371657275e-13
-2.071303871772093317e-14
6.635651182662498988e-09
-7.285586107780002855e-08
1.481552841805568948e-07
-1.332765892587226412e-07
2.786596852474287900e-08
-7.096268349135645717e-09
-2.945202909854856749e-09
-9.860029951856266814e-10
-3.570928800542343164e-10
-1.288992077270791729e-10
-6.268800847650793118e-11
-2.290358724744377379e-11
-3.513502112903288849e-11
-2.898219042419384460e-12
-7.219451463379630786e-13
-1.317744547319567167e-13
-1.069449241854031576e-15
1.539539310477456430e-02
-1.568081012386556700e-02
-1.190282408577429457e-03
-6.365114499125467036e-05
-2.125079985342425688e-06
7.147912154869721822e-07
7.382851512270892304e-07
2.053732854738166222e-06
9.114301021602722942e-07
1.011307849307080519e-06
7.318999597088163536e-08
-3.926563225195473872e-08
-2.916805027575798291e-09
6.842704751338988299e-10
1.260928415064008662e-09
7.552649006092738350e-11
2.835324584407530467e-04
1.340067138325081331e-03
3.061812547233117130e-04
3.093086652149906903e-05
-3.334089647096773629e-07
-4.405371061066020975e-07
-1.109258924691797202e-06
-6.994555356167010719e-07
1.587373226399144432e-08
4.010379294131658912e-07
-1.223931862487468612e-08
-1.066021783494666608e-08
-8.126203097399626095e-10
-5.149188710803120950e-10
4.828830477373418690e-10
-2.201073424224096092e-10
-2.060492151645959980e-04
-7.433368620997962131e-05
-5.429964056233663601e-05
-1.301158782352612483e-05
4.811983179075127710e-07
1.349637133739820688e-06
4.644232347409635682e-07
3.313110237063534524e-07
1.206119976178350340e-08
-1.295249013866597424e-07
-2.460230901524744349e-08
3.621185487116477287e-09
6.651865219041447092e-10
2.100785500093474928e-10
-4.982441345194934372e-13
-8.483639725463488109e-11
-2.787783893765956363e-05
9.371626427181460486e-05
1.136696715732204780e-05
4.278696988757866515e-06
-4.642551691565209433e-07
-6.299510061049574895e-07
-4.651154024452121856e-07
-5.906641972627828804e-08
6.509618979571040379e-09
-2.626158596165572595e-08
4.303471211929109308e-10
1.451582771898274661e-09
2.881809589879378954e-11
-5.811401946510093059e-12
-6.256051122878535485e-11
-2.299848496341085066e-11
-2.203910525698311561e-05
7.941859289799594186e-06
-4.478367183070014305e-06
-7.381427073517564678e-07
2.523499966893073576e-07
3.955922515148130962e-07
1.806665296315661863e-07
4.385607395151525460e-08
-3.952849970442160839e-09
9.912392786639437471e-09
8.282659060005631411e-09
1.045880968277842938e-09
1.689257555626224458e-10
6.227993623290799683e-11
-7.689463372929860320e-12
1.178753638072370776e-11
-1.035541854085360667e-05
2.070730339104935751e-05
-4.935531096092569421e-06
-5.349574405287196053e-07
-1.884063685793449244e-07
-1.492071087123572649e-07
-5.947339654128633294e-08
-2.438580133440722805e-08
-6.296749713933092796e-09
-1.995073987156904556e-09
4.783146639864992021e-10
-2.932352552766817507e-10
-8.399845427805440424e-11
-4.312850659850645555e-11
8.059564793562263304e-12
-1.158252345900672518e-11
6.231301567441089257e-06
-3.426907845974713572e-06
2.644999267006851301e-06
5.377946745756874393e-07
1.226181774364918008e-07
5.503741458293767427e-08
2.607825894820179138e-08
1.043998877187958074e-08
2.075340874384977422e-09
8.662653558428619261e-10
5.274499664918766098e-10
4.556802058161794520e-11
2.897506814588687125e-11
1.396449435002017312e-11
3.778505933307851381e-12
1.170141716308849944e-13
-2.954111693679174497e-06
1.088229030847081731e-06
-1.765664102196555584e-06
-3.508865774478013961e-07
-7.350984694718965502e-08
-2.476800574626477811e-08
-1.049565739421215286e-08
-4.021134919739478376e-09
-1.009697628413561602e-09
-4.004609034761907053e-10
-4.022783167038700744e-10
-1.156452619845031859e-10
-1.323849301077014379e-11
-6.177539010672608368e-12
-1.582447115247908875e-12
-1.321304859909043346e-13
-6.105034352659753207e-07
7.478497876101338574e-07
-3.969275599404932731e-07
4.450523664134355884e-08
3.172726333804659219e-08
9.973678030100097071e-09
4.003997802970746326e-09
1.508171827603785832e-09
5.213737503434860110e-10
3.186995186166717690e-10
8.819857847119117975e-11
-2.935478270931460198e-12
1.649375302896060903e-13
9.888444719079102286e-13
2.634658709173165271e-13
1.791876691114300498e-13
-8.169380385527137853e-08
1.493403626338312361e-07
-1.378472149268198102e-07
2.610271081361605066e-08
-7.802298809149749429e-09
-3.889297995426842632e-09
-1.438161714378224478e-09
-4.571826677795831278e-10
-1.658209840675871717e-10
-9.012501678610263767e-11
-1.724394097902247702e-11
-1.850209553999548995e-11
-3.098854446106372012e-12
-9.329246728050018264e-13
-1.644963544094236499e-13
5.642182001785352666e-14
-1.017249744526452337e+00
-4.362238128796483427e-02
-1.431884922157201532e-03
-4.358063574763998351e-05
2.107617619856693372e-06
5.141728129638949259e-06
4.389562532800420201e-06
2.821260997540962107e-06
-8.358700174919815001e-07
-2.401421436277672475e-06
-7.636948915484473602e-07
-1.031108446737518364e-07
-1.551266046705785039e-08
1.499551560458615792e-09
-1.711002678411474423e-09
9.117712113392291507e-10
-8.669176655865289127e-02
8.452556562915767777e-03
7.620941206677999151e-04
4.266123676159505395e-05
1.020010734700841362e-06
-9.687033315049858480e-07
-3.492506542548910629e-06
2.124122587411525033e-06
2.321993593371559644e-07
-2.436451589916670414e-06
-4.284233240412292840e-07
-3.515930058897587007e-08
-5.052272495041428324e-10
2.225259469912489815e-09
-4.787582766847942232e-11
3.111636502647429953e-10
2.665625682222408366e-03
-1.275204262181878472e-03
-3.207022304220830187e-04
-3.514194353501056740e-05
-1.316404907409691541e-06
2.948418651686186378e-07
4.003417900396696019e-07
-1.313821434902040599e-06
2.302971055459950004e-07
-6.001975894613151371e-07
-4.705178818066833616e-09
2.620181598079122460e-09
4.117359507066171547e-09
-1.951976785377608429e-10
6.703068194078741673e-10
-1.386016923091271781e-10
-7.421402713302427986e-05
1.298023804060742571e-05
5.002848307023418034e-05
1.373515119512862143e-05
-1.632579364177358158e-07
-1.895954731533698933e-07
3.425598074014598478e-08
2.825938120862034451e-07
-1.454400159809120488e-07
1.642708188135774526e-07
2.404591275869789037e-08
-3.726235579132964072e-09
-1.224431597303135111e-10
5.248131528661355772e-11
7.286803066974795649e-11
-1.222915086851882005e-10
1.646005597666327480e-04
-6.723411324577656682e-05
-9.843866416507736150e-06
-5.184501787317476313e-06
-2.921625158670245209e-07
3.416905760339473428e-08
-2.215977858406628470e-07
1.641485857839314541e-08
-7.204063118033818443e-10
1.952143045310420598e-08
9.987264168960540718e-10
-5.081259503956748495e-10
-8.186284625864891218e-12
1.025067140637241654e-10
3.744415855212504661e-11
-1.758682559778487856e-11
-1.933318346832994092e-05
-1.375228214160986959e-05
4.113339475001213176e-06
1.209302556297227001e-06
9.284791021379976133e-08
4.033873256529403488e-08
3.220475930819452816e-08
4.650486843692148086e-09
2.198129701021135488e-09
-4.537718670627653059e-09
-8.612495265662824877e-09
-1.125685474963011453e-09
-2.498074669988365764e-10
-4.040427802112005203e-11
-2.153585470088875917e-11
7.160485790367924756e-12
-1.703355019712064579e-05
-2.197096387229292901e-05
4.827679857337254267e-06
2.901999450666816665e-07
-2.004022410285253540e-08
1.674834618593935854e-10
6.912864265909220309e-09
-3.951831328908995839e-09
1.629336494839069458e-10
-7.143880250052671162e-10
-4.427949365981795725e-10
3.017222976923190443e-10
1.210389960762180680e-10
2.280986631540605827e-11
1.050249421066824006e-11
-3.957381386489102330e-12
6.681824666573152922e-06
5.543618610441704090e-06
-2.394621988620855295e-06
-4.099812543700619368e-07
-2.738920040723823962e-08
-9.425793172697078878e-09
-4.219803586684339483e-09
-5.087200801123659946e-10
-1.606708136321790563e-09
2.159481872394140464e-11
-5.463244238764877187e-10
-3.553246563575242693e-11
-3.548247175385926625e-11
-1.028183571638850506e-11
-5.386596306063909179e-12
1.078226287824322875e-12
-3.145951434725357343e-06
-2.740196304463609269e-06
1.539592346106393927e-06
2.867893752026934475e-07
3.847334436548204461e-08
5.615589587155861551e-09
2.463597394009173417e-09
9.236699214156588532e-10
9.655806265193098059e-10
1.260810454323886818e-11
3.835414354196655172e-10
1.141792470909289518e-10
1.476673225234607497e-11
5.157298936059486813e-12
1.110887354874898477e-12
-2.404727358798537289e-13
-7.304398799961990020e-07
-7.261558362512566750e-07
4.895395814304716103e-07
-1.577861194402410622e-08
-1.878000742868937563e-08
-4.105550066009865864e-09
-1.295173776222170056e-09
-5.704365234108912024e-10
-2.739656081368320453e-10
-8.076414953593124780e-11
-9.437845433803498358e-11
-2.023202538945339745e-12
-1.778560154256599268e-12
-7.395580853172359993e-13
-3.321563893699241747e-13
1.321353321894542867e-13
-8.925162255435344697e-08
1.489731307283723019e-07
1.227656769185079877e-07
-3.629478084405778813e-08
3.945362371635120303e-09
1.640484928132156637e-09
4.411589278816125729e-10
2.898248604256688766e-10
1.172722113976005328e-10
-8.795564187192817240e-12
1.723363203055926472e-11
3.374513510607385086e-11
2.122613743514157317e-12
5.175885826924426491e-13
8.899485066069938712e-14
6.633071210720249040e-15
5.427125586999746037e-02
2.282547089786242031e-02
-1.529621942124762511e-02
-1.177968762608816531e-03
-6.561523437881213588e-05
-3.737815794048047876e-06
9.330544395219399180e-07
1.330963033087370011e-07
-3.476020834543399510e-07
9.987882495762290097e-07
1.034611548999535699e-06
1.081517981929880625e-07
-3.016825544458970154e-08
-2.017852147795163600e-09
-1.124148142329194067e-09
1.261349873448329892e-09
-1.603860935456656803e-10
-4.931678979897601532e-03
-1.624378245030287183e-03
1.164741442422368659e-03
2.969742626246962749e-04
3.250353774811519890e-05
2.754719727757463186e-06
4.165602563120322153e-07
-9.757340902028409151e-07
4.088218895239603940e-07
-1.057334403697411502e-07
3.820851252189050243e-07
-1.101170045055489185e-08
-9.377564734890565793e-09
1.889159893719885234e-09
-6.327001280013484785e-10
5.080823434508893085e-10
-5.282867967562278295e-10
2.412201393145935505e-04
1.492435075118215973e-04
-4.466157267163566089e-06
-5.047138020501283021e-05
-1.529882796024936031e-05
-2.053512741008147041e-06
-5.477667750553707970e-07
-3.141253422347543461e-07
-6.074028809200868830e-08
9.356300609049845331e-08
-1.325390392227254100e-07
-2.464145295548381377e-08
3.302815571558434216e-09
5.244936343797789179e-10
2.771380464352374761e-10
-1.765277147844012114e-11
3.226314168479038568e-11
-1.328336570429943734e-04
-1.182345282328376996e-04
7.071957948120900122e-05
9.703511633829126342e-06
5.682610904475423690e-06
1.024925530906122380e-06
1.615367930425600598e-07
-9.371010779795476085e-08
-7.792536533586745823e-09
-4.419686586016015331e-08
-2.309399213232089195e-08
-7.541628172727588011e-10
1.795013213606678509e-09
1.366084493382674047e-10
1.494780651309644543e-10
-8.230069126350069214e-11
-1.510104041356437372e-11
-6.407845606755240335e-06
2.262496850695856020e-05
1.476222306770849712e-05
-4.049706899931950639e-06
-1.709225703027184506e-06
-3.681292909209393449e-07
1.271762470020891499e-07
5.531522221933983082e-08
1.391264978312249905e-08
7.033295597427110895e-09
5.007597507354770522e-09
8.097086291788016263e-09
7.950925826397592656e-10
5.043979731534082547e-11
3.577908145583418511e-11
2.525179308124642404e-11
6.250169254748819850e-13
-1.349618162294442065e-05
1.405836356273653295e-05
2.166295843887508938e-05
-4.783422083210281408e-06
-8.698596237676516836e-08
4.952474708484989481e-08
-4.381125035842450756e-08
-1.296926092996679547e-08
-4.632640465017970647e-09
-4.025020093563652495e-09
1.880977890645610189e-10
6.354640002233688840e-10
-1.874630390737201662e-10
-5.330302832382079139e-11
-2.911535401041500385e-11
-8.699553636987895333e-12
2.009014217870485624e-12
2.187398694492967392e-06
-6.261973319553577349e-06
-5.494313188625070551e-06
2.366598764792975826e-06
3.640144026153942338e-07
2.835741903469102345e-08
1.260463449336612101e-08
8.413888809043639480e-09
3.183668848249680110e-09
2.290822308967646240e-09
1.083045446269984804e-11
4.494703529341057488e-10
-1.324091222805877824e-11
7.664725311964314439e-12
8.002033950476174357e-12
2.288579151809091500e-12
6.189559176846877881e-13
-7.049853280804072046e-07
3.013797089220947462e-06
2.727796231974068349e-06
-1.531354499529337861e-06
-2.795804782482151234e-07
-3.916345171141929925e-08
-8.844510947278816895e-09
-3.983677005353894166e-09
-1.738194577920085683e-09
-1.132103403333493715e-09
-1.238665045766627659e-11
-3.451257292527905162e-10
-9.079122935234049895e-11
-5.132951316965001196e-12
-3.873214179094343900e-12
-9.634620178369238403e-13
-4.085740797802686563e-13
-1.679222088946492219e-07
7.088732260444266367e-07
7.244533100882672338e-07
-4.917500832248459309e-07
1.528449488685112740e-08
1.973845360357758606e-08
4.505530957227786055e-09
1.888514224928007812e-09
9.180501079688971138e-10
3.457259058101132521e-10
8.014222532096128261e-11
8.268779614010475834e-11
-1.046838221420790656e-11
-1.557112945497762860e-12
2.501442474587610183e-13
2.959620677393472195e-13
-2.963739687981680334e-14
-4.109968344340897519e-09
8.209105916224805524e-08
-1.617322762830150462e-07
-1.293694394874425295e-07
3.684325978641576324e-08
-3.458705366814274131e-09
-2.041122741611497846e-09
-7.472756239402546419e-10
-3.690411659223394895e-10
-1.538506845815867834e-10
1.366464677333112686e-11
-1.760347723550889271e-11
-1.502872899238106410e-11
-1.575846030001293848e-12
-5.354432710745839703e-13
-1.411134864962272171e-13
4.588765647968563548e-14
-1.565110074457758127e-01
-5.098040106291656763e-03
-1.582505995283742359e-04
-4.648575518205365017e-06
3.369848405419919496e-07
1.884925867232190439e-06
8.231901743764203273e-07
-3.219661226785568021e-07
-8.095614316737128611e-07
-1.020886809938828604e-06
-1.492290714628325255e-07
-2.531687409182125721e-08
-7.276938090127172474e-10
-4.651493234092977505e-10
2.702568154147940438e-10
9.263749270409696706e-11
3.265496923529507406e-02
2.727724544472157411e-03
1.512270099191222802e-04
6.071214143956087328e-06
-1.170742558414481466e-06
-7.335695804659598474e-07
-2.567578073646867803e-06
2.003801207897953624e-06
-7.932362754335070833e-07
-7.315478341308168144e-07
-4.020126550944615846e-08
-1.178985019435713789e-08
1.295632685386682813e-09
-1.240331599113468444e-09
6.011924440060737377e-10
-1.715800371021170548e-10
-5.579401391270528456e-03
-1.139359567728506079e-03
-1.136118733286881961e-04
-4.608956492294926264e-06
8.745406993961852507e-07
2.525321086012146273e-06
2.269966086881703574e-06
1.112604638422957471e-06
3.338477489249809145e-07
-5.754018441252284971e-08
3.079404000436215318e-09
-2.144657938583027451e-09
-4.287407823966691473e-10
7.501471448570385190e-10
-1.042044092813718880e-10
1.557933559250324250e-10
1.866064328693574598e-04
2.026075588452473609e-04
4.500089850057354697e-05
2.949859355880398808e-06
-1.334602163679923734e-06
-1.165041189686917972e-06
-1.128017858949844560e-06
-3.937675801715835380e-07
2.472136781705544275e-07
6.561755796643511218e-08
9.125850030802066795e-10
4.217471910101477013e-10
-1.189630472464942784e-09
2.736758612571987192e-10
-3.499144491818785209e-10
7.513798431183358258e-11
-2.673925527888427805e-04
-4.418963786019638383e-05
-1.477788840086363972e-05
-9.986481908753405345e-07
7.738376258619045299e-07
7.871164114791820768e-07
3.099639041874527633e-07
1.296771991865467885e-07
-1.568371711622346234e-09
-1.130951420562748079e-08
9.597329091204955514e-10
3.476893478644925405e-10
8.182456855386680819e-11
1.034005960413386948e-10
-7.157993881312115585e-12
1.459883150322632181e-12
5.253170593544257783e-05
2.011022799816389271e-05
4.553172184974114765e-06
3.177975743852495247e-07
-6.423204994894411611e-07
-3.679675379394267630e-07
-1.175507239001689181e-07
-4.452402611861694268e-08
-2.335214224377727852e-08
-7.325844739461740368e-09
-2.384788770132083469e-09
-9.627001415942081577e-11
7.506507506232416823e-12
-9.589061569799860535e-11
1.325754181861476658e-11
-1.767082862445048525e-11
3.478290317892591521e-05
1.506548164205869357e-05
6.925731178247269084e-07
1.074913796952732879e-07
2.893916082418093071e-07
1.420195018031269285e-07
5.937283580244537314e-08
1.713548096598009168e-08
6.454887510858023801e-09
1.434657582210577591e-09
8.772856901970805458e-10
1.512657027341687526e-10
6.575031540675465374e-11
4.702281470087782839e-11
-1.043737164466014013e-11
1.601326566540522553e-11
-4.747673575061461399e-06
-8.171253607036043758e-06
-1.332396736171038145e-06
-1.985191342236253161e-07
-1.055657954228483810e-07
-5.539868654529119541e-08
-2.432286047901773892e-08
-8.611274862143179389e-09
-2.752899578173028997e-09
5.571326525610585009e-11
-3.854853275395654953e-10
-5.653137474412967811e-11
-3.811703278723218896e-11
-1.060825067849527283e-11
-2.173855308127059112e-12
-9.658059276326274789e-13
1.816015964237352557e-06
5.203408262994739109e-06
1.005211421444788812e-06
1.565769841153444813e-07
4.600048585943269637e-08
2.068703621420396515e-08
9.548222155630371309e-09
3.347156925532842145e-09
7.422090233123124576e-10
5.669334949978136408e-10
2.386960536782571119e-10
2.722987138929224973e-11
1.627445652474947304e-11
4.483438858577966219e-12
1.252129327204291991e-12
3.296492211693595724e-13
8.339103606686167493e-07
1.829266748067673992e-06
-5.375066268981567888e-08
-6.960306275120410426e-08
-1.984014590470816927e-08
-7.857990345424914677e-09
-3.356432993078962324e-09
-1.261357640731329723e-09
-2.159382440615555246e-10
-1.786702647037002402e-10
-1.167793796086326638e-10
1.483787082393126057e-12
-4.300267855025942317e-12
-1.257600407012493559e-12
-5.161770457981166023e-13
6.125501424202402520e-14
-2.131702123271852864e-08
-4.408603129212308218e-07
-1.373497546614254267e-07
1.203935767614107142e-08
6.553106957069443877e-09
2.191850104985169879e-09
8.956859798686824062e-10
3.846061927888970420e-10
1.651637601849330028e-10
6.435054777093381902e-11
6.150989994591149648e-11
8.089793006433521331e-12
1.017748316927421640e-12
4.750677451390357981e-14
-1.160163222170902173e-14
-2.742867961430593641e-14
-1.146803527487296193e-01
-5.798971824235436834e-02
-4.169555952128139488e-03
-2.160439469518302005e-04
-6.808121767482809584e-06
5.468194378429108529e-07
8.841807076596695147e-07
2.485478431795570579e-07
-2.271899537418461933e-06
6.577139650114769933e-07
6.308505952164377253e-08
-3.006142474250773473e-08
-3.483384222814567442e-09
3.547098589801785614e-09
-2.469055929085496843e-09
8.395249693856035603e-10
2.496168479513304532e-10
1.558046331452225906e-03
5.105590816427611409e-03
1.062263043580163055e-03
1.087251295462223416e-04
5.068150831011365561e-06
-3.054102129555257525e-07
1.563581055270593296e-06
8.895750552668070777e-07
-3.399758847982652925e-07
-5.339009487917359175e-07
9.660394489400000322e-10
-4.325864027101470453e-08
-6.014984857947029933e-09
1.257538829015918674e-09
3.172258625492316952e-10
8.559711259600621778e-11
-7.209008520573837556e-11
1.285908210385564379e-04
-1.662362389944041540e-04
-2.024014302128751466e-04
-4.340441731795553521e-05
-1.439584526756245134e-06
5.386655944068311393e-07
2.209931285303478623e-08
-7.866832435247255938e-07
3.413879745756708261e-07
-3.267141674558719875e-07
-3.449018478027703550e-08
8.729565883476235133e-09
4.305909100520624784e-09
2.783715770765989053e-10
5.644090285710272307e-10
2.237570121318381256e-11
-8.491343024794009586e-12
1.040560186379235828e-04
2.863976430253709353e-04
4.538751755687466075e-05
1.445773660844618593e-05
7.114331716247460117e-07
-2.774427569907055308e-07
5.335588000880969149e-08
2.240468036885325037e-08
-8.383540244255226696e-08
6.459791226911783617e-09
-8.990712094212155126e-10
-6.030433485944926819e-09
-1.193701905330092659e-09
-2.296919136785358136e-10
2.637088117127228864e-11
3.823844504058318292e-11
1.029485373536423747e-11
-8.336316974414784914e-07
-5.184954512462524700e-05
-1.980173918479200495e-05
-4.257831352317981606e-06
-2.329595629615674079e-07
6.808685818730624244e-08
5.546145031595249482e-08
5.506351782546201992e-08
1.786060462921745517e-08
2.635629911239747426e-08
1.191267539403951977e-08
4.621290137045188094e-09
4.912620650209777283e-10
1.289603023034343729e-10
-2.823627577848977212e-12
8.769253703161375789e-12
-5.636874436857346225e-12
-3.092903128216856931e-06
-3.487114262049889201e-05
-1.516204154346597345e-05
-8.030253122548059329e-07
-5.727034688509459153e-08
-7.769905628999561731e-08
-6.666923957813763286e-08
-2.861569381513303566e-08
-1.150593169459575476e-08
-8.777074080673871522e-09
-3.315896861568368529e-09
-1.681330554010427615e-09
-3.303411758939636917e-10
-9.484568999657246801e-11
-1.598157378673177407e-11
-5.674645034469324762e-12
-6.846040763866492087e-13
1.095482454029146782e-08
4.666189565712977754e-06
8.193132978879887179e-06
1.345278395099161235e-06
1.565637226568593026e-07
6.033281261456783328e-08
3.514527155821490049e-08
1.611004993530145567e-08
7.218151558950775014e-09
3.574941637795305099e-09
5.904420009800975598e-10
6.486040785807867757e-10
1.336771468955566975e-10
3.904694161800216001e-11
6.758690558714077613e-12
-4.580345027829865576e-13
7.153339858500438974e-13
-4.177509651636649089e-08
-1.801304688246549349e-06
-5.208346928302531947e-06
-1.000518119312346755e-06
-1.420501010983930947e-07
-3.336502557191293295e-08
-1.668041353772433840e-08
-7.403901627341075138e-09
-3.268113675160033528e-09
-1.062846127472028961e-09
-7.966244695602710382e-10
-3.293309752851600107e-10
-5.342590080619700656e-11
-1.598093946129546514e-11
-2.821890978129870454e-12
1.503299189827208637e-14
1.092797436773912413e-13
-8.612839010636411155e-08
-8.460782439893286547e-07
-1.828486644836667368e-06
5.069503399026249194e-08
6.430562927207077885e-08
1.719630972314940554e-08
6.931283474632295829e-09
2.999017043022998444e-09
1.366106514263089438e-09
3.432943380103578728e-10
2.665158972558815799e-10
1.402228039333007288e-10
3.780700369336207155e-12
4.587660880225977631e-12
3.498330087963517753e-13
-4.752398344723168174e-15
-2.011347950631792247e-13
-6.515897157543378398e-10
2.339101593074311798e-08
4.414924203417002462e-07
1.433303637856075674e-07
-1.075647855739402689e-08
-7.298076508297274821e-09
-2.563284437241755279e-09
-1.108847085318013819e-09
-5.383053049729758519e-10
-2.625804539247870033e-10
-1.038909367591787149e-10
-6.943565671865458841e-11
-6.692228867329537829e-12
-1.542511574737273784e-12
2.389661645385493063e-13
2.474105569047171111e-13
4.314283907515492334e-14
