1.397102918878541933e-01
1.025128997464764158e+00
4.457098452957251183e-02
1.531380278510841063e-03
5.334474996433673601e-05
4.676130341458300574e-06
5.140941183204967764e-06
4.107974210761598382e-06
-1.275207831614965417e-06
1.380760972794690403e-06
2.251132995158161671e-06
6.753666012084220887e-07
1.056905258846964135e-07
7.777709161010888326e-09
-2.806145093855075885e-10
-1.876726760485481124e-10
-2.951018683482364849e-10
-2.053297783966557752e-02
5.352953474983065951e-02
-5.762517072731003498e-03
-5.277486480183419789e-04
-3.071771857043358099e-05
-2.232842620337323304e-06
-1.036075850902856632e-06
-2.095110214407931551e-06
-5.217718740328517110e-07
4.899915347389211177e-07
1.617986669482652752e-06
2.979506613274049224e-07
2.593885362945464547e-08
1.109622807094272470e-10
-7.646784243185314964e-10
3.153129890985446707e-10
-1.336271421529337524e-10
2.305589296166599741e-03
-2.357255338264781903e-04
6.292606572766057307e-04
1.444033143252256035e-04
1.465101597879766886e-05
3.244863697758106317e-07
2.427044173453305726e-07
1.096664131189000822e-06
5.168612521982574972e-08
-1.157844382247776894e-07
2.213736473463042035e-07
-1.976427434062884000e-09
-4.208477232081715604e-09
-1.876323251333017885e-09
-1.770279909235057412e-10
-1.468602605805729388e-10
7.317458266495118467e-11
-5.900107820006746752e-05
-9.988478727453594882e-05
-1.447200361169695498e-05
-1.400863685015638988e-05
-3.439485801817741606e-06
-3.958341027374336954e-08
-1.351769546156401015e-08
4.954978235399925574e-08
5.385235952544227919e-09
1.544632139474389390e-08
-1.737289620838300182e-08
1.764710211296001669e-09
1.889194654513736007e-09
1.597126896601353959e-10
-1.694088203722530573e-11
-2.751254100334619558e-12
1.592544979574619184e-11
3.194296995116311625e-05
-2.442225915039655053e-05
2.357821621863395335e-05
2.468897144482129461e-06
7.508096594347932002e-07
-8.657681678920365175e-10
-3.953283690120429886e-08
-9.435695286345476251e-09
-1.395256244225328606e-08
2.276226519316244145e-10
-8.166937038313920094e-09
-1.919804205315789790e-09
-1.086074652904762116e-10
-5.150950312665182957e-11
-1.285156793730252553e-11
2.308920849823167835e-12
6.027509452524127217e-12
8.722386375169211917e-07
-4.340092865570773169e-06
1.357720225506567557e-06
-7.297088162990305632e-07
-1.017724117134622588e-07
2.804062337518305811e-08
1.422667785017251314e-08
6.580003835527254690e-09
4.043829514252703212e-09
1.513787303116366530e-09
2.435134287254121357e-09
1.523801803122837809e-09
2.567574297286795666e-10
5.858727696714510968e-11
3.357157316724680251e-12
-5.550665421877733875e-13
-2.528311162132703962e-14
1.481362511429967028e-06
-7.770687222957939428e-07
2.221390537936506206e-06
-5.350535955318300520e-07
-5.616966176580419542e-08
-1.470789582937547810e-08
-7.372824539196596428e-09
-4.447953454157707123e-09
-2.020671172145894127e-09
-8.435828433550920573e-10
-3.983402501903119961e-10
-3.177032308166915382e-11
-5.362428125269976818e-11
-1.493993771104200344e-11
-1.492811491178472212e-12
5.211843559126422804e-13
-2.566817866721395229e-13
-1.521752105644225669e-07
4.154328723330260353e-07
-2.330163279434136717e-07
1.891642103964091758e-07
3.773076296648969187e-08
7.066705320134269331e-09
3.024342722594543436e-09
1.389271604311610695e-09
7.260191836612951670e-10
2.489157420459166303e-10
9.324522837988321266e-11
6.162374670904083604e-11
1.170357587258791966e-11
4.177232349575383823e-12
6.610212173577280452e-13
7.992816555507127485e-14
-6.993095142906303425e-14
3.768702466755558567e-08
-1.408232518690458516e-07
6.439998565899399487e-08
-8.946389959044025449e-08
-1.692463798422446276e-08
-3.259935963217201542e-09
-9.699850878146768375e-10
-4.126780682993640174e-10
-1.716638900275014175e-10
-6.658169837113039092e-11
-3.469116680271010871e-11
-2.139523464866285503e-11
-6.724244006445341572e-12
-1.135071113787520119e-12
-1.364254006368476112e-13
1.154486235726265185e-14
3.583186406737656189e-14
5.492123201450486061e-09
-1.765776918660435351e-08
2.328061412759624034e-08
-1.196460712117876721e-08
1.359634681062967155e-09
9.410115527933439694e-10
2.858208410668115484e-10
1.066766962807035916e-10
4.505199910263567791e-11
1.953008704291587292e-11
1.261212600816298180e-11
3.213603949594229759e-12
-6.735694260507485367e-14
5.556872392531735748e-14
-2.976042007533671276e-14
-1.618889722947369068e-14
-6.861806192534774235e-15
1.174841942548891872e-10
-1.413937189092802354e-09
2.962546229794646032e-09
-2.691212353475382986e-09
5.411435065509628785e-10
-1.496264854914632198e-10
-6.317896782188011676e-11
-2.160851289609219970e-11
-8.177535040229733455e-12
-2.532054766662480908e-12
-1.092038690525380889e-12
-3.609140240043299820e-13
-4.826451856212219252e-13
-3.412892717667392527e-14
-3.652616968523400230e-15
1.062415076951632921e-15
1.303286432993184177e-15
1.002301903647575924e-02
-1.037158126658187240e-02
-8.095961374957386363e-04
-4.508745393991283701e-05
-5.432486006439508171e-07
2.183304018682052409e-06
1.481375787622562504e-06
1.723470206717990462e-06
9.742606434577935611e-07
5.841919603916858306e-07
1.797411464331062380e-08
-2.532364950755205122e-08
-6.395153200130733800e-09
1.052802069311697886e-09
4.479279808566657966e-10
-1.286841000181144316e-10
1.388148697149516574e-04
5.758956186927766856e-04
1.353037638954054293e-04
1.387609343946928720e-05
-4.474019579150066013e-07
-4.706496512692057057e-07
-5.001395901793614753e-07
-1.089121801050204989e-07
-6.814787005269729529e-08
1.524741666300913314e-07
-6.675425625998445697e-09
-2.142883403078744522e-09
-4.550465451743045431e-10
-3.738318378855410842e-10
2.254551483668552284e-11
-5.988205941446375451e-11
-6.641258319529405954e-05
-1.031063305216262106e-05
-1.400733844938594860e-05
-3.550731074275548298e-06
3.729767328058290817e-07
5.005001024985236378e-07
3.071879783496603462e-07
1.442751986624670523e-07
-6.278696312079621543e-09
-2.113531833859492146e-08
-2.238795149816350464e-09
5.677645790029140534e-10
3.374861376103916979e-10
-8.153044965867545210e-11
1.407139132482730650e-12
-2.673474314522715236e-11
-1.040022117665633419e-05
2.485310778093048259e-05
2.505854431384199310e-06
7.114815924226518848e-07
-1.585674689214153540e-07
-1.631221010979257360e-07
-8.924211738354518760e-08
-2.455700795095652306e-08
-4.309417310758469619e-09
-6.247701335488082155e-09
-7.145411671779303790e-10
3.132371508990178544e-10
-3.939107322357472331e-11
-8.150016119307011250e-12
-1.028025749596387462e-11
-7.945811961134988379e-12
-3.789270302192571597e-06
1.507363758811212976e-06
-7.415650753817985831e-07
-6.385197770742356495e-08
6.438064830572569587e-08
5.979651662149255193e-08
2.744669494770801362e-08
7.104383046211621121e-09
1.269089603473467551e-09
1.712151731723194832e-09
1.157799646667681980e-09
1.589733642784423047e-10
2.938096432390954949e-11
6.589186930948120034e-12
-4.165898491337262776e-13
8.208015359015925908e-13
-1.085737893613500418e-06
2.192112350957034848e-06
-5.361335005505953588e-07
-6.754546345157262585e-08
-2.641743971788490591e-08
-1.591163870701947067e-08
-7.041488058998439676e-09
-2.732901811649781892e-09
-8.795375138741028979e-10
-2.650683621014012472e-10
5.206114746766705994e-11
-3.013628693281931254e-11
-8.485171964223365177e-12
-3.833864905015525214e-12
1.359211803572108036e-12
-1.417648225271443183e-12
4.409799528813968159e-07
-2.307152403529843399e-07
1.907048416906901386e-07
4.041539248488247621e-08
9.822792440738841718e-09
4.218067970273246654e-09
1.939773772409986429e-09
8.052236294180477050e-10
2.042942577327026229e-10
4.904528080156019599e-11
4.058732260375104219e-11
4.805153943769472704e-12
3.130733723331233452e-12
7.273498962792225243e-13
3.872514543406278610e-13
-1.138618204874958264e-13
-1.478677876186178134e-07
6.352697855592657964e-08
-8.995829325950979334e-08
-1.753592156804363114e-08
-3.733193725720105761e-09
-1.248485226598437018e-09
-4.972940492236556277e-10
-1.863229570200629332e-10
-5.432838815092123671e-11
-2.419808831116548037e-11
-1.632282076614633588e-11
-5.017308401097109316e-12
-9.181871079998225267e-13
-2.103622398438947766e-13
-7.959589129833030440e-14
2.096116669059730928e-14
-1.845619772262713369e-08
2.331337294111606101e-08
-1.185631342841361043e-08
1.470314424977844615e-09
1.031179956462187788e-09
3.246762690228013839e-10
1.237510181953981476e-10
4.958698192704796542e-11
1.705247676084127649e-11
1.023869333780298618e-11
2.045430959323571366e-12
-4.584587140894796611e-13
1.665280511716349304e-14
-3.895019429531227333e-15
-2.514001485704567919e-15
1.851325590824256359e-15
-1.562848564392494728e-09
2.964451601032759115e-09
-2.756778244183180244e-09
5.134574393564866471e-10
-1.622914045613483630e-10
-7.613041654055930636e-11
-2.777054278377585852e-11
-9.078391107800719781e-12
-2.653006210670770104e-12
-9.999538135826640839e-13
-1.388812643603851946e-13
-2.271437912499045561e-13
-2.713754555079531081e-14
-1.875590088956158106e-15
-3.653605900027755055e-15
4.945313736863610529e-15
-1.015537153108863277e+00
-4.424982668946408904e-02
-1.522426967393550584e-03
-5.178476066603117796e-05
1.602794759042257705e-06
4.023272135109988409e-06
3.758826833740764348e-06
2.321423793042636395e-06
-1.327785197141005787e-06
-2.260734559735018679e-06
-6.911294577183287900e-07
-1.138846247237012341e-07
-1.160057574463750096e-08
-1.721228277024951611e-10
-5.902125835692190861e-10
2.019086235532064679e-10
-5.684287573524497705e-02
5.572838256752793602e-03
5.201020465921687508e-04
3.086186871111643715e-05
9.971287514957668535e-07
-1.200892633248590271e-06
-2.520696360792235624e-06
1.252088313638302753e-06
-5.519757643906723705e-08
-1.507211070227677875e-06
-2.826032312509482513e-07
-2.119705227993026531e-08
-9.319992375139920209e-10
1.363254067225683123e-09
-2.513962741472454775e-10
7.546794165534386279e-11
1.137775348478501205e-03
-5.467546887870176463e-04
-1.422341329356975321e-04
-1.631366684016024018e-05
-4.709288370017103833e-07
3.502146615089360844e-08
1.100801857687749510e-07
-3.882988494445472528e-07
1.437099990556017084e-07
-2.375841366521172547e-07
-9.279675678033874961e-09
-2.016382712864670231e-10
1.358350173559334499e-09
-4.643771147977364123e-11
3.555133914197264692e-11
-1.522041740933611300e-10
4.957602313513011436e-06
-5.081675638320766208e-06
1.328676460088247187e-05
3.874248302897440925e-06
7.633560449660168140e-09
-5.874917289179339824e-08
1.970289807465017340e-08
6.678756960163135635e-08
-1.114818026578009512e-08
2.983543610628073328e-08
3.112085771624785102e-09
-1.540570575588840475e-09
-2.007816510404064613e-10
-9.510777076174685245e-11
-3.786383046330218071e-12
-3.576615931611707699e-11
4.556010813585377765e-05
-1.951553642211484915e-05
-2.375800171881923998e-06
-9.403498837039290854e-07
-1.290271470200735709e-08
2.772611178871307305e-08
-2.816502598375201822e-08
5.470204608532604808e-09
-1.515950316369746139e-09
4.592022870443779291e-09
1.031706763855532457e-09
-3.951329477631123705e-11
3.619623181915259582e-11
1.217497449269691036e-11
3.680153474634262791e-12
-4.178156127828291897e-12
-3.443702213405455653e-06
-2.237550488619569812e-06
7.486415101134395596e-07
1.641065309521685998e-07
-4.645985105714598034e-10
6.118823241228326327e-10
1.680728588031205267e-09
5.903781717326273983e-10
-2.962133947373470259e-10
-1.046781791669939404e-09
-1.225632509760764322e-09
-1.698258662910709261e-10
-5.142392801283980224e-11
-7.012852137264989398e-12
-1.945956219186960944e-12
1.541127557741576201e-12
-1.790937391531964729e-06
-2.357003506441380248e-06
5.066836527069827671e-07
3.641337748170199999e-08
2.530462749997565209e-09
1.107664276755773565e-09
9.821485364319085286e-10
-3.241796594404936342e-10
4.770184409625804390e-11
2.508582120255275583e-11
-5.305311302474641425e-11
3.261961250194415759e-11
1.663902046854913929e-11
1.592509939748777344e-12
1.042945736075871328e-12
-1.126193931629344825e-12
4.684244160815864648e-07
3.874932505911054044e-07
-1.687432853104292562e-07
-3.031713603961529727e-08
-3.000669121804396018e-09
-8.417877602264365516e-10
-3.626616518048274211e-10
-1.301200127658079916e-10
-1.335442698719976078e-10
3.409120430359425732e-13
-4.186822982637483386e-11
-5.419459832203804391e-12
-3.943197941811647864e-12
-4.909690707370392369e-13
-3.393232287030776324e-13
2.370929978515319150e-13
-1.607951354615323362e-07
-1.462624049415092811e-07
7.827205970700117253e-08
1.425215240732432511e-08
2.049486357881605795e-09
3.504886284540657069e-10
1.380869046276776328e-10
5.073576225396629749e-11
4.050083445447567815e-11
7.588875752903985806e-12
1.581147022208924150e-11
5.024844942874032341e-12
1.089078831403771959e-12
1.277766173349787734e-13
6.638739895355255436e-14
-6.232929510051890819e-14
-2.241370610918944259e-08
-2.255430659613141503e-08
1.489621704617249176e-08
-5.289296902763905285e-10
-6.190706503676519147e-10
-1.398415444697092034e-10
-4.265552450190278294e-11
-1.775775667725625483e-11
-6.221381921242198643e-12
-3.180747659749749284e-12
-2.323991198627946028e-12
3.052319827977464447e-13
-1.002304788663638591e-13
5.201883142631713600e-15
2.681007221403812160e-16
1.553395586871732838e-14
-1.712584330763267830e-09
2.983377950146288813e-09
2.466666559260833992e-09
-7.224992193117304918e-10
8.114778672851512990e-11
3.448170968728082008e-11
1.043164581150092686e-11
5.715663785178787886e-12
2.297950701629847435e-12
-8.264821710505304133e-14
2.857888315744615638e-13
4.569833127484031168e-13
2.160735075179221094e-14
5.017223123132164470e-16
-2.505742959188593280e-15
-1.818855954519054063e-15
3.592469845738868045e-02
1.507535670637733145e-02
-1.009836490467905246e-02
-8.005827161581555509e-04
-4.762801905889333076e-05
-3.602231158336217607e-06
1.336998086002642226e-07
4.782584790764405783e-07
6.894673074986863506e-08
8.417900841878805463e-07
6.441229796734334719e-07
3.890952527885400600e-08
-1.196292827683821787e-08
-6.093727571161331324e-09
3.670789180632663885e-10
8.690668531836335431e-11
-1.177100815899845700e-10
-2.124374832961501910e-03
-7.045750571047237638e-04
4.958618268022739993e-04
1.311072816540485441e-04
1.506631728009133733e-05
1.247253752698104497e-06
4.770518247992976636e-07
-2.473824168686371560e-08
2.196819995325044058e-07
-1.118566447634897561e-07
1.408018758783056574e-07
-1.017921679878460961e-08
-1.482633396035916956e-09
4.717208064277373830e-10
-1.116609160283004895e-10
-3.473131386128101161e-11
-1.288989584999116906e-10
4.974052815253590133e-05
2.977801003675065473e-05
9.644083256585342915e-06
-1.324550220057212756e-05
-4.350021756310282146e-06
-5.551521511343843832e-07
-1.338748704972811627e-07
-2.957253490008064530e-08
6.149175555438538370e-08
6.534229456454076230e-09
-2.218526829413827488e-08
-1.482184322429668055e-09
5.012707465027746667e-10
3.516046957877925808e-10
-6.146922759094548919e-11
-7.433020620002695084e-12
5.183868907816963392e-12
-3.677745117194319304e-05
-3.228269692078282270e-05
2.046419782893219347e-05
2.372464899244585409e-06
1.066046132298448980e-06
1.834040926014061860e-07
2.318991650556389081e-08
-1.187307333176648843e-08
-1.188851715841801416e-08
-8.377052313787608212e-09
-6.404447138780530868e-09
-9.773254334925303431e-10
3.161948406330322477e-10
4.394266285584438617e-12
2.108256825749689067e-11
-7.063412576846119263e-12
-3.307393729781454761e-12
-1.003165833627151480e-06
4.031883132306785700e-06
2.418004695789141803e-06
-7.469465498112432410e-07
-2.104079832242096526e-07
-3.239362801096098283e-08
1.549313626152265547e-08
1.082103072735263735e-08
2.714650708630872971e-09
1.620357418300304170e-09
1.275290393017838730e-09
1.100721029574285229e-09
1.209530325477474199e-10
7.076109312883875452e-12
8.256436507339218455e-13
2.152823679741774300e-12
1.255111653715263984e-15
-1.457543776281312559e-06
1.460894303364755303e-06
2.325584776343505805e-06
-5.011479765720230819e-07
-2.311007915813092178e-08
-1.867361645827273142e-10
-4.436369237042556734e-09
-2.226853053918079688e-09
-6.213807071438796972e-10
-5.003108585648987201e-10
-1.027185229223194838e-10
7.417136809337812086e-11
-1.787845332426081266e-11
-6.016047765419896589e-12
-1.264970474097971136e-12
-3.864108756255785286e-13
1.058475935734556281e-13
1.556130946147534070e-07
-4.387897844932616803e-07
-3.848054917621070596e-07
1.669418373795380776e-07
2.809621547910727703e-08
2.889766723339538556e-09
1.167492228354524220e-09
7.141363544684927949e-10
3.083261261792910451e-10
1.909872296450754316e-10
3.489195295807999540e-12
3.490034900172524496e-11
1.912910242004643772e-13
1.242494933834002282e-12
1.990774481934808986e-13
7.985521043253696966e-14
4.366093240531743647e-16
-3.739785424881984732e-08
1.533167662560522040e-07
1.456203798391208403e-07
-7.793344903346217022e-08
-1.398941569453191485e-08
-2.055024615598732131e-09
-5.024511718814247824e-10
-2.026200428561410901e-10
-9.202477908954937942e-11
-5.089014629741194764e-11
-7.400199566056707060e-12
-1.373841968332810990e-11
-3.476865528144872176e-12
-4.764765865735743286e-13
-6.598448843349271140e-14
-3.868919758107707249e-14
1.854966232010279620e-15
-5.177495031606029006e-09
2.162514221571013423e-08
2.247559044920887275e-08
-1.496536194395331376e-08
5.210613481011849567e-10
6.536610347085497913e-10
1.597617410777425080e-10
5.966315933459667604e-11
2.860416186525784422e-11
8.396145121074901914e-12
2.998564761680886843e-12
1.751797591956141602e-12
-7.073654432586855528e-13
-3.146346713172730067e-14
-2.171088834554363241e-14
-3.770207163616272398e-15
-3.084902457969270127e-15
-7.966153599503950850e-11
1.588281737012021502e-09
-3.147728571283075298e-09
-2.547075739873659643e-09
7.259968595719184689e-10
-7.619275472064156955e-11
-4.017126664006844429e-11
-1.525669705672478665e-11
-6.805133507816732090e-12
-2.768568442190016020e-12
2.016419389371544154e-13
-1.669396197099665275e-13
-1.692390871161731477e-13
6.808208995891009349e-15
6.855203559160268606e-15
1.780208067674211788e-15
1.313120110180416341e-15
-1.589411283446946210e-01
-5.417950279441708858e-03
-1.821730761705478885e-04
-5.899755034602348821e-06
-1.376777809122459541e-07
1.637338585051145621e-06
2.102805207603798488e-06
1.395946069134095464e-07
-7.592088054085998394e-07
-8.721602971573924474e-07
-1.883814670866316690e-07
-1.750256028350183480e-08
-5.304348485443659524e-09
8.008760257825727306e-10
1.944807062614860255e-10
6.576125833071008217e-11
2.163366652274251525e-02
1.857165971092143795e-03
1.097528491161014081e-04
5.073333156159006488e-06
-1.170088085675276588e-06
-1.506468849774351667e-06
-2.333338185318965597e-06
8.745480723173172299e-07
-3.273907599028427529e-07
-4.640253278669564817e-07
-3.228722567080834356e-08
-3.832769594984550485e-09
1.841212465925849419e-10
-6.434217179245948965e-10
7.175558498889570485e-11
-9.159569139455775888e-11
-2.397142544250838517e-03
-5.013091821220304767e-04
-5.094020144839311301e-05
-1.817107466113807469e-06
5.400841668568855028e-07
1.033031809565186523e-06
1.033904734529593143e-06
8.324717060133034303e-07
9.158961766528076185e-08
-1.426579192915229158e-08
2.066525061510886969e-09
-4.011591102398885958e-09
1.952039904741111032e-10
-1.488096798277157369e-11
-7.009179150080103781e-11
4.869322128258687586e-11
2.448556719083448799e-05
5.510712662119717609e-05
1.294791081806366068e-05
6.477312802086481717e-07
-5.080016780510627409e-07
-5.028840919063172904e-07
-3.489679893090682322e-07
-1.146659361294221166e-07
6.338289140910661100e-08
7.652346066420906552e-09
2.177827385885528226e-09
4.567271563817656265e-11
-2.064906763910806846e-10
-7.001157496868372757e-11
-7.040816970298497727e-11
1.465668879807196391e-12
-7.692464340505958810e-05
-1.038129840452050742e-05
-2.707666413613890897e-06
-5.949144115639030505e-08
2.250774024438265239e-07
1.784208953541329043e-07
8.816158536120450377e-08
1.993882149175129711e-08
1.823989319598407427e-09
1.406488524102706023e-09
-1.761714001863482351e-10
2.085080768308360658e-10
-1.340395775658763942e-11
2.603496201557757628e-11
-4.947307424224969306e-12
2.011158121365165040e-12
9.626233420054121115e-06
3.513735861352750561e-06
5.693075732647888961e-07
-1.268393695501276270e-08
-9.583496845957045808e-08
-5.675059817066410977e-08
-2.077683518554967924e-08
-7.734593183121279152e-09
-3.984711534226777928e-09
-1.557371454119706470e-09
-2.564033094770984728e-10
-4.904969034306483877e-11
1.657816295221022357e-12
-9.352498200519659816e-12
-5.974077921919153631e-13
-2.638878704981057705e-12
3.617052030730973669e-06
1.575879894780758270e-06
1.009304406558090382e-07
2.629891712206112646e-08
2.949024001022703455e-08
1.624158925187721332e-08
6.190526653804337114e-09
1.957771984849152039e-09
8.329778399041314691e-10
1.752812297321883217e-10
3.773487573414334229e-11
2.199260138091534284e-11
3.565728574935396689e-12
6.952268113907736540e-12
-2.584497054905751796e-12
3.316078350574438968e-12
-3.161064502330026995e-07
-5.815433268656104969e-07
-1.009157818476485829e-07
-1.721250283294128371e-08
-8.030881900703060165e-09
-4.189155204264111257e-09
-1.796079767698459358e-09
-6.469459929016344536e-10
-1.914144648516248140e-10
-2.631407594579637130e-11
-2.209908487232537204e-11
-5.975794495427754820e-12
-2.382628252685413703e-12
-7.536475849840279259e-13
-8.466678373894106674e-14
-8.503545939841926158e-14
9.979013999367806422e-08
2.670251659451631570e-07
5.024732687417005439e-08
8.066891658803719401e-09
2.378450238748579157e-09
1.020321243585625700e-09
4.533701710805714072e-10
1.675012966694878199e-10
4.070790522342614917e-11
3.204587738559706663e-11
8.795857283491556759e-12
1.989073974121977262e-12
6.948897309412961621e-13
2.068202753985652232e-13
4.871555642416208829e-14
1.815901775959968326e-14
2.609590918145522780e-08
5.657046655012340077e-08
-1.844116717308740483e-09
-2.245212078593089965e-09
-6.627787021604721582e-10
-2.505964160764162810e-10
-1.089024860884768867e-10
-3.791872078722474622e-11
-8.731201407598670732e-12
-4.959906593610399811e-12
-1.853095511152396852e-12
-1.146146348834828292e-13
-1.034056890173124152e-13
-4.912698982951466320e-14
-1.427458738331479626e-14
4.322157839723826505e-15
-4.006275423655214773e-10
-8.594785843855231509e-09
-2.680025571256219977e-09
2.656891369073487937e-10
1.438751045061549085e-10
4.890402444817423347e-11
1.966431478769035633e-11
8.318654090936795533e-12
4.191050419259761804e-12
1.634773848888460412e-12
9.200605275396263548e-13
1.703667192173029584e-13
1.210598229440194554e-14
-7.791464124029039868e-15
-7.650929898561695824e-16
-3.181462828112131721e-15
-7.536935549489086339e-02
-3.840093519933017452e-02
-2.836619958586149119e-03
-1.550001008744817006e-04
-3.590479779655005701e-06
2.240627068032404647e-06
1.308681500099564784e-06
-2.618205662598867412e-07
-1.935842402260051006e-06
8.394291061040038730e-08
1.124820387940224290e-07
-3.225153377309787973e-08
2.766638906828643894e-09
2.432746438078421555e-09
1.113112076079690617e-11
7.435679843617018063e-11
8.661202718480657194e-11
6.614788797712924497e-04
2.196131835188774081e-03
4.688950370941774907e-04
4.912566293651553288e-05
1.428227786960538261e-06
-2.521170941404108026e-07
6.833984844142633780e-07
4.890295619826133566e-07
-1.733119583436208223e-07
-1.578110555976892881e-07
-3.232701382087854488e-08
-1.700728962650871105e-08
-4.107740618566457115e-09
7.610164497998376255e-10
6.408533673223214730e-11
9.741070934966578053e-11
-2.379384213797934586e-11
5.310331245602401565e-05
-1.713231205469321024e-05
-5.506378044878146560e-05
-1.229547053209439388e-05
-3.950948372165287755e-07
2.359030020116152822e-07
-5.225629089679613423e-08
-2.100383420782961929e-07
7.105203083267540415e-08
-8.399349370231618180e-08
-1.015795666191531929e-09
2.852184874691506993e-09
1.768914895068146070e-09
2.455028598170343712e-10
1.138827572265025442e-10
1.229787123311062736e-11
-5.835818180558243987e-12
3.099390173221839450e-05
8.289948348745920922e-05
1.087464884226642571e-05
2.588951093008909992e-06
2.280816540071289860e-08
-1.153074758533902511e-07
6.677066588366133508e-10
6.989530444817601063e-09
-6.315579340943127530e-09
-6.393082454164699048e-10
-3.659229954238952782e-09
-1.525327570265218584e-09
-4.535181799277903484e-10
-1.007005314870760511e-10
7.786642136889398992e-13
8.333825816320739019e-12
3.519578948714401419e-12
-3.324957167054521482e-07
-9.577805923942229717e-06
-3.466831170973314321e-06
-5.535052523206705469e-07
1.397266061163235950e-08
2.744938124462561872e-08
1.235889558955743686e-08
7.033919493872890696e-09
3.370438860157289721e-09
4.158803561660160886e-09
2.339260387386693591e-09
6.590462518466736429e-10
1.508181241166460941e-10
2.192874615480227180e-11
8.062906486514413103e-15
-8.117975925706699191e-13
2.788339714756865414e-13
-3.025993584001233529e-07
-3.614811451554575582e-06
-1.585591161068251508e-06
-1.047970999658086291e-07
-1.832744206116104086e-08
-1.217817941453731136e-08
-7.700520391573850163e-09
-2.788343271511410558e-09
-1.313463338305762384e-09
-1.037675211853958709e-09
-4.025837662587365995e-10
-1.382609830793743918e-10
-5.100381894866858259e-11
-1.066264216684603433e-11
-1.922446142637791192e-12
1.920869495576604204e-13
-2.995797318672296807e-13
-4.929370756371306286e-09
3.087491932044526763e-07
5.819864876524282930e-07
1.007303839925572730e-07
1.409328698487285650e-08
5.080287463126788517e-09
2.615119517845492180e-09
1.227845879407852320e-09
5.276087262453011883e-10
2.439313213553893982e-10
7.958448152652513955e-11
4.591226855030955839e-11
1.368094223509757967e-11
2.973895849226896025e-12
1.755609888925505597e-13
-1.639672676711518021e-13
-3.889859599198612356e-14
-3.884352317471284597e-09
-9.940659872330983136e-08
-2.670389505683344812e-07
-4.992705111330663853e-08
-7.395178102935221359e-09
-1.809092121160661101e-09
-8.070748111294970406e-10
-3.546434801836141097e-10
-1.596784006425651365e-10
-5.696062275059493881e-11
-4.465745785199692568e-11
-1.446305033630746692e-11
-3.649584850881608388e-12
-7.435889187433283794e-13
-5.753729142766646457e-14
4.125675416029111783e-14
2.228542979536742514e-14
-2.799649979641998153e-09
-2.652561143131882217e-08
-5.662087487890106051e-08
1.740979307547944408e-09
2.093659558159385505e-09
5.801833817889322594e-10
2.203968596845777888e-10
9.533756486805374548e-11
4.014198899241947222e-11
1.297798440862543686e-11
7.812978903657122874e-12
3.085976346350691241e-12
4.110557420570815602e-13
9.445679210829648396e-14
4.686743963254757447e-15
-1.440857248033717503e-14
-8.721934361877429112e-15
-1.408224856985861012e-11
4.437378904117553297e-10
8.616255253877488859e-09
2.767072593085734201e-09
-2.402058327627647638e-10
-1.487393765318876513e-10
-5.208404127137083897e-11
-2.106003026841439674e-11
-1.044029405387959991e-11
-5.749984490468036187e-12
-2.438422874687217956e-12
-1.055228026558538742e-12
-1.779124389001827590e-13
5.605431107338984270e-15
2.177185022359849603e-14
1.087655472499532949e-14
3.159018164251595175e-15
