1.321847039051138872e-01
1.029107583114351465e+00
4.242084840462097967e-02
1.257965743842542460e-03
3.305064550290486843e-05
3.716982609203456536e-06
3.303125441430101775e-06
3.939325257346879637e-06
-4.149227936757616472e-06
8.060204691415373206e-07
3.521304836502068012e-06
8.995137209488775755e-07
1.192547427259904918e-07
1.063146734106781783e-08
-1.321008063425151650e-09
5.443701674494859666e-10
-3.415613218915783174e-10
-4.609508244230137164e-02
1.243288738147238087e-01
-1.294235259225918859e-02
-1.057723435120620304e-03
-5.410956741687794185e-05
-3.770217475656307696e-06
-3.722064646881315531e-06
-6.051667901306287472e-06
-2.160339010078074563e-06
9.020511288764228429e-07
4.959787021859482391e-06
7.069176251422570068e-07
6.014434993843994644e-08
1.654275819022349434e-09
-5.507326975144545586e-10
-3.426307390649661744e-10
-3.704015879979604254e-10
1.204763281485173032e-02
-1.626891720295110116e-03
3.257362158632517470e-03
6.979562433227354517e-04
6.191940115967083157e-05
4.311611866375905591e-06
2.080930126678725350e-07
5.318322742116432395e-06
-1.683291029587236938e-06
-1.268875851917203699e-07
1.331667915799683243e-06
-4.122964043556470699e-08
-2.091580588238618758e-08
-6.884971763795437218e-09
-6.771819949178773304e-10
-2.392659121678942650e-09
3.938473944339907745e-10
-1.096642947944121088e-03
-7.356976903945415579e-04
-3.831860079150086417e-04
-1.912262195662622411e-04
-4.202167483014863301e-05
-1.662984086447295949e-06
-1.305401343813798264e-06
2.125900970472972791e-06
4.836027376794583758e-07
2.326628317313437771e-07
-6.111768632417684025e-07
-1.008013146585281650e-07
8.668809831056696596e-09
-1.832107900958709306e-09
-9.901207379681938598e-10
2.908775279554145539e-10
-4.594572766980701527e-11
1.866910903956182151e-04
-3.995085225415311860e-07
1.736666346039264291e-04
3.654112936461325446e-05
2.386914610352185693e-05
2.116614588082292816e-06
-1.399610924680221337e-07
-4.482979855475415064e-08
-1.204423313604114309e-07
1.829652604379652553e-07
-1.104940214078519956e-07
-3.606883773758835469e-10
3.825190783038682993e-09
6.531212894860459803e-10
-8.688934583229146674e-10
9.477525314737294171e-11
2.662851180928458069e-10
2.385643326421051601e-05
-8.150360679651784011e-05
1.242423068867873759e-05
-1.430168391137704866e-05
-8.232848501672066269e-06
-3.136590812065060692e-07
-1.598826558743585988e-09
8.060416058061245469e-08
1.498733471921534172e-07
-5.140095566535860133e-08
8.483194046474998020e-08
5.236617135595275041e-08
7.889168649327985594e-09
5.694660946755101516e-10
-1.034795841122982273e-10
-5.907296000370959359e-11
2.090402630305889575e-11
9.009784421858917493e-05
-5.824880859475622426e-05
1.407972634366335784e-04
-3.280510738316053197e-05
-1.408533140450032716e-06
-8.421373197093055337e-08
-2.469968866258315188e-07
-2.686141206461439804e-07
-1.152574878432861540e-07
-3.276757877792353949e-08
-2.366290841001417485e-08
-6.046311454223458504e-09
-3.663775508925522983e-09
-5.456367871956431322e-10
-1.012590875242161012e-10
1.777026520829710140e-12
-5.405663165168102265e-11
-2.062214018771250598e-05
5.919696381614919224e-05
-3.466818084099722747e-05
2.485925591588017947e-05
4.278092743596274983e-06
5.387150593737273665e-07
3.290482551301913145e-07
1.819574184706672776e-07
8.684241565290816387e-08
2.201135802458243071e-08
1.299801600314745379e-08
7.765739123192573797e-09
8.502151226507796430e-10
2.886649685739245210e-10
1.566919987707867799e-10
4.255061085392154036e-11
1.767797902709650502e-11
7.513384240936444406e-06
-3.701399867936304254e-05
8.190712711756551446e-06
-2.160470181143006818e-05
-4.298339336949920730e-06
-7.919384619848228262e-07
-2.266678311571867074e-07
-1.149261369904657577e-07
-5.085404321252462008e-08
-1.712942381727750690e-08
-5.288992028438126355e-09
-6.639642832253977864e-09
-1.896711760445600274e-09
-1.991878690460068456e-10
-9.967799043920568732e-11
-2.147312231685441305e-11
-6.241338417292390465e-12
4.151591470824008857e-06
-1.457529821645112500e-05
1.669993969208876690e-05
-9.948499355553931604e-06
6.738457955093013319e-07
5.641884959038983106e-07
1.650290624329240730e-07
6.375883466114425014e-08
2.393644654572880920e-08
1.014151560002442022e-08
8.739721331570234493e-09
2.390368983198449238e-09
2.541981535433403823e-10
2.929982469847501877e-11
2.452826032706866372e-11
7.110426871714816896e-12
-5.781619861233287879e-13
2.702491677994541243e-07
-2.476544002767038817e-06
4.990732397344467993e-06
-3.880486144692802730e-06
9.565562085981164796e-07
-2.170690215631543745e-07
-7.846034751797985494e-08
-2.682304002323701306e-08
-9.641876862250788923e-09
-3.959527804923051853e-09
-2.373240552746027602e-09
-1.534199388951229807e-09
-1.582043362077519658e-09
-1.085441597092826350e-10
-2.293652696247699250e-11
-4.789351997942722984e-12
7.863758863260256084e-13
2.362969193347136052e-02
-2.322320228484792484e-02
-1.646122767633966021e-03
-7.952050950300833037e-05
-4.640528250014959940e-06
-1.780520694515721768e-06
-1.216710487934789121e-06
4.498265520997489775e-06
2.217735760738135086e-06
2.362504080361196252e-06
9.558430278423201983e-08
-6.116811898242474505e-08
-5.152078432465774217e-09
-7.760176096678781719e-10
2.173469088078191246e-09
4.981439743408210352e-10
4.651216383852747448e-04
3.008312646674089676e-03
6.491011923105579045e-04
5.781371198190629672e-05
7.247168946452133745e-07
1.918628290853203648e-06
-1.537687998232052290e-06
-9.690724400041023311e-07
-2.493500275654133236e-07
9.917104712149557255e-07
-7.308249964046406024e-08
-2.846852061123363325e-08
-1.917651596565041500e-09
-6.614517959133461137e-10
1.058941906946750518e-09
-2.733086760760249252e-10
-6.319418795276917928e-04
-3.697791790667622706e-04
-1.947521299129632215e-04
-4.180613861476840536e-05
-1.430188174662405775e-06
2.651610244630334017e-06
-5.432445883304568872e-07
7.919242234021775757e-07
-1.896182018706602817e-07
-6.033929995671259649e-07
-1.271909795545156449e-07
1.323929397223113296e-08
3.106495242437894688e-09
1.027747352305969936e-09
-3.152757513383766396e-10
-5.178365288452438633e-10
5.315441636727857925e-05
1.812050112722526733e-04
3.696513446339253764e-05
2.267262650104130459e-05
-1.015221044012914019e-08
-1.311782578774520355e-06
-1.655924874674847156e-06
-1.115702891358437711e-07
1.712317595469935025e-07
-7.400790614000146996e-08
1.037871113986410223e-08
6.675823081324974472e-09
2.569181571245887732e-10
5.451203511241807248e-10
-2.386593698188190805e-10
-9.249815293734146011e-11
-7.036558235438730951e-05
1.371668399168020171e-05
-1.528061074357477239e-05
-7.098081630335089966e-06
7.449700619071703900e-09
1.900391357335263619e-06
9.634785532942380577e-07
1.673597348372757885e-07
-5.026187970547789447e-08
6.395191388174929859e-08
4.729648612123757096e-08
6.435923946897035687e-09
3.576709881655395646e-10
3.601319589384466226e-10
-1.174082356684377323e-10
1.357907282897453005e-10
-7.621295057468773816e-05
1.400666195315413537e-04
-3.241256916599026555e-05
-2.503000825663338111e-06
-6.793846843977164161e-07
-9.837164958730591079e-07
-3.437615421545518394e-07
-1.381525264277246995e-07
-3.056879582855121589e-08
-1.636057095851997497e-08
-3.386309142439466426e-09
-3.175397035910524168e-09
-7.688559676586928913e-10
-3.221656309701575487e-10
6.390059444969752916e-11
-6.029710630390048094e-11
6.219215601931938860e-05
-3.474819885127862365e-05
2.487523948186134509e-05
4.844804807572344337e-06
9.332423787474198687e-07
4.558713158662512488e-07
2.239690943563055033e-07
9.350801557961574610e-08
1.447578691502964338e-08
8.672485944524607032e-09
6.266322319596062398e-09
8.241344252573833386e-10
2.762082342544296640e-10
1.687229062597390524e-10
1.806990230877773096e-11
1.028889684856829466e-11
-3.778247805653667707e-05
8.146450579078213575e-06
-2.166170543803539760e-05
-4.538974294379130470e-06
-9.238664466148906498e-07
-3.092643222549859404e-07
-1.394620518300560063e-07
-5.178627940354104542e-08
-1.423500347830368867e-08
-3.407657758528728738e-09
-5.931517056905449851e-09
-1.819239751561929312e-09
-1.896347578159714573e-10
-1.080592071959779707e-10
-2.530905382221974587e-11
-3.106568542376213276e-12
-1.508116744633757607e-05
1.668011486170173312e-05
-9.937700515501364748e-06
7.789906922303662651e-07
6.202388339694557333e-07
1.967758677471015439e-07
8.198896314791930111e-08
3.106702719667905340e-08
1.051981472437141733e-08
8.103807991674054223e-09
1.835438267304978324e-09
-1.737624598416157743e-10
-1.921440301685613416e-11
3.904013320079161286e-11
7.016224979714015685e-12
3.845971566043180204e-12
-2.795080745544276334e-06
5.113144391525593259e-06
-4.092199880238413474e-06
8.898841938252184490e-07
-2.429274925443873076e-07
-1.206945754785173173e-07
-4.558797427896243565e-08
-1.513892708359790084e-08
-6.401397589889111536e-09
-4.080187834939464154e-09
-1.439054409642602046e-09
-7.915149199252281318e-10
-1.541240713401155855e-10
-4.952172436982697244e-11
-7.569036367781310869e-12
-6.160630305126111306e-13
-1.021183842241357054e+00
-4.222682542639570602e-02
-1.251607773090027392e-03
-2.970058816923658863e-05
2.747307195214780335e-06
4.918452403136673671e-06
6.055004537632002930e-06
4.007606902663140628e-06
-6.568590678658354613e-07
-3.456192733572607661e-06
-8.993438906799579029e-07
-1.151050331432489924e-07
-2.058849245171065362e-08
3.131706252472713523e-09
-3.744163283289098991e-09
2.351041824509125736e-09
-1.310210434235868360e-01
1.260613440342131693e-02
1.045884306576268458e-03
5.217824633574121446e-05
1.814875639902460473e-06
-1.336507687224620295e-06
-6.216595818252050520e-06
4.701512677995862500e-06
-8.885440998389951942e-08
-4.809177002840370879e-06
-6.878341528610534724e-07
-4.900982643408509321e-08
-2.102960756026754993e-09
3.970839985289567132e-09
-8.875878001490797161e-10
1.188093521921960093e-09
5.994353016700022449e-03
-2.901804639275578669e-03
-6.794911883593907510e-04
-6.275001776693579780e-05
-2.115561535030071823e-06
-4.324124128683709315e-07
2.130022789798634825e-07
-2.639475400880932911e-06
4.720394578833789979e-07
-1.406272993287811376e-06
1.756661617883047727e-08
6.312630433208497110e-09
1.043533541266083127e-08
-1.492144608160889267e-09
9.039335393741087762e-10
-5.621256842630112440e-10
-4.864700762153121335e-04
1.694936157084826235e-04
1.763344530954140215e-04
4.125648655986324060e-05
1.731707714456882695e-06
-2.029046672194923747e-08
-1.279673483409934570e-06
9.598447245662480181e-07
-4.903678759736634569e-07
6.866550230446226824e-07
1.289137523066528591e-07
-8.655325714950624525e-09
1.356870655370979970e-09
1.036117078647372089e-09
-1.628614101747192798e-10
-6.059815220202330936e-10
2.647899168503499564e-04
-7.147438280929392152e-05
-2.768448774405753580e-05
-2.478078441331349544e-05
-2.495978737982632081e-06
2.548573745311611235e-07
-1.092218889363934392e-06
1.323520933546058562e-07
4.706590998734756164e-08
5.605205705657702926e-08
-8.012277564720654256e-09
-4.702135427719781691e-09
-6.822202677749766008e-10
3.233226271144567995e-10
3.740781218676059728e-10
-1.196921377405070399e-10
-5.443662483045090056e-05
-5.202601784275745641e-05
1.002274914094085682e-05
8.443447419343804407e-06
9.745979683983928339e-07
4.746039500275363627e-07
4.194135690669936864e-07
2.280606554448848177e-08
-9.929414200844980336e-09
-3.274170385894375673e-08
-4.809777707267145973e-08
-6.266531950096010514e-09
-9.404610012935551598e-10
1.013133925519271036e-10
-7.749375182758875755e-11
6.374282967487940968e-11
-1.228929179659496614e-04
-1.463031499319139691e-04
3.363354057774984869e-05
1.318043303985480674e-06
-5.990106756640465951e-07
-1.520773722505595376e-07
3.207477474995437720e-08
-4.916293182880495315e-08
6.794134231398577864e-11
-7.248597651016677813e-09
3.351915425158036921e-09
2.781840933312206316e-09
6.843987729204035819e-10
1.248349546955458820e-10
2.556070599090688164e-11
-1.136038168028838685e-12
6.637853987439511487e-05
5.436945057562939977e-05
-2.332960323065739442e-05
-3.840505710475539198e-06
-2.186021370913327718e-08
-4.181883940537719399e-08
-3.818261040440044211e-08
3.511920712101549194e-09
-1.044832004919169128e-08
3.131301902788217724e-09
-5.921352165570375832e-09
-2.515821579672754333e-10
-2.623994705497912399e-10
-1.218361673006068245e-10
-5.843187430472287652e-11
-3.319470542455519192e-12
-3.821067049278980405e-05
-2.945506560045707846e-05
1.886367617076393740e-05
3.751584791480699029e-06
4.471188163921143576e-07
4.959095848955024602e-08
2.690001992571389275e-08
1.211132139130324135e-08
1.337794440137892123e-08
-2.714502355033073090e-09
5.244696723623768003e-09
1.550223562383076104e-09
1.302505781694393150e-10
7.912098357475954613e-11
1.383348686544296166e-11
7.027709514136381630e-12
-1.751259468413402648e-05
-1.700243068133855468e-05
1.173264128595615351e-05
-2.114238513421218649e-07
-3.621271484441442189e-07
-7.080435735095183725e-08
-2.168074911045791393e-08
-1.084898975796288157e-08
-5.684734541986536314e-09
-2.592367135485606687e-09
-1.946263587427662191e-09
-8.886335361868558459e-11
1.025277626779057583e-12
-1.548110800678681105e-11
-8.580397263361517197e-12
5.864320096377744446e-13
-3.057691958882099067e-06
4.575929161633402663e-06
3.562161752909373856e-06
-1.193132327945255432e-06
1.274358400234963290e-07
4.181329081790856480e-08
1.184110164896019271e-08
7.428271309769734296e-09
2.214407648723860992e-09
1.614721254481842318e-10
1.192616444592747704e-09
1.547118350359528904e-09
8.952208820552789460e-11
1.567818583266007039e-11
6.055569693726273326e-12
-4.866793136942216219e-13
8.034284349937376168e-02
3.396974906779816339e-02
-2.273990723303676714e-02
-1.629123318161784144e-03
-7.892926439508655631e-05
-1.718345442214780888e-06
4.968286618890167983e-06
1.536340298405571102e-06
9.661933011916021430e-07
2.440142742971920734e-06
2.402179589995477614e-06
1.277067070385798784e-07
-5.689715273747382011e-08
-9.272283647092346081e-10
-5.023144695462767448e-09
2.512836468983572428e-09
-7.969530800552989812e-10
-1.114568868589124045e-02
-3.592559236727593201e-03
2.670298631950225425e-03
6.306862106158765040e-04
5.823356757961966593e-05
3.197962743258809833e-06
-7.131779859143806235e-07
-2.640997572739370697e-06
2.451059268065013773e-06
-4.703729475668551400e-07
9.910369457156310266e-07
-5.980036276959455722e-08
-2.758379959792065291e-08
4.327689396132607404e-09
-2.777262094038710568e-09
1.621922148814315569e-09
-1.735206792154330920e-09
1.036538280990116200e-03
6.010501886733168788e-04
-1.550406954280288900e-04
-1.801441880360823663e-04
-4.528305585442701336e-05
-4.770955656243885150e-06
-1.485991216392616021e-06
-2.093788525843894220e-06
-4.672754601064742994e-07
1.370721959095471989e-07
-6.147961603971570925e-07
-1.326662524819560486e-07
1.026119380022634534e-08
1.673208275542024079e-09
1.550766996494198550e-09
-3.488808435520484405e-10
6.078405408459319889e-11
-2.083882638072614068e-04
-2.127130348086270445e-04
7.698917757199500854e-05
2.669904202792715186e-05
2.514839151246269194e-05
3.773565435887301997e-06
1.606965737457102961e-06
-3.039834904740047264e-07
-7.281025459854141580e-08
-1.427940335315754730e-07
-5.365964163809805004e-08
9.112353912050656133e-09
9.613981537187615034e-09
5.105465902626177145e-10
1.123825481816803328e-09
-4.004702469054112845e-10
-7.970897539966876432e-11
-2.454256717147740291e-05
6.607076007457566224e-05
5.447441765309767405e-05
-9.913961635625858382e-06
-1.113343941427449800e-05
-2.575160249545680689e-06
6.250401222994371679e-07
2.840851538246247881e-07
1.821168995384912367e-08
5.922074166202720535e-08
3.165873511446970409e-08
4.552290735560697378e-08
5.243348002422957884e-09
-2.778855254481281321e-11
2.578651084760880963e-10
1.731115890163071066e-10
3.791659656610345931e-13
-8.891330016515758890e-05
1.036206025508432869e-04
1.445170260545029957e-04
-3.331791913865032873e-05
6.043965101919505085e-07
8.143538008234020019e-07
-3.241168903161691968e-07
-3.975069206048122705e-08
-1.399050860538546844e-09
-2.258269945878351538e-08
4.979337268722876076e-09
-1.860112342889681832e-09
-2.515931550481674399e-09
-5.091736517030147850e-10
-3.102175601380311922e-10
-8.937843494876603605e-11
4.538647560782288512e-11
2.128968563618615121e-05
-6.259629948204983125e-05
-5.400196449179427876e-05
2.300557334998331230e-05
3.157226032290777955e-06
6.977049113038558457e-08
6.231767632710695050e-08
6.092651966251159990e-08
2.081635574140489794e-08
1.464310819017836238e-08
-3.444515850741858104e-09
5.048088920127097784e-09
1.468869263414188162e-10
8.043718601916232369e-11
1.246400599281250143e-10
3.239092237928199499e-11
3.534135100867687949e-12
-7.777641035550874406e-06
3.712603499332059535e-05
2.936265877506469570e-05
-1.873150322361732828e-05
-3.596021012128286476e-06
-4.593380434234365653e-07
-8.447410873499850719e-08
-4.786399241066124823e-08
-2.089757457949933071e-08
-1.498696314873952345e-08
2.622808370597179260e-09
-4.947240229971495729e-09
-1.374632138787142764e-09
-4.730265064676208971e-11
-7.595922048034692638e-11
-1.293237175109537934e-11
-9.742477837822217007e-12
-3.952645881050184963e-06
1.710166821475143955e-05
1.699846519259060379e-05
-1.173570956879103657e-05
1.942238902472515947e-07
3.742657887852641247e-07
7.902194037282450165e-08
3.699369024670211853e-08
1.956506870014301016e-08
7.613688280586996923e-09
2.948557831631274667e-09
1.725499043776975283e-09
-4.069859997688151934e-10
-9.206928375597314895e-11
1.653709723231110602e-11
8.938878797463669653e-12
-1.593398803207628065e-12
-1.660096962083387363e-07
2.821799350239645315e-06
-5.208368205574427825e-06
-3.892542378659922301e-06
1.238639444314005093e-06
-1.045777074524758760e-07
-5.920283509038378336e-08
-2.211773347515179484e-08
-1.073566393885672793e-08
-3.690221223419143367e-09
4.867649437368804052e-10
-1.158122929834151478e-09
-6.392315588917594368e-10
-9.519215806802091144e-11
-3.428241469502475884e-11
-1.044009759076890967e-11
1.222585207743439864e-12
-1.511413921478710065e-01
-4.425314436955402921e-03
-1.113398187722127754e-04
-2.543990045108261725e-06
-5.296993865724885335e-08
8.994556997997168903e-07
-1.524439480522122150e-06
-1.404421290852745330e-06
-1.619396702858650014e-06
-1.267629644526619979e-06
-1.565990170507787189e-07
-2.394921582479058398e-08
1.328504207207227994e-09
-2.922053914627633918e-09
3.036748923358281457e-10
3.407360368829212286e-10
4.820455054218322072e-02
3.779239369661531196e-03
1.810945473499189404e-04
7.630969540999869367e-06
-1.312044666032687981e-06
-3.329358837650872709e-08
-3.576416104825090712e-06
5.231551713035633496e-06
-2.685746579198662740e-06
-1.204724889598773576e-06
-6.850650592058552668e-08
-1.614527149797708564e-08
3.857697271056552486e-09
-2.216776691145705750e-09
1.443930322391650027e-09
-6.308048008347178958e-10
-1.258729651938730876e-02
-2.426375551408709638e-03
-2.192426130735004939e-04
-9.003496428792421796e-06
6.716696302319276957e-09
4.126877297453010533e-06
3.344747231588109637e-06
1.803614832213697512e-06
1.058762397987844339e-06
-1.166956401607870954e-07
9.265494193168370863e-09
1.245514684707316469e-09
-7.792211856976808647e-10
3.227642531028901150e-09
-5.606897884803451890e-10
1.050647768996520397e-10
9.966499330333847707e-04
6.970319793396076479e-04
1.347843693189490011e-04
1.002734616515872823e-05
-1.631640400400128822e-06
-6.478028864684661074e-08
-3.021883910259745301e-06
-1.282269185937394331e-06
9.959188512850671927e-07
2.820546590309697221e-07
-9.107018167020966685e-09
-7.850637016347710206e-10
-5.147741489227780234e-09
2.440304435897149285e-09
-1.694184312799572315e-09
6.649449426733751177e-10
-3.281410001445236630e-04
-1.360122366064234710e-04
-6.943421150740791453e-05
-6.513478523152967055e-06
4.566548261137719163e-07
1.791879353538662461e-06
9.437368440453252545e-07
4.670627482844000112e-07
-7.112745730836803777e-08
-1.286881329748439950e-07
4.947984311760344235e-09
1.889114641990140610e-09
2.173107889648424525e-10
1.111211166436713929e-10
1.404067801529511354e-11
-2.019671647732778074e-11
1.323330775792358363e-04
5.982082421008288076e-05
2.997024782074596925e-05
4.116456111050412043e-06
-2.711795577726071103e-06
-1.733647463503190005e-06
-4.233860971817296595e-07
-1.308969197097949831e-07
-1.144045114496830657e-07
-2.365388130920612463e-08
-1.419233221975774393e-08
-6.504578638869421978e-10
4.074047569755018405e-10
-6.414999641086592853e-10
2.647946985056015691e-10
-1.548465593462403798e-10
2.472826155321459054e-04
1.076893811745903098e-04
2.107991674575143474e-06
-7.252647981070118775e-07
1.968803195913696925e-06
9.078053155522082270e-07
3.438701886126063768e-07
8.817124373191625683e-08
4.231587368304925042e-08
1.373364223237443555e-08
1.207630892277394748e-08
1.161389511068732186e-09
6.177726242346778531e-10
2.436584882318724983e-10
-2.262016465252535482e-11
2.678369843143769646e-11
-4.941279854031870207e-05
-7.919123527405522384e-05
-1.198229380993054226e-05
-1.262234986483278276e-06
-9.176819766397715723e-07
-4.856657628897838247e-07
-2.139959575853318567e-07
-7.560980657901771803e-08
-2.163663732406455243e-08
1.035297529632128887e-09
-5.707439569318092401e-09
-5.977484059614473877e-10
-5.214350627183709133e-10
-1.199053769937116854e-10
-2.974612195292933694e-11
-6.481189269323331439e-12
1.751165979182418500e-05
6.264211665328683041e-05
1.304748808838592685e-05
1.930922164715797418e-06
5.586814336297845944e-07
2.681579194011008671e-07
1.263991666350679673e-07
4.262798805852403329e-08
1.014369387014524653e-08
6.651611101054479802e-09
4.484942504148834371e-09
3.298329244621188679e-10
3.154576671166835377e-10
7.182417157080642593e-11
2.223222230316744952e-11
-3.641729391781425986e-13
1.876149312911907740e-05
4.302776550729526834e-05
-5.206107254584779544e-07
-1.374464316122421539e-06
-3.641697226082497093e-07
-1.503501707251922350e-07
-6.469937861908966833e-08
-2.470359765230854430e-08
-3.215904090449560928e-09
-4.948298914325744185e-09
-3.064946964452371148e-09
-2.539293466135794750e-11
-8.500938281323220612e-11
-2.668025376674320964e-11
-1.279098672618162461e-11
7.923644070976228257e-13
-4.810349245653713922e-07
-1.418570717492400067e-05
-4.582346069192308966e-06
3.549665462663977637e-07
1.828093925406146479e-07
5.719728528919421461e-08
2.596828773139682009e-08
1.115477867333278419e-08
3.577311069399764180e-09
1.334254392088097859e-09
2.691534741885721710e-09
2.443173783733262184e-10
3.839440894545503994e-11
5.877555946981460762e-12
2.294968319641640826e-12
1.580003107309852330e-12
-1.727070315459022509e-01
-8.580674473764567101e-02
-5.806363652806463549e-03
-2.689437463089934489e-04
-1.160918714154057092e-05
-1.278871293176499956e-06
1.449122025676011260e-06
-2.368728121737276081e-07
-9.472827178801239887e-07
2.226438001406532694e-06
1.209717198527225397e-07
-8.871432385749154419e-08
-2.073955915181484421e-08
5.614518286882713404e-09
-5.046517112703396032e-09
9.069618861802740929e-10
1.296269032769649809e-09
3.631353176877703814e-03
1.153143609320961792e-02
2.259841469190023485e-03
2.083853879028194078e-04
1.035860364577336459e-05
1.206340574285268420e-06
3.833354540251508920e-06
1.127466083847715129e-06
-2.423424868590276781e-07
-1.733089718038038078e-06
1.863471420242110073e-08
-7.373500191860829852e-08
-1.230180486923728761e-08
2.375604621482065553e-09
8.856785246075834818e-10
-6.781974035219928698e-10
-7.820781177231363560e-11
2.783207510904293046e-04
-9.310992155878537865e-04
-6.969324393508243183e-04
-1.321198578116385483e-04
-7.723568441285138630e-06
-4.790432949420220985e-07
1.633074630654410414e-06
-2.302921274927325629e-06
1.235094881830800409e-06
-1.198633386131818054e-06
-2.131580898167437511e-07
1.585862376457850733e-08
1.088777577502759858e-08
-1.083048878424404022e-09
1.755923779674531268e-09
1.917874334557977420e-10
-1.500511340072365477e-10
1.021717711648538251e-04
3.450860970389203926e-04
1.379816750933617389e-04
6.944732658949275526e-05
6.262492444056339425e-06
-4.081338508121219339e-07
-7.657846299511499017e-09
2.175026232161400386e-07
-4.663156611457283055e-07
9.185125393720590196e-08
9.135948452675671362e-08
-1.567296130630704375e-08
-1.182882918096320886e-09
-3.198641744007678824e-10
8.100671436772641424e-11
1.934327196576772918e-10
9.010209951290314318e-11
3.590610557148816964e-06
-1.281392707210724186e-04
-5.820441846520680223e-05
-2.856047976234759399e-05
-3.107055819229419937e-06
-3.386866606141378285e-07
2.450021931078034361e-08
2.574035419405078993e-07
3.981563992183456386e-08
1.399800269027446882e-07
4.231949307938714219e-08
2.271321954462231617e-08
6.999576571776471860e-10
3.229770936083302854e-10
-4.910882569062356648e-12
2.125175340303258482e-11
-7.599104039570722375e-11
-2.368803278087979104e-05
-2.491108359490426050e-04
-1.086878505743530277e-04
-3.143954344493170395e-06
8.549112677259709357e-07
-3.468907226864916196e-08
-3.430428067745736670e-07
-1.773301984345464744e-07
-5.747695844311101149e-08
-6.072398320151043471e-08
-2.475330189173130935e-08
-1.583008232430472193e-08
-1.554843276641664405e-09
-4.482466171585915472e-10
-6.965765554277773797e-11
-7.959225684850241108e-11
5.318265753333013294e-12
7.120872621763376349e-07
4.892044136821290532e-05
7.958215539772230313e-05
1.226674509939104803e-05
8.312779400726321304e-07
3.626876796786291639e-07
3.166759137774750764e-07
1.381303451505962253e-07
6.664941541682429136e-08
3.006071862019581313e-08
4.161433268517907057e-09
7.120433248541032267e-09
1.004337662308910470e-09
3.438669646937718920e-10
9.095598176436975307e-11
1.517608868295698419e-11
2.037842934536392213e-11
4.420986106890755518e-07
-1.726875479471293902e-05
-6.278889180761248101e-05
-1.302075178530576347e-05
-1.705772570712640436e-06
-3.723082124160396103e-07
-2.242225194602238749e-07
-9.989287841378103496e-08
-4.415572801306439906e-08
-1.485270223025028956e-08
-9.346032544926169478e-09
-5.182711092716137580e-09
-5.080206779866091974e-10
-2.468356017072661369e-10
-5.950375766081155186e-11
-6.973828014138041822e-12
-5.413225235770313464e-13
-1.678956814856563316e-06
-1.886951780233417771e-05
-4.294460953133605649e-05
4.722691221075605030e-07
1.240431751321517080e-06
3.133027157922562611e-07
1.396701908150758305e-07
6.432092283940997399e-08
2.930672200589249690e-08
6.778180575208464025e-09
7.370967896759313968e-09
2.827164839520823410e-09
-1.093991041656938197e-10
1.066452404533604587e-10
1.658630326090138540e-11
8.540377782445846427e-12
-4.087611219750440099e-12
-6.429196770624305191e-08
5.487830441617214054e-07
1.417315714504883311e-05
4.857982130751390314e-06
-3.081522900528844080e-07
-2.244686440540773648e-07
-7.948570446036631059e-08
-3.715173461322668303e-08
-1.869667872989511839e-08
-8.499192107595943874e-09
-3.141099392018337870e-09
-2.907329993485344832e-09
-1.962784591477542729e-10
-1.020328992190035718e-10
-1.643395417017818392e-11
2.154643224857487281e-14
-2.806468994310707974e-12
