1.336119077021923063e-01
1.028319363825844546e+00
4.282521327276182094e-02
1.306439240710997960e-03
3.668747756881073313e-05
4.248094031629494646e-06
4.188102683033229387e-06
3.012500465281567994e-06
-3.851002488173418752e-06
1.011400553561947662e-06
3.161781032513800622e-06
8.179864576879714293e-07
1.177829991643762060e-07
7.315905608299097774e-09
-1.359180625715590275e-09
2.000788629533477551e-10
-4.954602956640584598e-10
-4.256021795272862257e-02
1.140488713967963558e-01
-1.194951503010474592e-02
-9.982073056191268813e-04
-5.263731638647977041e-05
-3.792941529863088790e-06
-2.778781108931349625e-06
-6.000530250004241748e-06
-1.711193041389244547e-06
8.605199902811589770e-07
4.210067779847403784e-06
6.254853746506136026e-07
6.268072266274094619e-08
-3.826434076200202307e-09
-2.107078968138878094e-10
9.183183622977286813e-11
-4.367699821622741571e-10
1.021258871962048634e-02
-1.344508172721787728e-03
2.769861551681278983e-03
6.015703796961267011e-04
5.557761897824336914e-05
3.259098746274498984e-06
5.145524531424637581e-07
4.627178741303863963e-06
-1.131342720579881335e-06
-2.149874452144076410e-07
1.157372756655639909e-06
-1.508217373543071298e-08
-1.675208515865815231e-08
-4.678718363153394769e-09
-2.862013163630102360e-11
-1.482066021938068959e-09
3.560662010810802587e-10
-8.338509989635140354e-04
-5.857878239780417700e-04
-2.909928955099915816e-04
-1.487377019977794822e-04
-3.349843818114333033e-05
-1.336576354182533089e-06
-6.409720801353698703e-07
1.288087237596334672e-06
1.701951932651865688e-07
2.040966597826209471e-07
-3.956417225517288473e-07
-5.508316571968358243e-08
5.495089382085486544e-09
-3.480849977432861041e-10
-3.251619240080377049e-10
3.120956132973246502e-10
-2.813042382566099384e-11
1.926274253554239625e-04
-5.382381888236448768e-05
1.649303399445001294e-04
2.996370877615133388e-05
1.648841859294917079e-05
1.838602809355634391e-06
-3.410487884953544470e-07
-7.769490952138669303e-08
-6.007406348359461743e-08
1.209244394221585035e-07
-1.036718663799797284e-07
-1.132294136111030969e-08
2.932823268494264622e-09
4.552405873263758779e-10
-5.495754050955327246e-10
8.636287675063747291e-11
1.737067399509449511e-10
1.926138563772504181e-05
-6.786115550188619497e-05
1.348470372794125468e-05
-1.155675276757893041e-05
-5.360405514073100479e-06
-2.963641211447155872e-07
5.860077681679046753e-08
9.987474657067230602e-08
1.046708280406299697e-07
-1.991176153238566116e-08
6.463147445367467513e-08
3.894940171298932724e-08
5.477265492768095832e-09
6.295614140326034245e-10
-4.990271230619704534e-11
-1.442504266240207565e-11
4.906648683636802259e-11
5.811517911405478687e-05
-3.577682109289024442e-05
9.083353057432018570e-05
-2.137424363300134556e-05
-1.214890802693389739e-06
-1.288014543615240865e-07
-1.891005428633488399e-07
-1.903287904937862367e-07
-8.714910700698181406e-08
-2.827240837094960661e-08
-1.773275442254692038e-08
-3.710566679957396512e-09
-2.360326827586320472e-09
-4.948365340182548905e-10
-6.004234076477355806e-11
1.281634923037856661e-11
-3.644788993934263657e-11
-1.250398547779870696e-05
3.523862325075452370e-05
-2.085683154814230961e-05
1.518697941717061764e-05
2.773571035005482072e-06
3.885705361749997897e-07
2.137657441054886703e-07
1.169821762650785222e-07
6.074497736719241058e-08
1.754755022208542945e-08
9.055093726732555801e-09
5.143961790167217043e-09
6.351804959827686383e-10
2.615859194091381113e-10
1.121908216108746189e-10
2.554599682905802225e-11
6.820506220043349014e-12
4.614669990714750785e-06
-2.128984965620579723e-05
5.737429201414137971e-06
-1.266715724238292172e-05
-2.529813526659432142e-06
-4.792761775112599713e-07
-1.391270023651186404e-07
-6.924274566703544974e-08
-3.208708578320722005e-08
-1.215659300525897303e-08
-4.432755294540971560e-09
-3.955431755865920706e-09
-1.165891523708624098e-09
-1.533939190492180157e-10
-6.044419131148603561e-11
-1.311836362123328478e-11
-3.419683856575761567e-12
2.092853490071287521e-06
-7.246498126101830482e-06
8.559034219851308198e-06
-4.945281036499090588e-06
3.957132122628854028e-07
3.077405153065663072e-07
9.464512753335967537e-08
3.587651743583070393e-08
1.429470847669499987e-08
6.822594790384907971e-09
4.773522232814686845e-09
1.230533609863127915e-09
1.409808862833545397e-10
5.077066715944334768e-11
1.307056935486580810e-11
3.949435053537766815e-12
3.868460489114465751e-13
1.172014860823396438e-07
-1.181852331135544168e-06
2.371586957336346932e-06
-1.953057548677057303e-06
4.505522362826968020e-07
-1.099614873338782268e-07
-4.276536664282412021e-08
-1.432474489498579719e-08
-5.194615486553877439e-09
-2.203521882795747175e-09
-1.228208478268061323e-09
-5.950465109017115417e-10
-6.891512902643019912e-10
-5.860889735187361911e-11
-1.298150059048922142e-11
-1.544998344003479798e-12
1.043454094219616901e-13
2.161757242956907979e-02
-2.145284478416777108e-02
-1.549819459996595959e-03
-7.712189154397801609e-05
-3.447601506131398095e-06
-1.453695037951110688e-06
-5.923306993063914099e-07
3.664424491026513850e-06
1.669268285165233566e-06
1.883418550584674650e-06
1.048153629602825283e-07
-7.066810764090113897e-08
-5.397429288940494115e-09
2.361468467738814189e-11
1.747912661843123505e-09
-1.132917899326934023e-10
4.286466325791809064e-04
2.557865116729004813e-03
5.604421831146687988e-04
5.210168742685539011e-05
4.542697999724711841e-07
4.303454789124405072e-07
-1.243218827153251571e-06
-9.369846532210590895e-07
-2.529586180580234769e-07
8.521929638736987732e-07
-6.142037807145923129e-08
-2.001084087625598588e-08
-7.423686109050540870e-11
-1.102571932645976620e-09
7.121445424361878796e-10
-3.681814448933101307e-10
-4.960875605673564044e-04
-2.787442934418789633e-04
-1.520160219374491338e-04
-3.325170545517647046e-05
-2.661427090314782386e-07
2.284819860254608538e-06
4.258714966019434494e-07
5.874788881036699042e-07
-9.824253694273353475e-08
-4.110059320296820323e-07
-8.897360533994130402e-08
1.095157193623467180e-08
2.156428297823224218e-09
3.467923549774189462e-10
-3.252505329818169727e-10
-4.293176434137295699e-10
1.245254649392448880e-05
1.725300416956129215e-04
3.028502731844028427e-05
1.630903647766935097e-05
1.142791493552893180e-07
-1.254694000095014305e-06
-1.233601218319758014e-06
-9.474961150639522281e-08
9.096282328190039839e-08
-8.072103986146288922e-08
-1.498432067531409932e-10
5.528547264620033363e-09
1.950080189615811901e-10
2.888750863878446284e-11
-2.448564401227070044e-10
-8.228540024032613575e-11
-5.812574095004178365e-05
1.487104082595723424e-05
-1.219112105043439149e-05
-4.658212143763411563e-06
2.382509380068853924e-07
1.403049885822723062e-06
7.052747178502384638e-07
1.418744237098124348e-07
-2.102907959928541998e-08
4.877382258476993424e-08
3.500056306793067905e-08
4.131480160503139820e-09
3.395788115337916406e-10
1.436181519488518137e-10
-8.615680011628937118e-11
9.259808890188617927e-11
-4.780550224593002644e-05
9.020974455222373811e-05
-2.114236092213293814e-05
-1.852453038959330620e-06
-6.189610789227609464e-07
-6.723578166623529628e-07
-2.699684792885412073e-07
-1.106412606750600942e-07
-2.756493535973675365e-08
-1.187504098403357978e-08
-1.475086628910520417e-09
-1.855257097566935669e-09
-5.936821993821324158e-10
-2.091769909470507439e-10
4.981341020114553327e-11
-3.761900849750287220e-11
3.726134591300948016e-05
-2.084396223014089994e-05
1.523376152159092684e-05
3.093426822785662862e-06
6.550871359632461934e-07
3.110268335309200920e-07
1.550260620760188127e-07
6.713948243392222507e-08
1.322990210619705376e-08
6.011213033866709976e-09
4.035677731130890610e-09
4.726917087887944969e-10
2.414028875950376281e-10
1.193174258885706113e-10
1.348803524783732986e-11
2.962106525671045224e-12
-2.186892865577633643e-05
5.691429510325127614e-06
-1.271797861607397347e-05
-2.662848091824550796e-06
-5.677530268975865769e-07
-1.918107831179149303e-07
-8.608084535881118530e-08
-3.363450108185517904e-08
-1.040278551390145844e-08
-3.188666293182350891e-09
-3.419878661600004508e-09
-1.074472177627956097e-09
-1.446607546422386699e-10
-6.545389053033223262e-11
-1.568537785385863794e-11
-3.216528934661419888e-12
-7.511748306711119850e-06
8.551322376097726891e-06
-4.926148738463209838e-06
4.509738858304459033e-07
3.434359312504742799e-07
1.132160833443626967e-07
4.550442143546585881e-08
1.772363594665497360e-08
6.784478508015378546e-09
4.304781670786253258e-09
9.254907602301712259e-10
-3.268004733483007662e-11
2.707328272139546424e-11
1.800606713431356719e-11
3.773977843690390699e-12
3.077040622826824411e-12
-1.328823347901270348e-06
2.420411021396685227e-06
-2.053292384190569923e-06
4.167490091082107102e-07
-1.255728663452538313e-07
-6.377006069460977922e-08
-2.380169479165139079e-08
-7.950988967859339112e-09
-3.310263293080828481e-09
-1.956064335582222181e-09
-5.689023749534064693e-10
-3.452757648909252505e-10
-8.129561372515464411e-11
-2.212001899817841411e-11
-3.572532321820264062e-12
3.688271455386985289e-13
-1.020097630124850552e+00
-4.260873711308609674e-02
-1.298877023444296131e-03
-3.274534397439706721e-05
2.911053816191612971e-06
4.687553848130207704e-06
5.833958939915415385e-06
3.883949810534629666e-06
-8.961801272875760560e-07
-3.132141817824511626e-06
-8.171066118703836645e-07
-1.163819126672692637e-07
-1.557355975647305438e-08
2.455653102059960604e-09
-2.873592016135236095e-09
1.884243461330492931e-09
-1.203531254525702365e-01
1.162410809116636370e-02
9.859061311234442859e-04
5.078892452448518266e-05
1.724080509500354707e-06
-1.939339557613514892e-06
-5.196457402372500088e-06
4.081679808183652675e-06
-8.233494808407443799e-08
-4.074323478639232830e-06
-5.923648249096553844e-07
-5.508176211761567978e-08
3.790065397186284457e-09
2.924238766944829011e-09
-6.954151712957692834e-10
8.962099485673823581e-10
5.104113472759057996e-03
-2.454886802473840290e-03
-5.862329612027027256e-04
-5.742468241914385580e-05
-2.395672031249450428e-06
-7.136313900367588788e-07
4.260877541342428946e-07
-2.064270608213192664e-06
4.745208999044747202e-07
-1.207656310532541271e-06
-1.239827567342736358e-08
3.316699880193077000e-09
6.462139417615826917e-09
-1.613516734647959232e-09
3.425612044404233227e-10
-4.739924405032141327e-10
-3.684695466751831071e-04
1.184077833150736322e-04
1.380248689336461925e-04
3.360560135012160236e-05
9.854796422281118812e-07
-3.228876258905902025e-08
-6.148107579223707880e-07
7.744725552191107241e-07
-3.696544346288909625e-07
4.761325392206830669e-07
7.700290690380323400e-08
-4.511992014898596579e-09
1.923414956141485647e-10
2.493258935812604700e-10
-2.366189309405332001e-10
-3.820829996114115512e-10
2.702228224511027486e-04
-8.983655974704691583e-05
-2.353743827050294303e-05
-1.774676378937423515e-05
-1.670695691716658362e-06
3.997425887626837876e-07
-7.708595853829151524e-07
6.313442413192398284e-08
9.100468989595114484e-09
5.476913557121960963e-08
4.472372765323775601e-09
-3.780903211248513818e-09
-6.733663937085277597e-10
2.810442199711104321e-10
1.769863730735869124e-10
-9.377651173329302204e-11
-4.364945470739167520e-05
-4.100815313948075576e-05
8.776658099145511700e-06
6.025741147378527208e-06
6.645796329637649675e-07
2.014113661917713367e-07
2.258582913624167909e-07
2.427334814844846329e-08
9.920402608110734818e-10
-2.532772437497621322e-08
-3.486317338716440509e-08
-4.031652681571301307e-09
-7.456941850168493245e-10
-7.177009044559672882e-12
-4.327168480860123686e-11
1.104732032832376035e-11
-7.831051129931918204e-05
-9.447615394409172179e-05
2.172946508687779787e-05
8.772483451463396346e-07
-3.493825480408743697e-07
-6.113001699030555001e-08
4.215575050536303407e-08
-2.190437215650119705e-08
4.676765474846348696e-10
-3.411851297550669776e-09
1.453958088436577340e-09
1.597035638410021875e-09
5.074656984889126407e-10
7.244473787035380378e-11
-4.816209284782521579e-12
1.521004117931944058e-12
4.008051761830709218e-05
3.292480463599387313e-05
-1.413645550859326532e-05
-2.404656057076819725e-06
-4.714365046759153137e-08
-2.434213346873107240e-08
-2.659303994263646528e-08
-4.560298084255248048e-09
-8.512606886763317158e-09
1.378034792946772495e-09
-3.859057791703036243e-09
-1.876001450880644689e-10
-2.116887809847475735e-10
-8.770609966747411517e-11
-3.142489101950134433e-11
2.493828443999023569e-13
-2.245594980077778952e-05
-1.799314018090834987e-05
1.104688207712720842e-05
2.185289290358610424e-06
2.736436843565228679e-07
2.834831081710483439e-08
1.657416639497418972e-08
8.219687047232722336e-09
8.238282511398714050e-09
-6.945621494294420304e-10
3.141469199077713948e-09
9.119632581348382760e-10
1.081257778211254348e-10
5.321966841492203517e-11
8.201230852340405224e-12
5.176638790016519854e-12
-8.803864117302200035e-06
-8.609397234498031680e-06
5.909644796068212837e-06
-1.350006766187896973e-07
-1.970050980426433122e-07
-3.992125590341545963e-08
-1.135092044198769580e-08
-6.694077225833245968e-09
-3.498697432386472991e-09
-1.286218527856939432e-09
-1.026338995295015790e-09
-1.179454303053749122e-11
-2.996608665754551780e-11
-1.090733971055105068e-11
-3.066037778489009108e-12
-9.381147847969648672e-13
-1.442436791597299150e-06
2.281765893447616845e-06
1.788461164878471689e-06
-5.736549444973912389e-07
6.418153820363830458e-08
2.254488376135516111e-08
5.576705420958033282e-09
3.929784411764639341e-09
1.437649136098956662e-09
7.937076855977545149e-11
4.717443581354809782e-10
6.576027684085431905e-10
4.398918650990645102e-11
9.558249023296051794e-12
1.193889149960328035e-12
-9.390979588160059838e-14
7.422128252032463014e-02
3.133329153852359994e-02
-2.098484473717301263e-02
-1.533625682656080584e-03
-7.785057548794413191e-05
-3.116474328676486446e-06
3.299039996975638719e-06
8.395432815211941451e-07
1.925782885818349831e-07
1.929829761912573812e-06
1.874624505522465245e-06
1.406254505918058479e-07
-6.281458706034790229e-08
-2.402110569093969167e-09
-3.480415103297634871e-09
1.924692592859700335e-09
-7.973769940595533854e-10
-9.444607104303243822e-03
-3.067044952050382647e-03
2.257400656295052710e-03
5.436530427810233601e-04
5.306078526070883079e-05
3.488850807011628623e-06
-2.171902803575003250e-07
-1.583404694123139994e-06
1.632913395547803586e-06
-4.627419592265085601e-07
8.388190279972326483e-07
-5.248223205931472047e-08
-1.921954274770581296e-08
4.504091283690012821e-09
-2.187897120980722142e-09
8.918372898120701669e-10
-1.304482565386258582e-09
7.880443693389623059e-04
4.687669338317872517e-04
-1.058520588432012964e-04
-1.405373818836246980e-04
-3.634047442969391640e-05
-4.108219948193263113e-06
-1.471140232110662126e-06
-1.241546776911194794e-06
-2.679519658417180752e-07
1.146494179653370468e-07
-4.168142902447866280e-07
-9.154294311222686892e-08
8.987759143149064480e-09
1.211832006982321670e-09
7.338178028500713528e-10
-3.805435011042242241e-10
2.709073819302441811e-11
-2.152178842443463059e-04
-2.063150924913777760e-04
9.468054640957441473e-05
2.260133123988701656e-05
1.869316925356612059e-05
3.554663432078708363e-06
9.545686036492355789e-07
-9.581336020654283792e-08
-3.971441394083560270e-08
-1.058809351594187966e-07
-6.410862261387366911e-08
-1.848897795862900851e-09
7.120032627464483180e-09
4.404754947454617438e-10
4.442213386830361985e-10
-3.616222778016471272e-10
-7.057743136936739570e-11
-2.050367757463313347e-05
5.382300746327091671e-05
4.362281300346385727e-05
-8.600624591756171115e-06
-7.684910769313878535e-06
-1.804514705981041948e-06
5.001442699430341310e-07
2.124619093563203715e-07
2.002884405711784381e-08
3.695968494332093948e-08
2.479732714102601798e-08
3.377774707581514163e-08
3.099130223239120968e-09
-1.198706084182887091e-11
8.234473664663190397e-11
1.144248068671775606e-10
4.465750822825875820e-12
-5.738135918107342513e-05
6.531107048975347783e-05
9.320106546960191208e-05
-2.145937271586774726e-05
2.055036749388769882e-07
4.994894279803028023e-07
-2.092741765170484208e-07
-6.410515815210790824e-08
-1.728438454082717957e-08
-1.749537935778596306e-08
2.218241249195881151e-09
-6.537949867995336460e-10
-1.224092361937136460e-09
-3.484237297723914754e-10
-1.893867129311753037e-10
-3.869295587191767179e-11
2.357326725177366245e-11
1.289581904979065127e-05
-3.757470844516240717e-05
-3.269577820934023497e-05
1.391338502027826889e-05
2.044683546496990985e-06
6.086076328983228646e-08
4.374749613151877316e-08
4.848438569679309168e-08
2.155619550149351004e-08
1.197224765393361932e-08
-1.360843967981882514e-09
3.373930058657863897e-09
-2.249625260425304432e-11
9.078639184708126767e-11
8.809494676074743865e-11
1.551109430932496371e-11
3.166574924677910008e-12
-4.747907365062437584e-06
2.170464097693443329e-05
1.794527983262412569e-05
-1.095421266279791823e-05
-2.104651098591675174e-06
-2.780834263310548330e-07
-5.200070362537135825e-08
-3.039379067722890739e-08
-1.449473078086532089e-08
-9.426659885717005945e-09
5.572417394623450379e-10
-2.884986595511550217e-09
-7.685266426737740175e-10
-6.450274831924998910e-11
-4.761893735343148924e-11
-8.743188523971833870e-12
-6.657232531525354557e-12
-1.981763717749909836e-06
8.580613524216183126e-06
8.593147425896411923e-06
-5.923758798543222320e-06
1.280648106485315449e-07
2.048917735031915985e-07
4.612709719847416735e-08
1.954814620246938992e-08
1.108196513719544848e-08
4.408202449524841496e-09
1.437332962616882639e-09
8.923207494069115081e-10
-2.006434090588782651e-10
-9.257735041559251990e-12
7.257252354225113102e-12
4.343910385721400566e-12
3.879779944418645442e-14
-7.103077152868233639e-08
1.336317126177885278e-06
-2.560670085336913400e-06
-1.931997922613877144e-06
5.926073408746293830e-07
-5.462782237914311814e-08
-3.133493497280261063e-08
-1.050175451851913942e-08
-5.296741853923760003e-09
-2.109203866171556857e-09
1.089535979463256251e-10
-4.831554083121317968e-10
-2.467536939285058240e-10
-5.038277844667289644e-11
-1.516279922906535878e-11
-3.235493946405572514e-12
6.862853086640780628e-13
-1.526125880495147191e-01
-4.602742124982775809e-03
-1.232582189929933676e-04
-3.193475896091686467e-06
3.585982678830847954e-07
1.150747916117652044e-06
-7.565084874887736455e-07
-9.666718807387807107e-07
-1.350979466083511427e-06
-1.241636824943387458e-06
-1.225098356280436301e-07
-2.542022964876696477e-08
1.110012799232792090e-09
-2.142400872854715596e-09
5.636105736727674672e-10
2.212541404115691653e-10
4.456902638923303239e-02
3.554287414344841581e-03
1.776072505341977803e-04
7.577036498994219838e-06
-8.144220103437562466e-07
-9.203631613902842964e-07
-3.019316419309694721e-06
4.139217932579259090e-06
-2.049101685845632030e-06
-1.046793770914604719e-06
-6.540689325196835355e-08
-1.618753521243263694e-08
4.138004020774430994e-09
-1.917001787357049385e-09
1.072240962857720158e-09
-4.088964450761028274e-10
-1.067876877442626958e-02
-2.091063320533644541e-03
-1.954075642885881950e-04
-8.401465251641908032e-06
4.235016557060477231e-07
3.199337982467317757e-06
3.455870950969937527e-06
1.876517212628090093e-06
6.185151426388637633e-07
-5.723067261462027466e-08
-9.110179399555318749e-09
-2.981415994297833131e-09
-3.077210547621593172e-11
2.307207085153196412e-09
-6.759062906404869945e-10
1.613515056864390368e-10
7.394319685788749031e-04
5.466597748183697411e-04
1.090283902166448585e-04
7.812060046642155413e-06
-1.485073759397913606e-06
-1.113751822213726711e-06
-2.437405108752834468e-06
-1.087158033567521670e-06
7.966213773536997445e-07
1.739765247127650602e-07
-3.589409100125419645e-09
1.035873546462813941e-09
-3.368882281010037857e-09
1.335798836712269823e-09
-1.126740285130158634e-09
3.999339157232074220e-10
-3.783843252441570202e-04
-1.118501258990776026e-04
-5.111794366261330011e-05
-5.457628081096159165e-06
9.050666768363455652e-07
1.565250150959178712e-06
7.096682935439012726e-07
3.652079028262775022e-07
-3.280329283516981384e-08
-6.144579652445588871e-08
5.071517584321172756e-09
1.437057209864738990e-09
3.626268640558958170e-10
1.335254390996719684e-10
-6.778085430586731121e-11
-4.784640918499266554e-12
1.125013900264944174e-04
4.927035161898265619e-05
2.071905929742025499e-05
2.802734840876987882e-06
-2.082680698376217786e-06
-1.267701054758091061e-06
-3.081248697753377650e-07
-1.011355593474760378e-07
-8.618388952083177827e-08
-2.919236359854650904e-08
-9.112044568838068274e-09
-4.971874715942185942e-10
5.417230894883553207e-11
-5.049495776866917984e-10
1.546754259744613789e-10
-1.124469648240448763e-10
1.580019069814830618e-04
6.848397537164903641e-05
1.733382252340898141e-06
-2.526572479404744521e-07
1.322988658202607547e-06
6.808815033353137076e-07
2.548564370303653763e-07
6.654589663984819772e-08
3.044046360335326661e-08
1.226201081884052839e-08
6.294315194661021833e-09
8.405068074520862058e-10
4.283163594467087041e-10
1.559378548141107407e-10
4.275022998119204352e-12
1.471229168099466097e-11
-2.947724618841336379e-05
-4.772627424846647597e-05
-7.551961595448009692e-06
-9.075719255624740433e-07
-5.938631796930935925e-07
-3.387588250648287485e-07
-1.534513926234831992e-07
-5.129448912036867209e-08
-1.516146225930170076e-08
-1.523639946859615327e-09
-2.923666592771734173e-09
-4.784565516378959432e-10
-3.489460855482669966e-10
-5.472908059446670497e-11
-2.283173939861566101e-11
5.029340518043544289e-13
1.102734696268251391e-05
3.677894485662363183e-05
7.574412450869395372e-06
1.170885747881974064e-06
3.406367593091515219e-07
1.683183609184108994e-07
8.094936820924685423e-08
2.780615703981213147e-08
6.121203701968594998e-09
4.993834278220111170e-09
2.337772425959512792e-09
2.607326635093371665e-10
2.110694441747839776e-10
3.871089097791664148e-11
1.243633889475532036e-11
-7.231369382046680508e-13
9.636137279342018533e-06
2.180247598454174127e-05
-3.838412903180043279e-07
-7.483432324056704563e-07
-2.095067300093708822e-07
-8.428520647306174301e-08
-3.838196466222077497e-08
-1.516387428291013153e-08
-2.641155094629645778e-09
-2.726540676253340946e-09
-1.477233304184066163e-09
-4.950042945390401888e-11
-6.238284387032662643e-11
-1.789171508573299278e-11
-6.071221010941350027e-12
-8.398961766008052174e-13
-2.907712012598160984e-07
-6.975934113729596874e-06
-2.208471705207093487e-06
1.794834678484971163e-07
9.579914707081597808e-08
3.011301357421998721e-08
1.399930224055130418e-08
6.460870314666511073e-09
2.246688798651782304e-09
8.343862526672531850e-10
1.153614254530052578e-09
1.431267274050437520e-10
2.017283477956353819e-11
3.155617611890682597e-12
7.470601635736268606e-13
1.105412330918214105e-12
-1.587878500372769397e-01
-7.927656453813836102e-02
-5.453786490182401143e-03
-2.607908747193667652e-04
-1.051758594788791484e-05
-1.178085002980253983e-07
1.851814786174580115e-06
1.529111182213835650e-07
-1.938154989577122954e-06
1.668140348057141053e-06
1.619130208239197426e-07
-9.148027876631540430e-08
-1.078770403212294234e-08
4.714833247924299590e-09
-3.460466284431052807e-09
7.622328352999351497e-10
8.470124789933675567e-10
3.060782179770730159e-03
9.779722779974556537e-03
1.947796158182606673e-03
1.862256680194712146e-04
8.959118016838790933e-06
9.412277844320102817e-07
3.200468747278625902e-06
9.036754860101607292e-07
-4.180329008838076004e-07
-1.176413708133267546e-06
6.392724713481860780e-09
-8.074389870615204404e-08
-3.004086904044707598e-09
1.660568513067909045e-09
5.444812865649204620e-10
-4.841105827801470026e-10
-4.698290484397362456e-11
2.260464046150190717e-04
-6.921984788605175251e-04
-5.464064203652247657e-04
-1.072266069030554462e-04
-5.699632815400403226e-06
1.812370598181808668e-08
5.990463077882348365e-07
-1.726419679783795185e-06
1.023188111356155936e-06
-9.631665744189196535e-07
-1.317534153145827412e-07
1.654604649568059651e-08
7.659305054664679682e-09
-6.121507380650418320e-10
1.222628533700913814e-09
7.727924815172818473e-11
-1.194950937442486787e-10
1.300189562637242395e-04
4.007406473707213353e-04
1.141225680929036949e-04
4.995401049067263092e-05
4.721605647735805323e-06
-8.516860608699978897e-07
2.391248082180159678e-07
3.112707076704125796e-07
-3.114665240357774668e-07
5.508706821870001332e-08
2.420226573845220968e-08
-1.290492790894804010e-08
-1.800810995152175275e-09
-6.699747747820508184e-10
3.865724712067967307e-11
1.604023546481909403e-10
3.100105689270254378e-11
2.483484567378535263e-06
-1.098296635787901509e-04
-4.818382635135851153e-05
-1.959581999377539308e-05
-2.147951246693889371e-06
9.660701135367704504e-08
6.850177409206544138e-08
1.066531330675043717e-07
1.618535921004499452e-08
9.922734079519345382e-08
4.454466557304752953e-08
1.556183371447013407e-08
1.147323577925682226e-09
4.824525359077195133e-10
-1.502722807342151531e-11
2.985346133840316235e-11
-2.112678591142885882e-11
-1.455142574577844512e-05
-1.587751512874698533e-04
-6.915390705895552723e-05
-2.325242120158329194e-06
4.452643593375596111e-07
-1.484655686258448998e-07
-2.828906996991907662e-07
-1.184871927865832655e-07
-3.981519249502667880e-08
-4.268321122417625950e-08
-2.000603447544726774e-08
-9.236079023328664943e-09
-1.401354597013490809e-09
-3.571883001909662352e-10
-4.768025209930952120e-11
-6.265788568770093344e-11
-4.177010412305339144e-12
2.729582572898281061e-07
2.913514707874283248e-05
4.795718941759628129e-05
7.678866312854423369e-06
6.136693784465115476e-07
2.561499733160279748e-07
2.119845333886882543e-07
9.978330130125013392e-08
4.343910035334587026e-08
2.058800600702419348e-08
4.947403065228998751e-09
4.193563649044210243e-09
7.962104419811774722e-10
2.527509307827188663e-10
4.246146850160749542e-11
8.050351437349915535e-12
1.052510496611576730e-11
1.336341969429539099e-07
-1.089966577130280712e-05
-3.685900717151602653e-05
-7.549342309539571773e-06
-1.033447564894817342e-06
-2.272658327847555027e-07
-1.329419926659793348e-07
-6.277657981801843092e-08
-2.773008360268539653e-08
-8.806842091669966984e-09
-6.681956640050973636e-09
-2.922940062403600019e-09
-3.915640086584472219e-10
-1.804897849256948701e-10
-3.309254412907976447e-11
-1.973398657499542632e-12
-2.635219930278060573e-13
-8.996517275546016551e-07
-9.706195005397744556e-06
-2.176892107557428703e-05
3.547086670720693878e-07
6.754040379462330580e-07
1.781934533914568738e-07
7.527150307461980195e-08
3.626677733267221798e-08
1.714989450770407154e-08
4.411360267973177665e-09
3.984066849300816596e-09
1.496224513073192552e-09
3.575009720880085649e-11
7.131932816846867534e-11
1.030851685829920445e-11
3.307925952454669077e-12
-1.202079649614168776e-12
-2.414488046510404461e-08
3.222619326013371134e-07
6.971850569893130866e-06
2.331011756662032141e-06
-1.542812811333998712e-07
-1.140270066289803568e-07
-3.982699576216323531e-08
-1.913612900342837067e-08
-1.033048534966836730e-08
-4.763180803255245981e-09
-1.777492909977227891e-09
-1.221558884112200867e-09
-1.433343927310880358e-10
-4.825734197400459594e-11
-2.779147043316679373e-12
7.940613211105375976e-13
-1.141720820913424021e-12
