1.296495088626306302e-01
1.030551389417191155e+00
4.168902696238391964e-02
1.176371595376685510e-03
2.695401398271454925e-05
3.343455738474147869e-06
3.426043622307686361e-06
3.448594498209614453e-06
-4.879907711714800286e-06
1.466417025750027855e-06
4.022103632023342154e-06
9.249585252937023632e-07
1.326814514711720198e-07
5.300566518731528700e-09
-2.249381259952520836e-09
-1.969388717833710285e-10
-5.471639018590657857e-10
-5.169399948895193192e-02
1.410718566984367484e-01
-1.451980014471287647e-02
-1.138037686168813989e-03
-5.520414070632533667e-05
-3.202326528847743516e-06
-3.757143881009958813e-06
-7.987847603355695375e-06
-3.698659740516147484e-06
1.746744731202610379e-06
6.148911186059189215e-06
8.033166355153134498e-07
7.817989288573375812e-08
-4.924854816058646481e-09
3.888320991531442636e-10
-4.522802897478778959e-10
-7.458720844189321027e-10
1.530993350185213923e-02
-2.135991350041928447e-03
4.117697873421484467e-03
8.614026705694280460e-04
7.085532919830979143e-05
5.235226595545416682e-06
1.038631253850281394e-06
7.645877317378274452e-06
-3.419903398590140039e-06
-3.891323344146508848e-07
1.808287280375772331e-06
-4.137642799901528136e-08
-2.977940484138808270e-08
-6.167573417023354549e-09
1.362161243301558778e-09
-1.728285097029204326e-09
4.643970986592233845e-10
-1.624233961747533709e-03
-1.057988946526259872e-03
-5.652868254480416469e-04
-2.709152270643786289e-04
-5.725783980462214912e-05
-2.719147378664903563e-06
-1.749865673932002699e-06
3.638108407824897914e-06
4.855460684340139456e-07
2.694526841524431294e-07
-9.113497212150794647e-07
-1.607454418165761962e-07
6.499493108246685494e-09
-7.358851517018458736e-10
-2.797523229298131759e-10
1.168802547513126490e-09
-2.477408770005754830e-10
1.166177691577958297e-04
1.732884699174718900e-04
1.487645903890247106e-04
5.162136837113949262e-05
3.613077359910486119e-05
4.199348016125561916e-06
-8.520217320762633642e-07
-2.007757081839167637e-07
1.353685922846155988e-08
3.632417612062142451e-07
-1.517454824029549222e-07
-1.366114878080611115e-09
1.112311948728542313e-08
1.746484940580287087e-09
-2.046228928004399749e-09
5.644691929782795130e-11
5.825686776489022685e-10
3.390964796647128094e-05
-8.868733486998321019e-05
-9.694446382661491011e-07
-1.479598591753143772e-05
-1.520361350786853274e-05
-1.208120863884183073e-06
-2.079911033599220630e-07
2.412290776896433966e-08
2.069087258514534783e-07
-1.036446779237456299e-07
1.414737235121113697e-07
8.217449071682710467e-08
1.146318629877991485e-08
4.834064573520347348e-10
-5.465966356614772663e-10
-1.143599851887410744e-10
1.387546754445335333e-10
1.267485167737824985e-04
-9.093393481495730022e-05
2.032936489569718531e-04
-4.785653371233655696e-05
-9.382784000143746532e-07
4.164967428337508264e-07
-1.811131508142806483e-07
-4.064203633299226704e-07
-1.905217203039355455e-07
-5.762911960502406126e-08
-4.965139942185716637e-08
-1.923583147850459200e-08
-6.767122645237064784e-09
-8.377306676705338164e-10
6.831380423780877142e-11
1.419990321692990408e-10
-1.367007850365340452e-10
-3.268905137346484049e-05
9.807133604517577973e-05
-5.526866807750302073e-05
3.973749981870162729e-05
6.855157222565867206e-06
6.239285268550735159e-07
4.868623845111016646e-07
3.083077864262810319e-07
1.571606592554265910e-07
3.955805750219075085e-08
2.621178440791778687e-08
1.533346454086712275e-08
1.576802105525965835e-09
6.547915345528939725e-10
3.992965415682826389e-10
7.625553595056080918e-11
3.064655854034680003e-11
1.176297548632585790e-05
-6.520318888021582203e-05
8.308706255839869688e-06
-3.700779522785820671e-05
-7.656999978504598961e-06
-1.401963840606348742e-06
-3.979262138321121882e-07
-2.140993035336036295e-07
-9.920127347652260470e-08
-3.860683126928695296e-08
-8.170688997240033439e-09
-1.237262137472304240e-08
-3.461040582075573972e-09
-4.454168421381571771e-10
-2.464673665979876519e-10
-7.268531555207709108e-11
-2.061862494344871832e-11
9.156404533413735301e-06
-3.329802041275189110e-05
3.595372654715035007e-05
-2.266134752440625755e-05
1.223788995197012488e-06
1.150059327103302613e-06
3.391945897480441033e-07
1.245383373915459344e-07
4.979711602314226004e-08
2.582667908236968306e-08
2.185703827064247240e-08
4.424736855037399643e-09
6.824787122263391931e-10
1.406940522538799480e-10
4.689615172384271782e-11
1.355336569233910753e-11
-1.807444740960174989e-12
6.917312566768675925e-07
-6.100444196317306892e-06
1.215252954350052217e-05
-8.545463446626781859e-06
2.318679950174423392e-06
-5.210048451436065673e-07
-1.779939785578998374e-07
-6.090731273718635059e-08
-2.116334138501305757e-08
-1.058492340669612522e-08
-7.238987681531548112e-09
-4.629808477224699456e-09
-4.090702212201334477e-09
-2.878196398787603380e-10
-5.157269608661939548e-11
-2.666618739626808965e-13
5.677913621045675258e-12
2.693568264757334116e-02
-2.602081977001898666e-02
-1.780006208549638922e-03
-8.073431736097048711e-05
-5.236460896518367429e-06
-4.054465990110140939e-06
-1.750520810132533876e-06
6.695780929345302380e-06
2.961013974246998810e-06
3.147235508111928807e-06
1.316486900264811916e-07
-9.134134788307001551e-08
-1.156703594895989250e-08
-1.780986521932279307e-09
3.029748976485732486e-09
1.053516152155748389e-09
5.036164116788709221e-04
3.805025856239877685e-03
7.978749123612208184e-04
6.611716086647686814e-05
1.018448994352328775e-06
2.474355538855419682e-06
-1.503277482277134910e-06
-9.438437978453670675e-07
-7.659026339393642681e-07
1.350030019895119155e-06
-1.412254523429734019e-07
-3.345648068027693508e-08
-7.951478673153485256e-10
-1.156765902709761241e-09
7.769492180328397332e-10
-2.587042601541897225e-10
-9.134583171909805340e-04
-5.423387064449657416e-04
-2.766076370223478518e-04
-5.533095277244667979e-05
-2.075810912935490163e-06
2.873630036862362982e-06
-1.357847334493342604e-06
6.992707363543047337e-07
-3.777847981755499866e-07
-9.336551173723872149e-07
-2.118768959745931196e-07
2.223300692298814846e-08
6.037830325043278218e-09
1.279104570913286337e-09
-1.270373167725310893e-09
-1.257712344564744588e-09
1.741845699513548272e-04
1.550628277163707588e-04
5.055041541830376247e-05
3.589097891530874159e-05
2.096769281814579979e-06
-1.091844532085022246e-06
-2.149377290650091127e-06
-6.258055831912815412e-08
3.696444697487489401e-07
-1.165826914255049594e-07
1.456764222848954811e-08
1.374135994041421766e-08
9.557135655847069471e-10
6.268301655270480601e-10
-6.024364716133599829e-10
-1.272809144619171928e-10
-7.402187040116585740e-05
-1.652817819484935285e-07
-1.654086944323893921e-05
-1.406342142573917516e-05
-1.115414705019682109e-06
2.799207274440721984e-06
1.593901763733335756e-06
2.369028762283623200e-07
-9.333964324251515726e-08
1.128262849259480474e-07
7.773072784049786176e-08
8.889604707548648686e-09
-5.897146906210487853e-10
2.518613612330022000e-10
-2.650375695286449601e-10
3.938998603939105952e-10
-1.172271656144027605e-04
2.024384110786413575e-04
-4.686447085398358738e-05
-2.615324678416681895e-06
-5.893229394323571743e-07
-1.540658423583991713e-06
-5.724035378278436635e-07
-2.232115226169622952e-07
-5.456884657197564813e-08
-3.639748578891407013e-08
-1.535943590378586379e-08
-6.065140487204011570e-09
-1.555990394075762690e-09
-5.276773942396312397e-10
2.846834875974669174e-10
-1.498372732690284927e-10
1.027201490583071121e-04
-5.563488406507433054e-05
3.973052334970160254e-05
7.929543864188613842e-06
1.393134140957229410e-06
7.414321572280084367e-07
3.705084918313285651e-07
1.686183115717369143e-07
2.625192655949724906e-08
1.915377906243068880e-08
1.341308212531460080e-08
1.983978287014691563e-09
7.269384504296202356e-10
3.644229751034238252e-10
1.346493859019140759e-11
-1.311648539829491515e-11
-6.600179814439213787e-05
8.344271997639653710e-06
-3.710828772396409771e-05
-8.166990747551332376e-06
-1.685392159038167969e-06
-5.532987332533448227e-07
-2.663165665618023867e-07
-1.026367053972947653e-07
-3.482493689039889864e-08
-5.241327562629339597e-09
-1.135530355549166342e-08
-3.596006639344817738e-09
-4.681922437775380886e-10
-2.410407617009625142e-10
-6.500029966918303433e-11
-5.944435518745596819e-12
-3.434402195457954076e-05
3.585376494396677469e-05
-2.262015446270318733e-05
1.501458432777498453e-06
1.287505421252939528e-06
4.268439643536892568e-07
1.763156189355863171e-07
7.104353496998934947e-08
2.891722744338423991e-08
2.066555106700007819e-08
2.924034348770732294e-09
-4.901011100034678259e-10
6.700557056580511154e-12
9.194610129669450681e-11
1.235026194748006761e-11
2.153422818898552811e-11
-6.852063465117478318e-06
1.254202973815890722e-05
-9.142563206019834203e-06
2.139340931708722982e-06
-6.044382432280633138e-07
-3.011148641288054843e-07
-1.128734841938075206e-07
-3.766358578368176067e-08
-1.726417570616027842e-08
-1.166087781870851274e-08
-4.504692730614360735e-09
-1.970698939080444470e-09
-4.972443455560213478e-10
-1.353368081494525766e-10
-2.547563568471657462e-11
2.918660512659301232e-12
-1.023147377901273636e+00
-4.153189025677304219e-02
-1.170884277243830398e-03
-2.364827357157136626e-05
3.216646138063290422e-06
4.950752134978280176e-06
7.886210541018223911e-06
4.783506912020643575e-06
-1.159942803294103444e-06
-3.996217377652321031e-06
-9.194324119307303697e-07
-1.254440527215377087e-07
-1.773476195744272866e-08
4.813452801582217244e-09
-4.301807053268589246e-09
3.612918038360707447e-09
-1.483085386314953458e-01
1.417393129798794407e-02
1.127297855406659546e-03
5.314194205399484208e-05
1.440789769582487917e-06
-2.606504385403815412e-06
-6.839120176065532195e-06
6.670034611700609712e-06
-7.132165379703287186e-07
-6.024920260847683387e-06
-7.684817119882546967e-07
-6.641283716983427972e-08
4.145916214991421189e-09
4.110798110317234899e-09
-1.563134512282861522e-09
1.924352997830364400e-09
7.538894136177174549e-03
-3.700424652063486006e-03
-8.391645086853964219e-04
-7.101013989585748456e-05
-2.345597293186533027e-06
-1.537261553848236222e-06
-3.699174807079383687e-07
-2.682269744293900601e-06
7.405744346500340055e-07
-1.858524617679115774e-06
1.055956479111048699e-08
9.594456542738307662e-09
1.050747371114457446e-08
-3.936448409912340504e-09
-7.793371975283748750e-10
-9.069756592573832060e-10
-6.794141127841401380e-04
2.767232125172777420e-04
2.503023350866600150e-04
5.477106260154882396e-05
3.190463352615854183e-06
6.327724734009215440e-07
-2.737452194646326012e-06
1.426395223959850480e-06
-6.740387746675057622e-07
1.021659838126833548e-06
1.923977625873622226e-07
-5.683772210615054932e-09
8.513924492209024130e-10
1.285750566301474359e-09
-1.158835843565803339e-09
-6.878939427730051968e-10
1.757421805801998808e-04
6.813980640777772306e-06
-3.528251921115873913e-05
-3.724400172134237255e-05
-4.561625829652565269e-06
1.073519146148448208e-06
-1.714161113252302851e-06
1.536557475309328162e-07
4.684952078176259854e-08
6.432712827150626538e-08
-8.096847044038158295e-09
-1.168761382008116212e-08
-1.906580426288585244e-09
8.239547570615175336e-10
9.331380869105469140e-10
-2.675690988121614128e-10
-4.196502571811851434e-05
-6.536661658310931463e-05
5.839703224626108136e-06
1.582003926610485428e-05
1.886908997761238477e-06
6.052490443057690171e-07
8.454617022427028732e-07
5.016127298984689993e-08
-2.126347954001764695e-08
-5.762993539856782260e-08
-7.687867789851297869e-08
-8.941950053629089229e-09
-1.011617973523244216e-09
3.903063537727353025e-10
-5.212198807477874356e-11
-2.383711851922475590e-11
-1.880344004433788779e-04
-2.084367664704321751e-04
5.094526785260167185e-05
9.029640060359370207e-07
-1.423736591068927185e-06
-3.129413530337229024e-07
7.240081210675719434e-08
-8.250030269258096393e-08
4.197597509897201647e-09
-7.577627470589807199e-09
1.591901184791629211e-08
5.031236307726699632e-09
9.487780096271402034e-10
3.359450422081384763e-11
-1.234343675986879444e-10
4.526087755490509530e-12
1.090290540682861057e-04
8.724984038549694117e-05
-3.815718570842601412e-05
-6.366526765976296473e-06
2.832111444532923554e-07
3.460278014559334744e-09
-8.690918634716094067e-08
-3.401741351170654434e-09
-1.030296008366972444e-08
6.729717169201469003e-09
-1.242237954654518394e-08
-4.166352156718246736e-10
-5.423093929500688622e-10
-2.754688811800390140e-10
-1.176116382105679727e-10
3.023514081037392733e-11
-6.496961879786926244e-05
-4.594545735631337918e-05
3.226039341701891896e-05
6.797187762111524786e-06
7.424294331700311897e-07
4.295901688723682301e-08
4.457348798127401551e-08
3.007751541243304154e-08
2.666692977347977623e-08
-9.235401581018575920e-09
1.001009850680315515e-08
2.629881205423067637e-09
2.572833477679869109e-10
1.945615713332532136e-10
4.161043268180012011e-11
2.644778389058496246e-11
-3.940443926207143658e-05
-3.780225708653406965e-05
2.629176477308262341e-05
-3.128787837824766611e-07
-7.372412077412623420e-07
-1.293317118917911147e-07
-3.148375967072967508e-08
-2.402906457021398091e-08
-1.487004134262698939e-08
-7.653095299421927850e-09
-3.856815724951103500e-09
-1.787621257307973891e-10
-2.309318174113668315e-11
-3.507786568146408022e-11
-7.287872549912486455e-12
-9.924643425582906226e-12
-7.443149383189515185e-06
1.059232146932812792e-05
7.756555908220155854e-06
-2.863620454162026254e-06
3.176477185056101883e-07
8.738819399903946831e-08
2.324912664889515481e-08
1.642124517811464132e-08
4.509068101736861155e-09
1.584849391946802177e-09
3.908579085071978484e-09
3.977857610131818733e-09
2.210735943368857309e-10
3.850029664893126763e-11
2.193655934224636034e-12
-1.370149169677945487e-12
9.002579398961846335e-02
3.817322668096469890e-02
-2.552289292602103604e-02
-1.762872246678158766e-03
-7.921576690201439293e-05
-6.783674417882499068e-07
6.050594543246270952e-06
2.505238663562852890e-06
2.249246989394190165e-06
3.371803572490469655e-06
3.137906083553445184e-06
1.614272598034513485e-07
-8.622240049683584195e-08
-2.451253609590696497e-09
-8.242934419952988050e-09
3.354001269758437484e-09
-1.100389013227392705e-09
-1.417313739892943521e-02
-4.503944696726209021e-03
3.407280142999663704e-03
7.766680273036817746e-04
6.621951168189623251e-05
3.278969428178337628e-06
-2.354169487914250737e-06
-3.335884622198633483e-06
3.971178175770842663e-06
-1.042992958928044747e-06
1.360392355122905368e-06
-1.214240961389067264e-07
-3.517007184762563481e-08
6.937298659493668941e-09
-4.542917757489628243e-09
1.787868023885419559e-09
-2.592724872190775133e-09
1.524208738840611942e-03
8.363394122600060435e-04
-2.549780631769569899e-04
-2.564607674719118898e-04
-5.879437868607505799e-05
-5.394673887584041105e-06
-2.191874744689586466e-06
-3.439060395077247117e-06
-8.519187157988331382e-07
5.762292949994810757e-08
-9.443966844459939235e-07
-2.194176542551626422e-07
1.781113278623839380e-08
2.667581056918431036e-09
2.331670418463025509e-09
-1.363702114970819516e-09
-1.266804341076661653e-10
-1.242773440927139061e-04
-1.718116568570581513e-04
-3.504832955468351724e-06
3.324074850027318277e-05
3.727509644071287621e-05
6.176128065803141068e-06
3.034799149483812435e-06
4.827873442723485526e-08
-1.435194990131890307e-07
-1.403730734358371063e-07
-7.448251963605870049e-08
1.374091889041038536e-08
1.763523370593285580e-08
1.213668190245610820e-09
1.486783149428280553e-09
-8.537808904676913894e-10
-1.545709157830106484e-10
-3.343026520975675387e-05
5.653775952998537821e-05
6.789950292263789667e-05
-5.456815617823409415e-06
-1.901984917811470931e-05
-4.381975829963977729e-06
1.047995288583585393e-06
4.649383698166977783e-07
-1.021595890824473955e-08
1.066901046836098163e-07
5.364982145281620999e-08
7.494800724317715326e-08
7.146199256256399342e-09
-9.030110589711078113e-10
1.337936671412742944e-10
3.345970087031395982e-10
5.483007174514293503e-11
-1.255238742799242246e-04
1.595925547666518193e-04
2.059018337389851108e-04
-5.039954848725058224e-05
2.194430170999014452e-06
1.795255444646861843e-06
-5.876332574532540379e-07
-1.157868598238233920e-07
7.341272924891885762e-09
-4.086552424955526618e-08
7.204568335808580418e-09
-1.368626660954704554e-08
-4.875404411285422477e-09
-1.028502536339965732e-09
-5.631156085778142093e-10
-8.800931558347001759e-11
1.184617402666856339e-10
3.420480997882331122e-05
-1.028893658119827396e-04
-8.679274287932430454e-05
3.749698306309857130e-05
5.040105264851427213e-06
-1.758075500960016196e-07
4.630981182310732879e-08
1.090602998581692711e-07
4.705809495039638486e-08
1.618416781085814687e-08
-7.369928850114498806e-09
1.132550383708011527e-08
6.046052723298399796e-10
2.754573090394881698e-10
3.241386765521660806e-10
4.963515051625701162e-11
-2.188543022564138093e-11
-1.248497102297879318e-05
6.350524309299050317e-05
4.588686041452906100e-05
-3.193395528668191929e-05
-6.453181897208085692e-06
-7.644620976413730178e-07
-9.085297973273327869e-08
-8.694697712896280463e-08
-4.689888265257247720e-08
-2.898169702936011120e-08
8.143622511757838482e-09
-9.649600042129893737e-09
-2.392688211338398108e-09
-1.537659236727947519e-10
-1.951756684787482264e-10
-2.869418023424637852e-11
-2.959087243150542018e-11
-8.724194077419242189e-06
3.854916231306637533e-05
3.779111976227787176e-05
-2.625816360231435882e-05
2.798824634848518000e-07
7.517271325177819177e-07
1.542415104236171200e-07
7.025436358654994239e-08
4.334733634515816263e-08
1.917794464523476581e-08
8.996532139688546825e-09
2.999308042287850478e-09
-1.315865425050547679e-09
-1.804247753116428348e-10
4.198164686838121251e-11
1.817410949962857097e-11
1.558070626024222670e-12
-4.355667575597352175e-07
6.945886445439349766e-06
-1.227664144927673860e-05
-8.631634556520326480e-06
3.005356013981109001e-06
-2.648742972487225283e-07
-1.386331047672964434e-07
-4.552013435902406299e-08
-2.378008837357307521e-08
-7.985850318026854392e-09
6.042668731101287286e-10
-3.712042619542375998e-09
-1.434656879191182636e-09
-3.227078403412883714e-10
-1.013062101963604183e-10
-2.249350956706209908e-11
4.117930378786859722e-12
-1.485271306366184041e-01
-4.116011474236866072e-03
-9.313979981710901761e-05
-1.279960850275813933e-06
8.445717148000446369e-08
-7.106139325048675341e-08
-2.446153066994134805e-06
-1.645962735001797428e-06
-2.148149460105019461e-06
-1.445152395411217078e-06
-1.242480907363122654e-07
-2.276447305782260136e-08
3.001239161851457530e-09
-5.356683023903759751e-09
7.556931913323669510e-10
6.009254011698281808e-10
5.393521547595121757e-02
4.100728993828738587e-03
1.825507689279188335e-04
7.431656839052252785e-06
-8.719430930549125184e-07
-1.080622708329259151e-06
-3.805146069432474625e-06
7.291580371646812826e-06
-3.968967667808784491e-06
-1.355294635264082307e-06
-8.346380595136957186e-08
-1.749600058405550159e-08
6.797797280314006155e-09
-3.029374399924684802e-09
1.896218532334662437e-09
-9.759005873543974888e-10
-1.597537362278578579e-02
-2.991842955684676560e-03
-2.565480262451164833e-04
-1.002038674949319332e-05
5.339315748716215290e-07
5.496035300299793041e-06
4.165167314676862511e-06
2.270450008473789607e-06
1.321662447181818825e-06
-3.829063259131556367e-08
-1.265266246488968444e-08
-2.794182136429208515e-09
-9.844929837021676182e-10
6.052536955730217725e-09
-1.248959758906570796e-09
4.454126791481614944e-11
1.509522178371115308e-03
9.838741009221432885e-04
1.769755612230344952e-04
1.259321280351603443e-05
-1.028299706574085218e-06
1.193247098639167279e-06
-3.996224366398152537e-06
-2.179707800383532272e-06
1.619466074175272592e-06
3.849255513952071513e-07
-1.929097107862804803e-08
7.421831534978458061e-10
-7.377647605862605488e-09
4.215859266679887079e-09
-2.969035465988309479e-09
1.294379926664837269e-09
-6.753310678169713744e-05
-1.814073512836852117e-04
-1.057444581985882116e-04
-1.224971707495757467e-05
-1.159297834762411433e-06
1.160538778031282623e-06
1.052914384007425717e-06
7.356446051672274024e-07
-1.487350640370381653e-07
-2.203712598005502093e-07
9.957347137250561068e-09
3.147915271186736012e-09
6.197634894672750826e-10
-4.351481477489866486e-10
-1.477815315975520086e-10
-6.913196053193792377e-11
7.791341344599212089e-05
5.352579801518521661e-05
5.176538609448577899e-05
8.658034119121071228e-06
-3.599394433143247915e-06
-2.361896778204999078e-06
-3.780247447795110769e-07
-8.151867139282287285e-08
-1.839944657305068553e-07
-4.082789483575828956e-08
-2.061932589351096715e-08
-2.562803958984350567e-10
7.630659086530865177e-10
-1.320401104412423389e-09
6.605156832586683019e-10
-3.534998102270981470e-10
3.719182466171487935e-04
1.639343614131924705e-04
-8.044429827860041042e-08
-2.675054230175527468e-06
3.144060299999041245e-06
1.563485775376375602e-06
4.908760838228677236e-07
9.372179244706977017e-08
5.775683825144660772e-08
3.856194741638677673e-08
2.232778286930783901e-08
1.817124566591033306e-09
8.198211790517292983e-10
4.808578883992439472e-10
-8.659325092189092872e-11
1.021944556619498419e-10
-8.145107115346289929e-05
-1.283783496089295712e-04
-1.934204946482587695e-05
-1.421795036679726872e-06
-1.503728223269940181e-06
-8.666011092389875838e-07
-3.885449437668157982e-07
-1.305263565033683950e-07
-2.958782806697214368e-08
-7.011032956657784476e-09
-1.135848786376768911e-08
-1.213040857333514108e-09
-1.112762090508197637e-09
-1.423705849993090104e-10
-5.924687267297430000e-11
-1.259923422839974002e-11
2.470886440848480813e-05
1.053856624285035384e-04
2.328139324306003572e-05
3.389136213747358186e-06
9.485304070275286550e-07
5.040090950058979143e-07
2.498923368669653528e-07
8.151162962127349383e-08
1.965014897626006377e-08
1.521371629201181128e-08
9.234884599001911548e-09
5.705924555964113543e-10
8.365004479153721921e-10
1.247277806574112817e-10
3.703144295090980302e-11
-9.302974444562669643e-12
4.091711949432654449e-05
9.610784092245868099e-05
-3.078227530947619635e-07
-2.830954998526937185e-06
-7.259531184578475596e-07
-3.040501029433121373e-07
-1.426427340001268466e-07
-5.487038244492290566e-08
-4.214799834983561598e-09
-1.217255529305180171e-08
-6.702724342572457764e-09
-1.420525371014564688e-10
-2.310791559237694347e-10
-6.595665291517482315e-11
-3.242765428901924636e-11
-6.260047750388640473e-13
-9.122087791626904702e-07
-3.345192503227522050e-05
-1.102924686157917810e-05
8.387853767660454972e-07
4.237940424648156393e-07
1.237790479786988170e-07
6.483568957842137841e-08
3.043480081701987332e-08
7.553045635879980982e-09
2.390580667777567647e-09
7.005092608657390840e-09
6.013590401411790962e-10
9.171214393196799668e-11
1.050464745888581024e-11
1.123327865126860951e-11
8.467267027281746243e-12
-1.952105658582010961e-01
-9.613863662981260438e-02
-6.313108746132149555e-03
-2.737286815073129232e-04
-1.073764950372407935e-05
-3.621874992854808308e-07
1.966137763744310708e-06
-2.217756938068321292e-06
-7.077229590128759338e-07
3.255652192827293926e-06
2.309025368779360947e-07
-1.524085252162319166e-07
-1.764792872255434238e-08
8.938170465817734068e-09
-4.118138119273315947e-09
1.145293024250574096e-10
2.329730908311024677e-09
4.665143884249406403e-03
1.463954304945439509e-02
2.787046540370159697e-03
2.418177047918569481e-04
1.141409663430500214e-05
2.315329776978116486e-06
5.683109347050446721e-06
6.644794232741222582e-07
-1.420597195332378420e-07
-2.308105037236899375e-06
-6.070122363482747903e-09
-1.121661116226977458e-07
-3.704364492601543990e-09
1.700051723963125451e-09
1.434333144958823154e-09
-1.906279378811998951e-09
8.050727405416973673e-11
4.014806239648564118e-04
-1.402990429508782716e-03
-9.822308055431245612e-04
-1.766928333379438659e-04
-1.121581886028913095e-05
-2.108376331478683533e-06
2.867127747609925560e-06
-2.542733201356141643e-06
2.071918916063869274e-06
-1.878904105554986242e-06
-3.449942529026937980e-07
2.747313794597783828e-08
1.174986746080748289e-08
-3.516767403224327740e-09
1.974034896069823752e-09
4.079290235074261582e-10
-4.312987368918335599e-10
-2.428142619381393744e-05
6.354573007203893160e-05
1.844051649215922863e-04
1.052367318265202620e-04
1.190534327761363083e-05
-1.300501579280792470e-06
-1.617923654013963383e-08
7.576269287431850292e-07
-8.032526345216640031e-07
1.986559467254665585e-07
1.581717844873180714e-07
-1.511899781580784557e-08
-5.874455449603342904e-10
-1.276467998585014940e-09
-2.320184993469953490e-11
5.405590568742722278e-10
1.830633502985720254e-10
1.290956765319499578e-05
-7.200202637160571105e-05
-5.156534113087783006e-05
-4.971845903887423451e-05
-6.509952064233569441e-06
-2.330814522483438063e-07
-1.824758408411602040e-07
1.032004393121449441e-07
-3.874798933221186444e-08
2.173791207619854551e-07
6.828996068733846259e-08
3.153671864641150215e-08
1.987226657054135197e-10
1.010667611954123919e-09
1.342829598413117099e-10
-4.368501265718374836e-11
-1.178616099189971554e-10
-3.578674326910687869e-05
-3.749106871593562719e-04
-1.658499199350917303e-04
-1.645963225994901714e-06
2.762295846154142392e-06
2.374711327948534927e-07
-4.980917977954499534e-07
-2.384598812169007038e-07
-3.743381271589445521e-08
-9.038834097466748916e-08
-5.435013561972666000e-08
-2.801454913095930230e-08
-2.233560772992930748e-09
-5.620007289790255160e-10
-9.851767243941643571e-11
-2.253572696384605494e-10
-1.017935627392954733e-11
7.510355587638989008e-07
8.072218103883464367e-05
1.292162332970885747e-04
1.990344765928874345e-05
5.601032737246182176e-07
3.508451683276069760e-07
5.517708344262320924e-07
2.504777181715443260e-07
1.144436670035294526e-07
4.600524861776348248e-08
1.513509243827737509e-08
1.357880873393604475e-08
1.832902580606552377e-09
6.280070177243620768e-10
1.014426887493241776e-10
4.651047516562401437e-11
5.368369281614464122e-11
1.773515662069801764e-06
-2.433437517068652087e-05
-1.057733483714752137e-04
-2.327001230966671281e-05
-2.880398815248353052e-06
-5.677971386072807841e-07
-4.174722576991058165e-07
-1.993789703478975528e-07
-8.653587154519104591e-08
-2.922796055877029021e-08
-2.022174559668813657e-08
-1.034918826572645394e-08
-8.517639872106879897e-10
-6.672097881424466240e-10
-1.276453215305233754e-10
-9.889770124691311227e-12
-3.985315707601264125e-12
-3.403231865360436822e-06
-4.096413201024162162e-05
-9.584887995294719956e-05
2.223848832028057486e-07
2.503575998339200290e-06
6.245260718728671704e-07
2.864753092748721823e-07
1.479791379795900815e-07
6.797798941384149268e-08
1.384234254336555486e-08
1.917847719795981989e-08
5.336081204822151137e-09
-2.905714821089401783e-10
3.336525549748984685e-10
6.884093730950466688e-11
2.920311132590853382e-11
-6.252967184014217433e-12
-1.987640075651094834e-07
1.069908838556160136e-06
3.337026417853800731e-05
1.177141543691733938e-05
-7.152711384937244644e-07
-5.403902215232024490e-07
-1.837901330760235225e-07
-9.593266701881330243e-08
-5.452730462602493872e-08
-2.440006457062663863e-08
-8.700252621471290549e-09
-7.027176616232734488e-09
-6.621344162630449166e-10
-3.260811999454308897e-10
-3.951067680302382092e-11
-4.573580849423174073e-12
-1.418939583466977783e-11
