1.400125292013254252e-01
1.024971757983212273e+00
4.465181462738290058e-02
1.542315972807410413e-03
5.401906837038458883e-05
4.632903477325116604e-06
5.008561296667781287e-06
3.170436632629583567e-06
-1.667154462901053409e-06
1.088508587372221595e-06
2.005884022229902097e-06
6.669026437576566528e-07
9.251254548415601877e-08
8.477786412803221910e-09
-1.313595402507854117e-09
1.030032666664279007e-10
-4.729084028891341336e-10
-1.877857566555487731e-02
4.888966527176612231e-02
-5.270858173677360481e-03
-4.846089393908586994e-04
-2.832910547667520418e-05
-1.812130841197504096e-06
-1.205708673303674194e-06
-2.487131360747168736e-06
-3.016265606794828393e-07
2.235655904488711872e-07
1.362144625319349039e-06
2.680428323504570889e-07
2.750386702477897274e-08
-1.453649638282443302e-09
-5.171974401406716827e-10
1.289684737648059847e-10
-1.185039128534411292e-10
1.927114626492589097e-03
-1.975163731262648682e-04
5.265650195425351223e-04
1.208764365569820376e-04
1.254520210549311048e-05
3.488745690811480630e-07
1.698688412881807815e-07
9.174037353150435207e-07
8.712755915602885492e-08
-5.310370793210640811e-08
1.909664882617962458e-07
-3.753195538662283731e-09
-4.266850190289466710e-09
-1.542850082485013150e-09
-2.615382125417070746e-10
-2.763991967943798231e-10
6.538026167505721248e-11
-4.564843904315254232e-05
-7.628790401955432086e-05
-1.148519370281931547e-05
-1.075589494947627477e-05
-2.715566111090132231e-06
2.005869043450142713e-09
-9.291219746199705638e-09
3.237869827828207166e-08
2.806956086876035524e-09
2.511637217536403439e-08
-1.649345163445027509e-08
9.266258316073699927e-10
1.227086617471496210e-09
1.255214527619189133e-10
-2.594970203229680246e-11
-1.365630381688549235e-12
6.021239450500626412e-12
2.171073850425035102e-05
-1.658112805236608347e-05
1.606675661768569151e-05
1.713185087512684448e-06
5.235197954500313209e-07
2.757819686596533813e-08
-2.380868257715603399e-08
-8.916177610236722981e-09
-7.682996989803722523e-09
1.565368948956844824e-09
-6.063291638220334894e-09
-1.120915066611361204e-09
-8.139891038276612085e-11
-3.078621269795877582e-11
-1.981734087121786180e-11
1.810684941986325465e-12
2.341491997496975999e-12
5.760598707912906516e-07
-2.678415188524518045e-06
8.510208784587919168e-07
-4.478961930052147464e-07
-6.230041698321240182e-08
1.206603522800389188e-08
9.074587120774435215e-09
5.277813570855725765e-09
2.690061282343313369e-09
2.989897629392377083e-10
1.395433644599310622e-09
9.403068876550964403e-10
1.618682182126127382e-10
3.457696308825201248e-11
4.939198723581367345e-12
6.882375719359032078e-13
5.816023309057851242e-13
7.999188326067709702e-07
-4.218246220574555011e-07
1.206110010965426423e-06
-2.943855011628406179e-07
-3.027772286253621669e-08
-7.719271407888690799e-09
-4.321883519752885102e-09
-2.634487845676345349e-09
-1.250290322278145373e-09
-4.923785182412827372e-10
-2.413104880685936313e-10
-2.199744306464412502e-11
-3.149575461934245499e-11
-8.072126476527931679e-12
-1.378319898133462172e-12
1.697547429630954402e-13
-2.113370445732059613e-13
-7.504741568089671914e-08
2.075202492500820288e-07
-1.144130843871290041e-07
9.502109859983201880e-08
1.899053348194323913e-08
3.575996967351401182e-09
1.575159379130678564e-09
7.469092912234684714e-10
3.732063756637022497e-10
1.209153015007048350e-10
5.868317240273425240e-11
3.188255886886628972e-11
5.573168426714440135e-12
1.913897853051085299e-12
4.774035734431735970e-13
7.896098323896275997e-14
-1.071453969225857268e-14
1.726102059146269020e-08
-6.418042365037955334e-08
2.959102430593021618e-08
-4.091971411593153995e-08
-7.772038776930484451e-09
-1.515448009131126383e-09
-4.479145898265895795e-10
-2.003304938635627962e-10
-8.761797207037189549e-11
-3.230089261634471973e-11
-1.466718596193346521e-11
-1.103922443076716666e-11
-3.187431896179640256e-12
-4.757480902925173941e-13
-1.080911192086767604e-13
2.689212898508083024e-15
8.913174175649785195e-15
2.235963251386065196e-09
-7.173977579100762080e-09
9.591069515224396791e-09
-4.841692194685277643e-09
5.903969288528074260e-10
4.003245819477235704e-10
1.253089944136771658e-10
4.738132053582285153e-11
1.971503254635545284e-11
9.576535446555399507e-12
5.431023405221546476e-12
1.482038064496806028e-12
1.127581787570651316e-13
3.075172760266712579e-14
-5.751837633004085305e-15
-4.941542139601526473e-15
-2.719507076288993614e-15
4.441888783328906739e-11
-5.438081824017334521e-10
1.126831323085188690e-09
-1.043284016181150157e-09
2.045300491625667746e-10
-5.818520086165703813e-11
-2.588669132103436305e-11
-8.649791498995085112e-12
-3.144550010027019938e-12
-1.080665505006571551e-12
-5.170813127057775395e-13
-9.792477767570783826e-14
-1.892655474785948032e-13
-1.732803621045510543e-14
-2.972667388887991613e-15
2.229009681023552116e-16
5.222373350430726618e-16
9.149342549630484767e-03
-9.486399020434700333e-03
-7.424057634415838405e-04
-4.110162888439511950e-05
-3.026867094832570116e-07
1.456766503255599505e-06
1.219974223308408671e-06
1.506279047324077343e-06
5.201070576721229546e-07
4.955308999840480666e-07
4.896086844273713525e-08
-3.228818452431006256e-08
-2.658541873470390827e-09
3.188070678462682726e-10
5.575544146425420916e-10
-1.380988605034010611e-10
1.167478528914591031e-04
4.823419976325470028e-04
1.132589421806992418e-04
1.203022570488088345e-05
-4.397234530333904639e-07
-6.639715701847779213e-07
-5.189487382058128062e-07
-2.605090646511186611e-07
-1.906411261206451593e-08
1.327288910722226334e-07
-2.869226555968952012e-09
-2.829638930005056712e-09
6.531604170760919549e-11
-3.267775404174051435e-10
7.701410876793799580e-11
-1.102684830064707310e-10
-5.125580773434954939e-05
-8.313675581297240755e-06
-1.082134113224773487e-05
-2.726419446736059223e-06
3.055614968316334829e-07
4.226752871831984300e-07
2.256677453977181605e-07
8.669669143768279805e-08
1.555332318871482205e-08
-1.910910224746467778e-08
-3.741563960314943552e-09
7.636008145288416878e-10
8.734730821316569531e-11
-2.162577306600917764e-11
-4.641000473654356056e-12
-2.792055514815968909e-11
-6.934498625509612971e-06
1.693170189984957683e-05
1.775723696829951028e-06
4.931696608250220011e-07
-1.041563731251933352e-07
-1.231097027182355256e-07
-7.633930859053274779e-08
-1.474337469404614294e-08
-2.516576559283330706e-09
-4.682061618649590882e-09
-1.793753385117221437e-10
2.533619774486342155e-10
1.843536685352163970e-11
-1.035134264338510744e-11
-1.231803320114629906e-11
-5.179428260671925273e-12
-2.337853348180388645e-06
9.359979387571694764e-07
-4.502713900759600429e-07
-3.943022413166775941e-08
3.801516602560372141e-08
4.146582468118762082e-08
1.875111434917396703e-08
5.136823761012526817e-09
2.142061465248935203e-10
9.100289395050267464e-10
7.252755499929862630e-10
8.278626392045727285e-11
1.613961485557599957e-11
4.487736587664223290e-12
-2.806635511823338873e-13
9.427504239385516190e-13
-5.910338484851021231e-07
1.191720094540751343e-06
-2.954208150917679989e-07
-3.764241305707755649e-08
-1.465907926926919261e-08
-9.721146104124276291e-09
-4.221432441686854619e-09
-1.737546510748252513e-09
-5.154603247835427535e-10
-1.526891980812108677e-10
3.011938870429618972e-11
-1.402838099723472695e-11
-3.628416080823376310e-12
-2.591943585594916223e-12
1.013305728850412061e-12
-1.100356903358554222e-12
2.203528166469937641e-07
-1.132436736798306649e-07
9.571587106300601986e-08
2.057530879784078376e-08
5.112120590946124495e-09
2.266182440774153618e-09
1.061884345731238081e-09
4.337255974792864081e-10
9.985856838597934573e-11
3.456028450821565559e-11
1.976691343478053286e-11
1.399065415153071745e-12
1.094891346505300009e-12
4.133060623116497344e-13
2.051200847219917522e-13
-3.296887088525927754e-14
-6.748026128013752571e-08
2.916872257639327009e-08
-4.113752232462262484e-08
-8.094806726217784271e-09
-1.765734443647600760e-09
-5.978949799796590554e-10
-2.505618781608582177e-10
-9.664132001680709636e-11
-2.643773575521344916e-11
-9.625282001684970443e-12
-8.287380201968443772e-12
-2.271018900775956728e-12
-2.984072395080182050e-13
-1.237249106382138309e-13
-3.088886718909353439e-14
-1.668620325755860315e-15
-7.497834672297753336e-09
9.614328649392067552e-09
-4.794325827097257548e-09
6.420394554198679244e-10
4.425610486653841417e-10
1.435043761131765718e-10
5.573428282520210742e-11
2.165888495787435587e-11
8.489192283220248903e-12
4.358501624110814957e-12
9.169950908300811401e-13
-7.738611355382401240e-14
-6.861449599701633450e-16
1.132094787410299561e-15
1.352253634532240952e-16
2.292616233523001976e-15
-6.027891461603262190e-10
1.125157651921040476e-09
-1.068476956669481877e-09
1.928735840599425249e-10
-6.364295547923970805e-11
-3.146532938553934570e-11
-1.129826381786635658e-11
-3.505285742807118375e-12
-1.081480215017251033e-12
-4.954494842023653054e-13
-1.075532469707144751e-14
-9.125493738114703551e-14
-1.371387809196160031e-14
-2.526774295053665273e-15
-1.512280385459265473e-15
1.642956041421865872e-15
-1.015310930481520435e+00
-4.432410736938643958e-02
-1.533739581351789734e-03
-5.277150271954672984e-05
1.397333621315565763e-06
5.022759745060596300e-06
4.292497876297114072e-06
2.625186614159356772e-06
-1.145673363693243459e-06
-1.992782787722177041e-06
-6.917555087161059587e-07
-1.011212035141232219e-07
-1.349920295780930792e-08
1.291221328113382117e-09
-9.357936224139017567e-10
4.452652270491529026e-10
-5.193283992488122863e-02
5.095629071280175296e-03
4.780768220989408106e-04
2.857300889003095622e-05
3.672445648943175397e-07
-1.244009044934751315e-06
-1.664727813534509672e-06
1.251687033296944437e-06
1.003927176223205295e-07
-1.261062648345264937e-06
-2.458600388137883183e-07
-2.463992771097749015e-08
1.126611881757653129e-09
1.059530363912322049e-09
-8.616639771504740686e-11
1.437335275609782312e-10
9.545281868365999628e-04
-4.564246734831881968e-04
-1.191945517445643543e-04
-1.416547908289420451e-05
-3.256183300535563088e-07
1.973909789444524003e-07
1.570909841420060879e-07
-4.241795589090917313e-07
1.017994653570487956e-07
-2.092811635909150544e-07
-6.614817705866509459e-09
1.498034433417168601e-10
1.243263682966448720e-09
-6.252323724907081171e-11
1.862288298591732982e-10
-9.170421045723711600e-11
3.160559856264224655e-06
-3.816587926216918837e-06
1.036401696891829122e-05
3.083979277671364385e-06
-1.009779268683277680e-07
-8.120301979218770160e-08
4.190972783511155251e-08
6.095316350575408086e-08
-2.508287158519540175e-08
2.827447172806615422e-08
2.599542936637967172e-09
-7.725533964901628869e-10
-1.595039380233597391e-10
-6.390612890110930112e-11
-6.516853295461714697e-13
-2.246299402449664251e-11
3.112638583831437577e-05
-1.316071638857854954e-05
-1.642083219663818584e-06
-6.598585952596464814e-07
-2.267232267558795932e-08
1.746238826988414143e-08
-2.583308957427111537e-08
1.487851598573748386e-09
-1.412401845174064083e-09
3.207081516077290541e-09
5.049155328894465093e-10
-3.619576197146261581e-11
1.500854966725501636e-11
1.821486223119445740e-11
1.868516723109372007e-12
-2.562176253053176703e-12
-2.063281457071264880e-06
-1.401761768161120365e-06
4.477648316139970132e-07
1.010347414762393425e-07
5.149376317544817102e-09
2.388482060991887970e-10
7.026740853997779551e-10
2.110216330961693536e-10
2.986618853146746545e-10
-4.476280024157123927e-10
-7.482259697135130751e-10
-1.007833434469323774e-10
-3.035264346446708819e-11
-5.845444796799336221e-12
-2.380685792590402057e-12
2.071891332937053571e-13
-9.793512103083055271e-07
-1.279568257905416115e-06
2.807825460763290253e-07
1.967034083399495552e-08
4.811491549743431296e-10
6.393156896695230977e-10
5.702829121464782235e-10
-9.032699926188445717e-11
4.390242309822662617e-11
2.479046391587605043e-13
-2.623901751379646423e-11
1.862844117016350122e-11
8.968969829928495369e-12
1.169639142412895218e-12
9.722997820410272883e-13
-6.246406946090963836e-13
2.343356091866589293e-07
1.923120851587953304e-07
-8.488882220196181389e-08
-1.530851347977271796e-08
-1.388957441993301066e-09
-4.089356623026784937e-10
-1.948194727085254937e-10
-5.586052490199065292e-11
-6.427900894439955565e-11
-5.762270568712251370e-12
-2.152586381135840059e-11
-2.394450635636052417e-12
-1.711619414165231698e-12
-3.495524676748759078e-13
-2.368926684972118469e-13
1.204947672933948703e-13
-7.363888607852815841e-08
-6.714310827186810440e-08
3.576757375661931302e-08
6.550726680419013589e-09
9.267525821464954793e-10
1.476603800967620340e-10
6.596899520819586805e-11
2.620378544651108785e-11
2.214453040082601596e-11
1.412711655266396113e-12
8.338585905037589678e-12
2.440842183184352749e-12
4.122320657268044888e-13
1.167289522990871689e-13
2.536079661042964407e-14
-1.679830915702546108e-14
-9.122383562715444759e-09
-9.197258977478549745e-09
6.085288348065574108e-09
-2.355549678428867640e-10
-2.602936132592958657e-10
-6.075100256061225772e-11
-1.752718273007718088e-11
-7.709520846606282860e-12
-3.773151682154837336e-12
-1.312582078111501098e-12
-1.100659640495592048e-12
-7.946760226320372246e-15
-5.287517421437953537e-14
-6.352816552548401334e-15
-2.036134372656104348e-15
5.097734558109427860e-15
-6.576082790805633717e-10
1.156363915263851273e-09
9.550506036117345391e-10
-2.774052021172002073e-10
3.131661859283140835e-11
1.417995606176441333e-11
3.648983145355251885e-12
2.471449612616152348e-12
1.068355210473044160e-12
-3.090795559908608239e-14
9.324984512904020371e-14
1.791985585703912452e-13
1.221760181319638712e-14
2.287932380372514762e-15
-8.021159834650380390e-16
-4.877907283674537874e-16
3.286111874880550537e-02
1.378723253652712651e-02
-9.234730319700007808e-03
-7.350319259941739481e-04
-4.359073485314473949e-05
-3.515817285503763307e-06
-7.764972680794990590e-07
-4.307844816143252555e-07
-1.051804462179902513e-07
5.082598280729109396e-07
4.955664898463932842e-07
8.188718767775882651e-08
-2.232493766210938538e-08
-1.609847846385129439e-09
-4.623096371778908725e-10
4.297285437691790871e-10
-1.474507914134639704e-10
-1.775785154348242948e-03
-5.903803811874639134e-04
4.142026723552689701e-04
1.097337010311771064e-04
1.316098008194050211e-05
1.287427528671947916e-06
3.704907695894713123e-07
-2.644855927353849578e-07
6.599378242737728143e-08
-5.895306298645078367e-08
1.187519361200085640e-07
-4.546114390105642590e-09
-2.657230914948010847e-09
9.907298545482185844e-10
-2.127403006418610833e-10
8.385895155327971208e-11
-1.797036670206725240e-10
3.825303867493835478e-05
2.264201648261693188e-05
7.277617417907418318e-06
-1.016041925810871873e-05
-3.458790671346211975e-06
-5.023638800745292636e-07
-1.239403732351515794e-07
-9.841113826247594048e-09
4.139082360530583742e-09
2.488516540698113697e-08
-1.923693074896719459e-08
-3.384056449526307269e-09
8.368079365217984302e-10
1.024788660568165378e-10
4.352668837286572464e-12
-1.441709894958250748e-11
1.476512149877697192e-12
-2.494335725467832608e-05
-2.199499877447359084e-05
1.380551133209020586e-05
1.623153291300054909e-06
7.719173867665318228e-07
1.641193309285502546e-07
6.786043339599548897e-09
-1.325115972222860817e-08
-3.583645721079461277e-09
-6.951347752435052318e-09
-4.427446827344737196e-09
-4.803295360197430184e-10
2.385533863405588362e-10
3.365774902453003084e-11
1.455612261594756426e-11
-1.257532670257598301e-11
-2.360744631745721448e-12
-6.708076195591623429e-07
2.418061135571952145e-06
1.526483677669300122e-06
-4.401028790646928740e-07
-1.424093202309885955e-07
-2.909787036976119703e-08
1.317319938797502623e-08
6.582768287515417487e-09
2.259278152436404151e-09
7.425253609326387256e-10
5.624167226564391243e-10
7.262158954689338747e-10
5.978064428409316140e-11
2.895205587040855808e-12
1.323038086265367597e-12
1.605270425326304907e-12
2.727409873622262851e-13
-7.863473436922953741e-07
7.998206623656662844e-07
1.259421362273976779e-06
-2.779440960108644099e-07
-9.832867448275213647e-09
1.193950456159501517e-09
-2.727993187729053952e-09
-1.249920871672344866e-09
-5.242495263109820895e-10
-3.182729069991739384e-10
-4.339159431679420047e-11
3.528398124057471231e-11
-7.869406003459639899e-12
-2.720481080729113861e-12
-1.188534302909223743e-12
-2.468052397642290737e-13
3.650140768092654677e-14
7.662558569306132712e-08
-2.192481475489480865e-07
-1.904519754716437531e-07
8.383769492400320285e-08
1.388642853329626496e-08
1.342066622482969072e-09
5.710644536712090861e-10
3.859120075013562278e-10
1.691226768330810988e-10
9.803725496468471623e-11
9.951623373942474920e-12
1.781456388532992175e-11
-4.393004433531033636e-13
2.395101342602587128e-13
1.522522756168379160e-13
5.154763704321512067e-14
1.580147624039058597e-14
-1.709520168088632600e-08
7.005776740936503420e-08
6.680213161532045746e-08
-3.557293029674847834e-08
-6.408286868408329470e-09
-9.424879219612586307e-10
-2.199807173067985423e-10
-1.043781270631862109e-10
-4.862946662057291246e-11
-2.743573064229051860e-11
-1.939053229002003349e-12
-7.230312752253253002e-12
-1.714287828133204575e-12
-1.044895860831137321e-13
-6.030274099875906304e-14
-1.369687051050987981e-14
-5.911165635610849082e-15
-2.106257927894286645e-09
8.819607062682272145e-09
9.164920017168574322e-09
-6.121280821642176558e-09
2.313863629306499942e-10
2.745753259326700831e-10
6.780478581993822367e-11
2.590869412484266675e-11
1.238902754118042862e-11
4.874498059138716010e-12
1.286030837530334873e-12
8.478263961430280308e-13
-1.635901155463242173e-13
-8.448140843085766592e-15
-6.582389078100111561e-15
4.279265475689394066e-16
-1.264162333571218668e-15
-3.113424091079335206e-11
6.084969301788546374e-10
-1.213585926181981836e-09
-9.840125384055116997e-10
2.783510310229601114e-10
-2.921740300357262901e-11
-1.672249725893023574e-11
-5.747474561154785567e-12
-2.954220521745712948e-12
-1.304901192770260611e-12
5.911959695001278252e-14
-6.568276120360390688e-14
-7.485231769665078716e-14
-1.235388776800311504e-15
5.933675024075645056e-16
4.733041969997267515e-16
5.816484464437345537e-16
-1.592505334107349735e-01
-5.459064096049104885e-03
-1.859888917656696858e-04
-5.238230282136819153e-06
6.653608331413389098e-07
2.729341652958993091e-06
2.485875668020258095e-06
7.792885530493440936e-07
-5.662454183726711836e-07
-9.035972990055088515e-07
-1.338596605168461567e-07
-3.347996130662976850e-08
-1.528900936838909658e-09
1.897766311870109993e-10
3.235375275032734113e-10
1.213789427594302505e-10
1.979138021006063286e-02
1.704720189319071334e-03
1.016893737702866888e-04
4.260372332312787153e-06
-9.913433864038714327e-07
-1.286988939095183767e-06
-2.031729036205955472e-06
9.307575613569039476e-07
-2.695630334314476439e-07
-4.074960575847516897e-07
-2.061117004950603141e-08
-6.805705685196334393e-09
9.617917252241239425e-10
-8.027379225444273129e-10
1.853337879119462204e-10
-5.763547030776855715e-11
-2.005605819807363636e-03
-4.205674694200013512e-04
-4.388602468905184828e-05
-1.598727364007239580e-06
6.275251487356822972e-07
1.079203103241739294e-06
1.135365201274146492e-06
5.278573337675810219e-07
1.089571673209403448e-07
-4.681180896900855791e-09
-2.065344037297640674e-09
-1.878519899900854764e-09
-3.535946658426203154e-10
8.759218224538767580e-11
-6.166058674192969762e-11
5.770544995895925039e-11
1.927262471024707865e-05
4.230368233684276034e-05
1.012826585072574342e-05
5.675968776812760912e-07
-4.522158763416641109e-07
-4.399300037111639990e-07
-2.823290745118339423e-07
-1.055139558811069618e-07
4.617549173877135270e-08
9.523471214662062526e-09
8.758808400032937275e-10
4.046068421892066423e-10
-1.666303844691610359e-10
1.470251902993555739e-13
-7.813359300627669072e-11
2.077278786148670331e-12
-5.209613556054359549e-05
-7.187394910757844994e-06
-1.933093745159817157e-06
-1.012593756939019808e-07
1.756042637395909371e-07
1.456976532855931962e-07
5.374773070299565555e-08
2.160627196648630671e-08
1.487179113718836316e-09
1.818037326187145974e-11
8.404314245592279199e-11
2.715706683184627232e-11
4.279367719934533003e-12
1.504990954916975965e-11
-2.800526913932057463e-12
1.821870221052276810e-13
5.751449138513480535e-06
2.123098703692113698e-06
3.675124428882080171e-07
6.487791888241358526e-09
-6.886274880484232717e-08
-3.885286476817643002e-08
-1.360502295027680600e-08
-5.288143574628209408e-09
-2.523759437767304662e-09
-8.783063743907698178e-10
-1.917372002899929413e-10
1.084165212494422465e-12
2.113660082015661426e-12
-7.149730620359505078e-12
3.920205957271853412e-13
-1.798354787685228926e-12
1.982836081431311940e-06
8.684458716743090344e-07
5.221279618092946047e-08
1.258160860169927621e-08
1.826936285720799266e-08
9.677899267398722634e-09
4.004511102531742393e-09
1.179013343368299963e-09
4.145072066314283219e-10
9.785381339510936025e-11
2.497112589581876932e-11
8.757397469909680741e-12
1.523576591895253574e-12
4.020193111310713640e-12
-1.684723999214088754e-12
2.223662442898621361e-12
-1.578248665664544373e-07
-2.915550219619117271e-07
-5.063629995390559257e-08
-8.601607800289237512e-09
-4.259366254088230565e-09
-2.273985367480670665e-09
-1.010635116556709442e-09
-3.507230486356117931e-10
-1.101348705169347159e-10
-9.531230448531337013e-12
-1.128153428320010954e-11
-2.102395350534866121e-12
-1.139137004144374006e-12
-3.278863192174014998e-13
-3.843842355820145835e-14
-7.201532254764602331e-14
4.585316572931472695e-08
1.220499090653643399e-07
2.306194988286822980e-08
3.752422731804026028e-09
1.113313096940987361e-09
5.038154769741484520e-10
2.303627127958545928e-10
8.299052586912067468e-11
1.980179014165807726e-11
1.483782296715440351e-11
4.256049818015975274e-12
5.605984160899282618e-13
2.864520955093610130e-13
8.385186799727852640e-14
2.483915365697627945e-14
1.239984186257310296e-14
1.074774298242121471e-08
2.316659357972824609e-08
-8.359484949271587949e-10
-9.575614399248028240e-10
-2.882497846231537659e-10
-1.127183826068463959e-10
-4.931724774483474177e-11
-1.804640787201686362e-11
-2.775329493176070304e-12
-1.900426828388185503e-12
-1.084648550348984793e-12
6.592263140784247433e-14
-5.508134173290897850e-14
-1.642477208535471217e-14
-7.727832985907291254e-15
1.284884135907323093e-15
-1.762123715864887709e-10
-3.325821554769372944e-09
-1.027467438960203716e-09
1.027244434847529462e-10
5.851518387546473464e-11
1.968282239378761279e-11
7.891655202377047657e-12
3.640931937259180808e-12
1.610847944411541705e-12
5.871243280397680859e-13
3.704726158929102204e-13
6.106579079818477356e-14
4.864968169962662603e-15
-2.631164520349347759e-15
-3.609494517000794404e-16
-1.336562810666753970e-15
-6.887427200453880016e-02
-3.512700642523172018e-02
-2.603901594080743846e-03
-1.427767716144376852e-04
-2.660356151676724104e-06
1.962606378852590873e-06
5.923987655121975451e-07
-3.988037374124305075e-07
-2.044820511874433474e-06
1.551918440240980551e-07
4.210978275399467747e-08
-1.323831926441758025e-08
2.939392153763470351e-09
3.407359709773967375e-09
-7.098381147923826088e-10
4.561611498329753899e-10
8.700447137636192090e-12
5.537217866747773691e-04
1.836284770438363807e-03
3.929347176271295980e-04
4.229276804574361637e-05
1.278819465974185011e-06
-3.144919984697411798e-07
6.537103732013822139e-07
4.145138951909126681e-07
-1.446200772317979994e-07
-1.440233684549575725e-07
-1.214133868677226342e-08
-2.142836294235977019e-08
-2.086534430247613535e-09
2.693088652522184671e-10
1.031765637007474252e-10
8.506428225551607007e-11
-2.794363596325396943e-11
4.111776223941290435e-05
-1.312486216191380177e-05
-4.225845886521795229e-05
-9.661767934328587283e-06
-1.769134221935070719e-07
2.249453168938922807e-07
-6.634487188714761840e-08
-1.762340016992368603e-07
7.088479714210575863e-08
-6.880900181662571639e-08
-2.401962260503276519e-09
2.635629656558359202e-09
1.219978849120081045e-09
2.116977887606623594e-10
1.393655552876665132e-10
2.065833683563614276e-12
2.299489928024677480e-12
2.087774722375249127e-05
5.612367522771829348e-05
7.502220366687033835e-06
1.834768454662189938e-06
5.404092469907191142e-08
-7.943874447998357957e-08
6.350699053556100022e-09
7.203665433625367099e-09
-8.390704915421893196e-09
-7.639096931157598674e-11
-2.313341528581844529e-09
-1.063263781309944510e-09
-3.183840688318431059e-10
-7.821734541869658395e-11
-2.963866929878350789e-13
4.951530330915466022e-12
1.100519012473103378e-12
-1.511126063246990273e-07
-5.712429192498424415e-06
-2.101641306364388112e-06
-3.429307412984892777e-07
-5.419255553330823048e-09
1.630978271636642720e-08
8.220607571177594936e-09
4.620252015264829344e-09
1.942954972170312452e-09
2.629171554350916264e-09
1.384548019956669602e-09
4.678687964271111020e-10
8.021952176139070887e-11
1.833369969556867022e-11
-3.814612091407760786e-13
6.872339861147002421e-13
-3.184546649972100912e-13
-1.660495864703980416e-07
-1.980212642858558971e-06
-8.728535846608252624e-07
-5.689640276883679570e-08
-8.150352480394371974e-09
-6.663255575258287808e-09
-4.596136597179923706e-09
-1.817822935989662232e-09
-7.238766846304320437e-10
-5.377482166085957400e-10
-2.231398463039447174e-10
-9.225822205079247722e-11
-2.693622531512247873e-11
-6.804193499062347065e-12
-1.361405529373752420e-12
-2.003706211315144134e-13
-1.212848865200204464e-13
-2.908703255045919918e-09
1.536211165465453558e-07
2.919725151183589884e-07
5.075743127517209053e-08
6.925692481996828248e-09
2.550971762107392241e-09
1.392621062332366909e-09
6.562353710773544125e-10
2.791385305276212343e-10
1.399259669922258012e-10
3.758818399371927069e-11
2.571741009950475835e-11
6.556682097698568953e-12
1.721725064783819976e-12
1.734085045763402193e-13
-8.114120015020068815e-14
-3.737996583686336974e-15
-1.768265954665946634e-09
-4.562389664181673504e-08
-1.221145129697708356e-07
-2.291752123359686376e-08
-3.403318528096508576e-09
-8.166971492072952453e-10
-3.883904382402966368e-10
-1.738066748242472989e-10
-7.828864892451025396e-11
-2.740844337005104566e-11
-2.125555772566191560e-11
-7.258493472832934308e-12
-1.483406830167911671e-12
-3.799559226690443117e-13
-3.882642408658614011e-14
1.716777512943753504e-14
6.565185502321689937e-15
-1.180174914963758472e-09
-1.094004610189800777e-08
-2.317609284344797105e-08
7.878614825499449005e-10
8.864230044063618103e-10
2.498374956959084921e-10
9.528439299781488830e-11
4.218367009120780577e-11
1.884377656798095199e-11
4.515798154149917015e-12
3.291668028448928675e-12
1.670790352018741547e-12
9.899983515077015613e-14
6.789068217432990939e-14
1.303598981680200668e-15
-4.226075125956014538e-15
-3.572914843742905800e-15
-1.199979458278169103e-12
1.898352022984137778e-10
3.334091784043586895e-09
1.060667385527011919e-09
-9.305994223906306023e-11
-5.996481500724231492e-11
-1.999473119806180056e-11
-8.414895598298323382e-12
-4.416708817498122317e-12
-2.250407891635934862e-12
-9.134176510197026753e-13
-4.461427928705118787e-13
-6.857950882490632967e-14
-3.594091071566698857e-15
7.767071447901876063e-15
4.217996055895229557e-15
1.433964676223702415e-15
