1.293691530098084186e-01
1.030707517524967809e+00
4.161089556571519882e-02
1.167385261619705667e-03
2.697361731346883696e-05
3.771225064993924411e-06
2.741119941681394511e-06
3.223626749606843501e-06
-5.322300642814519858e-06
2.915402021822148912e-06
4.433802911426302242e-06
9.083651664794329448e-07
1.392789170521200045e-07
8.303361185339160969e-09
7.411138463450252511e-10
-2.620246789109395618e-09
-1.690048128778510986e-09
-5.226619306676995313e-02
1.428176464030467274e-01
-1.468080455341505032e-02
-1.145585971862395211e-03
-5.422520193057761600e-05
-3.216885787503768470e-06
-5.282164986515352474e-06
-9.463129395919046084e-06
-4.425469605496942357e-06
3.814398914885905342e-06
6.357573694622333309e-06
8.499538054796448433e-07
6.844868846051702954e-08
-6.064799348192829342e-09
2.884787421994874578e-10
-3.476093743470451408e-10
-1.960503007086553219e-09
1.566975009037828784e-02
-2.189791407892518766e-03
4.212756051182799978e-03
8.782559642913397979e-04
6.986853066919202285e-05
5.514144248673521490e-06
-5.522808004286326682e-07
6.727301880912182478e-06
-2.906454531677797413e-06
-8.873155919606394162e-07
1.871065399511926726e-06
-2.180301069769206205e-08
-1.312735178664360928e-08
-1.350656812071382453e-08
-5.438917451822477294e-10
-3.100334066294196444e-10
9.322744910783404312e-10
-1.684763317217711663e-03
-1.091465395077482895e-03
-5.852476982043109928e-04
-2.813837167504172772e-04
-5.961173234455067994e-05
-1.415595528835125703e-06
-1.897221336061566080e-06
3.134180616720571758e-06
5.635197375356126072e-07
-6.143958726967281719e-07
-7.849322401094144760e-07
-1.386089631741431369e-07
6.397983533104092519e-09
2.139772776628519276e-09
6.755009818216826123e-10
8.463042998092992889e-10
2.624066654940617537e-10
1.141086981440421288e-04
1.890320737341134080e-04
1.488759341835316924e-04
5.338176065204408067e-05
3.902874740784785805e-05
4.111488420879228952e-06
-1.787753585549408584e-06
1.640236860091940788e-07
-2.040978426304062445e-07
3.026193093994037492e-07
-1.256717097285624378e-07
-3.015023986475062864e-08
6.971626071247360150e-09
5.249297650583058453e-10
-1.559419391856605179e-09
3.035495406634301362e-11
5.522675553240518956e-10
3.386865366415456433e-05
-8.118643414201638197e-05
-5.238080085502019859e-06
-1.245019640161529553e-05
-1.572610226715542541e-05
-1.454048858824532113e-06
-9.838974402426014266e-08
-2.393824278805650555e-07
7.971917834646324747e-08
5.219346902143599864e-08
1.861048384122348211e-07
8.379938553176995952e-08
1.275003453607822797e-08
1.455427370972584362e-09
-7.976869316992290902e-10
-6.722486308835488121e-11
2.009276716024727122e-10
1.060487083337921727e-04
-7.742230752919966130e-05
1.702761687171199672e-04
-3.930073939260028063e-05
-1.738083522571724238e-06
2.208970340877171838e-07
-1.511144619323283879e-07
-4.104954098223645938e-07
-1.339499853420555451e-07
-8.330160338572587658e-08
-7.008092544367752198e-08
-2.651661336099793218e-08
-6.683525061869725447e-09
-1.348115943300960603e-09
2.051122238236033928e-10
8.151177821624992156e-11
-1.687060885731678916e-10
-3.039899531508946773e-05
8.603015230224404634e-05
-5.111946427965488566e-05
3.515799058584191894e-05
6.871104241644422438e-06
8.619988924283937625e-07
5.052959426753544584e-07
3.257790934604719271e-07
1.649404316247894964e-07
5.544667636044584061e-08
2.773858915704885433e-08
1.660929871079585276e-08
2.934263677523171451e-09
1.170736858297171682e-09
2.987898253525402982e-10
1.148736590531190821e-10
8.209227898280949806e-13
1.146972715074872723e-05
-6.287697881453842665e-05
8.081973690320048791e-06
-3.606529929609737415e-05
-7.499445578074731695e-06
-1.542343997292293149e-06
-4.688328707822379229e-07
-2.258135175100263121e-07
-1.096235647288729590e-07
-4.623175228103583107e-08
-1.438946022464898315e-08
-1.043759449924825860e-08
-3.826666597397292470e-09
-8.646522432330369316e-10
-2.299605552619663589e-10
-9.450386439216153764e-11
-1.861216262465772457e-12
9.661239572593513348e-06
-3.558836871853583885e-05
3.712730948851393720e-05
-2.419190428154944418e-05
1.120902655843773281e-06
1.216913771621766259e-06
3.844183328262173590e-07
1.291778557914419603e-07
6.234437925708195469e-08
2.735654719634671974e-08
2.520957292752663180e-08
4.260047316561490059e-09
3.917419695826357039e-10
2.563104021344087627e-10
4.681292616053365591e-11
8.527203421836044470e-12
-1.481038071033494901e-12
7.182796737943851135e-07
-6.414533538306489193e-06
1.296904596374372353e-05
-8.889209008678497124e-06
2.467799671445831219e-06
-5.636192012087714668e-07
-2.017151200843228332e-07
-7.333415362719425358e-08
-2.842707309292461685e-08
-1.105712292759658205e-08
-7.345767421512661094e-09
-6.286864103368608678e-09
-4.220191203056769494e-09
-3.357311111644517923e-10
-5.189216198505192427e-11
1.336458349967354395e-11
-3.464136005547321516e-12
2.728310223616790819e-02
-2.630520915387514480e-02
-1.791302103448779099e-03
-8.200299801194014431e-05
-8.307115369149914460e-06
-4.218020790764107920e-06
-2.067047641959057491e-06
8.604579306310471308e-06
4.184194749255492252e-06
3.188347303795711429e-06
-1.982272625369778303e-08
-6.463150262398918695e-08
-3.221592093823301420e-08
6.535487186576683498e-09
-4.667227796490621052e-10
2.304869283296423744e-09
5.055949576480790525e-04
3.893540261691433302e-03
8.134487372683000487e-04
6.754164715909012032e-05
1.712668863294427753e-06
3.099366507035387422e-06
-2.673157584124155932e-06
7.406408938704049720e-07
-1.349961407891852923e-06
1.369851660050545408e-06
-1.231499790615215027e-07
-1.820729809800868799e-08
-5.023279179873136669e-09
1.256450236587134655e-09
-2.463780673284134333e-09
1.302766680524811705e-09
-9.480159922680164199e-04
-5.602498360410847460e-04
-2.862674368166584081e-04
-5.797459753311047932e-05
-2.614986701065507718e-06
3.835426244608431033e-06
-1.059483911575251713e-07
1.368839778295799161e-06
-1.329613475398565012e-06
-8.331395073284674849e-07
-1.407128551384628356e-07
1.460139654158441933e-08
1.116985909604399865e-08
7.085899504928441507e-10
-1.077295904598993437e-09
-1.521690992404738542e-09
1.833930627013329333e-04
1.582035191006077031e-04
4.942635219880053040e-05
3.805871749603919929e-05
2.313740604381787698e-06
-1.361209148781143449e-06
-9.762668057370404750e-07
-2.331206499073936375e-07
3.843176698715637669e-07
-7.561475160588089618e-08
-2.298388696028880869e-08
1.490529349304147814e-08
-1.610013065058417160e-09
4.457307733346159178e-11
3.946636595727992415e-10
-7.360322239509935114e-10
-6.677353004154768673e-05
-3.735212196477338666e-06
-1.528697093888487388e-05
-1.438341334249430356e-05
-9.559752784630914790e-07
2.455280964268320559e-06
1.460360462642233050e-06
1.218716001947503703e-07
6.594807301635431637e-08
1.577747667789617465e-07
7.189178732637442173e-08
1.241520396920640457e-08
-3.987706466662170245e-11
2.396858875211552565e-10
-4.606163995672004896e-10
5.708469792042242687e-10
-9.806295579842323382e-05
1.684530593881880469e-04
-3.793984609981636627e-05
-2.892195212258542427e-06
-9.642721760725499570e-07
-1.384552683626187144e-06
-6.796925447780998018e-07
-1.731635832462440425e-07
-8.373517931746870553e-08
-5.963125940073115458e-08
-2.111445481598653165e-08
-7.090921211708890591e-09
-1.977639549391700547e-09
-1.931629884284569402e-10
1.337597935198000792e-10
-4.625360458328062657e-11
9.009850353076113072e-05
-5.132792207872404898e-05
3.523302898042567061e-05
7.656719760969615129e-06
1.684788275799092659e-06
8.199854366600073183e-07
4.072072407236810199e-07
1.796616643698467817e-07
4.081414732027432886e-08
2.000484238522656636e-08
1.486439321590322348e-08
3.196112638288439869e-09
1.459499546415923017e-09
2.162468780256983275e-10
1.303435585028243387e-10
-8.492854626022550041e-11
-6.351345102933028469e-05
8.185117213729271084e-06
-3.625454668788745291e-05
-7.985331205028161331e-06
-1.860326043657469861e-06
-6.349477010551395979e-07
-2.819605612905367363e-07
-1.151085222126739474e-07
-4.130008213752836443e-08
-1.101174189893329771e-08
-1.002888928572545943e-08
-4.058647738953942128e-09
-9.911769587159331931e-10
-2.267736495225307318e-10
-9.452743324629945757e-11
1.583675422435318996e-11
-3.670045215826215739e-05
3.700077815756332703e-05
-2.410990932041610674e-05
1.435913701715171017e-06
1.377290959804649382e-06
4.921429087369767112e-07
1.947210585242540349e-07
8.707313454757683455e-08
3.195582258429533892e-08
2.460680926010682971e-08
2.108374471192151401e-09
-5.698466533013886866e-10
1.627509236167161927e-10
1.009640329113928664e-10
1.784050322660277432e-11
2.303574507644216905e-11
-7.177989220366718677e-06
1.338251747461585802e-05
-9.534040949444416059e-06
2.257718647284591197e-06
-6.729708255925558728e-07
-3.481358553641854071e-07
-1.375582193302613691e-07
-5.229377005366902439e-08
-2.279103243140731578e-08
-1.013486078170288038e-08
-5.720915710670909493e-09
-2.285176801313670321e-09
-5.708957932572954170e-10
-1.459426326484319838e-10
-3.197799872599199930e-11
5.707081891283966623e-12
-1.023356927834709884e+00
-4.145807283413437128e-02
-1.162290547367313435e-03
-2.352187451468505032e-05
3.373368427877861660e-06
8.349203438017814390e-06
9.194032776294650442e-06
4.806108263768459246e-06
-2.448726248033838416e-06
-4.418221356879500007e-06
-9.172851183559087414e-07
-1.357246484998111661e-07
-1.387686355305319921e-08
2.667445032304310341e-10
-2.388698825779364062e-09
4.542397046502373734e-09
-1.501066245474457217e-01
1.433384391923792078e-02
1.135332107017011103e-03
5.375437047093005032e-05
1.140533721028534589e-06
-2.460891130074888967e-06
-6.199057131105112658e-06
7.185559227608761604e-06
-2.661485574014937244e-06
-6.152957172249492145e-06
-8.369062547505388594e-07
-5.261102173944030484e-08
4.080578719405629858e-09
4.873229414555503034e-09
-1.577944140418651482e-09
2.188592953379959965e-09
7.703286361445856045e-03
-3.789329569646492004e-03
-8.544462330102849199e-04
-7.252611048835871336e-05
-4.077550993215465842e-06
-1.817401301362380087e-06
-9.384491100284073046e-07
-2.172060099326846427e-06
1.147688744850565153e-06
-1.941370273255351433e-06
1.164249004745944958e-08
-5.144825997392197183e-09
1.220218573202312147e-08
-2.347822544998318269e-09
-1.492685589304929791e-09
-2.476004516033169350e-09
-7.051206417480568745e-04
2.890655212478519809e-04
2.590037462149365221e-04
5.595147154802103531e-05
3.361936028673815330e-06
2.422131952371887630e-06
-2.045552063356424068e-06
8.356768552235442795e-07
3.615763303894204996e-07
8.605279230908505568e-07
1.739410364653364032e-07
-5.705228195651855213e-09
-7.109491247203138369e-10
-2.694453647194159585e-10
-1.021091673598901578e-09
-9.904377791017457335e-10
1.782928498903430317e-04
1.283427062571601447e-05
-3.618412730592274581e-05
-3.936174321640194642e-05
-4.371828845965822262e-06
1.497851338648234068e-06
-1.205824024732769969e-06
4.161606465156227334e-07
-4.920021241225375306e-08
5.324554898391735000e-08
1.697728893409164166e-08
-8.221324822645004581e-09
-9.123675203340701659e-10
1.280066283939877676e-09
7.187126086554879531e-10
1.593891604782672592e-10
-3.189504750615450616e-05
-6.344511078124147991e-05
3.298502078816853134e-06
1.668020463173661749e-05
1.849791310187634616e-06
6.537330449864774359e-07
6.596244031825358223e-07
1.142102981524371420e-07
-9.805757219812684249e-08
-1.058501322685814692e-07
-7.518715089117809262e-08
-9.679505844120110823e-09
-1.575358633201087149e-09
3.634392442374404796e-10
8.769302963177717778e-11
-3.559246537661480101e-11
-1.550109752406735584e-04
-1.730043378945606241e-04
4.200906907033875355e-05
1.087052476941651522e-06
-1.178030957909104314e-06
-3.812364005770352215e-07
1.283869648066061279e-07
-1.184640817659318427e-07
6.044042217145653765e-09
1.832503073737867243e-08
2.118254236563396242e-08
4.229482372899461369e-09
1.195067553968682851e-09
-8.526039930514416766e-12
-3.283679872937324887e-10
5.639008153635454312e-12
9.559371323965977464e-05
7.931221825238857627e-05
-3.317380884176804047e-05
-5.986498281122688695e-06
8.765500717298663904e-08
2.384569148869471066e-08
-8.528223708667602954e-08
-5.014244515150922616e-09
-4.400338526352708795e-09
3.897834943765592556e-09
-1.317177981048629241e-08
-1.064930695215045098e-09
-1.063447425773018366e-09
-1.980968613890094811e-10
-4.384794664607184010e-11
2.353086328418290037e-11
-6.203526147485269988e-05
-4.346351950484121836e-05
3.111321331828745073e-05
6.416439272225050978e-06
8.363663763634549031e-07
7.201551480905180301e-08
4.470738336837165512e-08
3.509070699925159570e-08
1.831738004020602345e-08
-5.087287522349239915e-09
7.817128849793896698e-09
2.555044553604780836e-09
7.296365329649714429e-10
1.479576300415610056e-10
7.191835772338552118e-11
2.672589721635138752e-11
-4.207302353338388201e-05
-4.037011773577449348e-05
2.788841990719839628e-05
-7.712808584535576062e-08
-7.551898078939460417e-07
-1.407583689509868991e-07
-3.423972690779881252e-08
-2.721203290293959606e-08
-1.137402325537533538e-08
-1.157277900260206651e-08
-2.977810778191002982e-09
2.721158690771585283e-10
-1.086164310818465070e-10
-1.576494958301761363e-11
-8.530342080561212571e-12
-9.368581761192890508e-12
-7.735770666380193926e-06
1.140914916526929390e-05
8.089078629876981133e-06
-3.074733555770922203e-06
3.197008376683431442e-07
9.162670812874453797e-08
3.368631628526989316e-08
1.555145416493508984e-08
3.179391967191286316e-09
2.995904592211094247e-09
5.188729903253851527e-09
3.970381984811306605e-09
2.599603256971398069e-10
3.433417835706668402e-11
-1.443001029958425611e-11
1.248140084785721952e-12
9.101702116259871578e-02
3.860814577763358596e-02
-2.580728547489048383e-02
-1.776188321837506674e-03
-7.919032722351570489e-05
8.425588058518884330e-08
6.770303189497998439e-06
2.226406388528611097e-06
5.226805689091246063e-06
3.842998657120143987e-06
3.385056051286777324e-06
-3.541825570452621686e-08
-4.587772377307315702e-08
-2.877161002425416565e-08
1.214064834041292473e-09
-9.140208927631636950e-10
-4.891986473032420107e-10
-1.450945109968894073e-02
-4.604092905415755124e-03
3.490907346659289940e-03
7.928689355453508907e-04
6.588709061026487080e-05
7.452221985507814050e-07
-1.495320554887891616e-06
-1.426611600389037542e-06
4.853829740904470996e-06
-1.621555078991537147e-06
1.402022373428961872e-06
-1.141106892882521597e-07
-1.689355498063573431e-08
-1.370087306507974514e-09
1.266294687903410632e-09
-2.449496960527204775e-09
-1.280401834157774884e-09
1.576420614963412042e-03
8.638493888487219687e-04
-2.634180095245610624e-04
-2.665047258818322709e-04
-6.128246172841776164e-05
-4.948455653952999412e-06
-1.702864150749270319e-06
-4.031075989253399512e-06
3.521889086640328440e-07
-8.469450471284362706e-07
-8.717520603619346528e-07
-1.356604104174573725e-07
8.629351641358686808e-09
8.948042858890798330e-09
1.160670393536706419e-09
-5.878087551565695694e-10
-1.818323793137092722e-10
-1.241098100596786376e-04
-1.749333196930459350e-04
-8.959256255129674978e-06
3.207699456972055546e-05
3.932847721977507675e-05
5.517650038386858526e-06
3.872469076984811151e-06
8.129701736648692992e-07
-4.734052523670303185e-07
1.623713466924582849e-08
-4.978449932907048804e-08
-2.248211163858078399e-08
1.791650233609183506e-08
-6.178601503458539808e-11
1.786578592638573725e-10
-5.135105453636383849e-10
2.300398221443456296e-11
-3.250383980868441698e-05
4.550118286040777513e-05
6.345418201751358914e-05
-3.873868862116674765e-06
-1.786379070063764355e-05
-3.882519921655038787e-06
1.409662860266204439e-07
7.214666140780645817e-07
-2.641158845406266833e-08
1.704161288026155949e-07
1.118766431856423898e-07
6.454950316407800051e-08
9.211577015214198202e-09
-5.872393170591092597e-10
3.039601817964368658e-10
1.594147709153725634e-10
3.926635959446568599e-11
-1.055106241231981755e-04
1.309428959322104136e-04
1.719757115785013556e-04
-4.096072882453078410e-05
8.284489617973549147e-07
1.626185726606982208e-06
-3.036621937709620514e-07
-2.682389501845771361e-07
3.346691506671756972e-08
-4.824313365889934937e-08
-2.271798189646592165e-08
-1.736590307924757898e-08
-4.371114459265594134e-09
-1.451999115156571474e-09
-2.338363781048519218e-10
2.246774502349971471e-11
4.590473233217598100e-11
3.203700201777269317e-05
-8.976362244754327040e-05
-7.952296992000902945e-05
3.243053183021890151e-05
4.986234637338735226e-06
-7.928354590726247002e-08
6.519489034202009243e-08
1.213891411490299525e-07
5.054369948622099178e-08
1.411950357752174798e-08
-5.693035848412834729e-09
1.222313679938829358e-08
1.023940006452428244e-09
9.430528071296494342e-10
2.045596879720774489e-10
4.892370943971981696e-11
-1.060051654866961426e-11
-1.236553381322326705e-05
6.082960063257689473e-05
4.367393124906386516e-05
-3.078475528937795152e-05
-6.138889990666705673e-06
-8.162691474731163067e-07
-1.248113105821741137e-07
-8.630451535114194708e-08
-5.329613373924858933e-08
-2.273376661428943788e-08
4.676534897179043717e-09
-7.741715101250532591e-09
-2.351053118738283529e-09
-6.364203759954917834e-10
-1.676358942361114652e-10
-5.676759690435015616e-11
-1.888100850630451626e-11
-9.164794854028877977e-06
4.103780002648098281e-05
4.028784597452273624e-05
-2.783437646153835287e-05
6.469686403303568443e-08
7.523313031332693342e-07
1.777940104982356523e-07
7.944335616237546132e-08
4.861367190050746609e-08
1.610242422102644190e-08
1.351658966821281170e-08
9.306310328710219575e-10
-1.675553175453149441e-09
-8.527845028292165645e-11
3.115810291007158871e-11
2.361567760105559962e-11
7.700244583477694661e-12
-4.436576820594354012e-07
7.283497305065272871e-06
-1.322493729838661780e-05
-9.030497093213744233e-06
3.215549548418328522e-06
-2.505508095523082568e-07
-1.462821233477436677e-07
-6.053550901563266725e-08
-2.203656498785326401e-08
-6.417132745070981065e-09
-6.436813485233369044e-11
-3.938038085571083251e-09
-1.415049760908346630e-09
-3.849597378203756347e-10
-9.577399300493554805e-11
-2.015651471091035637e-11
-3.148898712841040453e-12
-1.482431704696479946e-01
-4.084374457111039983e-03
-9.015065769366485183e-05
1.511201110256064131e-07
-4.508628680267408066e-07
1.173028033057039597e-07
-4.261769364282521746e-06
-1.674601792772091881e-06
-3.240270735858294207e-06
-1.146154759511741977e-06
-2.137813605266804636e-07
6.238137648126815799e-09
-7.653692329823080236e-09
-1.314996972370461257e-09
2.821815944161189757e-10
6.407808252379894661e-10
5.451817108902391046e-02
4.131240942709416171e-03
1.829361593589372585e-04
8.181246785182568957e-06
-2.372171432589378705e-06
1.474899592431609722e-06
-4.686857147266011176e-06
6.230282002104263003e-06
-3.874585748572655791e-06
-1.435058207503975863e-06
-1.090814331274260135e-07
-9.040030689316932686e-09
3.178924873010732703e-09
1.036106253302221117e-09
-1.599173610872647343e-10
-9.374390581237740158e-10
-1.635026154101492865e-02
-3.052570860436285265e-03
-2.600530773205256860e-04
-1.000708464475382466e-05
-3.365874629280897949e-07
5.040494080603781155e-06
4.316511443841960270e-06
5.154885589560029073e-06
9.426921493464659028e-07
-1.942575292763744399e-07
1.381453448554301252e-08
-2.448400328149365571e-08
6.344712207741180497e-09
2.856837810408678297e-09
-6.797512143843472435e-10
-2.975058970987574474e-10
1.562335157568326641e-03
1.017986438104497579e-03
1.832608524374406799e-04
1.264364367409637306e-05
-1.538202588888335558e-06
5.571161762229160434e-07
-4.446123313663165658e-06
-1.549918969316560211e-06
1.665262263541373883e-06
2.787071699682477955e-07
8.517992207246684240e-09
-2.520464069263200796e-09
-4.243610797474435442e-09
3.150852708818040700e-10
-1.107683130619304055e-09
1.429060634368853191e-09
-6.704846242370929516e-05
-1.836561229811925358e-04
-1.117260843337593437e-04
-1.230473915459759493e-05
-1.331709689037180076e-06
1.793250302062058654e-08
2.124304853556795267e-06
-2.169299371755021370e-07
-2.676978213920064561e-07
-8.234680148203123898e-08
-1.048000139726207584e-08
1.327548954746057154e-08
-4.342034909659641442e-10
9.313593463970359405e-10
-1.062036262993410581e-09
3.378471390249720250e-10
4.971106810712403145e-05
4.616026788926141797e-05
5.089207455587425774e-05
8.143777464453760899e-06
-2.172188905321118683e-06
-2.075023365760945586e-06
-5.765745181455905755e-07
4.441984905182300920e-08
-1.472950145490391009e-07
-7.311997294376412303e-08
-1.306708361749402854e-08
-5.255089650844789828e-09
-3.254245405931188555e-10
-9.434347009117254682e-10
6.048403715362430866e-10
-6.699381186601086125e-10
3.058500717987284014e-04
1.320134223298758487e-04
1.136957674495705774e-06
-1.943647624876665840e-06
2.398196166058882379e-06
1.798158055868903326e-06
4.522509922624024840e-07
1.272737793677081174e-07
1.021180205114445763e-07
4.974683255453766875e-08
1.814165983192730752e-08
3.258901044012193308e-09
1.030983870894220462e-09
2.841367509437917388e-10
6.132388562146855052e-11
7.853877828766061412e-11
-7.278556900925352161e-05
-1.105972121765703926e-04
-1.808431102564543602e-05
-1.895331118413044285e-06
-1.497021581331210699e-06
-9.976223986247040824e-07
-3.978398041941349732e-07
-1.400673987340304611e-07
-4.475689517225668787e-08
-1.959257642406230628e-08
-1.060354454808398311e-08
-2.599072992961962219e-09
-1.014090843135436983e-09
-1.437289432532460441e-10
-1.089753417360824364e-10
6.879686692409228974e-11
2.354920526171134262e-05
1.013717817523038169e-04
2.210469854007680269e-05
3.622475455805150185e-06
1.104321949739430601e-06
5.543110456002634215e-07
2.816030391716902892e-07
8.255159115978533639e-08
2.746670574195248064e-08
1.740163611269540332e-08
8.485522667868676073e-09
2.085649042208249628e-09
8.106703447440700496e-10
1.838366377275474307e-10
3.861315858605040417e-11
-3.038622274486406478e-11
4.268838878521068561e-05
1.016285402036135819e-04
5.115901765550065268e-07
-2.897778607500225075e-06
-8.349712620963295534e-07
-3.338043904072456864e-07
-1.658832591673382578e-07
-5.596553851221965444e-08
-1.497485682669808552e-08
-1.486918216617966105e-08
-4.581545108423328918e-09
-9.450734562204540290e-10
-2.660622108214414585e-10
-1.031022140580468404e-10
-1.656779836322528150e-11
-1.190867422854690563e-11
-8.956061086015823611e-07
-3.568562050311998359e-05
-1.180690024343496891e-05
7.944572416429352554e-07
4.673532187356962230e-07
1.493602266661470311e-07
7.734582723480500174e-08
3.026494057742662914e-08
1.591693411046828501e-08
4.380678699159897806e-09
6.764241310006399943e-09
7.371233478485282148e-10
1.097414122401783933e-10
2.060548872277723296e-11
3.799847163730146200e-12
1.600450540506163712e-11
-1.975454801955640327e-01
-9.719701470785700737e-02
-6.363041211095097835e-03
-2.747243011320615142e-04
-9.695052545768246023e-06
8.601512544528054226e-07
2.771961564541742166e-06
7.928401676736165778e-07
-2.039694332827119639e-07
2.417624425884773271e-06
3.480787593985666174e-07
-1.499704538554691979e-07
-3.247397909149446086e-08
-1.484913278635459003e-09
4.348345628862790393e-09
8.288952942932257942e-10
1.913127715902041125e-09
4.784091728483286579e-03
1.498399848769933242e-02
2.842263188257886097e-03
2.441140163597257766e-04
1.279291339364092837e-05
1.003147931344205912e-06
5.813306412902876838e-06
8.342281594954471121e-07
-2.064413784459465514e-06
-1.778656697399341680e-06
-1.964815815559338366e-07
-4.423425259868974792e-08
-7.304012668604802725e-09
2.556914374058086709e-09
3.533083352940257635e-10
-1.342189594670996407e-09
2.605735949618785016e-10
4.210308094460996921e-04
-1.453702008924052979e-03
-1.015937296383519033e-03
-1.819606205786971807e-04
-1.107292577247752096e-05
-4.089079576586966703e-06
1.930898385429049693e-06
-2.035408791603085177e-06
1.266499277930075730e-06
-1.847321371007089028e-06
-2.207453548602421574e-07
-5.043248058616150383e-09
1.883071690264276175e-08
-1.410741584528269815e-09
9.767149744611209526e-10
-2.706619575944327043e-10
-6.864282452183622560e-10
-2.693073282435586648e-05
6.093456254223629341e-05
1.910012851276465871e-04
1.114309603264074748e-04
1.166137480828021793e-05
-1.724574715959521299e-06
4.009284419989690456e-07
3.391020091534986168e-07
1.283788632712859855e-07
2.681789806419547455e-07
7.381259922205797398e-08
-1.252404775610926783e-08
-5.939448243320639865e-09
-1.748861813389316824e-09
2.495193341820093306e-10
3.205769058403639681e-10
2.604324836481047643e-10
1.503124693744544074e-05
-4.232869243022169986e-05
-4.301067696540945986e-05
-5.143697304352861163e-05
-6.528595066189380629e-06
2.413277198901188020e-07
-1.852448665381901555e-07
1.549226357715107913e-07
-1.063774543358694675e-07
1.855542314544552380e-07
9.540272754808096650e-08
2.581676020255900745e-08
4.942501328077898788e-09
1.058430555389633631e-09
3.516867418103311003e-10
-8.193933036242173227e-11
1.837154621269217054e-10
-2.904233035368364543e-05
-3.082025851579856392e-04
-1.349583607735002036e-04
-1.643068808044419598e-06
2.316305056810417281e-06
6.007535327625222238e-08
-5.797842876695927873e-07
-1.737495857966238270e-07
-7.786144291692453431e-08
-1.287332121675932972e-07
-7.298202695371436434e-08
-2.211069249008103724e-08
-4.337829761780234816e-09
-5.800081720203353568e-10
-1.748392047891933704e-10
-1.198804457689875733e-10
-1.780511158302094368e-10
8.490276421274486495e-07
7.260570407362210415e-05
1.116150447378568054e-04
1.840003669746707307e-05
1.009876348977642703e-06
4.513265209124464244e-07
5.975531019409580218e-07
2.517669447635802594e-07
1.238300470815891015e-07
6.062990203499008019e-08
3.112793990176502963e-08
1.261749095034548514e-08
3.169047465329216343e-09
6.218510422839976231e-10
5.988576576521041639e-11
5.928554286491264500e-11
4.724503020736919576e-11
1.728606836286115318e-06
-2.351597872621353271e-05
-1.017092824513683903e-04
-2.206955735035368292e-05
-3.132787332561036607e-06
-6.935410004437331148e-07
-4.496319050306990799e-07
-2.295558116248230091e-07
-8.780555268745630919e-08
-4.013573129427236809e-08
-2.219491017668323343e-08
-9.827581447974001559e-09
-2.407410334040524676e-09
-6.263626022298695489e-10
-1.635893593399647426e-10
-2.458384604625347873e-11
1.914839324101725275e-11
-3.416954038361322647e-06
-4.259664861241464919e-05
-1.013996089814648205e-04
-5.629647586713191465e-07
2.553833660407510656e-06
7.213388386642848935e-07
3.272305252570473394e-07
1.743482756415649745e-07
7.323813165293948576e-08
2.694620911688282979e-08
2.005678624157736350e-08
3.511410470691109196e-09
7.739287282891984454e-10
3.266458935980817025e-10
1.229249959190714558e-10
2.018786450189934093e-11
2.279045386424486712e-13
-2.401232813431407753e-07
1.080760540469643662e-06
3.559481408857209916e-05
1.255888039045838666e-05
-6.152277306769923090e-07
-5.858710820239953833e-07
-2.318181698509888782e-07
-1.158988181284538692e-07
-6.002511368969584552e-08
-3.507645412038667027e-08
-1.338184294005699858e-08
-6.850673648522465802e-09
-1.152040128697172383e-09
-2.940143067919794686e-10
-4.491460801809525511e-11
-1.667425713067439118e-11
-1.419335111545277966e-11
