1.336127849084415842e-01
1.028314598130170898e+00
4.282724539383674089e-02
1.306041158356652850e-03
3.660237565682881094e-05
4.097049935517628920e-06
3.462828411802163440e-06
3.579198999586474009e-06
-3.766544219213041765e-06
7.087280519876484550e-07
3.222511102334080696e-06
8.586580595410914634e-07
1.145339557971392993e-07
1.070156631479109565e-08
-1.047002414955427484e-09
4.979518321131511680e-10
-3.867575982690404299e-10
-4.256142223030110611e-02
1.140483742946989260e-01
-1.194949712406048400e-02
-9.990637798394891127e-04
-5.275149223044470128e-05
-3.840741225663918258e-06
-3.339007057177092359e-06
-5.455342140620888775e-06
-1.496649619374624983e-06
6.645049250773938498e-07
4.274245977462997427e-06
6.404799388267575347e-07
5.532743577885457653e-08
1.322101862729686124e-09
-7.453508909560835279e-10
-1.707384857528387576e-10
-3.323559135742080914e-10
1.020973636323679878e-02
-1.340914597714192285e-03
2.768232072444582262e-03
6.012778276905418606e-04
5.517492657320718235e-05
3.762527149737061486e-06
2.782085673144351381e-07
4.471886302206612494e-06
-9.837695649032623103e-07
-9.294517816173879719e-08
1.111178860551806835e-06
-3.279380726260702461e-08
-1.769623545956786734e-08
-6.108073131563144365e-09
-7.791361097229669771e-10
-2.076584845389090718e-09
3.293419247383878622e-10
-8.270550313445080865e-04
-5.899178690708304067e-04
-2.865672402699024398e-04
-1.484908080941952746e-04
-3.352782820604425861e-05
-1.237336493649740681e-06
-8.964843943880505116e-07
1.421891718447790235e-06
3.465812943468587274e-07
1.889515692552170705e-07
-4.398726391373499641e-07
-6.677552607537709435e-08
7.767766746410781996e-09
-1.281223321162602920e-09
-7.876825438121383221e-10
8.769833153830723948e-11
-1.390906170490259920e-11
1.954287154837359107e-04
-5.803965368221621665e-05
1.674840471365480804e-04
2.922901420045329038e-05
1.725599006101870999e-05
1.468040406151203639e-06
-1.090850626139398434e-07
-3.785245699591270587e-08
-1.138654448060135141e-07
1.192838952109679162e-07
-9.270143307499593959e-08
-4.140402359375284312e-09
2.165159389870249244e-09
3.051906028618158863e-10
-5.637740519884574652e-10
7.406797850097656623e-11
1.661270797841662122e-10
1.861269330467029356e-05
-6.911756937032121782e-05
1.408216977264803745e-05
-1.208234842315347340e-05
-5.358530552350040069e-06
-1.186307830695342108e-07
6.934841935445151597e-08
8.969524623501939190e-08
1.079002465268262887e-07
-2.749886918389994012e-08
6.102858643758998275e-08
3.831329346210784175e-08
5.750123314369012126e-09
5.604633451727941603e-10
-7.921129457133301347e-12
-2.653933536612884461e-11
1.555605104339348206e-11
6.293846390621998365e-05
-3.871831155175222880e-05
9.767089493050726886e-05
-2.278847997588828123e-05
-1.239046951391145493e-06
-1.639128699151942391e-07
-2.114536625276183583e-07
-1.927715267893415614e-07
-8.159347923175525396e-08
-2.421852370355608127e-08
-1.579102634040083688e-08
-2.923114665015495832e-09
-2.391068657726522957e-09
-4.308848224507994954e-10
-8.485523761130756751e-11
-6.877262660975726702e-12
-3.258704435039115519e-11
-1.343495983862519535e-05
3.773001339245797960e-05
-2.242704308215222618e-05
1.619352648245056412e-05
2.852723890920835636e-06
4.006294493688046249e-07
2.262635874064162592e-07
1.204297553589692130e-07
5.750770702454827585e-08
1.546643407015483916e-08
8.417510447085142865e-09
4.889164756938303673e-09
5.789417934441132846e-10
2.106492135152106293e-10
9.389814079566488177e-11
2.503736967290189453e-11
9.060818996362376307e-12
4.903343272138577531e-06
-2.266479211781118516e-05
6.137768788342924451e-06
-1.346182861799051732e-05
-2.648192358678137041e-06
-4.929686592375672306e-07
-1.433974128964207741e-07
-7.104107472641615480e-08
-3.148975589732543988e-08
-1.058945514320198328e-08
-3.926177767232215593e-09
-4.012387333472501248e-09
-1.162129090220892459e-09
-1.315231508205805621e-10
-5.728480473643222608e-11
-1.081296213064998691e-11
-2.600717529182895680e-12
2.222234640425992309e-06
-7.687317098680854452e-06
9.069237307033054023e-06
-5.248159996185930658e-06
4.033630750480025392e-07
3.191217910645366578e-07
9.484153373197155151e-08
3.703526522747553752e-08
1.407199965632236072e-08
5.911806196476909256e-09
4.674005424765825854e-09
1.357994112152160057e-09
1.275336166717552799e-10
2.076114371538257605e-11
1.336117649702329547e-11
4.013746928033335707e-12
-5.441598194370555499e-15
1.295984828738960363e-07
-1.235639604055605130e-06
2.501232236032676754e-06
-2.041554101179606468e-06
4.788487013359501307e-07
-1.116000384452920485e-07
-4.223817689599469477e-08
-1.437693032794640246e-08
-5.221439357021115981e-09
-2.045472515880623620e-09
-1.140168116401835787e-09
-6.565797549518020113e-10
-7.484151071395917803e-10
-5.440912680554883356e-11
-1.225442220967026790e-11
-2.579062946786088488e-12
3.782789937867760183e-14
2.161669406499096974e-02
-2.145363669851498706e-02
-1.550554932708722317e-03
-7.736979190818714836e-05
-4.058451363337080198e-06
-1.024017093523617474e-06
-5.761303957605320516e-07
3.656163555917882458e-06
1.764362560598506625e-06
1.939646668108977477e-06
8.900746365679075969e-08
-5.410288350847204245e-08
-4.385102000169412691e-09
-2.855888093380877126e-11
1.852172404175104977e-09
2.731907229225941438e-10
4.307268743206268936e-04
2.555153846904395683e-03
5.600746289253973617e-04
5.178080146813185386e-05
2.503276355976573315e-07
1.052118497118669449e-06
-1.462822478068751766e-06
-9.137195398571784704e-07
-1.193542328064118601e-07
8.274649616056411262e-07
-5.086466792080668693e-08
-2.339414253141966313e-08
-1.623822228330410473e-09
-6.225501005138288973e-10
9.354539507660293508e-10
-2.699491824346912073e-10
-4.965454390617747137e-04
-2.754852440455546076e-04
-1.513958929443381236e-04
-3.343042885093574395e-05
-6.871165425173396967e-07
2.353335492840168997e-06
1.481021996043892146e-08
6.781577189133416108e-07
-1.203300184500205898e-07
-4.355847767184758457e-07
-8.908156066147229658e-08
1.005911396582361608e-08
2.225170970603967639e-09
7.416764116850953277e-10
-1.398493483119269386e-10
-3.228499179922972874e-10
9.260933962111078931e-06
1.751276419762206563e-04
2.982000559222454156e-05
1.627760212986864691e-05
-4.227025919616393855e-07
-1.249604891641323717e-06
-1.289733269734133192e-06
-1.054369948955008718e-07
9.852387340247753035e-08
-6.332695748776662068e-08
5.173089809251559280e-09
4.706337959537419214e-09
7.661402883050994313e-11
2.737192376193126109e-10
-1.614384202637870761e-10
-7.815204070114687448e-11
-5.986259510424476299e-05
1.546971701625027810e-05
-1.269546535174871363e-05
-4.494372458033508146e-06
2.945048339341329801e-07
1.419604711971690332e-06
6.863514319848329303e-07
1.316986888649278418e-07
-2.878503299747256612e-08
4.503480278927594343e-08
3.388140064070323796e-08
4.563620551208348100e-09
4.194442474386908212e-10
2.621326438275891988e-10
-6.978789958570545438e-11
7.722863186206480216e-11
-5.132876260408134484e-05
9.702763010547294366e-05
-2.258454067439896891e-05
-1.955516597672825502e-06
-6.030375975392231830e-07
-6.912102148206244077e-07
-2.510477179056096612e-07
-1.007211728172741860e-07
-2.286839916185657269e-08
-1.055765604251250141e-08
-8.213735298766506576e-10
-1.965746556557963890e-09
-5.177148259297257294e-10
-2.117290173620775011e-10
2.749633069055208868e-11
-3.650792400028463625e-11
3.979757704287554437e-05
-2.240681993221105034e-05
1.622551727180114535e-05
3.192483150333021593e-06
6.557353435455135854e-07
3.112648303846911240e-07
1.527829479007737387e-07
6.258180349569697937e-08
1.080176878758799159e-08
5.443099690691140851e-09
3.774267840472195153e-09
4.572229038007324182e-10
1.865875973314563907e-10
1.067814066247843308e-10
1.363213254124698544e-11
7.175274707208344145e-12
-2.327179141278770875e-05
6.083022169905339610e-06
-1.350581870815092436e-05
-2.785675722549367875e-06
-5.742682489855947961e-07
-1.944752020106675239e-07
-8.617109360978587872e-08
-3.235859753597568082e-08
-8.682082156145778379e-09
-2.666631772251686697e-09
-3.506975591172179678e-09
-1.068468940196656158e-09
-1.184923421432190504e-10
-6.326008555891000420e-11
-1.504333680142438337e-11
-1.828889462411053434e-12
-7.964366741914576079e-06
9.066046877704056118e-06
-5.237601635657856341e-06
4.568364540449544814e-07
3.509349160611321927e-07
1.114236656837123902e-07
4.612108915052880431e-08
1.743214010030548791e-08
5.871044543590452292e-09
4.239996105944048576e-09
1.058580100888294070e-09
-6.884549495377170988e-11
-2.698507854893597626e-12
1.953584812827321622e-11
4.377965471034995751e-12
1.850969189996293838e-12
-1.396210021535866186e-06
2.551016894422677797e-06
-2.141180356441406902e-06
4.460724515742505068e-07
-1.244997409304410422e-07
-6.228718525723348020e-08
-2.352133676649319390e-08
-7.800899550515207871e-09
-3.184633760009223263e-09
-1.914326425220072688e-09
-5.993017635640043160e-10
-3.822041088914805173e-10
-7.210135831095453448e-11
-2.300114473359801152e-11
-3.336260285016233830e-12
-3.319006537005757899e-13
-1.020090601971458399e+00
-4.261072858162961302e-02
-1.298717557522098597e-03
-3.295108816218426224e-05
2.670426604458482662e-06
4.914407892807652004e-06
5.550112214752146692e-06
3.667101806976374873e-06
-6.182253642711840193e-07
-3.159167224823664023e-06
-8.600406529007440475e-07
-1.122916675107818779e-07
-1.908229633501497080e-08
2.417114161263679751e-09
-3.128338216186518607e-09
1.870803285744331283e-09
-1.203539418605216044e-01
1.162363941099460972e-02
9.867638760017506151e-04
5.104677772457766951e-05
1.696724918719834183e-06
-1.267250965935191529e-06
-5.417365206991271855e-06
3.845130410215027598e-06
5.475574085848012829e-08
-4.123204319225181875e-06
-6.207649391097168434e-07
-4.564610723270909543e-08
-1.714847212099503413e-09
3.510032466236076510e-09
-6.014316116652655301e-10
8.888624904117183935e-10
5.098192796493265094e-03
-2.453798930659371273e-03
-5.854085278730097788e-04
-5.674351288902556369e-05
-2.052549714948064457e-06
-3.150395409888450756e-07
2.758923777526152542e-07
-2.353314116685025557e-06
3.928323930166195834e-07
-1.180474762519878222e-06
8.906069925510613643e-09
5.059886648257702605e-09
8.597439115630931108e-09
-1.004621962633293327e-09
9.956402078424033814e-10
-4.306409641134396908e-10
-3.621949871625651605e-04
1.147376277688025542e-04
1.371803573881877673e-04
3.340280012252936509e-05
9.362837391119501486e-07
-1.049697449042648102e-07
-6.808595201967550889e-07
7.398909068576950217e-07
-3.696752647504248539e-07
5.072574053781341033e-07
9.073795924292989477e-08
-7.670111078519066651e-09
8.909028291023338665e-10
6.138159010807931461e-10
1.470922184215320160e-11
-4.574288236447152612e-10
2.748556261374624724e-04
-9.207031651811476878e-05
-2.337707942302132467e-05
-1.815321246279824025e-05
-1.588989524888217023e-06
1.230103744746204275e-07
-7.858835177365342100e-07
9.514631576990026256e-08
2.682270782029876494e-08
4.878841057198481711e-08
-2.734458858266559868e-09
-2.932734685583396991e-09
-3.952324997418335288e-10
2.619650865959572082e-10
2.124839859225043045e-10
-7.675731680916371736e-11
-4.815795852219514162e-05
-4.165314827286626395e-05
9.559965190373949048e-06
5.690546059545266749e-06
6.037737316012880900e-07
3.052358777647145514e-07
2.481067473684966758e-07
1.901422542052747930e-08
-3.617713499353308739e-09
-2.274787976254225524e-08
-3.473047093818256462e-08
-4.461780422293783918e-09
-7.612778289865778450e-10
-3.816836906919300341e-12
-6.589636035985531490e-11
4.521333839300750580e-11
-8.332869055626956889e-05
-1.018052628675250614e-04
2.302712544847744042e-05
1.026917418666821755e-06
-3.271590285809826982e-07
-7.421098608355833524e-08
2.807735694978312087e-08
-2.982234822921252765e-08
-4.027168263761827655e-10
-4.753839510577283440e-09
8.300367887565175110e-10
1.737746766452315830e-09
5.018622521951785845e-10
1.006363312044017409e-10
2.352223796157199926e-11
4.322906898453849622e-14
4.267227371304577996e-05
3.521120391838564152e-05
-1.505767575422396375e-05
-2.492176972849413898e-06
-5.736520799364106356e-08
-3.610099237989197818e-08
-2.522417202739920965e-08
3.688705569627445801e-10
-8.113097810555106846e-09
1.602394060949062343e-09
-3.667991774098378110e-09
-1.674965313975998815e-10
-1.867504000056971544e-10
-7.758559221355638725e-11
-3.281765316599617400e-11
-3.272420728061885292e-12
-2.389493254707116869e-05
-1.915438163420089506e-05
1.176455113744900208e-05
2.289286430977569990e-06
2.817013855622145017e-07
3.461881265996032114e-08
1.761443145061318980e-08
7.469483090899022128e-09
8.122342243757816120e-09
-8.942944362987327336e-10
3.176773150246434219e-09
9.458446242255136245e-10
9.536227719349287088e-11
4.780775419039695344e-11
8.265102989095020811e-12
2.783614878887358793e-12
-9.316834299305043146e-06
-9.105949381454732827e-06
6.252677793576064240e-06
-1.358947918611158459e-07
-2.040372019302614026e-07
-4.118625205441929592e-08
-1.315514450286089257e-08
-6.381490398802314621e-09
-3.184726817341889349e-09
-1.279931442504191644e-09
-1.107685828953132378e-09
-3.288964894521468414e-11
-6.865043858290955477e-12
-9.378572571484716621e-12
-4.967591620210554752e-12
5.217261339704170256e-13
-1.527437025539495327e-06
2.370426506014927694e-06
1.878580065134672840e-06
-6.035710463651029972e-07
6.421544039244611821e-08
2.275498745504793031e-08
6.362928993826767798e-09
4.051128472367334104e-09
1.337496405615505709e-09
1.106779271146471600e-11
4.986416283767448700e-10
7.265652723679037922e-10
4.377852327690173126e-11
8.451018676085905294e-12
2.859597528234656098e-12
-6.296836338777492166e-14
7.422177929098590365e-02
3.133374097584655515e-02
-2.098543871767045640e-02
-1.534220683787072088e-03
-7.761457016355197071e-05
-2.537778168901853002e-06
3.770863841978651056e-06
1.020033173010059924e-06
4.789264935158594214e-07
1.948351186883708640e-06
1.977797235324882204e-06
1.206571531186119746e-07
-4.809079656968178739e-08
-1.852917964970603635e-09
-3.404747055561115555e-09
2.091690759340089282e-09
-5.912891706681112541e-10
-9.440304360319602336e-03
-3.064301170094741421e-03
2.255870489970574194e-03
5.438252785920164858e-04
5.247366084788709120e-05
3.179325785301449746e-06
-2.221058945528235735e-07
-2.074374898150898276e-06
1.725436339903286978e-06
-3.227781023109583214e-07
8.200244428118851298e-07
-4.113832984640357845e-08
-2.190868096492086377e-08
3.493441927975595392e-09
-1.939246678683161547e-09
1.239092753866965714e-09
-1.300870273002679933e-09
7.821650984604467489e-04
4.654567961345652794e-04
-1.026863295052873393e-04
-1.399011110217614196e-04
-3.675941233657181988e-05
-4.350779420079385847e-06
-1.278371235792170476e-06
-1.397203499222983995e-06
-3.033965113138344154e-07
1.290622851024356873e-07
-4.450490571207301457e-07
-9.233720710828201660e-08
7.908579867816743256e-09
1.415984186265805783e-09
1.046028063674398730e-09
-1.493611060893275902e-10
6.761020904934960582e-11
-2.199457712410954921e-04
-2.101059636108800898e-04
9.778740386317572128e-05
2.253884520676688666e-05
1.878864520876009399e-05
3.013780700456238339e-06
1.016975267986752436e-06
-2.493782466652882281e-07
-4.504913521089968483e-08
-1.167091832249373599e-07
-4.934221386475883002e-08
3.556732857190679885e-09
6.722287074950759442e-09
3.028935703659889117e-10
7.115178723286009638e-10
-2.843957829342372513e-10
-5.153006561923858067e-11
-1.971994089979060795e-05
5.782346050104233319e-05
4.402380360126832823e-05
-9.402328154456708327e-06
-7.667012567872308394e-06
-1.758398658568139274e-06
4.633712559824188281e-07
2.023325916344676879e-07
2.221294798653365026e-08
3.887595013443030358e-08
2.261553091004010967e-08
3.267688600859686703e-08
3.628627092488830305e-09
7.936069259697877801e-11
1.879358042593971003e-10
1.152139681233317489e-10
-2.158827019162457069e-12
-6.203798892194241181e-05
6.979938838627970763e-05
1.004609859705924265e-04
-2.280819868536689465e-05
2.036760762793764680e-07
4.724441343378191608e-07
-2.176678562578605405e-07
-3.730155886414835653e-08
-7.406898462419399375e-09
-1.583750081780991224e-08
2.907358776226736766e-09
1.780106455457770173e-10
-1.461751401334054015e-09
-3.289269639108823530e-10
-1.922815333506416874e-10
-5.702443441507388164e-11
2.292282526929259279e-11
1.379739245263071467e-05
-4.011112310483972679e-05
-3.493381343344411624e-05
1.485361406483456945e-05
2.097336033115398890e-06
8.113103859187011433e-08
5.036114714455617206e-08
4.422624318534597916e-08
1.580024897542696457e-08
1.135129045554945147e-08
-1.712319850871969435e-09
3.089245350675596895e-09
1.887517102738477183e-11
5.983275288144996862e-11
7.262560516049547763e-11
1.851141854524460234e-11
3.813033909334283463e-12
-5.024228989035388319e-06
2.310820944471794349e-05
1.908344259256140966e-05
-1.168563598869169566e-05
-2.206379647374929530e-06
-2.882857961679000281e-07
-5.797647498473971382e-08
-3.045641186984964601e-08
-1.322662460121651404e-08
-9.242136314936429846e-09
8.896110083358027116e-10
-2.953088341476638402e-09
-8.134107213669200861e-10
-3.933994169478461196e-11
-4.285350223183305549e-11
-8.459671481163018290e-12
-5.034871266598939897e-12
-2.111181473125427612e-06
9.089772999212279776e-06
9.098300278709405491e-06
-6.262968257216628201e-06
1.277952368142445894e-07
2.120040090764747964e-07
4.578584021557978390e-08
2.111376230109750489e-08
1.099417147066926152e-08
4.174268857449903282e-09
1.413556037541287485e-09
9.977893942476414081e-10
-1.909780153215249947e-10
-3.812677961738837429e-11
7.885567614863959131e-12
4.975615346944171764e-12
-6.116609210333999369e-13
-7.892537658958429849e-08
1.405316997235981737e-06
-2.665878853672625490e-06
-2.032591547807734607e-06
6.225023021136034847e-07
-5.322876705100953000e-08
-3.094705545612516432e-08
-1.162979331578065149e-08
-5.646120898090113809e-09
-2.049947302669688934e-09
2.336519520532980949e-10
-4.941913063665486412e-10
-3.051187420880504161e-10
-4.416903067165330282e-11
-1.531020189632889188e-11
-4.527047404151905751e-12
5.521454709889092607e-13
-1.526149897744058792e-01
-4.603998295811089804e-03
-1.230342333227969298e-04
-3.131094745453665203e-06
3.926495454953671842e-08
1.118413361825171487e-06
-1.026203618112768897e-06
-1.071030446233502955e-06
-1.373960102030791767e-06
-1.195163373957615027e-06
-1.559782558748430976e-07
-2.324215255897620874e-08
4.415966814931409337e-10
-1.980344619301483312e-09
2.716269149832386642e-10
2.333687630876135045e-10
4.456942108455921869e-02
3.555442474571970067e-03
1.776326249607392156e-04
7.625183791644301149e-06
-1.211101547037595278e-06
-1.757989884523160513e-07
-3.205172995583114222e-06
4.158082532051763667e-06
-2.058962772219011121e-06
-1.082539916147277606e-06
-6.244725947624313949e-08
-1.555687126392048796e-08
2.983687590886716812e-09
-1.850045330068850499e-09
1.134712749689275963e-09
-4.416661304943240262e-10
-1.067167710691426137e-02
-2.090322943237713556e-03
-1.943443741109209476e-04
-7.961860315668374313e-06
2.499195747690397884e-07
3.692268860310071983e-06
3.158056857102370686e-06
1.678697845599623764e-06
7.982224918240778185e-07
-1.121461358782088060e-07
8.696295653038019018e-09
-2.904666911036501921e-10
-3.994949982158496124e-10
2.226951885702143649e-09
-3.844167854216994173e-10
1.428567563611938685e-10
7.301930136935741271e-04
5.451031740448044087e-04
1.091904211587958973e-04
8.184053635159169954e-06
-1.692395277502299650e-06
-8.791758339397756305e-07
-2.488047397489819277e-06
-9.695169392882386705e-07
7.529561980797032191e-07
2.065298472705554636e-07
-4.482855718107315143e-09
-3.394604319467266998e-10
-3.765389945296973168e-09
1.531533767465835647e-09
-1.135860943322387158e-09
4.150750289038655564e-10
-3.892572138565812104e-04
-1.111416026828504966e-04
-5.113045447448300371e-05
-4.550360138256024723e-06
8.867350020683091172e-07
1.697681741125778471e-06
7.852801773047712506e-07
3.490714675929740069e-07
-4.346037415325766163e-08
-7.782660400212143919e-08
3.597426647315014561e-09
1.465005962728507037e-09
1.948186988046471693e-10
2.061936703797010524e-10
-9.431749419413433123e-12
-2.187644163547508869e-12
1.231982004041947125e-04
5.225246566658287012e-05
2.055800945271521379e-05
2.503435998530051160e-06
-2.113735014143816817e-06
-1.300475466646537522e-06
-3.490609082782286065e-07
-1.156465784404997962e-07
-8.252199410975851022e-08
-2.119315086403377342e-08
-9.925785709761752157e-09
-5.736255406481459491e-10
1.801190348152146102e-10
-4.461945669610509010e-10
1.502039829780743767e-10
-1.031011643765316434e-10
1.686795313935861729e-04
7.317888907096857575e-05
1.950602534308749535e-06
-1.971544313680120406e-07
1.370763252831429295e-06
6.422105595960823315e-07
2.522031163293476610e-07
6.865623738862219922e-08
3.041820765640583124e-08
8.774429974475033812e-09
7.128991759578933832e-09
7.816818714376322427e-10
4.417085859089277412e-10
1.601061649247046501e-10
-7.095315244986285628e-13
1.266196269573338649e-11
-3.153755714459003870e-05
-5.112601499352278559e-05
-7.874811260767669509e-06
-9.423582036826465851e-07
-6.145575811656610943e-07
-3.280487134238323832e-07
-1.440824590920631145e-07
-5.033237690977490548e-08
-1.517219442032503292e-08
6.364643886479998680e-10
-3.258401404709160185e-09
-3.872316636578719928e-10
-3.153302575345931536e-10
-7.484551549192111252e-11
-2.069019379104108839e-11
-2.494947501777251423e-12
1.181471954355570189e-05
3.927188369365508010e-05
7.990590171399363558e-06
1.203007984611621014e-06
3.531957137293718912e-07
1.676363343799744806e-07
7.859862779080209409e-08
2.668686385063598918e-08
6.106507232262129807e-09
4.225109526475618616e-09
2.486526776525369750e-09
2.221625606708157562e-10
1.782209841192979320e-10
4.211656490768775525e-11
1.333968922759686895e-11
1.200281215572624489e-13
1.017054201529094387e-05
2.301501386432036245e-05
-3.925522361770089907e-07
-7.727842310681461406e-07
-2.104725966693704054e-07
-8.652572382808974797e-08
-3.720786177514787169e-08
-1.420212564338918403e-08
-2.304148565705369031e-09
-2.637509985145743599e-09
-1.596883029252306921e-09
-1.434245485683962944e-11
-4.972360910532599291e-11
-1.567673575015405156e-11
-6.377230464987055982e-12
1.415439700725983520e-13
-2.867767909474575773e-07
-7.261080012375117591e-06
-2.314026944142588793e-06
1.826748349074823994e-07
9.599392323397550515e-08
3.106098947650535510e-08
1.367903213033249460e-08
5.829351547885083650e-09
2.141683939584479639e-09
8.208950979694726194e-10
1.256968828046056510e-09
1.290532402896260913e-10
1.962503012760236242e-11
3.238234599149200166e-12
6.843598152739639337e-13
7.200167217545444703e-13
-1.587841060321031894e-01
-7.927663271930229794e-02
-5.455163970663366377e-03
-2.615122811433161329e-04
-1.103380630857155384e-05
-8.483561898625169219e-07
1.392983739106612895e-06
2.542814265740702363e-07
-1.363853133696617164e-06
1.685364460195168704e-06
1.066149909097223939e-07
-7.038299327634684501e-08
-1.625716540522809021e-08
4.452042485169554313e-09
-4.367261210188941996e-09
1.052781004348639716e-09
8.659201637208922117e-10
3.054596419978665260e-03
9.773816670389241790e-03
1.946926770176718273e-03
1.852610447174984898e-04
9.353052944463054969e-06
7.649496908105182216e-07
3.204017318549760043e-06
1.113110156891936470e-06
-3.739357237360741410e-07
-1.325448585468362212e-06
1.825726602748094641e-08
-6.530764792389541170e-08
-1.074998867521724369e-08
2.329714922351838066e-09
5.970614507464323279e-10
-3.251393441469040817e-10
-7.997536000204604561e-11
2.297407633629001327e-04
-6.816989667054939792e-04
-5.450958443951986173e-04
-1.067048643286193377e-04
-5.763553158281119102e-06
-5.819659934187987772e-08
8.725552555059432802e-07
-1.872349321169267391e-06
9.262683619854873967e-07
-9.176968179873748847e-07
-1.449277385537729240e-07
1.404469378535960894e-08
8.955125939842428276e-09
-4.700654463692905773e-10
1.396974502863990213e-09
1.057326150799698411e-10
-8.939545052505088395e-11
1.361948928977370756e-04
4.124024972885152436e-04
1.132282877983426195e-04
5.090411171569102520e-05
4.096642243883186760e-06
-3.820063162502804427e-07
7.389181501892483505e-08
1.192817026398810608e-07
-3.149592352217033436e-07
5.731638953393885519e-08
4.785261101203075653e-08
-1.377524201221692360e-08
-1.477085728373883599e-09
-3.259874603385951498e-10
8.106141509438717417e-11
1.267621380815696924e-10
5.235173642590330909e-11
1.366968835266835416e-06
-1.202847699709946801e-04
-5.113801647104963946e-05
-1.949501867658097153e-05
-1.878968306035826468e-06
-1.298558974238988480e-07
7.423719021740034245e-08
2.003030009216011391e-07
4.002594162108563961e-08
9.976936114264016054e-08
3.580709211486857369e-08
1.662190599726760541e-08
8.825313675336540429e-10
3.105385920933834270e-10
-9.808793500369027013e-12
2.499654399270780465e-11
-4.014698829674311346e-11
-1.582377054277109993e-05
-1.696185119649743086e-04
-7.379216121293121617e-05
-2.613394090532369728e-06
3.430115753686061812e-07
-1.283467477969741602e-07
-2.673949098306577165e-07
-1.265884719602197726e-07
-4.618191536708443107e-08
-4.266140194167945530e-08
-1.686267935934742519e-08
-9.952742012289980210e-09
-1.220415204559674236e-09
-3.646084784294185190e-10
-5.601021585024069264e-11
-4.689628062082946050e-11
1.448619063115205286e-12
3.960623179223356602e-07
3.114602731225699192e-05
5.134746015275302707e-05
8.029253576371648925e-06
6.640607769604864868e-07
2.811205039440971958e-07
2.134917351597496281e-07
9.392509347917737317e-08
4.375936811678041900e-08
2.051939778613221220e-08
2.934385797046217589e-09
4.353257498045763002e-09
7.002246411923400915e-10
2.324547255776286904e-10
5.668660318203945062e-11
7.145243115660456924e-12
1.062153158463254164e-11
1.195182324505550819e-07
-1.165682726339772796e-05
-3.934673161891114388e-05
-7.966602556607543323e-06
-1.071638182969570718e-06
-2.430629076497987489e-07
-1.382410001462772168e-07
-6.175498116477786872e-08
-2.703591806020307686e-08
-8.884920689122076339e-09
-5.917581413968897805e-09
-3.001982786139790268e-09
-3.578835333247636713e-10
-1.463994936729279634e-10
-3.292956824121861589e-11
-3.343001913197842448e-12
7.010384992321036119e-14
-9.537607688569960319e-07
-1.025481431747449325e-05
-2.297900161781911386e-05
3.631362443560103185e-07
7.023105417551002766e-07
1.811224573188817945e-07
7.896115447263272883e-08
3.569436779832469123e-08
1.633163560194279240e-08
4.107521616708146738e-09
3.831022400316319048e-09
1.593427083713296867e-09
-1.764893740667749207e-11
5.781992052915749919e-11
7.632832876428789662e-12
3.251918347149925367e-12
-2.145373454573453080e-12
-2.454662630604177652e-08
3.203508584632247649e-07
7.258461102222489907e-06
2.442947673093380695e-06
-1.591520667557438614e-07
-1.148831344226723988e-07
-4.123570545356827753e-08
-1.890842738969580803e-08
-9.366837235565601367e-09
-4.385174870513978648e-09
-1.648243584176274761e-09
-1.379752658747192959e-09
-1.046844442657878396e-10
-4.550501290168799113e-11
-5.551172266966875229e-12
7.813259710573514131e-13
-9.025244661027060211e-13
