1.316167833717338254e-01
1.029427407150647733e+00
4.225597619752884809e-02
1.239045828633616401e-03
3.155988663343996004e-05
4.826302722778884262e-06
3.867031047605787864e-06
3.448951598616055430e-06
-4.162815268580319308e-06
2.142380024224895273e-06
3.807208899454409816e-06
8.405980742410899799e-07
1.291435045279555125e-07
8.123263468941122249e-09
8.777124281665133621e-10
-1.509773743355350375e-09
-9.426872620791250601e-10
-4.741321534545993310e-02
1.282203952276713965e-01
-1.331426579022849943e-02
-1.077022768265261917e-03
-5.531258964642275452e-05
-1.905712507107256154e-06
-4.351365633877785029e-06
-6.799955103868625076e-06
-2.856869425675884504e-06
2.543028144806952690e-06
5.163739245504105897e-06
7.293680478112869742e-07
5.765257908598111171e-08
-2.977093312043861307e-09
1.610726598650510439e-10
3.969106325272042151e-11
-1.088322968381863099e-09
1.277843357186351191e-02
-1.738984500723845042e-03
3.451436969096713901e-03
7.359942644596128604e-04
6.382337141443791709e-05
3.138138577479269599e-06
-5.006708124312810427e-07
5.706369047583524558e-06
-1.579538755589224869e-06
-6.026080140131317798e-07
1.460555515785580846e-06
-1.157264533610535499e-08
-1.216126031083069838e-08
-9.744985053497193842e-09
-9.924986521272566787e-10
-7.476300894747259593e-10
6.481470206264253685e-10
-1.216903881352833679e-03
-8.041014104391659353e-04
-4.279343828409026829e-04
-2.086729414826010785e-04
-4.528818913691521307e-05
-1.521350468632620167e-06
-1.266890626030662148e-06
1.835426795122047004e-06
2.931141060005363050e-07
-2.601171558071967021e-07
-5.000187823558658866e-07
-8.052992765378920328e-08
7.712693130973032669e-09
7.805477128163162991e-10
1.745581587541203881e-11
4.177125878645011132e-10
2.730816524380179830e-10
1.465199008327412310e-04
6.102506950504366052e-05
1.508482626839602260e-04
3.878435504316020242e-05
2.614850835343229739e-05
2.498397804629354115e-06
-8.452439182852546919e-07
1.246851831743539070e-07
-1.855655734247452488e-07
1.563424222585842631e-07
-1.187935812978433205e-07
-2.936161665133677966e-08
3.609609341440669313e-09
1.667919659968815912e-10
-7.599903250278808246e-10
3.116671375045617590e-11
3.137059033170773686e-10
2.301956876692880572e-05
-7.216810518742940899e-05
5.433829665469269702e-06
-1.192833392958304109e-05
-9.372764007118870755e-06
-5.688516656725024103e-07
-2.491440350206473730e-09
-6.134247309553332849e-08
8.611455972947177764e-08
4.124816674003567238e-08
1.207757146723722559e-07
5.854274974490700495e-08
8.572080085015335000e-09
1.172134659356312285e-09
-3.140275720619578645e-10
-1.226545752530296369e-11
8.282870301904512999e-11
8.412130992814266918e-05
-5.602369833141899276e-05
1.316275849434718796e-04
-3.058153334789447201e-05
-1.868396951682543205e-06
-1.414250077371497020e-07
-2.065690211948074648e-07
-2.914730611641854139e-07
-1.042974433091633627e-07
-5.351424319493219862e-08
-3.846314994908373769e-08
-1.234032951741361018e-08
-4.161826548599304076e-09
-1.019590229242068863e-09
1.423887310330436003e-11
2.986999502224698349e-11
-8.272577885795602293e-11
-2.084728334515219351e-05
5.833355137059615151e-05
-3.481566001267742352e-05
2.445921034782350058e-05
4.692365857679595163e-06
6.715536439591966611e-07
3.506525702451910361e-07
2.039601107369098595e-07
1.063365100812942689e-07
3.646773827171311669e-08
1.565233574257177297e-08
9.689012038420415709e-09
1.758371133001234670e-09
7.243078454552532943e-10
1.723269107066641980e-10
5.483540579498767211e-11
5.922817198925567105e-13
7.830130522792350377e-06
-3.910277070006102729e-05
8.139853183706080616e-06
-2.286178855583488088e-05
-4.644734830266121770e-06
-9.295235138278216174e-07
-2.803245409874630850e-07
-1.327601873507963615e-07
-6.189307964522154319e-08
-2.556267840398734678e-08
-1.009813814870295502e-08
-6.419590211307000439e-09
-2.244739403617446583e-09
-4.746036251776918502e-10
-1.143158559921516567e-10
-3.929343916992637115e-11
-2.832450202853292402e-13
4.843030864525295305e-06
-1.710143407213386615e-05
1.905119864287808408e-05
-1.165466178340143893e-05
7.302405015051293393e-07
6.600079279977019929e-07
2.065177530035964497e-07
7.342817204485804701e-08
3.282148829079130433e-08
1.394977933262411748e-08
1.177558582352221349e-08
2.407063165377005860e-09
1.442319129989127890e-10
1.382637504847125386e-10
2.770221023895684791e-11
5.863620786485012695e-12
2.502477176132576099e-13
2.960771471623106392e-07
-2.958935037089693690e-06
5.935925438519163802e-06
-4.524659145229560739e-06
1.125317199122510264e-06
-2.706109750653520352e-07
-1.005175821751580420e-07
-3.658437175940827001e-08
-1.382069387170276684e-08
-5.166453495948047869e-09
-2.996884756048930241e-09
-2.244822118116775728e-09
-1.784720794697481997e-09
-1.506506971819614848e-10
-2.629470910314209224e-11
1.359944910207088833e-12
-1.726607749330160777e-12
2.439522033666583628e-02
-2.388304629169091947e-02
-1.680010749054382333e-03
-7.924869013823225843e-05
-4.331763309941646069e-06
-3.120119019435629526e-06
-8.321137201868912016e-07
5.864322222457357397e-06
3.132277894833598288e-06
2.392369850580909449e-06
-1.047601053918958140e-08
-5.238911359302100764e-08
-2.099890909352339495e-08
4.481258932839021052e-09
3.531622441970470120e-10
8.211701871054738559e-10
4.757233716182776529e-04
3.187677753214692312e-03
6.832911543952019601e-04
6.008503241065933924e-05
1.299002455715284685e-06
8.445466972782502286e-07
-1.858545462147371483e-06
3.556842851835601381e-07
-8.087482692855585829e-07
1.067378232902350298e-06
-8.224137808807940569e-08
-1.484781604750955946e-08
-2.788382166602695802e-09
7.154842609830197316e-11
-9.860081481829251309e-10
5.152724954030583008e-10
-6.957329767763233575e-04
-4.115723357801219376e-04
-2.144266940086956826e-04
-4.534617903220646831e-05
-1.667746031039286808e-06
2.919629100523906888e-06
7.439115065907104071e-07
1.139388779261744727e-06
-7.730040367769649817e-07
-5.348291095910741780e-07
-8.750408316661151033e-08
8.777724434283783359e-09
6.943461419238849955e-09
2.639869157626682736e-10
-5.160787618869358737e-10
-7.156079232610232992e-10
8.754172217917223823e-05
1.595581096699292449e-04
3.744945749690218527e-05
2.557091728392163151e-05
6.010563248535975747e-07
-1.350620001698458138e-06
-9.492396354681570634e-07
-2.175334598043794291e-07
1.846155754368211746e-07
-8.061548845725324761e-08
-1.945110480906753097e-08
8.929040693719114860e-09
-1.220327569868489650e-09
-8.070348161172201187e-11
1.322311481337155124e-10
-3.764970358122189506e-10
-6.089197157597940878e-05
6.695852405381046833e-06
-1.377453851042818547e-05
-8.292117224891007928e-06
1.304034355034906737e-07
1.825422423433623957e-06
9.888093957612982316e-07
1.297433458481580253e-07
4.683564004800098095e-08
9.865526646799359572e-08
4.925795327882989058e-08
8.012309818624054574e-09
4.785237230481034246e-10
1.924367925557250542e-10
-2.018776851862517929e-10
2.275168827738515835e-10
-7.248497356085075772e-05
1.304594557700991845e-04
-2.988203612943426238e-05
-2.692036750537152217e-06
-9.875741605161833050e-07
-9.811546245875773978e-07
-4.663109512730652706e-07
-1.371625163303597768e-07
-5.196631375150941620e-08
-3.029593921943919694e-08
-8.545469616940255837e-09
-4.081083455272433919e-09
-1.248842100705312970e-09
-1.902338082051813493e-10
5.342551435542941351e-11
-2.475877092195983423e-11
6.123444936296174783e-05
-3.491403852550355229e-05
2.454271715603359720e-05
5.175800292154112839e-06
1.172887307861909216e-06
5.444297118565897247e-07
2.683154936011615363e-07
1.152085267688316071e-07
2.712459433845271938e-08
1.021482566307955421e-08
8.070604420529848131e-09
1.621973540766171064e-09
8.107911509899376043e-10
1.645975798916520361e-10
5.507758475871429159e-11
-2.470143966052064688e-11
-3.977397944342718743e-05
8.143158447031845004e-06
-2.298190196092082354e-05
-4.908361522392774533e-06
-1.108846791174312484e-06
-3.778871780061276859e-07
-1.632160112769253625e-07
-6.396326603591459451e-08
-2.190751328311808947e-08
-7.615751910972046737e-09
-5.755036178209209761e-09
-2.196702409375139345e-09
-5.169642611256532216e-10
-1.208102199047114997e-10
-4.456905392588935815e-11
4.412908713650452418e-12
-1.771011680639837340e-05
1.900467811798050972e-05
-1.160577607240312536e-05
8.699140721463946497e-07
7.408754193444861355e-07
2.544215884924320415e-07
9.964207549909479547e-08
4.209205786059021808e-08
1.481648171049537331e-08
1.101250387829446120e-08
1.511804561081904199e-09
-2.447322693085164246e-10
9.288716271161752768e-11
4.468182549059043752e-11
8.422059595316826421e-12
6.727133510402506490e-12
-3.304045866227162148e-06
6.093286224039789125e-06
-4.793998601136336386e-06
1.035505797899901607e-06
-3.162120387603383625e-07
-1.589598370646242791e-07
-6.285519697491858941e-08
-2.307655805300983994e-08
-9.471876146592139729e-09
-4.188837679689972900e-09
-2.002239994196679395e-09
-9.292797577388065524e-10
-2.265616847107141577e-10
-5.593594585758416720e-11
-1.183780493827623260e-11
2.587550513410771201e-12
-1.021623079120000721e+00
-4.207017136148977904e-02
-1.233765508335586030e-03
-2.731180997534321208e-05
2.515447778704503536e-06
5.909652122286243035e-06
7.255863813120362725e-06
3.856610037613220028e-06
-1.809449265009363182e-06
-3.798243763904933097e-06
-8.449029871569883299e-07
-1.286562772860894639e-07
-1.324230922279059904e-08
-6.688092439455771946e-10
-1.979846819716789325e-09
2.739149610066506683e-09
-1.350475569007091592e-01
1.297384539934031029e-02
1.066623911537821837e-03
5.249794197893363246e-05
9.726921658475863529e-07
-1.445871038748859469e-06
-6.448435733669968211e-06
5.162129305774832695e-06
-1.517822975155341939e-06
-4.974841404129447864e-06
-7.154511257419048514e-07
-4.366109497184839364e-08
1.863114237776628322e-09
3.464019117266537418e-09
-9.754647772886014762e-10
1.190995359984017766e-09
6.344661327474955710e-03
-3.080139554040771128e-03
-7.173960081656193585e-04
-6.582868015205653651e-05
-4.412007478119831110e-06
-9.110679835082886498e-07
-4.532698204219433917e-07
-1.989432583650433735e-06
8.039585747579419385e-07
-1.517297223556202543e-06
-7.180073528135887495e-09
-2.898258792776790790e-09
9.119664559515547991e-09
-8.416012232249787112e-10
-5.694362864629928300e-10
-1.527885705336847777e-09
-5.317004929558753062e-04
1.966846610806037544e-04
1.920430259649420334e-04
4.388208170572885700e-05
2.979034747869532395e-06
1.214285707398112997e-06
-1.130573875562814237e-06
7.180910969686053084e-07
1.110604430271135334e-07
5.710446148160642234e-07
1.123103452753150879e-07
-7.017668867777944261e-09
-4.706079552108255708e-10
-2.104741848284756054e-11
-3.723313096935509237e-10
-7.902701573389514815e-10
2.120945594756697237e-04
-3.917249290776903431e-05
-2.817775753361714209e-05
-2.715036430606467099e-05
-2.608834799565571138e-06
8.095168946798475111e-07
-8.571885075077320348e-07
2.574193498857708931e-07
-1.725109557965883212e-08
6.078777123562778862e-08
1.813309631191848834e-08
-4.886501537110200963e-09
-4.063422828035433852e-10
4.907199802279304976e-10
3.415160434427690481e-10
2.060388278924502115e-11
-4.360973783206787216e-05
-4.908934171896717967e-05
7.232468961800145604e-06
1.027418205043613274e-05
9.587742947222469558e-07
3.908011318185809041e-07
3.818922091159091596e-07
7.408517989038994875e-08
-4.896484402891119188e-08
-6.478968608981777128e-08
-5.155720945633692922e-08
-6.457062644149387561e-09
-1.183108134979196952e-09
1.438014950194092509e-10
-9.399734491625345343e-12
3.350441167539227301e-11
-1.159255840687054137e-04
-1.362538621940007359e-04
3.134315073347232922e-05
1.238376859446865456e-06
-5.471853964701391718e-07
-1.748646147792524184e-07
7.448403243465699910e-08
-6.552764789167632779e-08
5.460500537222061606e-10
6.319085028176381420e-09
8.219752611759372339e-09
2.680478573807447292e-09
9.089465397957547786e-10
6.265948281635785073e-11
-1.284328487202704188e-10
7.315742387587555383e-12
6.528808660771102262e-05
5.443071910426066794e-05
-2.270732506752582601e-05
-4.001001814836757077e-06
-7.789560203785535530e-08
-2.215854855682801956e-08
-4.411665249243393179e-08
-6.275348203661891444e-09
-9.394736088938017057e-09
2.649887287005774888e-09
-7.300488226587061539e-09
-6.903925797219978793e-10
-6.366141331869722486e-10
-1.303414707847990780e-10
-2.881294154153208936e-11
1.213207646303358210e-12
-3.987350486863351520e-05
-3.030122968785745855e-05
1.979139634059596709e-05
3.952169728928043521e-06
5.266784795745726668e-07
6.087935335435311874e-08
2.962782189133142526e-08
1.818638692890244245e-08
1.142683639820315309e-08
-5.498811492102591558e-10
4.851704158994905275e-09
1.559199871694203199e-09
4.016395917075378276e-10
7.617624098288234735e-11
3.391681031735498729e-11
8.228168785390571675e-12
-2.053554598537828956e-05
-1.993603828978660782e-05
1.368583689229441245e-05
-1.570902420344063097e-07
-4.161916318192454063e-07
-8.377218638101102730e-08
-2.320927189377191420e-08
-1.456270502089737950e-08
-5.604342090874692325e-09
-4.591953314909844376e-09
-1.757363826702656784e-09
1.837253250949361435e-10
-7.096561371065567551e-11
-1.337688425936861155e-11
-6.028709796358596606e-12
-1.272998953077964028e-12
-3.580240813481685370e-06
5.480830715403408583e-06
4.129889572763169824e-06
-1.420597384103235782e-06
1.549240029805082655e-07
4.949307449578581667e-08
1.707322368961664356e-08
8.063692731520944704e-09
2.217896044654166150e-09
8.867908734777815654e-10
1.786584091659785946e-09
1.674118986310408703e-09
1.150417553367338757e-10
1.660191460478494552e-11
-2.646369136558870077e-12
2.959870335068945343e-13
8.262859951327748698e-02
3.495934699687134467e-02
-2.339523559894034904e-02
-1.663375710069134273e-03
-7.879554895650515165e-05
-1.449883482498219368e-06
3.517532172258468732e-06
2.063339535654874371e-06
2.635678093922956817e-06
2.884058323960367819e-06
2.566101676616188968e-06
-1.459324843879481720e-08
-3.503481604422809993e-08
-1.900888995206217666e-08
1.036287201617185953e-09
-2.227000203456526209e-10
-5.103977091383471001e-10
-1.182397179743678584e-02
-3.800417056827014826e-03
2.835380326386270199e-03
6.633463563963892763e-04
5.950492427316103660e-05
3.371284414853596838e-06
-1.029046485805376477e-06
-6.586488978936385604e-07
3.235799004696763152e-06
-1.054336673497953681e-06
1.080005248516918176e-06
-7.824397541974656591e-08
-1.273519255077604816e-08
9.054336287792937782e-11
2.852278685169918028e-10
-1.258127813951258402e-09
-9.391098320648911122e-10
1.146902968782026813e-03
6.533446148504937993e-04
-1.808039605570565807e-04
-1.975644461847305008e-04
-4.852472036444241838e-05
-5.425584577899097993e-06
-1.637923365084792203e-06
-2.281865159892873152e-06
3.686184286622771049e-07
-4.446479407932444423e-07
-5.622957214817577593e-07
-8.460704379145025647e-08
4.809164207737164204e-09
5.943698624096413992e-09
4.297279030865910339e-10
-2.268003954470986270e-10
-7.330701020840122069e-12
-1.658249284289591908e-04
-1.832847787704785809e-04
4.361781393608070439e-05
2.560950333832820263e-05
2.774886749183344602e-05
4.311192212197741990e-06
2.291984851685420789e-06
3.706147188770287362e-07
-2.982358044841280618e-07
-4.381559226254923975e-08
-6.616253008522486584e-08
-1.924419666946088053e-08
1.104517256636265016e-08
-1.463058258184858816e-10
1.757031368752157910e-10
-2.987234280784943914e-10
-1.760396426123683349e-11
-2.193144957532141231e-05
5.525384619092608686e-05
5.011546175477460467e-05
-7.536386252174155967e-06
-1.158495508344855292e-05
-2.489029919831996860e-06
2.287444679698830590e-07
4.276641806994697245e-07
5.252722341999602336e-10
1.020767821434193520e-07
6.935100001624661810e-08
4.448606376654102326e-08
5.964805096968327521e-09
-8.716241754481610504e-11
1.531573026985389289e-10
1.327760777441113708e-10
2.511967088527169079e-12
-8.344116554583233503e-05
9.738415458572468838e-05
1.352312569300861001e-04
-3.069400250363021860e-05
7.463496104997826296e-08
8.346397805217814117e-07
-2.267592603866148374e-07
-1.619138010441497355e-07
2.658619939380969264e-09
-2.863890094081108541e-08
-9.232663141347728858e-09
-6.007847610649777661e-09
-2.462894172033550462e-09
-8.329552525067537048e-10
-1.661941216930153980e-10
-2.518223533391171522e-11
2.039044016748153226e-11
2.174802619290337516e-05
-6.143548275643313328e-05
-5.446682718876812840e-05
2.226376083186546955e-05
3.427849076345845421e-06
7.746973826952422356e-08
7.931648835262839582e-08
8.183831514339306861e-08
3.497536329805865228e-08
1.557859531398593185e-08
-3.528882146390681957e-09
6.505141285855428802e-09
3.731550553288250528e-10
5.003222209306493778e-10
1.287835805831853819e-10
3.244891377365378847e-11
-9.893070731319705910e-13
-8.236506058233741701e-06
3.889888811210686552e-05
3.036369008537432912e-05
-1.960633423012603986e-05
-3.807348567748146138e-06
-5.204048182750175510e-07
-1.036387425661517361e-07
-5.411552904223374275e-08
-2.926924769364666737e-08
-1.402213516903715714e-08
6.188079748343806901e-10
-4.553984289574653707e-09
-1.326120518702101514e-09
-3.330180949380475806e-10
-8.311399661191110145e-11
-2.946456928706244804e-11
-7.980273049311498587e-12
-4.587224969685562358e-06
1.997887054073113652e-05
1.988271058193580832e-05
-1.368757495535684813e-05
1.479386999152258812e-07
4.259029888105645872e-07
1.032790683964680677e-07
4.325999620709115506e-08
2.495849478165369628e-08
7.805130695205533502e-09
5.218034783493710450e-09
1.045273723330030082e-09
-7.342820651018393423e-10
-2.267833348298436848e-11
1.382270461362276591e-11
1.110323682303149355e-11
1.345033026057346753e-12
-1.781356749577375956e-07
3.351210660497769408e-06
-6.242948928259128988e-06
-4.521343159884266594e-06
1.473711017079525610e-06
-1.282595022446877065e-07
-7.218756949350357264e-08
-2.949087716495872317e-08
-1.155082371445567146e-08
-3.651925193375081877e-09
7.090493747062649894e-11
-1.386303119502829402e-09
-5.742707081206911246e-10
-1.458299222936775993e-10
-3.524722021105142929e-11
-7.918245811893169434e-12
-5.319036435905438405e-13
-1.505552744250297781e-01
-4.354738604861972499e-03
-1.077396923675582170e-04
-2.417954863472320640e-06
4.951465478163892056e-07
3.603535513051211045e-07
-2.302677135244781252e-06
-1.488923352784321861e-06
-2.424261425808492483e-06
-1.079579187195314149e-06
-2.056567450930838400e-07
-9.873287866037170476e-11
-5.807280396333340319e-09
-9.166556845120035840e-10
2.351341071035458155e-10
3.808695810206508574e-10
4.955812813686542168e-02
3.860057431963038761e-03
1.817684193862643895e-04
6.859629391080887342e-06
4.711323788178208003e-07
-3.740888299655951373e-07
-4.366167227922237224e-06
4.579510312936765160e-06
-2.684602375582167787e-06
-1.229932636016892890e-06
-9.510739571378042002e-08
-8.991496367106617324e-09
2.331663089472791580e-09
1.730242444280988811e-10
1.195688274559079700e-10
-6.167371250717912079e-10
-1.334827126786431763e-02
-2.556176120356970765e-03
-2.278376852697750008e-04
-9.770082635194215831e-06
-4.622489332310537473e-07
3.609607616006242443e-06
3.400897203151916668e-06
4.003267472635871890e-06
5.964524750692460043e-07
-1.650731846883846996e-07
1.509433250309911271e-08
-1.741757512821981195e-08
4.587555133421344171e-09
1.739496311348699318e-09
-5.563192671177020316e-10
-1.245265191789664408e-10
1.120257506369450647e-03
7.622723575087099555e-04
1.443549329649206449e-04
1.112466468404361519e-05
-1.705512651416834930e-06
-8.931827984551152958e-07
-3.324894073057979532e-06
-1.072772592357023351e-06
1.150133676884473057e-06
1.819302764281431104e-07
1.142648496360252603e-08
-2.212016561557851538e-09
-3.195195814323117235e-09
8.173421380730087170e-11
-7.139111447459695269e-10
6.800938645790168985e-10
-2.195741982953680496e-04
-1.386697798231943917e-04
-7.730260178666685750e-05
-7.916899500923800230e-06
7.405052964247606997e-08
1.043722768126128990e-06
1.563596135989416652e-06
-1.704874983909894057e-08
-1.292332384321056984e-07
-3.459749911212313985e-08
-5.220842506290734518e-09
8.207391881096553453e-09
-1.607545689661187677e-10
6.662747721286343969e-10
-4.853640257046249208e-10
1.797590996941062884e-10
1.019368806275820538e-04
5.053634458972854234e-05
3.241842208519243391e-05
4.288672133154582391e-06
-2.060647931694032676e-06
-1.649552632400240606e-06
-4.942886151411206318e-07
-6.184925281951505809e-08
-1.128275002690478221e-07
-5.313765560348062232e-08
-9.273249550642205518e-09
-3.538068244575971402e-09
-2.696685558509081177e-10
-6.065074247472492910e-10
2.607647459130635495e-10
-3.044628934497477513e-10
2.298690087544167380e-04
9.946386551185315257e-05
2.547552110328693778e-06
-4.362102913976423268e-07
1.771269251336599711e-06
1.183862699689215791e-06
3.462403406763263985e-07
1.055969183983364832e-07
6.796730680221816845e-08
2.754412661668362316e-08
9.814055939975497287e-09
2.190393170381671659e-09
7.292790979771975487e-10
2.241833474883072771e-10
3.410309443441046141e-11
1.649030351585713325e-11
-4.873584869164021278e-05
-7.658680969773851946e-05
-1.247133663122450601e-05
-1.573115089127179899e-06
-1.017510638481220218e-06
-6.272767099017680203e-07
-2.560978477779021371e-07
-8.810538958468139484e-08
-2.710750357919905543e-08
-9.041892293348125773e-09
-5.566596550867378204e-09
-1.512770850483164262e-09
-6.298131059773876129e-10
-1.143148439144494093e-10
-5.236780392228870281e-11
2.713931721909346063e-11
1.784572072264790956e-05
6.541330330032009953e-05
1.376812502884944709e-05
2.240509328897851894e-06
6.835221089841661445e-07
3.292516719792398483e-07
1.585011463749648341e-07
5.032263716246686849e-08
1.452789584796502999e-08
9.813197579849776101e-09
4.452104928750464070e-09
1.143654789695149939e-09
4.335571520092911098e-10
1.063742816789279777e-10
2.059771528946083821e-11
-7.694468112593568496e-12
2.153767544001412122e-05
5.014036584578621927e-05
-2.931949888330437568e-07
-1.584270431907514712e-06
-4.582398189970847088e-07
-1.802571417066762587e-07
-8.547828464519075711e-08
-2.974478683939422607e-08
-8.791745028279556505e-09
-7.068016670102763971e-09
-2.286472666756556543e-09
-4.574962472924497397e-10
-1.363749176597957347e-10
-5.389634626018939023e-11
-8.901433168682932110e-12
-4.431236268687753927e-12
-5.018707448906275946e-07
-1.687717009979498533e-05
-5.467842224489227852e-06
4.063078241084797589e-07
2.279960733938293443e-07
7.454718577479941532e-08
3.528361846223406260e-08
1.417301746067402501e-08
7.345652737947168055e-09
2.384682532449181684e-09
2.820128858073678074e-09
3.599133927512822881e-10
5.465865303665508033e-11
9.768541700621922355e-12
7.388357295391464080e-13
4.881059005378080383e-12
-1.779661596852041006e-01
-8.824748850158659064e-02
-5.931238993873948553e-03
-2.701119898571728616e-04
-1.130545501560677415e-05
-7.816789218927670610e-07
4.354884520472779249e-06
1.087475932071733852e-06
-1.039492054934964429e-06
1.631764613702241400e-06
3.065626465135340828e-07
-1.241371364653009386e-07
-2.210143019628557391e-08
-9.831109966153411680e-10
1.869056931437202253e-09
5.109801952975566851e-10
1.156679175139050846e-09
3.865247272092439332e-03
1.223037238363276248e-02
2.381611731393416809e-03
2.167541586916947322e-04
1.088104968144011387e-05
8.547992942493833720e-07
3.770839523630937769e-06
1.014760823650229166e-06
-1.322845889007862987e-06
-1.287242654504035713e-06
-1.369727365022538641e-07
-3.992392163941794430e-08
-9.537433581343017928e-09
2.504730078637632951e-09
3.209313994521720102e-10
-5.716157132104759903e-10
3.365721977395528231e-11
3.037020494803299221e-04
-1.044430769274885601e-03
-7.595163710542392112e-04
-1.419341802318288917e-04
-8.786206290034623737e-06
-1.658962156366251394e-06
9.399121053694029959e-07
-1.876019278016318898e-06
8.792552632192545002e-07
-1.287608565205974282e-06
-1.362815511111944766e-07
1.847806818639343884e-09
1.405480671250896309e-08
-7.909697430451227511e-11
7.894306947304371689e-10
4.042368135566376063e-12
-3.384934265211791416e-10
5.747560266460650718e-05
2.283507136765956791e-04
1.429017421146821446e-04
7.602102867484890900e-05
7.082538661385982655e-06
-1.173165358201989365e-06
3.669707912529691629e-07
2.690048255788033079e-07
9.771154620018377902e-09
1.322394340355554089e-07
1.893998484698388656e-08
-1.505321594669277082e-08
-4.658495464520328668e-09
-9.280026728858014472e-10
1.259003221249703868e-10
1.062643853335587932e-10
1.212161227484277125e-10
3.304176925450758007e-06
-9.742524393849995713e-05
-4.815109366656025318e-05
-3.218688790334107470e-05
-3.346586340100747227e-06
1.773345236616941540e-07
-3.034119385118025762e-08
1.407323096946850737e-07
-1.237770279109538544e-08
1.372987133584210208e-07
7.364622005631104198e-08
1.879841264235305669e-08
3.721863409974873871e-09
5.851076029364500419e-10
1.859952970458024090e-10
-3.551808908891735262e-11
8.847667375029538933e-11
-2.166472033154961472e-05
-2.317391994619607133e-04
-1.011766819406142970e-04
-2.990986706461696576e-06
7.901363722771677901e-07
-1.584764281551339386e-07
-4.219049195115652729e-07
-1.372013006509026687e-07
-6.976440662210326102e-08
-8.631991340009483151e-08
-4.328938843054276014e-08
-1.315538054867107054e-08
-3.046314107522426464e-09
-4.803574622250563328e-10
-1.176355440008665816e-10
-5.282223239973969111e-11
-7.190155995174087511e-11
7.544894294319249911e-07
4.861741919581948746e-05
7.711112330023371208e-05
1.263952404896009560e-05
1.020605976896449372e-06
4.087664606759024307e-07
3.736061269460479730e-07
1.646962946697664899e-07
7.680044866628302164e-08
3.687950191615189432e-08
1.619387218705890978e-08
7.230015456883289186e-09
1.950117938033410155e-09
4.293278492457579429e-10
5.392655323130162802e-11
2.648972455666576200e-11
1.875404993548869944e-11
5.051995213478672269e-07
-1.777912834688616235e-05
-6.556298494980205053e-05
-1.371515627014545120e-05
-1.962481797014797442e-06
-4.505612547180706212e-07
-2.597839075412700399e-07
-1.264064640027147301e-07
-5.168177992933584807e-08
-2.107505238203764589e-08
-1.289807144363294717e-08
-5.429241978146810085e-09
-1.333302247073219958e-09
-3.368859602610565018e-10
-8.175209406788464083e-11
-9.097698312260183996e-12
6.758706821998573704e-12
-1.832309470753481186e-06
-2.157352366674314211e-05
-5.006832813681391322e-05
2.376516094168386253e-07
1.413810883183762851e-06
3.907097088792622685e-07
1.693567326015074042e-07
8.508043658749556533e-08
3.635264679224980197e-08
1.390801001475098555e-08
9.464553816798616242e-09
2.104146823810921913e-09
4.097084766541002543e-10
1.383379877786169602e-10
4.488916077492719254e-11
5.935759471908265284e-12
-4.156227670020380006e-13
-9.912375221766596911e-08
5.952163468120701126e-07
1.686206525999008174e-05
5.790328308356336648e-06
-3.286282487300569521e-07
-2.756098116582202178e-07
-1.078527592844784429e-07
-5.078431119862826978e-08
-2.582779262066584181e-08
-1.454733593911956886e-08
-5.677057585871346819e-09
-2.882687838457706025e-09
-4.721530163714434915e-10
-1.072153373630087116e-10
-1.327417371475607524e-11
-2.719160126512749731e-12
-4.394939764673274197e-12
