1.394164219492868562e-01
1.025266113427668824e+00
4.448960310301295490e-02
1.519814925428007203e-03
5.231915417875729069e-05
3.452885629335681563e-06
3.835838923063993795e-06
3.159702942250959645e-06
-1.644690247339910287e-06
1.401215967102733481e-06
2.280539054247093931e-06
6.713537187903115715e-07
9.767618518854015385e-08
6.909300890975428076e-09
-6.294386793725702321e-10
-8.303067207904045438e-10
-3.157493164858535424e-10
-2.215289854137518152e-02
5.782227000115803400e-02
-6.218792344449628438e-03
-5.668750349903203161e-04
-3.276969320822836578e-05
-1.736261057348931921e-06
-1.450797329399618385e-06
-3.395923238841176751e-06
-9.348209924341416030e-07
7.174659390766025008e-07
1.750345971837225149e-06
3.159005225451336800e-07
2.592109877273530582e-08
-1.772884531224975077e-10
-9.726017311968598138e-10
2.272692844626861973e-10
-1.808387004002996772e-10
2.683007983680053485e-03
-2.793660446694726240e-04
7.313123410747799855e-04
1.675646840719804140e-04
1.753702490909735587e-05
5.827176504051303709e-07
8.021521170291753578e-08
9.243855777163472817e-07
-6.451213617805735604e-08
-1.880990675669844266e-07
2.411617450474897498e-07
-9.886392907648932003e-09
-5.357557310084067261e-09
-3.111312827681138610e-09
-5.411334346691794235e-10
-1.489526832462698578e-10
2.630848280951947944e-11
-8.343442089363052345e-05
-1.137139207874826520e-04
-2.384513195841921765e-05
-1.824329126427802413e-05
-4.340191006751445443e-06
5.621800968400853312e-08
-5.876029553592263881e-08
-2.716626106018957263e-08
4.467269813221357498e-09
3.572802060530784410e-09
-1.618357412260474784e-08
5.087290666814944363e-09
2.728046786918447686e-09
1.482626025602539557e-10
-2.862480692389133779e-11
-1.920413731492185949e-11
1.820710307614305697e-11
3.491969240471914069e-05
-2.547250435450144348e-05
2.619869312844113650e-05
2.800489588367128689e-06
9.944105325308739221e-07
4.021199642451177877e-08
-6.875161723747190003e-08
4.447418791095084271e-09
-1.558758447768941877e-08
-1.134025988854300036e-09
-1.116385621643755817e-08
-3.124696825543791425e-09
-4.004910165531715511e-10
-8.793394941385561029e-11
-3.373288684109642041e-12
1.101194219911720733e-12
7.046620425585354644e-12
1.135966999626488060e-06
-5.143929078022011655e-06
1.657381666696736894e-06
-8.428788509901120041e-07
-1.139419399626993122e-07
2.985972956655334620e-08
2.032160655548440043e-08
7.706916620422530820e-09
5.021975456870556232e-09
2.953388194277086534e-09
3.742350461187047594e-09
2.091534923514542058e-09
3.977993993480501830e-10
8.985730020047118208e-11
2.993397692341414642e-12
-6.765937221685864888e-13
1.868387598331379306e-13
1.919459567797248984e-06
-1.028929635214168723e-06
2.878403689651712636e-06
-7.044896400942513628e-07
-8.565789575433959213e-08
-2.272429550855057800e-08
-1.078660215931911503e-08
-6.502436734714371814e-09
-3.018793635104265946e-09
-1.401244696210216459e-09
-6.581937616129190401e-10
-1.273455894071147599e-10
-9.121527682761914386e-11
-2.380996765216692445e-11
-2.348922274482139046e-12
7.856962974329435795e-13
-2.441824984350846507e-13
-2.177549356677188872e-07
5.932084213993115996e-07
-3.351769703796727062e-07
2.727959444708495334e-07
5.678681264958152425e-08
1.166451408644933352e-08
4.829529849739950880e-09
2.170330689452809957e-09
1.090630416929630260e-09
4.308441364045047532e-10
1.541011151302285436e-10
1.015073962572022629e-10
2.276408697527193448e-11
7.152536042327162582e-12
8.054812595495236355e-13
5.560014674895696005e-14
-1.857864958240354331e-13
5.811578707279268535e-08
-2.201820637782440743e-07
9.855063764137666988e-08
-1.401205111708470095e-07
-2.681299888842061419e-08
-5.483174492471610441e-09
-1.655768803994798656e-09
-7.190366808249778585e-10
-3.156620492258829263e-10
-1.157658994320615425e-10
-6.350339413799054925e-11
-3.411406445162064502e-11
-1.070992305902267954e-11
-2.009873045996884004e-12
-1.426230855762224721e-13
6.812110281776695998e-14
7.636622712601948020e-14
9.417094831649283169e-09
-3.024353473086640166e-08
3.979019785331245997e-08
-2.046499775908193695e-08
2.371458812977615980e-09
1.680627115363999677e-09
5.399888921762168915e-10
1.948662891170607310e-10
9.120694223225066053e-11
3.838909717545397600e-11
2.318733480801253575e-11
5.711951401295454617e-12
-2.950056930687579584e-13
5.160364166544524788e-14
-6.184845174755249189e-14
-3.946499088982263153e-14
-1.928300609196029810e-14
2.135438849549847086e-10
-2.687287938640983258e-09
5.571262347399778399e-09
-5.101352830328093704e-09
1.022985879175778678e-09
-2.862854437168728601e-10
-1.307771052038234961e-10
-4.455476434164896181e-11
-1.848374847731476175e-11
-6.112054509157183989e-12
-2.310673943177840163e-12
-8.527395227414102854e-13
-8.937948676626692215e-13
-4.297859796583603424e-14
-1.912368078949194185e-15
4.388014351219815705e-15
3.212768877825725544e-15
1.083041144172566285e-02
-1.118797198163502989e-02
-8.704390386305837363e-04
-4.759097717045614049e-05
-1.230268311166060629e-06
7.190308349934243362e-07
1.500364931559912088e-06
2.191034114336619940e-06
1.212667258073420682e-06
6.813072404710083912e-07
1.129143534530681110e-08
-2.001029877730642014e-08
-6.940404375882944052e-09
2.115016864982671803e-09
4.834934137377138705e-10
-2.466021045001198928e-10
1.594429018829035733e-04
6.696260150430833041e-04
1.562836330641134816e-04
1.659234886699194881e-05
-6.075880726343075549e-07
-6.545906075906152874e-07
-6.570041025896913917e-07
-1.469465443028602690e-07
-1.023649003806590004e-07
1.676068264659502872e-07
-7.307830929411831767e-09
-2.721471403135568054e-09
-4.542608937688559092e-10
-2.459269558279473872e-10
-8.719597385968456022e-11
-1.023710494935517452e-10
-7.958069331197744321e-05
-1.991090166690591119e-05
-1.817876913689858102e-05
-4.585084795873637779e-06
3.586950494394551878e-07
6.897132587062778424e-07
3.380856653377939631e-07
2.226033677850374736e-07
-1.410531947427169403e-08
-2.024801229557124788e-08
3.377535070908488705e-10
9.665812417544930183e-10
4.696880112186245898e-10
-1.337286997867392274e-10
-1.548651521583921080e-11
-4.789831996758706686e-11
-1.027934356392440151e-05
2.765915947126514277e-05
2.799221390791937379e-06
9.149240118320041287e-07
-1.566492242085228429e-07
-2.284393024642592699e-07
-1.016765207640623216e-07
-3.064672906704437769e-08
-6.272889582404615724e-09
-8.069075507556382812e-09
-1.654991288600373850e-09
2.838241308059537119e-10
-4.346504831183390504e-11
-1.314478827947115838e-11
-8.107887105036751258e-12
-1.244195654865565506e-11
-4.539269436775252391e-06
1.835372314758069056e-06
-8.668333754531883034e-07
-6.109455586940305354e-08
8.525821624998037114e-08
8.378606292559479639e-08
4.024745140419360517e-08
9.739409745060990071e-09
2.759937947075538567e-09
2.608182930558521455e-09
1.518301030012065315e-09
2.433703318516524142e-10
4.092159670799667179e-11
9.153713016431046111e-12
-1.287553321084707382e-12
1.582199822359558264e-12
-1.419882161437762228e-06
2.840328477121931668e-06
-7.047032437156675755e-07
-1.014450311218268292e-07
-4.062181153372015914e-08
-2.402010236043538442e-08
-1.109599115321983881e-08
-4.316399231428237122e-09
-1.439491702719744298e-09
-4.333124406350679547e-10
1.991459190524153027e-11
-5.036584861193815242e-11
-1.429923231789939153e-11
-5.145827362031432261e-12
1.317705620558891066e-12
-1.349581695162613611e-12
6.290499764500255910e-07
-3.320562183317576747e-07
2.752387323944275898e-07
6.100001951572588950e-08
1.619436072915810348e-08
7.068731498934280262e-09
3.168537890733493112e-09
1.260995559919409199e-09
3.514839637908642858e-10
7.727802870890770738e-11
6.349203608804452708e-11
1.011794673125708763e-11
5.543462932871035464e-12
8.964065150996204771e-13
6.136244371985206381e-13
-2.631708612595397500e-13
-2.307799288017366521e-07
9.732029448679505762e-08
-1.409902901730968079e-07
-2.793671837529703867e-08
-6.327136365501232129e-09
-2.176564090086155824e-09
-8.828950449836745295e-10
-3.417918464051277405e-10
-9.197139683047854104e-11
-4.295512390726454477e-11
-2.427919493502786743e-11
-7.417108050764998050e-12
-1.661702327624483946e-12
-2.875162067400894696e-13
-1.087377911779473547e-13
5.472849026012070315e-14
-3.161884840773137074e-08
3.982479897344706530e-08
-2.026987345584815275e-08
2.592590820024891076e-09
1.857878100025740220e-09
6.274043644567885586e-10
2.316834334013765768e-10
9.971724981362322657e-11
3.309835617305544636e-11
1.815302900628727430e-11
3.281819458993303439e-12
-1.074801470715691797e-12
-1.937383851055909920e-14
-6.207115367399699708e-15
-6.003666997312072171e-15
-6.415316998969116601e-15
-2.976377795438781899e-09
5.577646896866237325e-09
-5.238998418181807172e-09
9.605125451271985507e-10
-3.167132139941864631e-10
-1.613287500594721042e-10
-5.868358575211693768e-11
-2.111727994158719092e-11
-6.739734578948771438e-12
-2.069947366706097266e-12
-3.798180797943285721e-13
-4.002763284672043141e-13
-3.083930179656270317e-14
2.703767617338298688e-15
-6.817453265898821585e-15
1.320695239539255467e-14
-1.015741798137168139e+00
-4.417201783800186327e-02
-1.511140231793089289e-03
-5.150347458074035217e-05
1.102388482394848180e-06
4.533223298711604750e-06
5.057613444513740447e-06
3.035748662831334594e-06
-1.438717873366964129e-06
-2.277461214971309538e-06
-6.964111870036586975e-07
-1.061893940454078865e-07
-1.035930624616730115e-08
-4.088525456507661532e-10
-5.328745382282118414e-11
2.153684718894620956e-10
-6.138221979870561729e-02
6.015218375224702131e-03
5.594171524561622651e-04
3.244897007656059602e-05
8.642994815657879923e-07
-6.681168105877814659e-07
-2.027890368955188355e-06
1.684960831188961475e-06
-1.830990670793334719e-07
-1.623917212160302041e-06
-2.984842396464949138e-07
-2.075858287558242425e-08
-2.082197872917521524e-10
1.661949120104181582e-09
-1.739857096595127402e-10
1.456612958005094618e-10
1.326220047930965753e-03
-6.348711619852364903e-04
-1.644969515524525065e-04
-1.949860467689952314e-05
-1.062109596240368088e-06
1.178634845874152811e-07
5.005294675401519259e-07
-3.008391417650981731e-07
2.228764265797853440e-07
-2.629743533904411005e-07
-3.971675221995921766e-09
8.462220269263052775e-11
1.961605170583593296e-09
3.397579307340320158e-10
-6.188622983065643514e-12
-1.278393450391864646e-10
-8.700757888352748042e-06
-8.834624338011379319e-07
1.710352912001415941e-05
4.807957173406691788e-06
7.454629630810230501e-08
1.757261289125769547e-08
8.427168848182502557e-08
7.203923473724020829e-08
9.436127910758289868e-09
3.188362177249026052e-08
1.697370698998498847e-09
-2.094850342207409554e-09
-1.641407211831355750e-10
-1.181807113757280033e-10
9.867058174509636509e-12
-2.976442685641281183e-11
5.030769264558383080e-05
-2.089025494256082808e-05
-2.594640164869012722e-06
-1.241614120545308246e-06
-6.917096168583234213e-08
4.934383668074205832e-08
-3.768951035825325140e-08
5.357606539250570605e-09
-3.530997115670047706e-09
6.350152029219095782e-09
1.694529060564234464e-09
1.226401056267396073e-10
6.424092514723516356e-11
6.606003270162834576e-12
2.777827707118572942e-12
-3.741023614192641565e-12
-4.185226813170001136e-06
-2.776378952087312256e-06
8.535077006763531008e-07
2.077709122267907289e-07
7.202953613518219984e-09
1.958432689616157815e-10
1.196046681447250210e-09
1.890799197049772952e-09
-5.687821464088052319e-10
-1.725493196963363714e-09
-1.584719033683921344e-09
-2.603586847595980527e-10
-8.056790863483620800e-11
-8.714781055920146538e-12
-1.349358980591954634e-12
2.114195984801358516e-12
-2.334306718998154903e-06
-3.070557782543731455e-06
6.608953793618572013e-07
5.391763753761725138e-08
4.287567927703298281e-09
1.287906348036070387e-09
1.595123216894105381e-09
-4.623931277568868504e-10
1.067093124524470923e-10
7.587866146801333302e-11
-2.323960350621198347e-11
5.692695670162848125e-11
2.467882404255134235e-11
2.836303027758422040e-12
6.482034923380190542e-13
-1.506380487412845302e-12
6.696743831072167469e-07
5.588938293503632309e-07
-2.401159327307231168e-07
-4.450395712110782007e-08
-5.079317406977642136e-09
-1.308181519602044104e-09
-5.028061776665323697e-10
-1.451423432383832075e-10
-1.945555745115213974e-10
4.587175872808201891e-12
-6.318437956386465693e-11
-1.207968909712617753e-11
-6.554406280101845655e-12
-5.654668435301040592e-13
-4.382605416200469837e-13
4.560797709299600654e-13
-2.499445086257826155e-07
-2.261405822774271715e-07
1.218294867136655067e-07
2.225495815922381705e-08
3.376956259297441774e-09
5.855243659648932249e-10
2.442444605710486764e-10
1.012647417496552659e-10
5.614360814754548679e-11
1.577707914836992587e-11
2.304167384262324904e-11
7.731067600167587602e-12
1.930270050196100817e-12
1.417289944496688507e-13
7.293630698345785685e-14
-1.282878989924228787e-13
-3.836961032092300948e-08
-3.849742649252863589e-08
2.559060002157289241e-08
-8.518414164415806171e-10
-1.072502766575406609e-09
-2.553637175882118860e-10
-7.937294746310661209e-11
-3.722077077059354262e-11
-1.124643489612847018e-11
-6.788575810692397654e-12
-3.586220394581267306e-12
6.971193349353843523e-13
-1.197889900896900064e-13
1.505040849403389726e-14
8.910505100085800262e-15
3.737123020372733188e-14
-3.233829562282919532e-09
5.756677514967823720e-09
4.690254997940899665e-09
-1.382637228552501509e-09
1.464964970435838092e-10
6.983798165764719853e-11
2.274878560106861631e-11
1.137478849869386261e-11
4.506592804104653656e-12
4.639647323522532840e-13
6.331755568672915026e-13
8.550140899802378021e-13
1.982748703747124050e-14
-1.609527498314922505e-15
-6.455357253798150435e-15
-5.338362386617697927e-15
3.873799543404017609e-02
1.626068761878387767e-02
-1.089714198638647331e-02
-8.614971163910068808e-04
-5.061632086812511787e-05
-4.518979312720790921e-06
-7.937118512707214932e-07
-2.830987124816114726e-07
4.608504186102375100e-07
9.617189028662658883e-07
7.635561880420818461e-07
3.152043328579991069e-08
-4.992576970802380999e-09
-6.538261744626960093e-09
1.584187732468887739e-09
6.385974070379519055e-11
-1.738633759901278756e-10
-2.471974257298917461e-03
-8.182566354109480945e-04
5.767410223638807934e-04
1.515322208112123716e-04
1.758928952010762611e-05
1.349370707795112887e-06
5.653882578078382837e-07
1.620101797744811544e-07
2.206320005341004762e-07
-1.468648738175553547e-07
1.473587304652190186e-07
-1.042477287981045630e-08
-1.618909666594980414e-09
2.453154668753345627e-10
1.753649350974188328e-10
-2.166403357208263893e-10
-1.626920055933137475e-10
7.326007217305495370e-05
4.391992955621077684e-05
5.352658121522657903e-06
-1.735372780370868253e-05
-5.569696459346833923e-06
-6.831604367637605336e-07
-2.376728731978666874e-07
-1.039042741156864264e-07
1.200102795325176035e-07
-1.552889574031380881e-09
-2.145574681761508151e-08
7.556390237640235107e-10
9.322993265200092764e-10
4.881370505620476391e-10
-1.088739797627978084e-10
-1.860783371815758138e-11
-3.153904036060150809e-12
-4.026244970722312892e-05
-3.586333089938331854e-05
2.192868218864200944e-05
2.586439101504131338e-06
1.382667996176431102e-06
2.594916786731921421e-07
5.996777332066843133e-08
-6.575191011085743695e-09
-1.377781820427033742e-08
-1.018316174691627601e-08
-8.370004319069258916e-09
-1.837982465299549413e-09
2.487716683545528403e-10
4.042564333671722754e-11
2.214234346632780648e-11
-7.264715761525087419e-12
-4.571975432172959545e-12
-1.283556114667804507e-06
4.842598735466517143e-06
2.971445497325390479e-06
-8.661101715276836354e-07
-2.593583466817357347e-07
-5.065012388524403594e-08
1.437237375539768646e-08
1.726296365925364267e-08
3.270703110048655472e-09
2.800408900284607114e-09
2.043191519990633422e-09
1.400537353798551706e-09
1.873104723832892183e-10
6.449805592596194966e-12
1.196027467399406776e-12
2.210202506804526500e-12
2.653530057094357470e-13
-1.889559750770845914e-06
1.910044626022299646e-06
3.035078244387511459e-06
-6.503682423694423619e-07
-3.599681288614446293e-08
6.784739480677903093e-10
-5.432296909545937023e-09
-3.740868319648450814e-09
-1.277449300528789013e-09
-8.296591169265911151e-10
-1.993611803233807607e-10
6.060010774562921831e-11
-2.948711006744867424e-11
-7.628780614153983666e-12
-1.760926698024820494e-12
-1.125352863090975092e-13
1.048058892407486973e-13
2.230920854192886815e-07
-6.273696373552315285e-07
-5.559213974763735030e-07
2.371896171821859959e-07
4.100110287581370117e-08
4.622963306735511849e-09
1.888091819777578663e-09
1.140112330881359644e-09
4.996953677017581742e-10
2.971874028794800079e-10
4.599124498095506374e-12
5.114855108575245334e-11
1.863259931354771674e-12
1.956207827203441695e-12
2.657620931084827290e-14
9.159350130005127124e-14
-8.379602961023241129e-15
-5.793529583431440381e-08
2.386899410114970690e-07
2.253108955376888003e-07
-1.212981747041341492e-07
-2.177214804733577670e-08
-3.328734739683449522e-09
-8.395093578652168990e-10
-3.745615879408439806e-10
-1.795646932516058918e-10
-7.626452210704376589e-11
-1.549098716375430993e-11
-1.889327506060939028e-11
-4.635651885604424974e-12
-7.766429121852287728e-13
-3.030626100039390995e-14
-3.608182695873199936e-14
1.042953708228531189e-14
-8.851758560413405267e-09
3.699418430484724310e-08
3.834911076919162870e-08
-2.571274795752716316e-08
8.070209651595343214e-10
1.126700263675978821e-09
3.013995109739574040e-10
1.167106466971338889e-10
5.877423037680877044e-11
1.576646251141227252e-11
6.403460152324618997e-12
2.307441919414685472e-12
-1.520851287137303983e-12
-1.627897359103778817e-13
-4.506751434213446842e-14
-1.071594873024790067e-14
-9.638795263499700569e-15
-1.401704088974162554e-10
2.998333001067253294e-09
-6.107931003678882805e-09
-4.858739658446264728e-09
1.398505843998081372e-09
-1.348305219613322456e-10
-8.306574736237796262e-11
-3.338412022362435487e-11
-1.399723175426307554e-11
-5.823089415896828539e-12
-3.428316622123008524e-13
-3.271574103419938365e-13
-2.902560464507050730e-13
4.875960574375015983e-14
1.690772375580023733e-14
5.312521585882337277e-15
2.490398813425922545e-15
-1.586374623933333172e-01
-5.378360973712960520e-03
-1.796912659050166718e-04
-4.874652349326583653e-06
8.812398578392759047e-07
2.097348959493185416e-06
1.799157716165137753e-06
8.252173245622913947e-07
-1.035461473159174622e-06
-8.176438818334932887e-07
-2.011565774373123971e-07
-1.207272897400523841e-08
-5.966828873824231637e-09
1.142810346040156555e-09
2.451887604985224879e-10
9.821593562923185595e-11
2.333283024459492302e-02
1.996937607180337970e-03
1.161105073300472331e-04
5.176767884740008746e-06
-7.259734071226180834e-07
-1.249020055998714351e-06
-2.114968842817906793e-06
6.967104818575785546e-07
-2.976456438869018278e-07
-5.106462412892791747e-07
-2.826027072040160731e-08
-5.473746193268101502e-09
3.157625743546679725e-11
-1.751822543308451857e-10
-5.454290213031363436e-11
-4.947172227097910539e-11
-2.789868704073293626e-03
-5.816263914256974282e-04
-5.988268005289363688e-05
-1.846260167369570467e-06
5.648401437251156935e-07
1.213608713093702030e-06
1.356241209935269976e-06
1.036964649683541366e-06
1.223059473468477130e-07
-1.215014522986289059e-08
4.708105038427612808e-09
-4.542511707499595373e-09
5.899082701619679915e-10
-1.536435979785967225e-11
-4.096559014472641726e-11
5.727632641238854237e-11
4.914338034868124123e-05
7.052988076433847151e-05
1.627621895578443335e-05
7.130480207730529969e-07
-6.608260612198149764e-07
-5.181205484300425045e-07
-5.150716596838332583e-07
-1.162558467761029933e-07
7.128680822260915241e-08
7.971356221924458629e-09
2.162477510046589329e-09
-1.237870761648439761e-10
-1.198765620851534844e-10
-1.502198859875803206e-10
-7.105304629192700836e-11
4.319713408966225383e-12
-8.407897221377562120e-05
-1.193238695580776926e-05
-3.528545483270836774e-06
-1.537342069020298154e-07
2.903286915011926732e-07
2.084088499654039009e-07
1.330016869853499215e-07
2.115305979442652330e-08
3.661290462802328953e-09
2.965539663527625266e-09
-2.550928765896398030e-11
3.551330896591645254e-10
-2.458482258357773060e-11
3.001444744693319733e-11
-9.790144116372335850e-12
2.202061483716652845e-12
1.156131913423044030e-05
4.190371521227314916e-06
6.993761442613991270e-07
-7.584726166411727547e-09
-1.281678327792690800e-07
-8.286712425603051481e-08
-3.019219387375087635e-08
-1.058542921962365697e-08
-5.514438625363855463e-09
-2.235840792686349284e-09
-3.630684939342367530e-10
-7.276896087400673042e-11
-4.799147528646157602e-12
-1.355828702816295638e-11
-1.119289445675144586e-12
-4.331866635896350315e-12
4.715950672993513778e-06
2.051153354752548471e-06
1.538675634843754350e-07
4.152698892466166534e-08
4.317753653487723415e-08
2.594194758606602161e-08
9.816210173016743919e-09
3.179308250166907382e-09
1.334318864496284654e-09
2.989143592999228632e-10
7.210354833753576134e-11
3.404915794894587616e-11
8.029387720908711254e-12
9.006056121642364318e-12
-2.329196720171521328e-12
3.523231175074820662e-12
-4.593792171295650647e-07
-8.266835410217420341e-07
-1.477040470816213343e-07
-2.761874279776840709e-08
-1.309456832550254126e-08
-6.956387765215596019e-09
-2.969449509606836926e-09
-1.068978867013187392e-09
-3.033710102325125698e-10
-5.879175499029206276e-11
-3.603769180308544621e-11
-1.111179950406492475e-11
-4.134025346263859481e-12
-1.162497406598624581e-12
-2.366181945103415745e-13
8.207834078568522699e-15
1.545758287505724435e-07
4.155166630691325754e-07
7.857600210972047465e-08
1.332044329749811467e-08
4.123747644359558830e-09
1.838191939680435310e-09
8.144325607101364979e-10
2.842309564257069187e-10
7.693698276481045518e-11
5.054968154761471608e-11
1.336420556380577601e-11
3.939377585543256947e-12
1.142690116294198220e-12
4.073610921485472525e-13
6.437826231911844141e-14
2.359499838503482871e-14
4.439596451138764948e-08
9.637254347523702870e-08
-3.086661399445319359e-09
-3.962712556161724471e-09
-1.248762460910411253e-09
-4.776186355601498260e-10
-2.139791359724342443e-10
-6.910200336841856626e-11
-2.134051323259424075e-11
-8.750068419165362394e-12
-2.493075580293027347e-12
-2.918656512033779127e-13
-1.897405590956849543e-13
-8.724415439887080467e-14
-2.506102457670080491e-14
1.223676469726224759e-14
-8.419509733814435707e-10
-1.657535465492463227e-08
-5.162377348652706929e-09
4.756757750447865081e-10
2.895714478434154569e-10
1.009800615501610174e-10
4.266288568895890276e-11
1.628648737117510888e-11
8.815417984272302539e-12
3.139334251709585369e-12
1.726723124374759624e-12
2.979197278487994774e-13
2.283826788189867759e-14
-1.642981631753392682e-14
-9.722943452370596784e-16
-7.890654759780690820e-15
-8.133147938611771932e-02
-4.140524888986760188e-02
-3.047008609753176257e-03
-1.644045635993181416e-04
-4.017706686130008114e-06
1.190259760919062083e-06
4.658160589155890599e-07
-3.554937094028605396e-07
-2.024876173838217185e-06
8.324354715343648336e-08
1.003657270771588013e-07
-2.248906786656877809e-08
3.380685380471331579e-09
2.187026617717994271e-09
1.146895262559709804e-09
-6.769316989218275423e-11
8.608897643789561300e-11
7.681590702630867193e-04
2.553037242392612680e-03
5.433513133075665996e-04
5.803641433480204810e-05
2.302535631157068870e-06
-4.616894696588018245e-07
4.032333013342609079e-07
5.983205860990432267e-07
-2.190758949823740504e-07
-1.670527237649289665e-07
-4.999157759842478302e-08
-1.915245219512057763e-08
-5.033720253452601358e-09
7.021991011256820101e-10
9.601675895306118856e-11
6.843940067524630167e-11
-3.285572067247544726e-11
5.778102489221192305e-05
-3.957615479406898992e-05
-7.035298747145847737e-05
-1.535968334941998788e-05
-4.941150425276180880e-07
2.053297151285312392e-07
-4.672123902620722456e-08
-2.273401370151937232e-07
6.078671880254040731e-08
-9.865955863939167048e-08
4.274683206616735339e-09
3.762521550496300125e-09
2.472101502292376629e-09
4.986032848168796530e-10
1.053423282912690421e-10
1.844883375434601865e-11
-9.049802880653127309e-12
3.333567733503124160e-05
9.042638444176559010e-05
1.249026792253041455e-05
3.394479207881980178e-06
1.141848847421723620e-07
-1.683358784276088473e-07
2.025889312418854811e-08
9.987065970103426077e-09
2.507278616085489869e-09
-1.910344091665347076e-09
-6.096747329072131613e-09
-2.400955771083600321e-09
-7.254955797942089245e-10
-1.530052813718294790e-10
1.297319845175596187e-11
1.188868264923544046e-11
3.925326613109014412e-12
-3.744979941145381253e-07
-1.147402739367142133e-05
-4.109325920978260997e-06
-6.935474875140741453e-07
2.174121717932226876e-09
4.521651706231247712e-08
1.655360961485780343e-08
8.330222138364663748e-09
3.489263388424478610e-09
5.987828974436613153e-09
3.360947601923817502e-09
9.807630281520457207e-10
2.504421337651596702e-10
3.286971658480424289e-11
1.204805409309441967e-12
-1.369807633774259216e-12
1.393871987361410627e-12
-4.039612339275736026e-07
-4.720535469756788970e-06
-2.069379421769503422e-06
-1.567798038832438225e-07
-2.941940521292416806e-08
-1.874135214148723066e-08
-1.164735364981381760e-08
-4.154605821282105526e-09
-2.056572173298917063e-09
-1.683868778005142533e-09
-6.746003441171317413e-10
-2.362088316541885650e-10
-8.720047960919058306e-11
-1.627871227512213668e-11
-2.782926011447463822e-12
3.604283756116517781e-13
-3.515370793544227966e-13
-3.874232801631593320e-09
4.507999014789618722e-07
8.278712295738846995e-07
1.473406809786947423e-07
2.284733029146511449e-08
8.196908812077205460e-09
4.144096647574269648e-09
1.891282805121005452e-09
8.689488652799919447e-10
3.986559845483003442e-10
1.555678402198737891e-10
7.971443388906911100e-11
2.485207301672837853e-11
4.936754998334774356e-12
1.607171123380121412e-13
-3.059676319270915617e-13
-1.320606736846454311e-13
-5.866642828338349154e-09
-1.541544996621250217e-07
-4.155096127529678358e-07
-7.805519389268023284e-08
-1.223415718186470635e-08
-3.067041789728408171e-09
-1.391272773708029238e-09
-6.160119740856137003e-10
-2.707483617764406294e-10
-1.079645138236761154e-10
-7.509074534944864680e-11
-2.460156375228764289e-11
-6.947271847988125902e-12
-1.223824718389946240e-12
-7.776956679899550421e-14
1.040621660731566522e-13
5.175962692362346795e-14
-4.714530944133804406e-09
-4.507001773840072829e-08
-9.645698608720366013e-08
2.907578877025975896e-09
3.680461002331949361e-09
1.068009081305794917e-09
4.084661401158459280e-10
1.865871620729208585e-10
7.361820216018622307e-11
3.043170627968055834e-11
1.479005705516444440e-11
5.070725639248562121e-12
8.825637926789213635e-13
1.500517842790446982e-13
-1.326837790392965542e-14
-3.876847602604540235e-14
-1.774088102191475896e-14
-1.907513622301738669e-11
9.216311358113284622e-10
1.660534071838014499e-08
5.329928809007116801e-09
-4.117174779801240446e-10
-2.961240065281579293e-10
-1.078821965539179375e-10
-4.646191841516375491e-11
-2.154812298878184256e-11
-1.274008542031281607e-11
-5.093423677561517461e-12
-2.072797621785719579e-12
-3.290653256134455612e-13
2.669149421262254146e-14
5.107829821927220527e-14
2.454155491906097438e-14
7.636188204789017838e-15
