1.344704352053755214e-01
1.027841770899165397e+00
4.307782372402839399e-02
1.336275344461803098e-03
3.840109885461720761e-05
3.443703343500906178e-06
3.689168516268058727e-06
3.233970603585653889e-06
-3.106666160573328549e-06
1.821892300691844120e-06
3.208211043517552779e-06
7.780542553549516831e-07
1.177016809906321051e-07
8.270692814057717549e-09
3.490839541929435414e-10
-1.226537959862515134e-09
-6.154007768277065422e-10
-4.025682681055350876e-02
1.074409428564166991e-01
-1.130279539910947380e-02
-9.575851653443438489e-04
-5.058772681000091206e-05
-3.869563394015794794e-06
-2.474378856709203255e-06
-6.452781048687324188e-06
-2.206185274502301013e-06
1.873801729502532136e-06
3.863709069386018038e-06
5.879306103189835953e-07
4.574350911209559397e-08
-2.058935459898329541e-09
-7.221468764722510747e-10
2.789083324559521541e-10
-6.801869860780045381e-10
9.088445383604034505e-03
-1.159411494010500207e-03
2.466511274261059400e-03
5.414458045944157147e-04
5.115702386293448096e-05
2.845290068964862077e-06
-4.012963565400477096e-07
2.916433000347624439e-06
-9.541163208527591163e-07
-5.466036311599944920e-07
9.654735990346285677e-07
-1.353346959767611577e-08
-1.002726344211533574e-08
-9.058658453335117521e-09
-1.340479959863134628e-09
-5.390657459151497702e-10
2.057937157396417686e-10
-6.947581477050134404e-04
-4.975043414475549758e-04
-2.436884856233977384e-04
-1.257856155156851085e-04
-2.796493436132851086e-05
-3.784525572364298335e-07
-6.893284408036967811e-07
4.416840450405686206e-07
1.455654012446533095e-07
-1.199309666801056492e-07
-2.254879231298702141e-07
-1.729465804277587904e-08
7.523807586706815426e-09
1.693566236105489566e-10
1.426027078836428684e-11
8.978092899326082933e-11
1.312542496172292769e-10
1.636612514318885783e-04
-5.547394404644029363e-05
1.383468188631157897e-04
2.311972294121987197e-05
1.323384754612935859e-05
1.318847887619135496e-06
-5.813079944808956877e-07
1.289342272092312840e-07
-1.012881561671076198e-07
4.562637969315495933e-08
-8.252734287375967388e-08
-2.271362525113684850e-08
-6.591552212149586784e-10
-1.119181405223555600e-10
-1.043951241987747443e-10
1.327027918121499912e-11
1.181996273261487989e-10
1.425818481439829892e-05
-5.186600285017002517e-05
1.152182250995869367e-05
-8.626961648853153980e-06
-3.561615788661390867e-06
-1.519579095138048958e-07
1.167514364739260027e-07
2.351648771939159698e-08
5.144300465173225034e-08
3.266128037805775757e-08
6.060278776949502025e-08
3.016504747932834559e-08
4.972920005168064230e-09
9.069993345232933375e-10
-9.149128403685468664e-11
-3.314418421521294586e-12
3.645739017981367349e-11
4.130527155062089573e-05
-2.465737892523096992e-05
6.361540274368575223e-05
-1.496062001199228239e-05
-1.395150860662142005e-06
-2.498776764800395101e-07
-1.602265873281321795e-07
-1.420877219178970093e-07
-5.930308980172779886e-08
-2.805432273866583601e-08
-1.581309519091014331e-08
-4.083064942615291405e-09
-1.907809725403215152e-09
-5.227331473570814125e-10
-4.484951337799071668e-11
5.356120328746474859e-13
-2.349789525401290958e-11
-8.725563863751739874e-06
2.370644840966805943e-05
-1.438620390672127819e-05
1.042314215924710189e-05
2.081800425597851392e-06
3.670467693771230764e-07
1.657968655398939291e-07
8.341941611193565643e-08
4.359690728203459178e-08
1.648028768358989807e-08
6.066949766846591496e-09
4.011988517265100952e-09
8.278262073567296658e-10
2.988451232773257062e-10
5.660603801746842547e-11
1.950602578813831628e-11
-2.840767455766369313e-12
3.278163066362721821e-06
-1.451669518808784089e-05
4.445925371596367831e-06
-8.788617911828396824e-06
-1.746671945162735911e-06
-3.568481333475858193e-07
-1.071672513770422441e-07
-4.876987511679051327e-08
-2.259612631097363430e-08
-8.709025173726047326e-09
-4.310325207167451004e-09
-2.404765724505720750e-09
-8.204085774962837716e-10
-1.686388522922300455e-10
-2.923560702383742387e-11
-7.028217901344203347e-12
1.153770865003594333e-12
1.349645915119680432e-06
-4.614304504477268601e-06
5.485150616206260169e-06
-3.145270118611794538e-06
2.600022522853803971e-07
2.082189638590106463e-07
6.654257996157469526e-08
2.360298263462896416e-08
1.088272925837310378e-08
4.433546541928249568e-09
3.239185427371874696e-09
7.469035179471035081e-10
8.897658458025405044e-12
3.603638120126014248e-11
6.589172718957397805e-12
6.711254384399668512e-13
-3.276978495860505568e-13
6.722954293449507468e-08
-7.120068694979950804e-07
1.443128944037674080e-06
-1.205659322834668582e-06
2.725695699056244759e-07
-6.971833138106870023e-08
-2.852239993398867170e-08
-9.780341880363872468e-09
-4.055527872439031142e-09
-1.401195983843352194e-09
-6.776378311649566102e-10
-4.286810312873180778e-10
-3.667975529322916920e-10
-3.009769192030727783e-11
-6.801434135712170674e-12
-1.406071576942206887e-13
-3.102711445537065895e-13
2.032821893292656446e-02
-2.029807837230288708e-02
-1.484522329226072674e-03
-7.516406780467390421e-05
-3.901565405743813324e-06
-1.363355996918211860e-06
-2.555547201951554426e-07
4.067783523450588376e-06
2.350822554051988212e-06
1.641790474259015116e-06
-7.028457884954197285e-09
-3.604694779186686741e-08
-1.417194778219158990e-08
4.734730412489284054e-09
5.254787266899219636e-10
-1.920528374244390269e-11
4.047106008718229122e-04
2.274064704058173861e-03
5.033342583301690263e-04
4.867417065787686328e-05
3.081822741698586282e-07
-4.420971970684202292e-08
-1.678922018939930402e-06
-4.526811701333098139e-08
-4.787677025332981048e-07
6.895640006795941144e-07
-3.815221091123748602e-08
-9.464716765475545647e-09
-2.055203782657216783e-09
-1.616268607492864475e-10
-4.853562571928385700e-10
-3.249597413208037451e-11
-4.187469454981043488e-04
-2.348318080243399987e-04
-1.274932612094269526e-04
-2.876483538030110527e-05
-2.504660245117757404e-07
2.474863623242921936e-06
8.479288738131592374e-07
9.776747449167217847e-07
-3.569531755695178021e-07
-2.436728270964127795e-07
-2.732942589584885813e-08
6.051874171288560736e-09
3.847623775140755906e-09
-2.330782521806072712e-10
-2.028361661096824603e-10
-4.003604716399564701e-10
1.886112749789757439e-06
1.452910855758790130e-04
2.240371361597406105e-05
1.271446023613324183e-05
6.518987181100068051e-08
-1.286767099342984484e-06
-5.818968460549712569e-07
-1.428605230182872971e-07
4.096347035593374487e-08
-5.731148251747847136e-08
-1.606699889007385467e-08
3.145420494774314848e-09
-6.296000298449776746e-10
-7.265188345520203788e-11
2.663689350580651508e-11
-1.706717494137227443e-10
-4.519694220830712214e-05
1.310472409359876433e-05
-9.377410683617247409e-06
-2.924893471567329829e-06
4.115159018818420594e-07
1.021250215907384682e-06
5.284069605878530831e-07
8.761367673013008764e-08
3.232798938459383715e-08
4.726669357653711847e-08
2.455277632143311793e-08
4.195982589749076807e-09
4.974510718164550039e-10
1.197167925279017660e-10
-7.731624284090984585e-11
8.084118087024901016e-11
-3.283278037252373538e-05
6.290240151250461539e-05
-1.476411628648944509e-05
-1.751542021296946615e-06
-6.546430756563175781e-07
-4.881702535518417809e-07
-2.314085321351090615e-07
-8.103454046420508724e-08
-2.790478536159290416e-08
-1.169359029514794592e-08
-1.802108303074922921e-09
-1.604928271000807587e-09
-5.444775821053688804e-10
-1.101175384203611582e-10
2.625755779938339238e-12
-2.505105553752516028e-12
2.508227584629839046e-05
-1.434198843408968919e-05
1.048747229127445343e-05
2.259786783666049923e-06
5.593317465553528642e-07
2.497823002361401688e-07
1.168248514788152754e-07
4.881800940168547692e-08
1.293811153280638238e-08
3.624635868274773812e-09
3.062434381769916094e-09
6.106462432996327242e-10
3.044697510307106843e-10
5.812943247584912033e-11
2.470483667425637480e-11
-8.509994045703129213e-12
-1.494814593484187457e-05
4.415843775983923011e-06
-8.839238486689201128e-06
-1.832259329857910728e-06
-4.182986809436570756e-07
-1.441534080044142111e-07
-6.006236823618363318e-08
-2.378622752055130242e-08
-7.234854227682320280e-09
-3.220341161348329901e-09
-2.002064467270811733e-09
-7.230052623497551609e-10
-1.701970476315511819e-10
-3.568896273778787278e-11
-1.114195155837350924e-11
1.085789725931275521e-12
-4.793809121133053740e-06
5.477499856909829402e-06
-3.128079534684821313e-06
2.958765523166079050e-07
2.322573560431617359e-07
7.981253912014459255e-08
3.014383559282352229e-08
1.291347839586178234e-08
4.251620036095272018e-09
2.865821127541049916e-09
4.936811376499667552e-10
-8.230782657948601485e-11
2.655059795783464683e-11
1.031951352741334703e-11
1.247559974677094188e-12
5.981835776135331109e-13
-7.960205242177688871e-07
1.468634570182793572e-06
-1.263302578888116240e-06
2.515273764205101820e-07
-8.010599051084020331e-08
-4.138995032212832985e-08
-1.569748463448524626e-08
-5.931660197898005674e-09
-2.306731961833876375e-09
-9.257188348310589738e-10
-3.711253389995411924e-10
-1.908747806015782180e-10
-3.935892870969575781e-11
-9.305290161355504663e-12
-2.437274995066935380e-12
1.497933182236737289e-12
-1.019431871637233478e+00
-4.284707557845249953e-02
-1.328999422591350347e-03
-3.568702055974679548e-05
2.935297899625484050e-06
4.981380186940526096e-06
6.073162579392147064e-06
3.389993198360396257e-06
-1.707702356028785616e-06
-3.186189534934388330e-06
-7.863316364895654356e-07
-1.193372066959188926e-07
-1.201871361439005214e-08
-9.409915972962827930e-10
-1.056046533478876954e-09
1.431724073352345711e-09
-1.134795168321530018e-01
1.098561113113661475e-02
9.461953936400683933e-04
4.954517641393597086e-05
1.649374959895523831e-06
-1.497167799002648687e-06
-4.300857270438017661e-06
3.916892397159698728e-06
-9.600270194792353470e-07
-3.690414968506672178e-06
-5.709314951358092538e-07
-3.611757270197307127e-08
1.856328887315631364e-09
3.039127253809453319e-09
-5.844611788726647528e-10
6.368907198562027795e-10
4.535761962300782595e-03
-2.178333184334869596e-03
-5.268430312581381513e-04
-5.432528576310979569e-05
-3.425146590731512748e-06
-4.206832991714885783e-07
1.030261318790611003e-06
-1.087821904922540674e-06
6.933704451898283889e-07
-1.010306996679357118e-06
-8.393524549492091651e-09
-1.097375860404439365e-09
7.174954028066490428e-09
4.445307477341080209e-10
-2.897491654152263246e-10
-6.620087829277289702e-10
-3.069700639776982445e-04
9.746726125072297995e-05
1.157919318206847845e-04
2.794507393200824184e-05
1.165427362872579924e-06
8.056473798461464076e-07
-3.193311354033022334e-08
3.858046780355144000e-07
8.879126616646732181e-08
2.787882155997139450e-07
4.209078709351968127e-08
-6.523674572374511659e-09
6.926005113928166562e-11
-3.424370121279764886e-10
-5.160895920338164055e-11
-3.235820328411535209e-10
2.332297238655875059e-04
-7.938489875502484111e-05
-1.807866340365866948e-05
-1.424061686517730025e-05
-1.333112943486802791e-06
4.402510780601289972e-07
-4.485121758479595873e-07
9.603735046467847714e-08
-2.120421013236878005e-08
4.849830181802543898e-08
1.407032951995504116e-08
-6.748738203234938196e-10
-7.371218321268118616e-11
9.133726920621126546e-11
8.698016607894567686e-11
2.708289854328806467e-12
-3.732034112153964080e-05
-3.162953012246273743e-05
6.917854184262279630e-06
4.352934114917171666e-06
4.388852180401826066e-07
1.323522056684546275e-07
1.067006825807942874e-07
4.435674427884539942e-08
-1.547643938738505248e-08
-3.214597766900883459e-08
-2.505844116062432693e-08
-3.625952496732612019e-09
-8.782756633137356742e-10
-6.538382157624136513e-12
1.755851914803155420e-11
7.651003050907373266e-12
-5.355626636311974596e-05
-6.668996040683687436e-05
1.479420209825715872e-05
9.082619300652699448e-07
-1.159414802284516414e-07
-4.128563500241384805e-08
3.922826656997358983e-08
-2.179542834673121483e-08
4.661474397882964180e-10
1.908992695130334043e-09
1.435512806782509207e-09
1.222791736552355223e-09
4.735489465254998635e-10
6.939307569681573647e-11
-3.939676211859950124e-11
1.503970643689481995e-12
2.696606339350078845e-05
2.271460902421715202e-05
-9.439426799198070300e-06
-1.704481337230714946e-06
-1.159125975567714133e-07
-2.423854321044022982e-08
-1.609860628596542110e-08
-3.005402386298730800e-09
-6.411685567324929464e-09
8.973253156763126479e-10
-2.742040027734919028e-09
-4.127304173731979987e-10
-2.578469631659346328e-10
-4.191819502170125865e-11
-1.434810010393657463e-11
3.458080953709745797e-12
-1.545126012046203355e-05
-1.270349626196775324e-05
7.611687382714083159e-06
1.466257778867006608e-06
2.115460454932292290e-07
2.834047071732530503e-08
1.283799701527637114e-08
6.474597549088030067e-09
3.822641746963736456e-09
6.762600616702557673e-10
1.715034844233901294e-09
5.972837062163673242e-10
1.454645147884445870e-10
1.989536771230142149e-11
7.703864835630153599e-12
-2.061487611128674665e-13
-5.653082580735737102e-06
-5.546937276313720996e-06
3.780686115585141157e-06
-7.519737628387063398e-08
-1.315090807530245081e-07
-2.855042019557832175e-08
-8.589820049226178362e-09
-4.753161195283280204e-09
-1.556003393639289888e-09
-1.140504756448824552e-09
-5.015549513913143947e-10
7.717263723367235202e-11
-2.037094626521604715e-11
-4.369574675474129792e-12
-6.727307560947317109e-13
1.022682357438472937e-12
-8.598052977198874329e-07
1.416766933632261753e-06
1.104709827584804416e-06
-3.525463217107752690e-07
3.845294109259242527e-08
1.468399289891131655e-08
4.806234499701115289e-09
2.396894526736526913e-09
7.609754615082542795e-10
1.786159311502026186e-10
3.227581641813664631e-10
3.423629376994077067e-10
2.061403253026630131e-11
4.622349946018725146e-12
-5.478453739212500433e-13
-2.172316508860427300e-13
7.022042515350208902e-02
2.961861829031191620e-02
-1.984371976946859573e-02
-1.469034637851351953e-03
-7.546609637601513166e-05
-3.524881432800403256e-06
1.984085352843189537e-06
1.642812531726672478e-07
1.427764462049049727e-06
2.053204267078190891e-06
1.795856849001730799e-06
-8.177511221980642699e-10
-1.800607091057255308e-08
-1.426893807685992052e-08
3.001280381185866224e-09
1.827354527305456886e-11
-4.418662538881043486e-10
-8.400826115170526021e-03
-2.736645019927399797e-03
1.999848259114624972e-03
4.881396792465860705e-04
4.857599325369420576e-05
2.687136032060112147e-06
4.663727692007197025e-07
-7.288533674774967779e-09
1.598057552085450978e-06
-6.322555100650604317e-07
6.670517870159476763e-07
-3.691138505610883133e-08
-6.336902886436700885e-09
-3.941858304902179348e-10
4.475364329490683593e-10
-9.456888362579522351e-10
-6.246495168438653249e-10
6.571746453143030315e-04
3.931300036704568407e-04
-8.698729417259340186e-05
-1.190447182750656129e-04
-3.138223376025774499e-05
-3.301567482392528052e-06
-1.371375057783152639e-06
-1.237162246348468974e-06
4.951895097313759930e-07
-2.026475481993237177e-07
-2.550077157824415777e-07
-2.714894192674615069e-08
3.957307465231529958e-09
3.412851367019279436e-09
-7.522116869801358303e-11
-1.052534667684676388e-10
-4.008584966494666322e-11
-1.851195295841640660e-04
-1.769839721300501471e-04
8.330409320230039742e-05
1.703941207628993434e-05
1.483164793858156991e-05
2.528582001839404629e-06
1.051291860634267069e-06
1.419907476560390079e-07
-1.187220896989864520e-07
-4.652066378483142547e-08
-5.345606635238556523e-08
-1.527798712288055400e-08
3.829472858497514029e-09
1.193632880980419957e-10
5.986490568524953312e-11
-1.325775673720860994e-10
-3.006923159148970253e-11
-1.514974887586541815e-05
4.454631536912715832e-05
3.309482858971006069e-05
-7.174825254815143667e-06
-4.994903994529675227e-06
-1.133476911210028199e-06
1.166097359104289179e-07
2.406633424979078161e-07
5.483096869060428013e-09
4.359776138208979049e-08
3.433592239222613572e-08
2.185309227205492245e-08
3.203001289389046840e-09
1.248005488043047044e-10
7.947088490082508836e-11
4.716073006887385916e-11
8.404597960841272639e-12
-4.077208410161080933e-05
4.441185299893254761e-05
6.608948659952828674e-05
-1.448651346546872956e-05
-4.017774183782813600e-07
2.489655000816973536e-07
-9.478590919640105301e-08
-7.978127249295232922e-08
-1.334952203510824372e-08
-1.465185568788242915e-08
-3.754803222233824584e-09
-5.056426679711600769e-10
-9.279597502524668882e-10
-3.227216070569129230e-10
-8.823156796575124821e-11
-8.283677017604688667e-12
4.010220369588441116e-12
9.006359727471643182e-06
-2.525126952187198976e-05
-2.267073795016179798e-05
9.287800781051040101e-06
1.518670881976391077e-06
1.017299593179627038e-07
4.589552291292038708e-08
3.707084092649814077e-08
1.623353963553777069e-08
9.434847879301850889e-09
-9.649353044021509232e-10
2.373076806466584995e-09
1.542595177282739204e-10
1.665722889386986233e-10
3.689562910804496180e-11
1.205985013134901815e-11
2.048750187105826059e-12
-3.371451713508671976e-06
1.493882487959748365e-05
1.269711664501256328e-05
-7.559706108674369031e-06
-1.421839572529438223e-06
-2.066486639342783813e-07
-4.573928320968031051e-08
-2.212675146557935910e-08
-1.113258407599094303e-08
-4.911102009797603987e-09
-6.072477699168095560e-10
-1.529585206717778609e-09
-4.593945408710198537e-10
-1.064231081282810856e-10
-2.005604160389338319e-11
-7.422187100139662100e-12
-1.938809591191329087e-12
-1.272981635777992042e-06
5.482659644843473476e-06
5.529392978472603402e-06
-3.788472144346067153e-06
7.034042572017545618e-08
1.357364890847141927e-07
3.460217473499367946e-08
1.420996329870691097e-08
7.694561643220406667e-09
2.138161914267789170e-09
1.225933394333403735e-09
3.328658357402289533e-10
-1.968438472586394152e-10
-5.739663205115030888e-12
2.610972687712679997e-12
1.433777496441927171e-12
-2.527571129356561212e-13
-3.977811153815237040e-08
8.006335225447290665e-07
-1.579640113867764729e-06
-1.186970606399941980e-06
3.634209980496145594e-07
-3.222201794793763082e-08
-1.976904267995345181e-08
-8.004227700355861235e-09
-3.168703627214893493e-09
-1.206269150891598699e-09
-9.053984412535670671e-11
-2.508528796314281973e-10
-1.215844990347603017e-10
-1.855880809306135565e-11
-5.153721612292485605e-12
-9.603795590247403472e-13
1.079003722396840854e-13
-1.535085628353569376e-01
-4.715236407798723862e-03
-1.310720728061650221e-04
-3.440154891125857302e-06
5.244525391641022175e-08
1.257647382450023703e-06
-8.796368606450696925e-07
-6.280296480009074235e-07
-1.947517320803031840e-06
-9.728459727077558815e-07
-2.059326731681300050e-07
-2.770632868637132405e-09
-6.491046117484764118e-09
2.470772929265949546e-10
1.890314789602871360e-10
1.789122431484530592e-10
4.219357445255113304e-02
3.403200100595508374e-03
1.733767582785381196e-04
7.756089863194966149e-06
-4.101269471326116073e-07
-2.215823075637263474e-07
-3.142930960881327281e-06
2.676944159185255357e-06
-1.504616213491459114e-06
-1.014700244491828872e-06
-6.613780861886351132e-08
-9.573007406007069784e-09
1.345412703689863125e-09
2.037427152658783467e-10
8.037637342590164050e-11
-2.865287587531159060e-10
-9.492990319714915762e-03
-1.877758733287802862e-03
-1.785813978356892815e-04
-7.050546948134260790e-06
2.180345805437867000e-07
2.665000810156908699e-06
3.071696990071135147e-06
3.059467707034044325e-06
3.345186543979974304e-07
-1.052639100681254172e-07
1.106778357578370929e-08
-1.169449629195070520e-08
4.098669012508347667e-09
8.691961903165744720e-10
-2.584290555905853830e-10
6.450069785791965738e-11
6.177184073995261801e-04
4.612775136003151180e-04
9.334932496176503362e-05
5.889236310988900041e-06
-1.576662080817568230e-06
-1.068591236345301238e-06
-2.458383401953945310e-06
-5.660800607074645260e-07
6.041413371781229701e-07
8.524558720095158386e-08
8.165386532653381286e-09
-2.236155230243223680e-09
-1.313023018907019261e-09
-4.321477926603073868e-10
-3.015674795684433483e-10
2.597467114135628310e-10
-3.415334859935920879e-04
-8.761474432692460419e-05
-4.041256123595512203e-05
-3.859762365034877895e-06
9.344069652749212349e-07
9.159913072085401617e-07
1.017070087791174287e-06
2.925367525676524717e-08
-2.602674182911183002e-08
5.057784042985811496e-09
-7.430386489582687277e-10
4.527587123730777780e-09
-1.162303469649686770e-10
3.375870391440827886e-10
-2.097966836531918496e-10
6.345190800421144877e-11
9.690533712465499610e-05
3.969320421261812330e-05
1.402940352365269146e-05
1.543774713274685383e-06
-1.320821336727936535e-06
-9.718769137080894379e-07
-3.123750711721217097e-07
-7.271884707449340284e-08
-6.538009864201127458e-08
-3.144087995217455928e-08
-5.429153780424791881e-09
-1.715234049983645325e-09
-2.087097344772093462e-10
-2.678337745161814479e-10
6.238710246351543651e-11
-1.142212996251960973e-10
1.082015833699757288e-04
4.615509733696579979e-05
2.321102252514090357e-06
2.619515143817824979e-07
8.666645671529273545e-07
5.758142152493529035e-07
1.932743732263348439e-07
6.051685381698178793e-08
3.307974606642896339e-08
1.029498055920109073e-08
3.573914064931482903e-09
1.018687225564941062e-09
3.568550201366021996e-10
1.083013244526544328e-10
2.428416680326358990e-11
3.754896297907225749e-13
-1.984533250461220294e-05
-3.200024134178580155e-05
-5.428512397352035114e-06
-8.502701780210711756e-07
-4.547801139575240405e-07
-2.649958106422377961e-07
-1.127850889045210092e-07
-3.881926680868029180e-08
-1.175053101389099278e-08
-2.994644681242347187e-09
-1.921523401771290698e-09
-6.147619843861264236e-10
-2.426081046948917825e-10
-4.849011107484381703e-11
-2.046324089121026539e-11
1.035222500994129747e-11
8.055196966281321432e-06
2.548351035890022124e-05
5.125007599659350977e-06
8.584275345099086919e-07
2.642898130906011350e-07
1.237904146488752190e-07
5.790031294286890438e-08
1.889866142437538206e-08
5.243165217358200611e-09
3.530603564562867149e-09
1.369875597117293425e-09
4.028909361236019945e-10
1.328879087215104609e-10
3.678587238541209961e-11
6.860337332254552796e-12
-1.616017393226308364e-12
6.163685947334279766e-06
1.392760245163171036e-05
-2.277733845895399878e-07
-4.941734177169825704e-07
-1.503381574316741351e-07
-5.815320898643795873e-08
-2.720360231435257680e-08
-9.038311449086791398e-09
-3.107537534845714772e-09
-1.852155647176143115e-09
-5.816631852461548441e-10
-1.243843844637068647e-10
-3.798653539873742470e-11
-1.564337339927056176e-11
-2.010888111822402408e-12
-9.251915919359627556e-13
-1.773848989524870111e-07
-4.272228647647468375e-06
-1.351363344746473308e-06
1.064455927930135547e-07
6.264796505754666237e-08
2.104035903202559486e-08
9.725056453710105250e-09
3.584386227812268398e-09
1.997013476786491525e-09
6.889871787653366380e-10
5.974064311441929575e-10
9.146457753649976719e-11
1.263924893117793863e-11
1.425251116678542897e-12
-2.192431640862013112e-14
5.443753344590034440e-13
-1.497825965613858168e-01
-7.501263008094689877e-02
-5.215077839889347561e-03
-2.540502090866674900e-04
-1.001100567994155283e-05
-3.599957269611597860e-07
1.181958129115030588e-06
5.460995368873403442e-07
-1.801465343343868051e-06
8.974852129557032715e-07
2.056240467741849608e-07
-8.283274835824158392e-08
-1.247313879003017719e-08
-4.429239879231462959e-10
1.890757315819159365e-09
1.023148994696892923e-10
5.483270661965000706e-10
2.703966548166606212e-03
8.693167560059299193e-03
1.750075744424809581e-03
1.710177948548789978e-04
9.181368645423731157e-06
-1.442556266699934111e-07
1.714757278369959543e-06
1.110634159580107599e-06
-9.819781299354371920e-07
-7.306296919455423124e-07
-1.099340897550538270e-07
-3.351120553975987123e-08
-8.677485965861205552e-09
2.184047639775115186e-09
1.318148986141400569e-11
-2.178058936756608695e-10
-7.548214485182559698e-11
1.913882060833065253e-04
-5.757309949980567035e-04
-4.609714410404409457e-04
-9.052440491342831036e-05
-4.676848979343102298e-06
-6.629253152125551556e-07
2.237813936275003841e-07
-1.080574720333278735e-06
4.530716165013267255e-07
-7.117918274752558995e-07
-3.620403516238019874e-08
5.809360857682527773e-09
1.024904680265448845e-08
1.023237561802002379e-09
4.415181482627819242e-10
1.603513171035268026e-11
-1.501774966973651821e-10
1.201858129832319793e-04
3.626921348139101062e-04
9.078459763866041966e-05
3.964191551066746834e-05
3.332107471760077744e-06
-9.375780062813231221e-07
3.467917449489715862e-07
1.138935581416858335e-07
4.330382825361284122e-08
3.189829109789044854e-08
-2.070152283598361638e-08
-1.324078994023252655e-08
-3.773374076033172393e-09
-7.462597773185559237e-10
1.323495765873656256e-10
7.044114314806015835e-11
3.437170147838537306e-11
5.392221836667889664e-08
-9.503486556044049951e-05
-3.838179620789222403e-05
-1.400603134127610935e-05
-1.305820441031058356e-06
3.171172423409817663e-07
7.339286089175750037e-08
8.417623642934152709e-08
8.263400438546697139e-09
7.746174411557272907e-08
4.332779342646608004e-08
1.123813094750582612e-08
2.541868178103529824e-09
3.085587876364146393e-10
5.530183078606521453e-11
-4.968125692914302713e-12
5.097974630317104881e-11
-9.934713137572870879e-06
-1.087394877926411898e-04
-4.683278221243489486e-05
-2.438742463281239529e-06
-4.110243271316445737e-08
-2.221717460961170017e-07
-2.321569683039050936e-07
-7.891490171087164703e-08
-4.001186670916958502e-08
-4.175989778256018245e-08
-1.792545218305563719e-08
-5.716479019228530695e-09
-1.714885830491257286e-09
-2.722251323010616970e-10
-5.511166417219513984e-11
-1.803941309608174272e-11
-2.214757937336228747e-11
2.432749646168937130e-07
1.970936702516053884e-05
3.214930978711390291e-05
5.457424206706247997e-06
6.482474577493451515e-07
2.375228195829832446e-07
1.561127699836048063e-07
7.171507821494598807e-08
3.293016270285631585e-08
1.555979082556540436e-08
6.156084523028088169e-09
2.944936005229973431e-09
8.945472999515570411e-10
1.894426535878016976e-10
2.255043305281905598e-11
6.076823330991334458e-12
1.681550915202210604e-12
-1.629585855933548054e-08
-8.015822291881401362e-06
-2.551101254616035242e-05
-5.098738848538421031e-06
-7.757851901992925678e-07
-1.846150556419583861e-07
-9.452009987186807615e-08
-4.473827365194980900e-08
-1.868667619879126730e-08
-7.369517462700270581e-09
-4.818223910831452773e-09
-1.869251931620201196e-09
-5.045660522364000679e-10
-1.096481711995255683e-10
-2.378812340477548025e-11
-2.332837894605027760e-13
2.478068890474683176e-12
-5.747058404286457742e-07
-6.204600545103540067e-06
-1.391923253910760204e-05
2.100847326877565795e-07
4.493317035162301566e-07
1.271209196801723415e-07
5.202924780550824712e-08
2.538504722795091977e-08
1.031010537208394293e-08
4.439884117284738617e-09
2.525015392676198086e-09
6.906067428399514541e-10
1.405602103154968013e-10
3.256976113089984047e-11
7.961396381488052437e-12
-8.525375847351621727e-13
-3.800462595114100728e-13
-1.585830480612710878e-08
1.989350078994351698e-07
4.270927048353472693e-06
1.418705459730855676e-06
-8.679647219188406127e-08
-7.173170690702943138e-08
-2.754336542211930709e-08
-1.283740943516318898e-08
-6.056055082819095505e-09
-3.545120965470776521e-09
-1.384038458129595200e-09
-6.371408364016221152e-10
-1.055055441263560188e-10
-1.573919637776210243e-11
1.172832958174745334e-12
1.088195019634639676e-12
-2.847612572867468596e-13
