1.370780624425162741e-01
1.026453752434597355e+00
4.381857366014216965e-02
1.429503428772350895e-03
4.528083897604640484e-05
4.446738955734043928e-06
4.512183347099805489e-06
4.047202292408215068e-06
-2.096699198372214683e-06
1.383316003507847161e-06
2.681966872549116222e-06
7.337475032845054603e-07
1.151140379600967409e-07
8.865354050584965426e-09
-5.604306203589428967e-10
-1.786039960296234207e-10
-3.748640220392381334e-10
-3.212259008351336237e-02
8.472720339766583175e-02
-9.017812128844164554e-03
-7.954308934768314398e-04
-4.490054147887492884e-05
-3.160846994930334282e-06
-1.859917846965123014e-06
-3.723518291647246648e-06
-8.431473668173219996e-07
8.448083336352992682e-07
2.812685003268320239e-06
4.765512609232766926e-07
3.957422952331683138e-08
-4.510127684701549040e-10
-8.405727496996784007e-10
4.924353202080280085e-10
-2.922701314939845786e-10
5.724471856046024071e-03
-6.759683020337106402e-04
1.559101687724415196e-03
3.498215746271401386e-04
3.358308836022501397e-05
1.173316683916099708e-06
9.091686167986865730e-08
2.585191270753165740e-06
-1.947308288681797699e-07
-2.351353659487899746e-07
6.036527386116556350e-07
2.184360383511230047e-09
-6.957897709581318052e-09
-3.374360145973673516e-09
7.119075373767361210e-11
-4.349557996981639353e-10
2.220858003819889157e-10
-2.970356811767853517e-04
-2.998602720828537978e-04
-9.443271054212125446e-05
-6.004171306669600481e-05
-1.374165576990647352e-05
-7.054606641168352698e-07
-1.528857842408973818e-07
3.799890665426038565e-07
5.089247447273453626e-08
4.909332360404540837e-08
-1.087427281697144750e-07
-7.856538755729580517e-09
4.960552964812838880e-09
3.131054595410813931e-10
-1.080941510413666017e-10
5.102428596480559851e-11
5.493377236261187360e-11
1.261157677792431177e-04
-8.156180738060998727e-05
9.686673035958104523e-05
1.207545491851044322e-05
5.008472881931465803e-06
1.779315955287459125e-07
-1.554961161010839347e-07
-3.133579740145135299e-08
-6.038392949309066188e-08
1.690214381282992956e-08
-4.057417524062258791e-08
-8.626019006195567949e-09
3.269268952959029777e-10
-8.352024962412092417e-11
-8.101273128586077865e-11
2.798614197678072767e-11
4.579139633137299530e-11
6.724648002804933099e-06
-2.852375856578717134e-05
8.312077130874120478e-06
-4.774012368980183481e-06
-1.191937448202956795e-06
1.249789644023530366e-07
6.782950472357116520e-08
3.547745964931847506e-08
3.122214523391453735e-08
8.236242872455896188e-09
2.013910405719155800e-08
1.224527696323154756e-08
1.800849145777965079e-09
3.366189116101252352e-10
-5.446333620662566529e-12
-3.453918463141192414e-12
5.439795769637016796e-12
1.639808471902894302e-05
-9.068744942525583800e-06
2.499358257659664342e-05
-5.946073533962790313e-06
-5.177869750685387478e-07
-1.184146730129211139e-07
-6.903128425648568163e-08
-4.870086472525377978e-08
-2.227125951048565549e-08
-8.552210342972195232e-09
-4.349743797747213603e-09
-4.112386240908220535e-10
-5.684864063092095473e-10
-1.599928435593754104e-10
-1.115398895355778340e-11
2.858621391266503693e-12
-5.724558126306293603e-12
-2.690499181156320571e-06
7.299263710651558502e-06
-4.330427995240253363e-06
3.271398065076909956e-06
6.284502176914589739e-07
1.066263406927233773e-07
4.904406847727647768e-08
2.343601229168252143e-08
1.269312177556881101e-08
4.055460059304332660e-09
1.600201249641022744e-09
1.035579309125567194e-09
1.720214602359368880e-10
6.968825735073948437e-11
1.491492572051360752e-11
2.754366178640416947e-12
-5.777938594549178561e-13
9.069878327908721957e-07
-3.680597614378561461e-06
1.409734840622052730e-06
-2.276219224849089729e-06
-4.383371231248147375e-07
-8.300772513234039417e-08
-2.482425906567324139e-08
-1.085453559699894683e-08
-4.681191539418755774e-09
-1.843639177794504589e-09
-8.941594524313802324e-10
-5.905434848762923726e-10
-1.888873790495774827e-10
-3.054658105669045922e-11
-5.725046317550304800e-12
-9.806149602067219615e-13
3.978086292692181952e-13
2.425613041914875091e-07
-8.061925706823741363e-07
1.016639988562590323e-06
-5.509847393020805493e-07
5.430709720004310179e-08
3.874928164282309617e-08
1.170236013602245354e-08
4.375773009925312255e-09
1.766097828574926812e-09
7.523747262090975683e-10
5.378861968091718999e-10
1.403282241520622703e-10
3.110152359320571959e-12
4.723131160627176007e-12
1.382078063147537619e-13
-2.989782807892548041e-14
-4.254712202206184559e-14
9.467178807095565640e-09
-1.026309720324558064e-07
2.099338251820616119e-07
-1.874205577770877745e-07
3.960791743162424294e-08
-1.010475666868034667e-08
-3.996136499768075448e-09
-1.384736391182704251e-09
-5.076547521049092001e-10
-1.661402213340188135e-10
-8.537318985396440805e-11
-3.988761789972443458e-11
-4.700056473051748988e-11
-4.159725785627548728e-12
-7.032487741461272193e-13
-8.093831909886675072e-14
1.397589175269305484e-14
1.594943961344760797e-02
-1.621213674106294217e-02
-1.226269029686818859e-03
-6.592690160857767869e-05
-2.580197454357432404e-06
1.375585343222475631e-06
8.228457847573517912e-07
2.663267330880976364e-06
1.566369708601460271e-06
1.094017051934078230e-06
2.416856404716508038e-08
-4.451383966536891993e-08
-8.458839095921149077e-09
1.332626998491447197e-09
5.397591963409620716e-10
-1.324614449482907697e-10
2.974111191787334263e-04
1.436968257885975217e-03
3.274888344539326752e-04
3.243697561697692132e-05
-1.938795962435799179e-07
-2.680240135332457663e-07
-9.469800035919853821e-07
-2.246010120535843939e-07
-1.769311584046327495e-07
4.278687028278493275e-07
-2.517485431735841194e-08
-7.246189688092013040e-09
-6.700875020560388260e-10
-9.095756334076529919e-10
6.471336520524139703e-11
-6.050478497561034766e-11
-2.256612361163951735e-04
-8.621639608369111659e-05
-6.060213234106566439e-05
-1.468953423004443493e-05
6.000458595932492666e-07
1.396848678767344604e-06
8.449343344086978255e-07
4.348630815880374535e-07
-7.279666224322624345e-08
-1.244440207306229517e-07
-1.990715372010426269e-08
2.383350807574204071e-09
1.287721530187893835e-09
-2.601087467897064167e-10
-2.396904324885491473e-11
-1.254990299655388562e-10
-2.825247325182596192e-05
1.018828962523528082e-04
1.241937913746435793e-05
5.039779080611714422e-06
-5.168182503769213993e-07
-6.766983900975861373e-07
-4.359740414546024769e-07
-9.682593873580062995e-08
4.983928568340049736e-10
-3.124488146268301702e-08
-3.497442440444169502e-09
1.899042231651173165e-09
-3.296712731676757806e-10
-4.523946628099795121e-11
-4.285979831593171612e-11
-4.270462167767038297e-11
-2.503997521114853479e-05
9.173496165855336292e-06
-5.036420606582957897e-06
-9.175625897590573924e-07
3.643991095837424480e-07
4.408536537691820929e-07
2.056749260738519457e-07
4.986151869296448198e-08
6.577284640102369234e-09
1.481653160162051218e-08
9.920261302024509068e-09
1.326568342830995608e-09
2.010463126359294596e-10
4.873794314491409417e-11
-1.096989412278013782e-11
1.232740474657230619e-11
-1.243965494840747635e-05
2.473678320003842152e-05
-5.911951260517414430e-06
-6.580783439729493697e-07
-2.558973253138269174e-07
-1.744073127044889769e-07
-7.479875963110850567e-08
-2.918057617675721305e-08
-8.624281932805813219e-09
-2.882610772480906721e-09
3.481048472773078333e-10
-4.094973406177641988e-10
-1.386386534510654041e-10
-4.114310857141306855e-11
9.007325191720875473e-12
-1.004168955159370516e-11
7.750483502915959651e-06
-4.308400206800949504e-06
3.293422668633157290e-06
6.807337489568190302e-07
1.588397985845157251e-07
6.957323773801432419e-08
3.253818289160216827e-08
1.384352227838554859e-08
3.187126896072490802e-09
8.896532690710534369e-10
7.452668919560702386e-10
9.723759288156285008e-11
6.238798451177088378e-11
1.785891374610512479e-11
4.806369378470238643e-12
-1.143026819734394819e-12
-3.827645782841515214e-06
1.394968097900534919e-06
-2.289501710699101518e-06
-4.562397236416313375e-07
-9.671833890302861600e-08
-3.269578940097689314e-08
-1.319961396525511228e-08
-4.958907828396384488e-09
-1.519707802048193329e-09
-6.469677767779856469e-10
-4.842709054091425796e-10
-1.594576070380207165e-10
-2.843582365692009484e-11
-7.495600361023753517e-12
-2.544971998849163317e-12
2.722116199333861057e-13
-8.400320990433302643e-07
1.017015342834551839e-06
-5.467218304628741596e-07
5.975487073517949335e-08
4.284427338330829016e-08
1.352820535522356009e-08
5.206129498821671640e-09
2.014900694730215907e-09
6.782744720380084554e-10
4.557769044355184231e-10
9.827539448112493670e-11
-1.241717052573561720e-11
2.992761821841681549e-12
8.316969503365716695e-13
1.711025560712122205e-13
1.930614893528916784e-13
-1.143525308259676555e-07
2.118203121438435788e-07
-1.943050540048311343e-07
3.718267458321143806e-08
-1.122060951886754603e-08
-5.282865769238897008e-09
-1.988940954485414429e-09
-6.569465679147744698e-10
-2.212028147791118596e-10
-1.070112810582173950e-10
-2.987448577641516855e-11
-2.276763948755733943e-11
-4.430007553114056138e-12
-7.994637575693113300e-13
-2.449479400377134821e-13
2.188632276846901887e-13
-1.017467854138208727e+00
-4.354359421420709447e-02
-1.421542553869946900e-03
-4.284964906596354242e-05
1.562762534580579390e-06
4.001541453584960166e-06
4.398806317715089004e-06
2.510622413955654794e-06
-1.234564118116650487e-06
-2.681907551810904102e-06
-7.382595314385873477e-07
-1.176503110308556777e-07
-1.352040915367738877e-08
4.158987738479876323e-10
-1.280455048198289386e-09
7.146630096797173824e-10
-8.972601260424525882e-02
8.742459717044509873e-03
7.845833271723675869e-04
4.435054440718257693e-05
1.759992785617489206e-06
-1.469612153364420272e-06
-4.107911532599546855e-06
2.230354406671401782e-06
-2.261065730919341905e-07
-2.662531939739844580e-06
-4.603535335066931180e-07
-3.228951650883624078e-08
-5.145225451546486143e-10
2.185833433251380498e-09
-4.621048436731000997e-10
2.471716114128739329e-10
2.861250552504102877e-03
-1.366292050581123995e-03
-3.424248747399311239e-04
-3.627515018395816601e-05
-9.921549045337195911e-07
6.731758368446842899e-08
2.238653211402245570e-07
-9.880518985349062952e-07
3.246786041858748535e-07
-6.368626438964193144e-07
-2.081300610601806597e-08
-1.879583481473772425e-09
3.152346642391567853e-09
-6.329010071490977283e-10
2.049086335068779836e-11
-4.144291453555032035e-10
-9.031688421231374010e-05
1.919657098348017665e-05
5.544370400435712736e-05
1.484790724316340269e-05
4.670768553671262057e-07
-7.478472184521576847e-08
-1.245503146776871203e-07
2.676424856280054152e-07
-7.025372874996926563e-08
1.469294232638324501e-07
2.163197841355031475e-08
-4.450209050813725473e-09
-4.793923878056622325e-10
-1.757430726009209382e-10
-2.100998167929235032e-11
-1.721468004320029936e-10
1.782740941960127192e-04
-7.240251103551054190e-05
-1.062620971643006498e-05
-5.820770428476678921e-06
-2.056362932504828163e-07
1.248602667690430833e-07
-1.807996786747091773e-07
3.568516899253835031e-08
-1.613376739276187620e-09
2.258237242695726318e-08
5.066042692884680099e-09
-8.545289404442454939e-10
3.371385133730871745e-11
6.046403319567933095e-11
2.163406014994786833e-11
-2.312469530567784479e-11
-2.171711099015925515e-05
-1.588209318595832725e-05
4.551475974429481965e-06
1.541096832996102168e-06
4.001777270071523999e-08
3.360950330840305324e-08
3.597630899713950347e-08
7.604533306087835295e-09
-3.336349252526472770e-09
-8.862977554079380135e-09
-1.044188638861867503e-08
-1.281609318814635451e-09
-3.355403008853204535e-10
-2.433779344348518145e-11
-1.290687833513105356e-11
1.091956286486318111e-11
-2.055185332327722953e-05
-2.631044437315821860e-05
5.765186354838303140e-06
3.474352245607718952e-07
-6.695669984997286987e-09
2.353026257144943906e-09
1.121569563837103246e-08
-4.972589061846011983e-09
9.407268254437405106e-11
-1.310564432531367638e-10
-3.700185551214523493e-10
3.549518995914391435e-10
1.718517676753259415e-10
1.483825727695990133e-11
2.381054562114873154e-12
-4.638406685474266517e-12
8.326228710402583925e-06
6.941079713970728469e-06
-2.966233275307446888e-06
-5.183508412666125797e-07
-3.864420394050302008e-08
-1.125390700582357769e-08
-5.699747557022049062e-09
-1.864154070079819366e-09
-2.216881474938694289e-09
1.604335335776171968e-10
-7.458039537046139524e-10
-6.630919852205372178e-11
-6.448565546580409935e-11
-1.199685603913585182e-11
-4.470611798654535299e-12
1.651438540231104049e-12
-4.062149347659049233e-06
-3.525233730091947438e-06
1.991563055716031300e-06
3.722374271847370259e-07
5.136365815711590256e-08
7.979357072711206896e-09
3.186123258484217791e-09
1.151584450285710706e-09
1.159405016019000957e-09
1.241354654533863629e-10
4.598970981269375873e-10
1.430443200606739472e-10
2.856852842978661061e-11
4.703198087872842472e-12
1.924883309692851991e-12
-7.190682745066121075e-13
-1.006619770507727599e-06
-9.970901595227869727e-07
6.724212742361103259e-07
-2.026234248478484118e-08
-2.540101018903153897e-08
-5.528624492864040726e-09
-1.697137662716145885e-09
-7.237593977551829908e-10
-2.952611148491402223e-10
-1.320352904622922698e-10
-1.107396587153853885e-10
1.070052150686731624e-11
-4.351768446354824722e-12
-2.843563255357689430e-13
-1.896082170724803113e-13
2.408520802345152031e-13
-1.239157617915379319e-07
2.113942544782816421e-07
1.727368457847037239e-07
-5.124609346956321053e-08
5.710381772515216472e-09
2.188583638172209179e-09
6.607199313987044799e-10
3.507149757205253459e-10
1.366676675246125321e-10
-3.590159642627175543e-12
3.120266202250853907e-11
4.387268974686522740e-11
3.084644578010690534e-12
3.396371410257720563e-13
-1.326277977348187561e-14
-3.920877667842932458e-14
5.610698109506506714e-02
2.360494061016979103e-02
-1.581667748279023261e-02
-1.212725822723884680e-03
-6.788664989880200404e-05
-3.939217753361299191e-06
1.046546633572131924e-06
1.009318252566131570e-06
1.545391566559010100e-07
1.480368219918779244e-06
1.175408873467013842e-06
4.726227226330581381e-08
-2.965037029527645929e-08
-8.455139452261585470e-09
-1.009089392887684208e-10
1.283108641868032336e-10
-2.863782878164556446e-10
-5.283603237291409176e-03
-1.738513708470930483e-03
1.250745092782764916e-03
3.173836105867662268e-04
3.392938766838038861e-05
2.323688553962016574e-06
8.009581566502234404e-07
-3.086678223998637778e-07
8.017084886862254013e-07
-3.019777185087263887e-07
4.152639333333627341e-07
-2.841534668065333372e-08
-5.923419830543654191e-09
1.591383980997735211e-09
-6.958584497889444905e-10
-3.265509408293400572e-11
-4.030389340583644716e-10
2.746273362471762596e-04
1.701176928259743638e-04
-8.714986765662534505e-06
-5.647194783792912429e-05
-1.643426298115234629e-05
-2.055858351329365679e-06
-5.270518534207062793e-07
-2.341217511589439396e-07
1.285639963713115809e-07
4.969186608908851450e-09
-1.300471771868264374e-07
-1.783861696199316724e-08
1.512979829490741446e-09
1.172495037052368424e-09
-1.799855226413097978e-10
-4.439868927442449888e-11
2.296713955354120298e-11
-1.431275148756156943e-04
-1.281257298168479166e-04
7.556085593380014323e-05
1.080489438259744097e-05
6.396893095429292973e-06
1.120064077559049691e-06
2.276315071099510123e-07
-4.463530776363672123e-08
-5.956430753997007555e-08
-4.114489683509955214e-08
-2.971474932045871058e-08
-4.587542611637614856e-09
2.334621643682772918e-09
-8.036179320433240577e-11
8.190531997656966104e-11
-5.418085817936714122e-11
-1.975865240401520477e-11
-7.518172562201307191e-06
2.580120757118065775e-05
1.701299278180008992e-05
-4.639738460879239667e-06
-1.931446920026813038e-06
-3.379760950806430246e-07
1.219415711821916252e-07
7.679399238988245302e-08
1.476258296496401308e-08
1.334103081783615810e-08
1.001387519643618444e-08
9.376178944859984724e-09
9.780835294891262286e-10
5.457707176597124043e-11
1.817412105709030091e-11
2.451115327595365412e-11
2.881283037962349891e-13
-1.618793939115669591e-05
1.683948546602183301e-05
2.600249935068272046e-05
-5.678143779342323699e-06
-1.619026240434580079e-07
3.515156487256997420e-08
-5.057746273423039187e-08
-2.332254778992183118e-08
-5.385073936479703434e-09
-4.884447936117621123e-09
-5.266656096735914166e-10
6.273503249955236191e-10
-2.274027616320741633e-10
-9.368455033212037928e-11
-2.023724007763342313e-11
-7.359430561856608374e-12
1.621420256127563252e-12
2.765241894574511047e-06
-7.784141615546975353e-06
-6.906379070855818533e-06
2.927095897349578271e-06
4.709531259293946975e-07
3.895270865777483476e-08
1.692195966202883942e-08
1.169915285286079851e-08
4.952721866378673683e-09
3.075906867436642860e-09
-1.605814803543321770e-10
6.281565522136741475e-10
-6.523012660272787941e-12
3.081987793006382175e-11
9.337753675102764238e-12
2.134983881034588391e-12
2.619202121151048236e-13
-9.157604348258874333e-07
3.898412752348685675e-06
3.515315622963580190e-06
-1.980068451538644253e-06
-3.636730198254712665e-07
-5.179424429470200468e-08
-1.235808737441710553e-08
-5.089214182296017691e-09
-2.177658807638738059e-09
-1.398967209857530504e-09
-1.100771209321293993e-10
-4.101234727918194320e-10
-1.101512802899795289e-10
-1.720024156158754175e-11
-4.104288771680857591e-12
-1.587148964670928615e-12
-2.711431639125680136e-13
-2.287402560897113218e-07
9.741483297351324813e-07
9.941797367802900542e-07
-6.750225843117169872e-07
2.001878702173736059e-08
2.678668929966042793e-08
6.427212165093215609e-09
2.490324709534371173e-09
1.204201582614673916e-09
3.851400819850650049e-10
1.294523148270124954e-10
8.896110268616145152e-11
-2.890497147070895838e-11
-2.417843411545901564e-13
-2.426848690268314767e-13
1.759087326036540410e-13
-1.881638322219406840e-14
-5.633997605968871032e-09
1.151814159886977659e-07
-2.302007200917834061e-07
-1.821515215548630785e-07
5.201504204930445086e-08
-5.123329365349028335e-09
-2.747081669685141749e-09
-1.053912550021498548e-09
-4.452629885819377056e-10
-1.772199330402540109e-10
1.846469610536755565e-11
-2.598237697008988827e-11
-1.519109343835287452e-11
-2.209458183377569644e-12
-1.680291503340794187e-13
-6.033524776882991142e-14
7.028457250383118667e-14
-1.562073271359761262e-01
-5.058425383617087823e-03
-1.549888121074103459e-04
-4.206396697022137480e-06
1.535077619820595882e-07
8.716184897899472581e-07
8.597534260649209919e-07
-8.075607930649108655e-07
-1.086379965495927146e-06
-9.869127884841486170e-07
-1.798966618921624133e-07
-1.540729880243987134e-08
-3.665884212554268900e-09
2.822918198592226023e-10
1.897684742189099036e-10
5.125509177821772660e-11
3.375451481580420132e-02
2.808283525495647824e-03
1.555513529347506813e-04
7.252197112822991931e-06
-1.277859678924526435e-06
-1.015718793292700872e-06
-3.289015381615335952e-06
2.008214031255071973e-06
-9.333907512221003437e-07
-7.529330136379955164e-07
-5.815424387620568891e-08
-7.757924510716558086e-09
1.552502230208970196e-09
-1.048944335456127527e-09
3.307464457522787922e-10
-2.223275699006172762e-10
-5.980564053993154411e-03
-1.217550197953334900e-03
-1.203962754045743126e-04
-5.172958066645893532e-06
6.088695716038254930e-08
1.863966822928772891e-06
2.019985032202752214e-06
1.811242724395925745e-06
2.203615923434671754e-07
-5.576363480773026584e-08
2.008827811738643428e-09
-7.511822417302118011e-09
9.127239712259449799e-10
2.733269245188145394e-10
-2.230791442906092970e-10
7.691261622766358269e-11
2.176468033349849825e-04
2.257992880128278316e-04
4.972793855611046840e-05
3.224718780547047078e-06
-1.129992301004402141e-06
-1.408422938318855731e-06
-1.115921337691511539e-06
-4.289731603653341880e-07
3.060653073739534094e-07
4.458293565318549877e-08
5.598838842153549293e-09
9.666651091547552776e-11
-1.177291790961955928e-09
-7.054673143604960207e-11
-2.750609591343723586e-10
7.879622253336988994e-11
-2.870080992855364986e-04
-4.895039304664577809e-05
-1.698990617103403908e-05
-1.051585699974567016e-06
7.880492538240269592e-07
8.025306479794700870e-07
4.030901297518748669e-07
9.849554933893173953e-08
-2.717098708169629111e-09
-5.152357850131281957e-10
-6.799994534686532302e-10
1.259928908381112328e-09
-5.284490139232512174e-11
1.418690376567387841e-10
-4.309928627506875382e-11
1.501286209586820973e-11
5.949677765674520643e-05
2.282247670739856110e-05
5.361469817008192850e-06
2.439261723093105169e-07
-6.685746725623916191e-07
-4.057748277903381733e-07
-1.346313898542107752e-07
-4.608439668742881675e-08
-2.795637506966747996e-08
-1.174567465268333365e-08
-1.988363001444079994e-09
-4.919575414395577503e-10
-2.941680359975760062e-11
-9.409992241752901432e-11
7.236993262677790223e-12
-2.315405411664583673e-11
4.162452062433587188e-05
1.797557993754451668e-05
9.053783528171309659e-07
1.863600188493876144e-07
3.295243828018827188e-07
1.795715248877919695e-07
6.692804031061497729e-08
2.033175400086057623e-08
9.356094368676448492e-09
2.451297205790527683e-09
7.931613999717329747e-10
2.776708776193529230e-10
8.465227150605000788e-11
5.548818070123180800e-11
-9.218680729227960902e-12
1.608494932987284753e-11
-5.899318166202302423e-06
-1.010966412520754356e-05
-1.685896605812172137e-06
-2.615740151236113677e-07
-1.319604780687648464e-07
-7.088755241895685095e-08
-3.069120176951255269e-08
-1.065960477855942947e-08
-3.209269938188961424e-09
-3.827342959828436839e-10
-4.366242098480252863e-10
-1.216125583507423098e-10
-5.438194031778691256e-11
-1.317074800797653198e-11
-3.146435492726310773e-12
-1.403689179291223164e-13
2.324230691916027771e-06
6.722983432609534949e-06
1.303896669447642311e-06
2.064585074938036855e-07
6.132656241092938189e-08
2.684150159299927569e-08
1.202915655445374638e-08
4.346299466355013422e-09
9.478360862328805872e-10
8.176872637504295472e-10
2.886986886001239426e-10
6.239764319182420711e-11
2.601011305774710045e-11
6.627615188492825989e-12
1.194592176813595215e-12
2.890375959890948898e-13
1.140312483032869516e-06
2.509082935077117980e-06
-6.892479927530846084e-08
-9.426638533219005506e-08
-2.726584752765861032e-08
-1.035049719915311896e-08
-4.432628809994274771e-09
-1.659210321418307329e-09
-3.718837961485012086e-10
-2.759834954716959908e-10
-1.154136042888418846e-10
-1.146087331175413483e-11
-6.077760120661625313e-12
-2.200950153987302078e-12
-5.729480361615069362e-13
4.672783210871601910e-14
-2.864765885079610255e-08
-6.260685138008443991e-07
-1.952404932515113806e-07
1.702980300351754026e-08
9.105274611105312641e-09
3.008147031068293424e-09
1.227475707258699567e-09
5.290533217956772279e-10
2.513390972423090383e-10
1.018534638677800246e-10
7.952084632445759921e-11
1.335742171505445856e-11
1.461892136742680168e-12
-4.408530855017762498e-14
-4.947734489169401662e-15
-2.742017114560289622e-14
-1.186716042623054551e-01
-5.995084127726883066e-02
-4.297138502202340303e-03
-2.234605078749715484e-04
-7.584791794756454084e-06
1.353085682002182336e-06
1.832930309335799646e-06
1.502817410769255558e-07
-2.122296709770696874e-06
5.162186861985201153e-07
1.904160661971596806e-07
-6.481600139599575758e-08
-5.567340908011031446e-09
2.914957939052868642e-09
-8.943716074922155683e-10
1.990754546286072455e-10
2.916166469902952651e-10
1.672272049669785900e-03
5.470369962985161330e-03
1.135762192451581594e-03
1.144704316029073648e-04
4.327064051501060408e-06
-1.740053831966571631e-07
1.911025156783805099e-06
9.329423839483869014e-07
-4.495849108019992791e-07
-4.603362238637605924e-07
-5.590176407667683445e-08
-3.351154422733036462e-08
-6.963279315679953545e-09
2.002169947669139770e-09
5.390590157008073231e-11
8.764919338206076159e-11
-7.091008155558874967e-11
1.360330095408480685e-04
-1.973573249071699088e-04
-2.259333088946923157e-04
-4.699947731644857493e-05
-2.495566486736805225e-06
6.505761154285020387e-07
7.365288918326035479e-08
-7.829990058367665380e-07
3.230798316021977307e-07
-3.678574213759024504e-07
-2.577299966092230717e-08
6.593533548956492190e-09
5.104078030626755712e-09
2.460204130701704486e-10
3.591063984767430802e-10
1.987680904111992679e-11
-3.919393903132166073e-11
1.108464167243146311e-04
3.077316964679614264e-04
5.020497059794784127e-05
1.610510923528949375e-05
7.616917872742502205e-07
-4.279189774530640313e-07
2.636251972620140579e-08
6.364492074365838562e-08
-5.659352561304068572e-08
6.362155091473198875e-09
-1.001925360084868568e-08
-6.502855366879687241e-09
-1.669093240845801308e-09
-3.071544116540950992e-10
3.574192617830818806e-11
3.903258638426615246e-11
1.785314198442718390e-11
-1.087672799135628067e-06
-5.890373666819712773e-05
-2.219259991003277998e-05
-5.157249696319902536e-06
-1.327911367271380852e-07
1.133341902245225356e-07
5.577263100805797401e-08
4.213022224696215564e-08
1.840916414981437553e-08
3.055441126136307907e-08
1.734874662957136014e-08
4.585903745221894186e-09
9.008819016454865915e-10
1.329454569720243623e-10
-4.978354317198736211e-12
1.981603318350663267e-13
2.849955748603013595e-12
-3.622924712061649955e-06
-4.173515224294069954e-05
-1.816613564300611667e-05
-9.742765437091555375e-07
-1.049387969125979283e-07
-1.004087377636966660e-07
-7.944068646740719534e-08
-2.892781760486657233e-08
-1.382035177843063057e-08
-1.199029792237293518e-08
-4.933825630713499407e-09
-1.690676973294562714e-09
-5.060800280037611018e-10
-1.017668403358305459e-10
-1.592054325872206076e-11
-3.248537511032809782e-12
-3.821388272624266549e-12
4.668689067686584409e-09
5.823746819136436191e-06
1.013836937783841733e-05
1.689758600721459322e-06
2.024016758772555597e-07
7.519480079667794542e-08
4.341613837895585775e-08
2.075287283140976154e-08
8.916228451046973516e-09
4.198202947318274611e-09
1.225891655209340619e-09
7.566513250633041079e-10
2.117559191207291338e-10
4.871011585713635824e-11
4.733366298631465966e-12
-5.157384434212382085e-13
6.050405265945827997e-13
-5.068469705687825539e-08
-2.313113828323822080e-06
-6.726416783776288847e-06
-1.296127236654242616e-06
-1.860461910405168170e-07
-4.473886554595325422e-08
-2.104987939648202848e-08
-9.395236894670242212e-09
-4.234509715675383212e-09
-1.387454495842877054e-09
-1.115766442511422731e-09
-4.058315181473663554e-10
-9.188414693585536810e-11
-2.323513617759274886e-11
-3.446173476122575809e-12
4.437938751940248310e-13
3.487842022400410005e-13
-1.148405873507756398e-07
-1.154706324304837629e-06
-2.510274356483628354e-06
6.433793458394217351e-08
8.655206637542302244e-08
2.346098540574328316e-08
9.175538812319941156e-09
3.988425525783235266e-09
1.809771264456099793e-09
5.570556745000187481e-10
3.895296436984785264e-10
1.449886908670237198e-10
1.706356617682654563e-11
5.218762076915027581e-12
6.661289630553396160e-13
-1.684464464268575082e-13
-2.225385394319060870e-13
-1.702210936804038302e-09
3.234689601404673615e-08
6.271472243381394596e-07
2.039084306531320443e-07
-1.483333261914887353e-08
-9.986866709445137888e-09
-3.611526056622573647e-09
-1.508810536033126757e-09
-7.611519838381037045e-10
-3.977887734251282477e-10
-1.672363571894650403e-10
-8.337419061877250305e-11
-1.298469530665708607e-11
-1.217206062446339454e-12
6.345251557423078563e-13
3.435656541452691084e-13
4.694203293630018234e-14
