1.307707912675191708e-01
1.029903715241573758e+00
4.201631354906804061e-02
1.211520240715682631e-03
2.961345657924500897e-05
3.895662683003558467e-06
3.498006466365817184e-06
3.498054222976885826e-06
-4.574869504146560778e-06
1.402729037449543588e-06
3.852384346622525514e-06
9.084727234532128259e-07
1.292360700478968767e-07
7.281525637595278215e-09
-1.693878986825864587e-09
-7.126273946271744251e-12
-4.988340427465532680e-10
-4.931022677235064738e-02
1.338695539148209157e-01
-1.384711672577338890e-02
-1.105797258538703410e-03
-5.508677083155909910e-05
-3.436081461098983424e-06
-3.356127099937805744e-06
-7.209430222059380929e-06
-2.937808371967584410e-06
1.472736755090504543e-06
5.671622123147534437e-06
7.644085860944304686e-07
7.193229237626043828e-08
-2.525642968255601584e-09
-1.498217300740430914e-10
-3.734208128463018408e-10
-6.153808618408303833e-10
1.386664084851539289e-02
-1.909357431131644038e-03
3.738094311830926497e-03
7.898766863265642771e-04
6.728643508560643765e-05
4.769668477610198453e-06
-9.242568316899604130e-08
6.908465943567960818e-06
-2.636323720592420064e-06
-3.700100121384262069e-07
1.596153665327385238e-06
-3.664418852787743848e-08
-2.415063323704345521e-08
-6.673449907198784867e-09
4.621645231748335053e-10
-1.908177254681732121e-09
5.130989436573150232e-10
-1.383607737707846005e-03
-9.024193371418180514e-04
-4.835022537967131580e-04
-2.359213260198453365e-04
-5.057540923515036786e-05
-2.319491454641193042e-06
-1.389787442156608760e-06
2.915949027686758193e-06
4.365046815932647459e-07
2.440338206852224257e-07
-7.582776983932057158e-07
-1.312320579510716369e-07
8.192186266401650337e-09
-1.245901684709775171e-09
-5.278160255945330851e-10
9.142416537466349140e-10
-1.132444014763198346e-10
1.585261178181444886e-04
8.152942853324157799e-05
1.672280037810910057e-04
4.416823916099275546e-05
3.021942750978502551e-05
3.246358157715886940e-06
-5.509135851334903104e-07
-1.475686870886260025e-07
-7.803449037430217841e-08
2.634276295962633365e-07
-1.355386062307502842e-07
-3.756161275324283313e-09
8.024437012580128294e-09
1.153538694585812890e-09
-1.373082056074133039e-09
9.277750045147217297e-11
4.428354361590311803e-10
3.203279554173918192e-05
-9.084860261381137161e-05
8.909156098846184179e-06
-1.482713612238424405e-05
-1.184574543585778656e-05
-7.962661023998437729e-07
-1.211506949995656072e-07
4.961557470863491275e-08
1.900794110782744995e-07
-6.429156399812434900e-08
1.212970976215446624e-07
7.001093556872112800e-08
9.397089251759592694e-09
6.496305650842955914e-10
-3.404064711127154582e-10
-9.311092931846810506e-11
8.338928638107273508e-11
1.128750649866675290e-04
-7.668944184484548481e-05
1.787536767406837292e-04
-4.192909790577898158e-05
-1.425039431393994948e-06
1.297904705055954589e-07
-2.161188383478415963e-07
-3.463470152455782499e-07
-1.602162902574185040e-07
-4.778156516650793115e-08
-3.817790836504008166e-08
-1.214488808407524752e-08
-5.161580397851480662e-09
-7.436066933882282787e-10
-1.053229816317167027e-11
7.347450355579896546e-11
-9.818763366711347003e-11
-2.759647816716562720e-05
8.120860432786781709e-05
-4.649682494226189765e-05
3.338257341242154209e-05
5.838239630127504968e-06
6.310971597353496919e-07
4.202924467100575477e-07
2.468250799783308200e-07
1.289195431086466949e-07
3.283780121623221064e-08
1.962022494386861080e-08
1.161852804201260731e-08
1.241093983492473229e-09
4.963694351591841664e-10
2.698263653983783795e-10
6.303399007501241228e-11
2.042288480580126023e-11
9.997872430822903273e-06
-5.259228420191634161e-05
8.884703992534059261e-06
-3.017929169168937436e-05
-6.173983538296599482e-06
-1.139395414579432726e-06
-3.206367536843945929e-07
-1.647386868339162743e-07
-7.587693816019519732e-08
-2.914075618821354420e-08
-7.432370222916880580e-09
-9.594610515110770794e-09
-2.783558633000283911e-09
-3.253193197341282174e-10
-1.627557064895309196e-10
-4.609397230107229250e-11
-1.137694930322463953e-11
6.708875623486736925e-06
-2.395964109093785932e-05
2.659470667030346092e-05
-1.633398493625393900e-05
9.858444183769742672e-07
8.755925523175856998e-07
2.578890297559512959e-07
9.525792999479509098e-08
3.689193551531012187e-08
1.759394014692940485e-08
1.534880054547345836e-08
3.358724455459899860e-09
4.417333523535540080e-10
9.542883846626067149e-11
3.015953953995546493e-11
9.168904049448729109e-12
-1.535646290453183120e-12
4.613442081741720946e-07
-4.265555139834119378e-06
8.536885999191059384e-06
-6.312749798080655476e-06
1.636855144189415699e-06
-3.728106751259467331e-07
-1.299115203882186368e-07
-4.473199112364769936e-08
-1.543522827783542142e-08
-6.792503969114163564e-09
-4.603596608393208794e-09
-2.999924127249281297e-09
-2.812045817458414791e-09
-2.003342294564758467e-10
-3.505554030341190723e-11
-2.708892759237961718e-12
2.959058693143623265e-12
2.550924979291582795e-02
-2.483003415259832369e-02
-1.725988892174784052e-03
-8.043725734866133165e-05
-4.251677593378579492e-06
-2.910154981067193601e-06
-2.147316373320681339e-06
5.858244194405966050e-06
2.720016687336008520e-06
2.789845821518256307e-06
1.197078139867098041e-07
-7.819672723986444206e-08
-1.013029324126018044e-08
-8.701857690459732533e-10
2.409010168033345285e-09
6.677976249942426963e-10
4.896489717050459337e-04
3.453667996506334156e-03
7.328654432355130414e-04
6.309237008744762439e-05
1.420252287527184214e-06
1.929809052344650449e-06
-1.489627974508340406e-06
-7.352393410091727875e-07
-5.779406398961506285e-07
1.192989249231364210e-06
-1.159166936741217752e-07
-2.857216577126878066e-08
-5.693645747472366593e-10
-9.686120666837861330e-10
6.694807565451950986e-10
-2.328594910213371832e-10
-7.832450516904399191e-04
-4.650648480534613359e-04
-2.407278708582766735e-04
-5.013596504374046291e-05
-1.328569070882937727e-06
2.949674854890473403e-06
-6.064177977693441465e-07
7.634858727386765458e-07
-3.322252803903896324e-07
-7.641048499266093966e-07
-1.701380270543822713e-07
1.769825188994644017e-08
5.074645605146939756e-09
1.009632557571194841e-09
-8.579429603476090962e-10
-8.897141171680793149e-10
1.115775418268837808e-04
1.744151482639575920e-04
4.375010028274831862e-05
2.965757460465336248e-05
1.029914241232060737e-06
-1.185832035737387704e-06
-1.857880801032719564e-06
-1.190751012972816927e-07
2.617446708903316961e-07
-1.027062417448251549e-07
1.112054416198198768e-08
1.097760408066953715e-08
2.444701393826615510e-10
5.689639449946472771e-10
-4.428798644410519261e-10
-1.215665387413390446e-10
-7.642678035314281147e-05
9.965177507739008867e-06
-1.625403309516141486e-05
-1.060765395146992925e-05
-4.533278133913035504e-07
2.353024236501904711e-06
1.277195329651210707e-06
2.078716420839714270e-07
-5.976403957514442470e-08
9.536545092543960930e-08
6.460948078269969694e-08
7.839892687924014987e-09
-8.427275318778619659e-11
2.371889928740927363e-10
-1.945377657247681597e-10
2.595722235487820808e-10
-9.984547858240472101e-05
1.780015582095481705e-04
-4.127494054222489832e-05
-2.821639674710724529e-06
-7.443538924829483829e-07
-1.271250588637756008e-06
-4.714349721607188539e-07
-1.863939279425622970e-07
-4.499680026579935405e-08
-2.732581989499153700e-08
-8.875048393605633077e-09
-4.647731022904937162e-09
-1.173358974204980638e-09
-4.206047608137194194e-10
1.790134760130458540e-10
-1.006208579923919820e-10
8.512243973070321434e-05
-4.675468041903993845e-05
3.344581422716841817e-05
6.662423355651800388e-06
1.242516972009652270e-06
6.143040988332160707e-07
3.032631888453822397e-07
1.363844745510156426e-07
2.159249494895100313e-08
1.358256478761835048e-08
9.943363350049600347e-09
1.393362258809603937e-09
5.250939469879732883e-10
2.642006721773887302e-10
1.656220933349077026e-11
-2.288690804344134142e-12
-5.338290200179732149e-05
8.876460250528103089e-06
-3.029286072881699711e-05
-6.553704045858403296e-06
-1.356139459117063463e-06
-4.422151696392803794e-07
-2.024094324294975072e-07
-7.718275147388268755e-08
-2.522350638660621830e-08
-4.905336317767660472e-09
-8.746820853151350156e-09
-2.802106022518857617e-09
-3.358216032177418139e-10
-1.661059439262156897e-10
-4.419152994462930126e-11
-3.378386654727606793e-12
-2.476514642754756469e-05
2.653967764038677428e-05
-1.629389492332255213e-05
1.177991328247819899e-06
9.751452710692423940e-07
3.167464284585987125e-07
1.287856010424389789e-07
5.025988554883761319e-08
1.900814691017462201e-08
1.440218573355993025e-08
2.343312899167838872e-09
-3.355539924934499654e-10
-1.335603965410891741e-12
5.640712023810015932e-11
7.525135255872161698e-12
1.089411527362082388e-11
-4.794615030845331582e-06
8.786029847615664827e-06
-6.713976978726768385e-06
1.515476966080473445e-06
-4.265644627291524992e-07
-2.103945916142722879e-07
-7.914933362040824310e-08
-2.620933546651014306e-08
-1.118160046908184871e-08
-7.448270468646759598e-09
-2.832706999887240918e-09
-1.361581252746272051e-09
-3.143450573256929459e-10
-8.352866310766711308e-11
-1.425597475448554258e-11
2.022467625198849096e-12
-1.022270518788179983e+00
-4.184313460137566165e-02
-1.206017747765629131e-03
-2.602616765128546749e-05
3.079406938972363834e-06
4.880152350778569427e-06
6.995966534229671671e-06
4.432584461439134054e-06
-1.110225902523350232e-06
-3.827578903343077795e-06
-9.046035536329519987e-07
-1.233950106132888162e-07
-1.858350133771979429e-08
3.811106633557208091e-09
-3.900352018023513532e-09
3.048673518586684525e-09
-1.408852345136907824e-01
1.350407700901434284e-02
1.094837589644865033e-03
5.266387831995915608e-05
1.629550830946719166e-06
-2.106114378490257485e-06
-6.478632441799042971e-06
5.711782202772146464e-06
-5.071354623161650825e-07
-5.535151107796282705e-06
-7.365342905834854643e-07
-5.929677820870574206e-08
1.801294300008721810e-09
3.975730943316494568e-09
-1.243720552704326694e-09
1.534723478945597261e-09
6.861032253155852599e-03
-3.346465936598677377e-03
-7.691293213899486319e-04
-6.805786269514412445e-05
-2.505577192100676694e-06
-1.149704507912250165e-06
-2.387709828557315276e-07
-2.622966395219287817e-06
6.773254343172946224e-07
-1.652389160189879282e-06
1.016313239499929840e-08
5.958660557208661435e-09
1.060219993748440292e-08
-2.715230666141346193e-09
-1.360726173426498043e-10
-8.946216492852132427e-10
-6.021970893918085791e-04
2.271656119796680703e-04
2.178160058486417101e-04
4.954955260799397414e-05
2.424250286564984632e-06
6.373690386743620518e-07
-2.071837710936017577e-06
1.252486516276950844e-06
-5.723326795093313608e-07
8.552796476711039489e-07
1.608307582749421185e-07
-8.225777436490121982e-09
1.009831577093554531e-09
1.059395308390082647e-09
-7.981436852755379695e-10
-6.986633064841024158e-10
2.300615236680458213e-04
-3.649188751333006024e-05
-3.139527901163337070e-05
-3.149158301726531854e-05
-3.429763235242043381e-06
6.799712986718563861e-07
-1.384342833165050590e-06
1.559058576562762081e-07
5.413354861087146795e-08
6.040488296730866051e-08
-4.392364726208908516e-09
-8.736829771114048420e-09
-1.354972521844167518e-09
5.791081890239013182e-10
5.871527617183032945e-10
-1.749639948036218377e-10
-5.039709809900890213e-05
-6.261228026019069524e-05
8.200897538501658522e-06
1.233986511797864979e-05
1.416900554814034277e-06
5.740771198442071867e-07
6.324898557791766328e-07
3.444974738157272179e-08
-2.177927258558558394e-08
-5.083507882667752458e-08
-6.580818108483327212e-08
-7.213788657712635080e-09
-1.029675610513685149e-09
2.141039252816210066e-10
-4.298472391779678407e-11
2.915486824504702500e-11
-1.606899831643862132e-04
-1.846921976679764149e-04
4.378599572221807210e-05
1.318148395174396708e-06
-9.814741360621667472e-07
-2.609834917530441161e-07
5.400288643988027067e-08
-6.430786453230797472e-08
1.506478566148231401e-09
-6.151540320892572358e-09
9.374465053387984826e-09
3.735601415187000308e-09
8.796854032682869366e-10
6.616475354479466226e-11
-5.964821337639928816e-11
4.588964030294171771e-12
9.038357503982525102e-05
7.328074371801230821e-05
-3.166608498825983594e-05
-5.333711413440186152e-06
8.550821414187592342e-08
-1.328853551311749459e-08
-5.902673007049024371e-08
-1.761745996806620863e-09
-1.225833145943268654e-08
4.901908909684359858e-09
-9.414018649119088329e-09
-2.812302498393357241e-10
-4.655617198105008351e-10
-1.863944325737248616e-10
-8.589175754699977890e-11
9.275685814037581373e-12
-5.307702503316389650e-05
-3.916859130393607390e-05
2.628503914905252318e-05
5.436552911111548030e-06
6.370779606657899154e-07
4.866647396950430527e-08
3.622903717250689704e-08
1.984596740000428880e-08
2.086873453296236939e-08
-5.476564125297116275e-09
7.854306317363801947e-09
2.146194631498489954e-09
2.218420410406769575e-10
1.277046558926935380e-10
2.724457620811294508e-11
1.665746978121580143e-11
-2.859817771601862467e-05
-2.757477739111465403e-05
1.910205454778787448e-05
-2.777276082375760041e-07
-5.663800437980605898e-07
-1.051176844725551886e-07
-2.812076186211608683e-08
-1.714395242194914746e-08
-9.908785397400506183e-09
-4.989340766125276709e-09
-2.946200465060079290e-09
-8.704708127349371242e-11
-2.923372263535261597e-11
-1.981926522021887414e-11
-7.944027829156366074e-12
-3.230869886669688259e-12
-5.218679605692414844e-06
7.670735791525853315e-06
5.756114470221861659e-06
-2.031823285808176419e-06
2.254697650997778751e-07
6.685278277876779575e-08
1.831260362529778310e-08
1.173677834020860763e-08
3.299301121262356193e-09
6.879649640525955728e-10
2.492200104882137195e-09
2.728402491269745335e-09
1.626948391367993019e-10
2.310764988143803670e-11
4.793376567877776572e-12
-1.455090114856741444e-12
8.590583098793226624e-02
3.637998841245460024e-02
-2.433684130504245799e-02
-1.708831358997284005e-03
-7.926217332761762693e-05
-1.341747331331847458e-06
5.311880501823101951e-06
1.763426392472360572e-06
1.701968073061926034e-06
3.068268672505654303e-06
2.809402452466568350e-06
1.438532387489636852e-07
-7.117915145203004791e-08
-3.077834934153338530e-09
-6.296084762122558008e-09
2.616334620435226151e-09
-1.055463722695808727e-09
-1.283413115103712414e-02
-4.104709484704612173e-03
3.080994924490347217e-03
7.123909740086642245e-04
6.286267271815550921e-05
3.583907710618042163e-06
-1.138609066064474510e-06
-2.820977300899406263e-06
3.401345133192459942e-06
-8.325514236334093859e-07
1.210413089820366053e-06
-1.022146091448620531e-07
-2.931163099596355004e-08
6.042368074198767937e-09
-3.686261074230388654e-09
1.371923412549157696e-09
-2.145273964334484558e-09
1.301873319952328353e-03
7.341231167498553801e-04
-2.092946138189985647e-04
-2.234200076671036587e-04
-5.306031173636502400e-05
-4.744038425133587015e-06
-1.910653325876931692e-06
-2.650685983219528878e-06
-5.640658125504828970e-07
4.393974566658281155e-08
-7.816697723178601291e-07
-1.728412923350976220e-07
1.366813050814577749e-08
2.844210959575239219e-09
1.826676242241671603e-09
-8.969879565124667774e-10
-2.915679912444505776e-11
-1.748510825806796638e-04
-1.996295351153990632e-04
4.134707926203788061e-05
3.005350952220399850e-05
3.143971377076605199e-05
5.150402329720516017e-06
2.398197605334552459e-06
-7.513437500781333639e-08
-1.508795113982033288e-07
-1.441587706262199548e-07
-7.049287215743150917e-08
9.237101670056602393e-09
1.464215498359545448e-08
4.619278079866204079e-10
1.197745307012181564e-09
-6.007889449904679896e-10
-1.264635262252328815e-10
-3.147628638724429736e-05
6.496892539524439327e-05
6.462091806358530560e-05
-8.072025458452801566e-06
-1.505274048821316369e-05
-3.504842754221930435e-06
7.977168921271461843e-07
3.945153738270007892e-07
2.513535297535994121e-09
8.992194810848059425e-08
4.845736486627853369e-08
6.231910887284325718e-08
6.212226066372876118e-09
-4.299357487617050973e-10
1.596907986110144871e-10
2.412072738988054153e-10
2.639067610843118517e-11
-1.119951772306523419e-04
1.359150093604578457e-04
1.828711376686384838e-04
-4.328616619208639063e-05
1.109229494843527877e-06
1.271563732269723637e-06
-4.367838903807292926e-07
-9.059768809387261977e-08
1.404497097968374276e-09
-3.289205659466089573e-08
5.579293841876246032e-09
-7.362717946813658667e-09
-3.581232168801256058e-09
-7.900034563119035368e-10
-4.204793849392858530e-10
-8.976128394075209010e-11
7.924061657143934340e-11
2.883142192164427528e-05
-8.543331434454421640e-05
-7.302001562292462775e-05
3.115281494623173627e-05
4.364334489581224628e-06
-3.501844389135993607e-09
5.861339843315982260e-08
8.780354026017892378e-08
3.580680884043686607e-08
1.730156974756755564e-08
-5.882750006649152572e-09
8.456290172309212093e-09
2.600075225853648229e-10
2.327685798122780248e-10
2.212972494754320440e-10
3.975089548347481999e-11
-6.799023044963171221e-12
-1.051497884751264567e-05
5.184580511188641622e-05
3.912919360320985017e-05
-2.604925854020888567e-05
-5.198226476484820016e-06
-6.567548435910909241e-07
-9.831484807883065161e-08
-6.830560879786609640e-08
-3.295009848394508659e-08
-2.262193559526335039e-08
5.070078701790837269e-09
-7.530580883947895306e-09
-1.916715645063203539e-09
-1.362257749752197125e-10
-1.311227833681899742e-10
-1.897937303199454663e-11
-1.920752155957515824e-11
-6.388781672612288924e-06
2.791700576360135820e-05
2.755594311220410910e-05
-1.909442867600780110e-05
2.582406191951894621e-07
5.834150082220618790e-07
1.237317656981826368e-07
5.523778322013557962e-08
3.122891904995450118e-08
1.282896940136079030e-08
5.796475465314322209e-09
2.409030190621432383e-09
-8.848905758779619634e-10
-1.147014958968183689e-10
2.232701959693158693e-11
1.251362987614047344e-11
-6.894279954228421027e-13
-2.834917288055131137e-07
4.855992311586927261e-06
-8.811166076377040403e-06
-6.349857742655323337e-06
2.120828771201622172e-06
-1.880837647792843366e-07
-1.010451027218799005e-07
-3.526790485630462719e-08
-1.690677329275279204e-08
-5.666476913606512172e-09
7.535815919412721783e-10
-2.349522089556734975e-09
-1.006768778949181568e-09
-2.167037146863456141e-10
-5.941303439797400067e-11
-1.495025908984956496e-11
2.528029091270837685e-12
-1.496853881065201286e-01
-4.251984385829985467e-03
-1.007521480361941161e-04
-1.969420767071814198e-06
1.867225839510045937e-07
8.382597287770279069e-07
-2.150514731419632577e-06
-1.693758501168412288e-06
-1.929782316432539859e-06
-1.383908729797067960e-06
-1.400546743379558503e-07
-2.102808341447890149e-08
1.675118151986386282e-09
-4.132723205173823612e-09
6.664926128214635272e-10
4.500363996697199844e-10
5.149889050327296353e-02
3.969548064531528385e-03
1.825048644275391785e-04
7.290816797006294707e-06
-9.893109279254166718e-07
-2.280272217486337008e-07
-4.192608121494390705e-06
6.369054440406364525e-06
-3.386684087287611829e-06
-1.299665369056700888e-06
-8.475218608232821754e-08
-1.566980229022971537e-08
5.621714239443499235e-09
-2.527800765384073910e-09
1.641481112382356041e-09
-8.489139760358477202e-10
-1.447842983170148992e-02
-2.745297282827620106e-03
-2.410676040233736370e-04
-1.040612594336642473e-05
-5.298124994280076838e-08
4.102651356445091947e-06
3.880138172703137615e-06
2.392021905910514973e-06
1.097190396241032490e-06
-6.086706708802926542e-08
-1.751289926928280053e-09
-4.414998016930790203e-09
-2.767841305123302800e-10
4.649986149474133988e-09
-1.062678858796468735e-09
5.188594062793345357e-11
1.273226422650388344e-03
8.566883985197319522e-04
1.594270974092998003e-04
1.090777363296073701e-05
-1.262909050767736071e-06
4.502061921714080322e-07
-3.424435652568418752e-06
-1.770043573581798745e-06
1.353907935439177218e-06
3.167089797130323190e-07
-1.162762799054082458e-08
4.088187298948692413e-10
-6.466699249196453780e-09
3.219220940066609571e-09
-2.282114483930466339e-09
9.805566222128785493e-10
-2.167472839895703211e-04
-1.604092804210338077e-04
-8.856824851540233141e-05
-9.391623484587062506e-06
-3.705776496146584798e-07
1.538937764039380868e-06
1.057884958268135406e-06
5.548735878539046941e-07
-1.106894167161059989e-07
-1.638405615432591260e-07
5.897201972247642615e-09
3.331964564142787052e-09
3.651352760134191754e-10
-1.091662026857572211e-10
-1.318729199352667951e-10
-1.201314062085634071e-11
1.160227727348038328e-04
5.940054400405470801e-05
4.102436497496595889e-05
6.308776558304601032e-06
-3.113310322478970318e-06
-2.085300354064977570e-06
-4.315745312729975718e-07
-1.045139227114012543e-07
-1.517373940412635581e-07
-3.810715969327265719e-08
-1.685946583519850231e-08
-9.953037761815696332e-10
5.929372731842256263e-10
-9.929810010235534202e-10
4.510619728547584187e-10
-2.576058090621818618e-10
3.204086479032104110e-04
1.403007395655117724e-04
1.737469494693983594e-06
-1.515122506605025697e-06
2.540260679404464835e-06
1.270226213963412773e-06
4.298359877005817357e-07
9.724017946300785288e-08
5.496141194061571510e-08
2.774881606564251572e-08
1.663774602447381752e-08
1.609167808192281249e-09
7.340027922792093950e-10
3.348531401210634296e-10
-4.528391490078811476e-11
5.467974899993655525e-11
-6.718110491575179227e-05
-1.070214919394395735e-04
-1.641667070120742927e-05
-1.525699806500636912e-06
-1.231812853218943766e-06
-6.885460719256291308e-07
-3.088867945584758997e-07
-1.041570843283327587e-07
-2.689997372282918159e-08
-3.762483277909327212e-09
-8.278637941519695175e-09
-9.635039395869248275e-10
-8.318713256139787918e-10
-1.190231445663604312e-10
-4.092294143654112776e-11
-5.860526212561247014e-12
2.203071458189727989e-05
8.655053206002275197e-05
1.873569971380919106e-05
2.798055142304649014e-06
7.822958870529732483e-07
3.896503842467919050e-07
1.905550328495717812e-07
6.287177460654881510e-08
1.455439123350777615e-08
1.151048650658312988e-08
6.873682858337167318e-09
5.259677850352463226e-10
5.770085386246934959e-10
9.445762342296588846e-11
2.793168281239870995e-11
-5.106766156778775672e-12
3.005344561563634545e-05
6.993026891663998990e-05
-5.038713811895058392e-07
-2.158502983759879696e-06
-5.631753621665655897e-07
-2.288292056727444764e-07
-1.038186752774236558e-07
-4.014491842297330066e-08
-4.240504016077488966e-09
-8.605734372046211204e-09
-4.764196640529375401e-09
-1.280093305554978645e-10
-1.544381605487629755e-10
-4.215910786464745584e-11
-2.187854899654112704e-11
1.033305801960891586e-13
-6.978285855978429991e-07
-2.395750305580903624e-05
-7.828514653391359070e-06
6.025763283524096003e-07
3.072772093030256362e-07
9.200746641893916805e-08
4.457402639590310788e-08
2.022556639689143145e-08
6.030092490803808558e-09
1.944281747064537394e-09
4.715656575688445025e-09
4.315068128168235224e-10
6.485854048545356718e-11
5.988679604598098768e-12
5.127578432882717559e-12
4.894331196978856597e-12
-1.855564907479123893e-01
-9.174245734195156377e-02
-6.105547137204142376e-03
-2.725782407381826893e-04
-1.134851040825397385e-05
-8.310448264344665371e-07
2.502189035684660207e-06
-7.511438099514006293e-07
-1.143529266485246972e-06
2.738088858555181514e-06
2.377684331913450582e-07
-1.337405449281393098e-07
-2.000678255785642357e-08
7.518938350362504026e-09
-4.124007142858953113e-09
3.863636711310222589e-10
1.847698105582872069e-09
4.207167284789386889e-03
1.326690721366208595e-02
2.557184269006511183e-03
2.282026630940735138e-04
1.118841138563425785e-05
1.289495553424685552e-06
5.321990545984526661e-06
5.875705468532301399e-07
-2.467225886398542928e-07
-2.015189392613678175e-06
-9.443690982207178756e-09
-9.106792066446770716e-08
-7.763553269853146929e-09
2.388240640021557540e-09
1.237513601133942931e-09
-1.357755050823428674e-09
1.173857227949639572e-11
3.431028164559467644e-04
-1.186502686485370371e-03
-8.551048480694831058e-04
-1.579284564860291217e-04
-9.494375486540012631e-06
-1.117208901204364559e-06
1.962269259814776470e-06
-2.476463305572226772e-06
1.733071613124665907e-06
-1.564752316716355950e-06
-2.759597267029814978e-07
2.226091288861401469e-08
1.178519916191276147e-08
-2.244904947208707869e-09
1.857917623940404175e-09
2.352240060497322589e-10
-2.963029752319392906e-10
4.633201255001397561e-05
2.240171650355948026e-04
1.626486190833169375e-04
8.834835208735974390e-05
9.117035802475475357e-06
-8.858469886923451839e-07
4.532891001400003804e-08
5.370197967556158857e-07
-6.352291444742401115e-07
1.500860842307950095e-07
1.145875761280012936e-07
-1.619341670200877864e-08
-6.079082930301352118e-10
-8.461867956423201622e-10
-7.508300630686736437e-11
3.775453549823774775e-10
1.258167574482090495e-10
7.788186541566438479e-06
-1.101596661606178928e-04
-5.735822069615900893e-05
-3.964759059664047620e-05
-4.784749381183324603e-06
-3.139034136593859444e-07
-6.802620743438916021e-08
1.917946038750713992e-07
7.167762261722113321e-09
1.790456466822198575e-07
6.347567477908534138e-08
2.646099044778780697e-08
7.015363838487793074e-10
7.002903903966207461e-10
4.673596923702997238e-11
-6.454134233210283457e-12
-8.719816000870750181e-11
-3.063070024592445389e-05
-3.233769170488095591e-04
-1.418116671982658618e-04
-2.951201210289884908e-06
1.713971465399640900e-06
1.192041315304383809e-07
-4.360395464226359562e-07
-2.185353194033000043e-07
-5.511211899482814155e-08
-8.192901280649466092e-08
-4.235147180781161051e-08
-2.096187719697463978e-08
-2.039703299590764919e-09
-5.298802891306272657e-10
-4.537792942200685216e-11
-1.524328031498660823e-10
-7.940184889080809393e-12
8.353258657972357595e-07
6.678247770688290640e-05
1.076059954802470871e-04
1.677270541985803316e-05
8.304104329656631553e-07
3.686570962923577837e-07
4.357528887279001075e-07
2.042343643191943320e-07
9.216675925165025268e-08
4.045259094838012175e-08
1.060413920330477008e-08
1.003200647979127505e-08
1.477265749845705273e-09
4.889287586256312891e-10
7.854751930632024363e-11
2.918568586879091399e-11
3.670524866524087121e-11
1.002692150135538034e-06
-2.177221787306562179e-05
-8.678185741274970812e-05
-1.868687735705595044e-05
-2.410397238495754167e-06
-4.879743072714030159e-07
-3.222655602526227332e-07
-1.529239435159949800e-07
-6.674722249245733888e-08
-2.215227430768779199e-08
-1.526455847359478475e-08
-7.774407077153107435e-09
-7.320318632953324823e-10
-4.437702276770305467e-10
-9.136181727644770642e-11
-7.124599255963668613e-12
-3.773630686269098541e-13
-2.545792583170136024e-06
-3.014080350834929259e-05
-6.978675832673011752e-05
4.221739179670985397e-07
1.917226545227201007e-06
4.823372704875086612e-07
2.157804165157726991e-07
1.062413653572365347e-07
4.919245268127982914e-08
1.061493191729914667e-08
1.302074127860325112e-08
3.992744231106176671e-09
-1.580851605939144823e-10
2.011850222925253289e-10
3.660396784661764833e-11
1.734887629527837003e-11
-5.187031314391152492e-12
-1.386741016706548637e-07
8.289378548077365551e-07
2.392487181157980651e-05
8.337120709955057418e-06
-5.120419317028230349e-07
-3.844510535150611869e-07
-1.343649003981498290e-07
-6.527348287016544982e-08
-3.510352898912305135e-08
-1.630832022545612503e-08
-5.842750816176516690e-09
-4.788250429407663755e-09
-4.273496504339252697e-10
-1.954186476147639237e-10
-2.134016471686614696e-11
-9.616845431894700198e-13
-7.514463969503069128e-12
