1.324668590616805419e-01
1.028940371315789193e+00
4.250618846754592589e-02
1.266553265951448704e-03
3.216689062545755582e-05
4.318025702017593139e-06
3.554520019474290068e-06
3.418067931061374915e-06
-3.626179482258032503e-06
2.252626626812578676e-06
3.639550705698269893e-06
8.310631683505159804e-07
1.251185124261180296e-07
7.512992342944676341e-09
6.400184220311973339e-10
-1.311792869782733403e-09
-9.311512159118387947e-10
-4.541745200399256721e-02
1.223356626362650246e-01
-1.275079393203676532e-02
-1.047448411530266764e-03
-5.416692260326262984e-05
-3.726166956134031518e-06
-3.781055050167885630e-06
-7.021991815060469173e-06
-3.293969042205923312e-06
2.633817272114219918e-06
4.767175557005051730e-06
6.832869661061724350e-07
5.060909294940619261e-08
-4.176276420822904660e-09
-2.936357124078065946e-10
3.432532805638875345e-10
-1.087426343413359215e-09
1.167525461499151554e-02
-1.560300445548549152e-03
3.158730810158367260e-03
6.798006135605205768e-04
6.219854824309808538e-05
2.396252931959199033e-06
-9.773694190356963834e-07
3.550905800702602854e-06
-1.839763725429060269e-06
-7.078650781180954356e-07
1.319255839340026781e-06
-1.280375175695407215e-08
-1.273521354105792509e-08
-1.149939056780431874e-08
-1.356969281529609378e-09
-6.576964631617997280e-10
3.031770150268787906e-10
-1.055445301820457423e-03
-6.912712811473047938e-04
-3.732197542172276182e-04
-1.837093038930642764e-04
-4.047093462884028775e-05
-1.056914572028090915e-06
-9.429942303211652943e-07
9.732929351197733784e-07
3.235643992263661567e-07
-2.972856803343741802e-07
-3.864122416062182049e-07
-4.693005224621037622e-08
7.064246094023499595e-09
5.285870482625091108e-10
2.710678209802312911e-10
8.904396708492888822e-11
1.633184336763912525e-10
1.761922863767911873e-04
-1.965532091825941946e-06
1.633515441286627291e-04
3.419646870370179556e-05
2.222206112752116448e-05
2.636673410421212114e-06
-1.044330849285203290e-06
1.962128274390976638e-07
-1.322729644184850825e-07
1.098200057489081160e-07
-1.086720955328492985e-07
-3.085034244841765885e-08
4.457793177572099966e-10
2.955121325059045533e-10
-3.557301916587783587e-10
-5.070786212288851122e-12
2.309598818565383112e-10
2.130200093547484247e-05
-7.151526096213991373e-05
1.063902548846980877e-05
-1.208183116037011999e-05
-6.976947635477170254e-06
-5.897873567609489161e-07
1.033569185721996714e-07
-2.634847313763532062e-08
6.615005417491204297e-08
4.945087996041745425e-08
1.035784710970112433e-07
4.820418667579577315e-08
8.100318848415960344e-09
1.283726119456054669e-09
-2.685657929672835892e-10
-7.483988154209261668e-12
8.591973038630184876e-11
7.156521571878166077e-05
-4.481201382145289728e-05
1.111789253795687337e-04
-2.564199164535343504e-05
-2.140802280019274782e-06
-2.465590215768304441e-07
-2.020356885615768915e-07
-2.397779946500539758e-07
-9.472062014111320375e-08
-4.914142672653151884e-08
-2.991520567142065962e-08
-8.674919209485017679e-09
-3.280289590471613806e-09
-8.830051988766656231e-10
-4.871893417480591980e-11
7.291024537913198083e-12
-5.527413680592177021e-11
-1.719211686836590033e-05
4.684647553276266769e-05
-2.863953704289235290e-05
2.004881355574154129e-05
3.956745951838639791e-06
6.357886695700764604e-07
2.881445372480665473e-07
1.562719703789923804e-07
8.175143507883840384e-08
3.025110902780132436e-08
1.163138653053759992e-08
7.789781559161736283e-09
1.528226617114966328e-09
5.738667361572644902e-10
1.241331005466787246e-10
4.729395577876750289e-11
-5.011415202880024104e-12
6.591808847570627193e-06
-3.120077774967768903e-05
7.622475384679418611e-06
-1.847927295951838511e-05
-3.713298294839166595e-06
-7.537321234123557940e-07
-2.179922079687725663e-07
-9.989488702179351836e-08
-4.783044325712248696e-08
-1.859690350239840526e-08
-8.469933374890491804e-09
-5.037507035864583688e-09
-1.779820512333581724e-09
-3.783516627380534337e-10
-7.442429787510809594e-11
-2.279746073027068348e-11
7.012159564382037873e-13
3.566504578305534052e-06
-1.261596957962954101e-05
1.422216533556504308e-05
-8.611226290884853920e-06
5.628991254901992949e-07
5.021401309163692812e-07
1.569405640207277785e-07
5.232297191057688789e-08
2.472237479373006193e-08
1.011078533629816566e-08
8.454243722481922737e-09
1.747715145111291798e-09
2.077321559353106764e-11
9.118597636724635013e-11
2.067618416050585539e-11
3.135299639822412535e-12
-2.805964289264718188e-13
2.166749285087232797e-07
-2.089031504307586213e-06
4.252396947055347016e-06
-3.290195322434245879e-06
8.095018271795911011e-07
-1.922910551654434005e-07
-7.441760334883042966e-08
-2.495430108886404925e-08
-1.031320466413694778e-08
-3.600221398835400250e-09
-1.952228249602618556e-09
-1.558559705196881468e-09
-1.176718292776413816e-09
-9.148823282731363289e-11
-2.123763826333270488e-11
8.189062357599912909e-13
-1.358799869150242276e-12
2.323849908767169209e-02
-2.288512318343568011e-02
-1.630645576877849104e-03
-7.965164895838525324e-05
-4.511545283716424666e-06
-2.177791707043769812e-06
-8.626591807713606782e-07
4.894327010128564592e-06
2.997110933258932279e-06
2.155436203399476276e-06
-2.523417559696998040e-08
-4.060030263950197716e-08
-1.804632311450525759e-08
5.499279973679875629e-09
2.165176946849971243e-10
5.581321845163403910e-10
4.580260803633681905e-04
2.914884086434272898e-03
6.315942336605098566e-04
5.811484406726170220e-05
1.015663084448883199e-06
5.285394395354945699e-07
-2.609799653033740176e-06
9.487610967855926569e-08
-7.581221096270636151e-07
9.200254649902936648e-07
-5.438774337319196768e-08
-9.971223513152460119e-09
-3.352559229951432022e-09
4.581605949267912834e-11
-8.991988353194101457e-10
1.311561121147074044e-10
-6.012625632862158252e-04
-3.594335520661588322e-04
-1.869155524237840261e-04
-4.025846545723416351e-05
-7.267779837055005603e-07
3.112039127535659582e-06
5.025690465816670673e-07
1.309604456522977403e-06
-6.967634912130612494e-07
-4.147336098564072968e-07
-5.324035940886977602e-08
9.061321839408916815e-09
5.210217757683789000e-09
-2.181328832624264783e-10
-3.832462933391797690e-10
-8.039039034745376153e-10
4.889453409431501518e-05
1.697612484903210286e-04
3.275219923464873150e-05
2.143169148745389390e-05
9.052473675117774266e-07
-1.623327412236834118e-06
-6.684626763489341218e-07
-1.634169781631935099e-07
1.242916460061251320e-07
-6.993037736705388858e-08
-2.364741233210851498e-08
5.345328525727316061e-09
-7.776943796497619059e-10
1.052037162531507025e-11
1.070842409692145016e-10
-3.358491836844814966e-10
-6.172043151871510046e-05
1.309527297278511527e-05
-1.350322669968154656e-05
-5.974417301414753814e-06
1.085819146559103437e-07
1.542784258979259809e-06
8.493177637385166143e-07
1.054730543966018081e-07
5.155172597859358748e-08
8.373059883459761160e-08
4.045856286352670817e-08
7.082381743431308546e-09
5.266500649203249461e-10
2.006159959157505592e-10
-1.855116449837245241e-10
2.101514489223625295e-10
-5.905791153617646948e-05
1.099056228695094683e-04
-2.515301212841381746e-05
-2.753508486353172139e-06
-9.314661115111729387e-07
-7.943598152537960498e-07
-3.880530430657234680e-07
-1.265395408231059531e-07
-4.835443990040172888e-08
-2.332323682278112566e-08
-5.137953988056555504e-09
-3.045971592049762479e-09
-1.000447848898801676e-09
-1.787971074067228294e-10
1.796903254499444828e-11
-3.276516268809613069e-12
4.949108638490766113e-05
-2.861137437409916955e-05
2.014197512292790235e-05
4.310561904362798345e-06
1.014697836370920160e-06
4.466009756872500602e-07
2.134395647843526588e-07
9.060946871239714422e-08
2.273936509925185972e-08
7.237818838464756439e-09
6.290966385738513640e-09
1.279801197121044857e-09
6.332144541601600310e-10
1.059137150812107103e-10
5.827751692991810421e-11
-2.706306730034205672e-11
-3.190022941594946340e-05
7.602157612292024569e-06
-1.857560951990262625e-05
-3.903583995990806472e-06
-8.879411306194994812e-07
-2.978097158439296465e-07
-1.238475178411566891e-07
-4.982912865121334610e-08
-1.542369349013964272e-08
-6.351462508494298971e-09
-4.407970289629585501e-09
-1.682974383831242207e-09
-3.991705539658148221e-10
-8.220101554778033606e-11
-2.691585386282210574e-11
1.511823913706836875e-12
-1.308423133558877755e-05
1.418742212559477849e-05
-8.577661864609876209e-06
6.603813745448817325e-07
5.615718412630148208e-07
1.922421507939949966e-07
7.119212475773135516e-08
3.093677993437097771e-08
1.017520827511677301e-08
7.775743471279737146e-09
1.045524320653627094e-09
-2.433077423727011269e-10
6.214029506349823581e-11
2.991742524513171591e-11
2.802774699990802936e-12
4.127819208705355413e-12
-2.327039598910044346e-06
4.355940789218278409e-06
-3.473888270721587697e-06
7.471485440301112032e-07
-2.219820442624039609e-07
-1.146550453146114965e-07
-4.285857603912080960e-08
-1.615975007588967222e-08
-6.646856360419577705e-09
-2.737299729250669372e-09
-1.348797509831913392e-09
-6.022874842392687294e-10
-1.252576401768903221e-10
-3.322450460263653347e-11
-7.878861025030029322e-12
2.927964232769837944e-12
-1.020957199515381220e+00
-4.230962217877520803e-02
-1.262220781705584039e-03
-3.083283661337483532e-05
2.547881609552975171e-06
4.695083674502365942e-06
6.688648173955492921e-06
3.769412100013892740e-06
-2.067628610447375837e-06
-3.605344326977105112e-06
-8.357530511407022898e-07
-1.250137773138618865e-07
-1.168384789683895916e-08
-5.910323393202451581e-10
-1.742168165028487053e-09
2.234023505934130832e-09
-1.289581624675568139e-01
1.241736764240025138e-02
1.035793260525420378e-03
5.264719577831262825e-05
9.181230197675810563e-07
-7.783588014715761515e-07
-5.206010211812338146e-06
5.217763384505289449e-06
-1.610956909537992108e-06
-4.590897080579317124e-06
-6.672323574914354929e-07
-3.991628519471944752e-08
3.705216749092667188e-09
3.368280858951658154e-09
-1.169091413794545081e-09
1.087123164164093874e-09
5.807728828240401459e-03
-2.808249645614813422e-03
-6.603321069958128370e-04
-6.226050284844508341e-05
-2.865064956947095317e-06
-3.092002413856918634e-07
8.639028646470241292e-07
-1.152111680043520094e-06
9.137880351800808434e-07
-1.366443373720346734e-06
-7.431114340547602554e-09
-4.490835483367741994e-10
9.399410437697997515e-09
-1.064071491624960508e-10
-5.727144119061290300e-10
-1.039270261897609597e-09
-4.796399219727409571e-04
1.676182304324309153e-04
1.689175026366497318e-04
3.815672263696334206e-05
2.290944024614027720e-06
1.452060743351425330e-06
-2.538854013767129257e-07
4.391405639045194101e-07
2.176817702456596877e-07
4.460023238442363681e-07
7.561251707959661091e-08
-6.194640460320388150e-09
2.417336923609664074e-10
-4.392639551967631380e-10
-1.248700021990490643e-10
-4.468174640219965398e-10
2.525466504245957246e-04
-6.789072791177786642e-05
-2.462584017797540516e-05
-2.301551432655209078e-05
-2.567267187705503534e-06
7.289212765336509943e-07
-7.193175189212102244e-07
1.798110389664247294e-07
-4.630559917028148755e-08
6.316443210555429557e-08
1.993163811097241337e-08
-2.002826991314409258e-09
-5.351495508230531043e-10
3.008733197821822720e-10
2.516696263123720396e-10
4.181244350164355689e-11
-4.736983707955511275e-05
-4.645211680289739337e-05
8.017418297099191242e-06
7.983667183604446489e-06
9.195673059547217906e-07
2.773971994580736043e-07
2.280261145565024163e-07
7.928109485943537955e-08
-3.206432004031264505e-08
-5.898335389721905664e-08
-4.114481084485539213e-08
-6.085842478096672746e-09
-1.288386112897301399e-09
7.734659114335491055e-11
5.907938283243630792e-11
-2.179592620253097783e-11
-9.577520563482783394e-05
-1.157028355131278248e-04
2.598544131377406751e-05
1.464989082454518882e-06
-3.421380188260675338e-07
-1.276270100023037891e-07
7.182986661096485720e-08
-4.716389622262781815e-08
2.316863193203066819e-09
5.454337385235714876e-09
4.650929115346263670e-09
2.114772172148449106e-09
7.814917432939890746e-10
9.094300880056411452e-11
-1.054484696599948447e-10
2.053216773921537594e-12
5.303669181919122702e-05
4.462958923107525718e-05
-1.837838054504091267e-05
-3.331338844062544979e-06
-1.650067464554722423e-07
-2.253706147190048929e-08
-2.686742329278242158e-08
-2.121221793019824817e-09
-9.977835410239318626e-09
2.049419130295122939e-09
-5.604429256966245893e-09
-7.557997281714963206e-10
-5.008770199362672770e-10
-7.985705729335440538e-11
-3.145542106500804704e-11
9.595540159648255881e-12
-3.227615161861723870e-05
-2.524638889191251691e-05
1.598194700520864833e-05
3.151057790641986365e-06
4.476359470483154131e-07
5.062974591714505938e-08
2.153830006331734769e-08
1.407433168462129861e-08
7.780238748154386369e-09
6.551930534974825112e-10
3.661180163488352429e-09
1.309097370696314464e-09
3.230706992604967768e-10
4.796845175503325493e-11
2.098496094189430291e-11
5.355441820928475956e-12
-1.525856738245824351e-05
-1.480384562112157277e-05
1.015734936824684623e-05
-1.262514220318374594e-07
-3.222529896303486384e-07
-6.698050864219451769e-08
-1.739059783695725602e-08
-1.089750436881042234e-08
-3.647338317949414198e-09
-3.490046736879878363e-09
-1.188414700068483609e-09
1.918474716619458657e-10
-4.387099421001271582e-11
-1.253761669808332898e-11
-2.438525185887573923e-12
1.452916306692220349e-13
-2.508795788561511256e-06
3.988144851558382910e-06
3.010862892694455961e-06
-1.023815952855395596e-06
1.106949546363726023e-07
3.845091086779033246e-08
1.280622304935618858e-08
6.185105878538341051e-09
1.628367883173328803e-09
6.295412856571304928e-10
1.234783894555686377e-09
1.110634879389110930e-09
6.449874580431010536e-11
1.590972616021473555e-11
-2.762091572664552170e-12
-1.043673241664897789e-14
7.917019695421301240e-02
3.346505604867834605e-02
-2.240346970848278857e-02
-1.611110891265516917e-03
-7.683476127856770808e-05
-1.383411814543732512e-06
2.879151603331699996e-06
6.369392726534196822e-07
2.224490866091556798e-06
2.660661582188408475e-06
2.333128426560662267e-06
-2.634539012749045656e-08
-2.252607680804199617e-08
-1.768006866999136693e-08
3.298054820980653394e-09
-2.830572300767908145e-10
-4.695065878818097303e-10
-1.080184951494579312e-02
-3.486977180202116729e-03
2.584463638290664198e-03
6.121707523589394601e-04
5.674755131756185873e-05
2.942017970224036109e-06
-2.738872569016433566e-07
-6.645773769738199588e-07
2.374840898347939142e-06
-9.302754526372027780e-07
9.054322505267288523e-07
-4.902455495824773203e-08
-6.739276137112670326e-09
-1.679352644051659029e-09
6.131095512647852403e-10
-1.408765151681579594e-09
-8.456826585855614566e-10
9.966905092200304545e-04
5.806829726091184687e-04
-1.542544639766676236e-04
-1.740289678729671377e-04
-4.292606948804299368e-05
-4.150826329757032557e-06
-1.814821478388693846e-06
-2.333071426355288450e-06
6.908129681149094918e-07
-4.505290122546084302e-07
-4.289400242301965121e-07
-5.390560894865764469e-08
6.037869313493284212e-09
4.670779698918623665e-09
7.621655774010786463e-11
-2.654300432197031906e-10
-1.402402171154511630e-10
-1.959286165895549384e-04
-2.026610302302703031e-04
7.128665353235966640e-05
2.316474821416405089e-05
2.355365218842078151e-05
3.830221767982643828e-06
1.923517017828402127e-06
3.756830499566987088e-07
-1.961956595280045249e-07
-3.089455408132688555e-08
-6.204533460738317741e-08
-2.192858381597009851e-08
6.285414758708266710e-09
1.214803826911851189e-10
1.369509590555015126e-10
-2.611746133551837377e-10
-2.278593266619206932e-11
-2.221169063042185754e-05
5.845157616075993031e-05
4.795131857061587312e-05
-8.552752630906533613e-06
-8.763032459613200932e-06
-2.055503307323930686e-06
1.183854264104964997e-07
4.199835720494859079e-07
-1.113093454417217545e-08
7.752277497560516308e-08
6.109303603841823952e-08
3.592072661046112495e-08
5.581897699038402144e-09
8.638752867788935561e-11
1.579475922508228371e-10
7.709302547326914854e-11
2.133544658265561470e-11
-7.079502391199895661e-05
7.960137027970237938e-05
1.149005873328820781e-04
-2.541135506562506232e-05
-5.761100591825019743e-07
5.876556551055474759e-07
-1.429349468403746513e-07
-1.405896973918799283e-07
-1.240241909085556340e-08
-2.567005303661149493e-08
-8.012370141952673072e-09
-2.932381509093017206e-09
-1.847404434404948247e-09
-6.397584211590509174e-10
-1.631796971966015982e-10
1.272782172705417943e-12
1.227682470864265534e-11
1.789311512074584856e-05
-4.964438246416246023e-05
-4.465714917959894752e-05
1.806874317749644827e-05
2.947356642077633949e-06
1.403371505231657799e-07
6.247807561189156466e-08
6.250234139132501851e-08
2.794922475450796792e-08
1.473654259762425918e-08
-2.575663174402355343e-09
4.969878315652890190e-09
3.971743671359825255e-10
3.776641395683718862e-10
8.128423549642237440e-11
2.367939100516689313e-11
2.891447782926342394e-12
-6.890254217317869613e-06
3.137131244913054850e-05
2.528647513715928368e-05
-1.586588859978560595e-05
-3.049489457041130610e-06
-4.349463412819273216e-07
-8.586743123219712756e-08
-4.226487746677857431e-08
-2.346763597593325473e-08
-9.650679180879632632e-09
-4.926829540289683668e-10
-3.376611558603491555e-09
-1.089656241822833245e-09
-2.667617766724302766e-10
-5.185543045168715074e-11
-1.834187610053671942e-11
-6.128349512604922646e-12
-3.374335010777641232e-06
1.482326920509365730e-05
1.476424622580058198e-05
-1.015731032978184172e-05
1.170654068521387958e-07
3.283491285510159611e-07
8.248535387671026573e-08
3.310606640902446118e-08
1.830426841308449432e-08
4.954945830124407107e-09
3.882540689397429620e-09
6.409915982958511559e-10
-5.493393652803048863e-10
-1.827611609859557096e-11
9.892023580171702962e-12
4.714012990136332990e-12
-8.111675348992693405e-16
-1.303728078428860462e-07
2.351045350879431526e-06
-4.518719991161108023e-06
-3.283095008357474222e-06
1.061605810744207842e-06
-9.035617293957718013e-08
-5.534866567844560138e-08
-2.194035982110622682e-08
-8.141120965069208717e-09
-2.812846210125628192e-09
-1.756757622165077049e-10
-9.365247514972066825e-10
-3.946717618740290927e-10
-6.954362905684185567e-11
-2.134695129832806480e-11
-4.127738704096008962e-12
1.392053915879061729e-13
-1.514385798866452193e-01
-4.461284035889192048e-03
-1.143179349083041851e-04
-3.520829041462775628e-06
-4.932442490839427611e-07
1.430572847994022792e-07
-1.825987298697424959e-06
-9.446723624823511106e-07
-2.481829215024255100e-06
-1.017029883348958987e-06
-2.120803610305433891e-07
2.006140604235404460e-10
-7.120769074572922642e-09
-1.056702994382832955e-10
4.804947133530196826e-11
2.892921567083649265e-10
4.751006810091616683e-02
3.739501870353658178e-03
1.798397305613689927e-04
7.448033705882722114e-06
4.341320073463194375e-07
8.776414223409825222e-07
-3.311098727501059042e-06
3.687932695085497387e-06
-2.239004218537494841e-06
-1.205130505152347264e-06
-7.761207965092340834e-08
-8.720834544531752333e-09
2.056087826635547219e-09
4.034290757813644086e-10
-1.044756962425522591e-11
-4.364646766052856350e-10
-1.219428754978007200e-02
-2.357854632003835490e-03
-2.145039436072983393e-04
-8.087606572661718222e-06
4.210058919857453454e-07
4.199501587432491764e-06
3.601833208245549501e-06
4.014847663329467733e-06
4.688766586501623738e-07
-1.533364383564177708e-07
1.019669341733319432e-08
-1.361210450683458142e-08
5.508319477183456652e-09
1.355909198342230871e-09
-3.072630501475293395e-10
3.951704484108480385e-11
9.692649814225279443e-04
6.688764820213080652e-04
1.285843638796367908e-04
8.314936284656877983e-06
-1.594954755572548601e-06
-5.006946077631903984e-07
-3.509231132197131739e-06
-8.114975408489957912e-07
9.325505012725241556e-07
1.437334074869233762e-07
9.922730221624172718e-09
-3.090570666407652926e-09
-1.972858657987998113e-09
-2.202325377032439435e-10
-4.379315821668849833e-10
5.700524016636724365e-10
-3.208133075121028920e-04
-1.244723432880083817e-04
-6.507364782108818755e-05
-6.925419063714047947e-06
5.886401722523492177e-07
6.076022567047040348e-07
1.510815068417182813e-06
-7.814054329082438959e-08
-8.383698775219306769e-08
-7.024173103740873353e-09
-1.470750844525781960e-09
7.071508795056547953e-09
-4.450131368352505324e-10
5.122280991931992695e-10
-4.492157909885194901e-10
1.286058614443586503e-10
1.170780757586320400e-04
5.275657457586347180e-05
2.511364031612545121e-05
3.539446007939519278e-06
-1.779945719613509175e-06
-1.403763591925919847e-06
-4.351305123424776126e-07
-5.874081828350240184e-08
-9.493963191167517979e-08
-4.969871445231476205e-08
-8.843519064214767322e-09
-2.779626476433227267e-09
-2.587908794133542390e-10
-4.763168092517852765e-10
1.745568707505495977e-10
-2.601631240048735706e-10
1.918335835899245183e-04
8.131101202332703063e-05
3.473064171302021868e-06
-6.307242837187291589e-08
1.397537733200619265e-06
9.895047149277185135e-07
3.089645410141588871e-07
9.578408287104160540e-08
5.837788650317276067e-08
2.020515265643874854e-08
7.320578447859038496e-09
1.789439452880386208e-09
5.983990661123845191e-10
1.702877727644683480e-10
4.233960870690537769e-11
1.390665881617636077e-11
-3.943110623867595357e-05
-6.210259841443910463e-05
-1.042386345053310012e-05
-1.463089849251667401e-06
-8.113935600413134082e-07
-4.958404837823490414e-07
-2.089380880360143482e-07
-7.223883905686856206e-08
-2.171580116273116593e-08
-6.456679211579273571e-09
-4.009439774533813923e-09
-1.242889150122877446e-09
-4.794463583037719087e-10
-7.849667931794212214e-11
-4.487206597918544056e-11
2.801506465806842616e-11
1.518237551816689008e-05
5.310604926423815881e-05
1.096076581557789196e-05
1.814378777237068358e-06
5.390487683948892255e-07
2.546227978642104788e-07
1.226348063688320765e-07
3.700374157923199161e-08
1.106728248208675681e-08
7.576898241708196396e-09
3.194797706075654690e-09
9.262304926972688112e-10
3.029681191180771324e-10
7.771097728957870143e-11
1.463693925057503230e-11
-5.883743753197176128e-12
1.614531072686616528e-05
3.720015912619436123e-05
-2.650755544481869509e-07
-1.201377518495764809e-06
-3.545359095408496810e-07
-1.330049505267059674e-07
-6.414313377172658319e-08
-1.999114421322609500e-08
-6.882067191463664754e-09
-5.019445420579911036e-09
-1.497511464203335676e-09
-3.297322251100715735e-10
-8.666667522247876531e-11
-3.917811901172859441e-11
-3.885853516100271360e-12
-4.728204838715843170e-12
-4.130761824012642937e-07
-1.221197760794143298e-05
-3.939001311459233410e-06
2.856722351947158255e-07
1.685810190050496485e-07
5.327203069340977632e-08
2.579011692174590716e-08
9.348718959081922446e-09
5.309882759491572362e-09
1.721226429316912678e-09
1.882897928484805568e-09
2.496055035440293217e-10
3.310704768779738744e-11
5.087491392149854609e-12
2.175079889534983045e-13
3.238111067327594106e-12
-1.700138089171520928e-01
-8.456034987919740231e-02
-5.744561957024730756e-03
-2.689153079994530864e-04
-1.419590884637022964e-05
-3.605297147453924901e-06
1.147604783470215854e-06
-3.620912424941850948e-08
-1.286865907842660785e-06
1.484111360531332362e-06
2.184514716546901248e-07
-1.117133683742270051e-07
-1.765042997307631064e-08
-9.042600056757887342e-10
2.317874042331431909e-09
4.053791831204304664e-10
8.299446598145689646e-10
3.517753015570767965e-03
1.117345758359848326e-02
2.197479201623687376e-03
2.057108004468470228e-04
9.795376208719415090e-06
1.709038466559795026e-06
2.358879866688404853e-06
8.208027134088348904e-07
-1.514633817274128059e-06
-1.035406501128420404e-06
-1.352996040012361586e-07
-3.347519392288239084e-08
-7.005974509247077028e-09
2.071081030579963712e-09
-3.510551518610494448e-10
-4.703777703337594937e-10
-5.599153393178846254e-11
2.584989525830977603e-04
-9.075237870969871199e-04
-6.681080695555522298e-04
-1.264763951732607457e-04
-7.197069106898868443e-06
-1.787513290579399937e-06
3.428186138712807938e-07
-1.115979007973580691e-06
7.201973970463613800e-07
-1.092917169326445515e-06
-7.961135735171114344e-08
3.205361729528042006e-09
1.319571310269853683e-08
5.973700579522470140e-10
5.374762733097387646e-10
-5.726794126543096259e-11
-3.299926687737623530e-10
9.904080828180498574e-05
3.396459798569523227e-04
1.282486382905659598e-04
6.445511167531880526e-05
6.634041364709346097e-06
-1.367256997351111238e-06
6.232559238954742498e-07
1.241543555240012679e-07
1.169395221053658827e-07
8.727163684733996228e-08
-1.114020130482302923e-08
-1.515011067946931819e-08
-4.692292384998441500e-09
-1.184144055769003116e-09
2.937105745969649726e-10
1.253327264647996671e-10
9.488719925646689661e-11
2.263680753765233265e-06
-1.142381436430714090e-04
-5.047483122671479028e-05
-2.540651020060838853e-05
-3.029347203760289755e-06
3.945563628415792122e-07
8.822728407301940269e-09
1.217899827377291108e-07
-2.447961273594993989e-08
1.197984747831333879e-07
6.640257979023278118e-08
1.689647734602495083e-08
3.505884693425995879e-09
4.775036103199699096e-10
1.489716973083897806e-10
-1.375282864388760915e-11
1.121610120653970217e-10
-1.774709413131525537e-05
-1.930242328207006260e-04
-8.269436633376204963e-05
-3.631900944450247927e-06
3.927821983381661316e-07
-2.373951368606498286e-07
-3.684735942546596392e-07
-1.232036914178504718e-07
-6.373114097475681543e-08
-7.497832647244914626e-08
-3.290945719570134806e-08
-1.028467633373422549e-08
-2.805184930838513261e-09
-3.769087638753762236e-10
-9.817721929505376808e-11
-4.671060787127016730e-11
-6.007000950185380358e-11
4.410198897906184177e-07
3.926366143988534619e-05
6.245924161167387082e-05
1.049215430131800860e-05
1.068691233595182201e-06
3.722081260920289127e-07
2.870875937030564728e-07
1.300003428786027611e-07
6.315161187701336116e-08
2.952648984945813777e-08
1.225414509461304748e-08
5.560054353080871194e-09
1.659628174106523988e-09
3.361902559069847779e-10
3.731007755725790190e-11
1.905921918994216390e-11
5.806219179623551682e-12
3.112175115651736029e-07
-1.512389787011571598e-05
-5.318984051800280201e-05
-1.091226331392615590e-05
-1.630807847363751842e-06
-3.627192719545346208e-07
-1.946285599006522276e-07
-9.521233322295717320e-08
-3.796501810151509408e-08
-1.592650926186075504e-08
-9.984563098019075580e-09
-4.068855112567173934e-09
-1.085165770257463546e-09
-2.378826548349126355e-10
-5.679100670909372121e-11
-3.543407084405500445e-12
6.751251798981384999e-12
-1.406617687985634754e-06
-1.619657241960971726e-05
-3.715948431662599631e-05
2.307488652852283498e-07
1.080228771411765712e-06
2.983834593631216512e-07
1.214235245829636858e-07
6.219147149281035183e-08
2.422446579160309635e-08
1.052238559018628489e-08
6.621003651913877265e-09
1.493277570229007194e-09
3.104197244116135206e-10
8.189542517617333892e-11
2.742047816730294189e-11
7.414826600015458016e-13
3.620531569187105222e-14
-6.636323894341709085e-08
4.814377855497610306e-07
1.219907429502901114e-05
4.156844524437011294e-06
-2.226638868166128951e-07
-1.986180323530771831e-07
-7.445015757451630462e-08
-3.555567726890998878e-08
-1.721094779014948755e-08
-1.029115133322986474e-08
-3.988296807206518455e-09
-1.906458835665108149e-09
-2.967989517567973852e-10
-5.715737824127446910e-11
-3.250855342066428234e-12
-2.973426078604738140e-13
-2.344301416484311739e-12
