1.321858192646483132e-01
1.029111462637865682e+00
4.241723323037501631e-02
1.257111953197515052e-03
3.283245338344477392e-05
3.537213373937005959e-06
4.190575824181437554e-06
3.654795822742731449e-06
-4.119154600796532783e-06
1.096075175913248079e-06
3.383916605190654307e-06
8.424793924083585829e-07
1.215877387211246156e-07
6.582547675881018763e-09
-1.572828956259151941e-09
1.252503441697743475e-10
-4.362903003432235947e-10
-4.609318465605062587e-02
1.243280814966183645e-01
-1.294221291783642994e-02
-1.057192685461804055e-03
-5.370826192523265057e-05
-4.386081985295594599e-06
-2.378274213729180287e-06
-6.792678156263719634e-06
-2.171693708393485282e-06
1.069983329383634254e-06
4.799715278994270691e-06
6.818609319949358399e-07
6.744407832731077257e-08
-4.097064058666221520e-09
-4.353720006603177157e-11
8.305724366811208775e-11
-4.796644097989998422e-10
1.204981172895965708e-02
-1.629273841121512811e-03
3.258539067718878215e-03
6.985678257412618070e-04
6.267323320585055997e-05
4.241041118307365390e-06
8.049342124791668837e-07
5.448532937757718358e-06
-1.798126074520475191e-06
-2.698388627336353931e-07
1.377197615550694925e-06
-1.837460662970011950e-08
-1.993744086968785896e-08
-5.065303573514249384e-09
3.263432891474296538e-10
-1.623951851248840822e-09
4.182146565723522142e-10
-1.099551411116022346e-03
-7.333038114526631290e-04
-3.851870990894939854e-04
-1.913196926178321628e-04
-4.205862125236755933e-05
-2.006887531836523369e-06
-1.004750423363392533e-06
1.961579294866156039e-06
2.743445336570939475e-07
2.456018734170226364e-07
-5.493976230377282664e-07
-8.599796320547813434e-08
6.039804341927230394e-09
-5.173755141090921558e-10
-3.780245857702425729e-10
5.305782995914563411e-10
-1.082965742524978804e-10
1.907678714492132721e-04
-3.048652677211786078e-06
1.754309409422485618e-04
3.794226423448925951e-05
2.303685046917231809e-05
2.592718220372537577e-06
-4.581615168329063051e-07
-1.097811473429129765e-07
-5.402022569795143507e-08
1.857941224871407398e-07
-1.259504245622814765e-07
-1.069956320040607248e-08
5.099493350577925419e-09
7.962870785154758781e-10
-8.463060518984911015e-10
9.897468946594207049e-11
2.830783253958455266e-10
2.538241430263743958e-05
-8.177444014851262819e-05
1.232984997853205180e-05
-1.384344327485874524e-05
-8.394396633843212414e-06
-5.562180630872256017e-07
-2.622799322241742541e-09
1.010709495819313473e-07
1.422327432257239254e-07
-4.098539223370087540e-08
9.008690223453481361e-08
5.341807990073194858e-08
7.309152218678988114e-09
6.290451498057369629e-10
-1.554638098050949358e-10
-3.782612759126001684e-11
7.616998711856560618e-11
8.325998449147824546e-05
-5.367669507821113978e-05
1.311978914663097047e-04
-3.076376109628750546e-05
-1.328836894982671604e-06
-2.650521709478861936e-08
-2.198774356877660243e-07
-2.670617644319658427e-07
-1.244406177634819972e-07
-3.786913164937193129e-08
-2.644491413428721903e-08
-6.879037122774720961e-09
-3.485034731343636296e-09
-6.338326650241677916e-10
-4.908160509082237225e-11
3.529467799076898836e-11
-6.307001678606948205e-11
-1.930776523402628165e-05
5.530973544329233389e-05
-3.243524687492771062e-05
2.333878985003040794e-05
4.156561892815193381e-06
5.163531027745059274e-07
3.109486640494916978e-07
1.775536407327510708e-07
9.310054392194224245e-08
2.559598174301658361e-08
1.390686969237184119e-08
7.934169719832520024e-09
8.887057089168984351e-10
3.760803142227928477e-10
1.849810953914971742e-10
4.075228655112028512e-11
1.232765632769786037e-11
7.140633429896961206e-06
-3.488577850962001930e-05
7.718353843877366933e-06
-2.040132257679471973e-05
-4.119778746348231033e-06
-7.679319839854913500e-07
-2.217259999451033278e-07
-1.127890875887917157e-07
-5.258036942155881521e-08
-1.984099841895311156e-08
-6.329022149159180411e-09
-6.426905708272677936e-09
-1.881261311290583341e-09
-2.370150366459531758e-10
-1.070893567392531666e-10
-2.645882948207216034e-11
-6.914430050785088187e-12
3.929010611691185285e-06
-1.390031798693090737e-05
1.586886703093188432e-05
-9.492933321418958007e-06
6.553624892108682064e-07
5.445204599845292965e-07
1.645721805819136372e-07
6.204311117372031723e-08
2.435248679203589343e-08
1.189454996015436293e-08
8.870379934136403535e-09
2.148801402631757315e-09
2.759880550767391642e-10
8.316766979298956783e-11
2.313371140176536699e-11
7.511949094914117971e-12
5.587019939498528461e-13
2.531758017622092244e-07
-2.366694560106698090e-06
4.781478231666943790e-06
-3.738709640358799043e-06
9.133482535827465165e-07
-2.135055411813538391e-07
-7.917701492528547003e-08
-2.646960611505533562e-08
-9.475668815474043156e-09
-4.223989868431097337e-09
-2.585070091041444209e-09
-1.362539708732238263e-09
-1.454564897624783442e-09
-1.167917880999223739e-10
-2.372181385062036453e-11
-2.405551559530533154e-12
6.076234727549645450e-13
2.363019149057455151e-02
-2.322148807562823825e-02
-1.645356874856613097e-03
-7.959701179834797406e-05
-3.942422484830177387e-06
-2.362281794364994170e-06
-1.376740573675485474e-06
4.464420350474806333e-06
2.095245221270377893e-06
2.255174478342345288e-06
1.119707597292050426e-07
-7.746976459538998937e-08
-6.601023235318457978e-09
-3.379903592167178514e-10
2.136296821233500885e-09
9.103759811015876935e-11
4.636128891603880781e-04
3.010852075541354481e-03
6.491984660658839390e-04
5.820217847880481760e-05
8.005762438034769410e-07
1.091588117476785576e-06
-1.154205164465735127e-06
-9.962050785911371843e-07
-3.909349529168716981e-07
1.019954814558543866e-06
-8.532330729244641441e-08
-2.445429107262316089e-08
-1.210816557007262706e-10
-1.176313848428897638e-09
7.487266646943914952e-10
-3.397708591839248676e-10
-6.313908850806299999e-04
-3.702003463615937567e-04
-1.950406726248321912e-04
-4.116054578662855764e-05
-8.670039005375043249e-07
2.478098278424761124e-06
7.133216584064758549e-08
6.723975677471067510e-07
-1.716290678411770770e-07
-5.691986743885353321e-07
-1.251807401515659821e-07
1.436526513111060204e-08
3.134276083011537929e-09
4.954867305720416372e-10
-5.659315902139051625e-10
-6.237114228462617216e-10
5.380893076929195960e-05
1.830289061780454531e-04
3.767257940785467010e-05
2.273518386767977407e-05
5.920099939103704113e-07
-1.315362094792347514e-06
-1.563387854243324742e-06
-8.639343000910173581e-08
1.643503697704184212e-07
-9.893451871487118137e-08
2.247124160957014792e-09
7.749270507611480058e-09
2.922040655965022191e-10
1.492397973396969428e-10
-3.191770818825486108e-10
-9.785236228022891014e-11
-6.965515144789504690e-05
1.386760669452338329e-05
-1.475644216005746813e-05
-7.413667034584474240e-06
-4.473739345804997054e-09
1.870205776027172916e-06
9.736984632282219370e-07
1.746701579574552084e-07
-4.160757591166931472e-08
6.957059591657372490e-08
4.901398856387472411e-08
5.730432022124168311e-09
2.177766949402217848e-10
1.763397424044787066e-10
-1.385560581873173471e-10
1.653877720556544598e-10
-7.097746576942177835e-05
1.303745699051046575e-04
-3.036057568574787260e-05
-2.323965535492150415e-06
-7.202624468211372949e-07
-9.493677517406230351e-07
-3.692766634571908511e-07
-1.510246859077870864e-07
-3.601482740175687517e-08
-1.819103514027960642e-08
-4.103098439098151144e-09
-2.966132247783437062e-09
-8.738055836080755591e-10
-3.038990686692083058e-10
9.898274873219349839e-11
-6.443493089572063652e-11
5.835418004045234510e-05
-3.247950747143583673e-05
2.340103638840020564e-05
4.696306562371379180e-06
9.338116444067986405e-07
4.543662701979471863e-07
2.269476948861740255e-07
1.005762514134915979e-07
1.845608462667676712e-08
9.486211851200189677e-09
6.523723274997111587e-09
8.163327112944199799e-10
3.724078408625545296e-10
1.913009715133888453e-10
1.616649892929501418e-11
1.107346970483491258e-12
-3.566195794305090889e-05
7.673109555041512554e-06
-2.048040567486601800e-05
-4.354163932870453187e-06
-9.127343104268609951e-07
-3.053640110961798706e-07
-1.390866672653794885e-07
-5.424367907164740627e-08
-1.712612112159787888e-08
-4.474336176252075272e-09
-5.709044385894795552e-09
-1.822109462287582771e-09
-2.390347687111637884e-10
-1.133692547457325200e-10
-2.760287457565280677e-11
-4.521419774775421883e-12
-1.437917042099486239e-05
1.584379842412604616e-05
-9.463193469385910124e-06
7.638986732167989911e-07
6.073161428237942765e-07
1.991318075790422584e-07
8.068679709893599393e-08
3.139260265354681331e-08
1.226807097635025831e-08
8.163474249815928995e-09
1.608742136459850394e-09
-8.639148914754094732e-11
3.672935682309406429e-11
3.546370687808351724e-11
6.691063718967941384e-12
6.639751158042642475e-12
-2.663917437453238080e-06
4.899366416305471619e-06
-3.954125087002287012e-06
8.454606294484425426e-07
-2.444098068156575636e-07
-1.225430658246275346e-07
-4.568236621386237509e-08
-1.526004535757673558e-08
-6.635840656249849466e-09
-4.206438701766671469e-09
-1.337443802435152160e-09
-7.132334543249742072e-10
-1.734607432970310296e-10
-4.734271040465910990e-11
-7.925377310734393045e-12
4.954261385068620051e-13
-1.021187897949251688e+00
-4.222359075101850268e-02
-1.250590612064153258e-03
-2.954756500673536788e-05
2.833843680252926081e-06
4.559802189513790016e-06
6.061395900402351718e-06
4.043597900624775873e-06
-9.064030417182424710e-07
-3.357775602007858847e-06
-8.389529805169051799e-07
-1.183860959398024831e-07
-1.587989674404373042e-08
2.976244571195024048e-09
-3.277989936567716940e-09
2.266854522932529556e-09
-1.310187830085223493e-01
1.260660133636623201e-02
1.044953550974705471e-03
5.213397010990847161e-05
1.736810198040793083e-06
-2.318185800244386627e-06
-5.946048539477729452e-06
4.813325895124049412e-06
-2.295568430976883711e-07
-4.668138221563966271e-06
-6.490657309839643432e-07
-5.859098351332342267e-08
4.044482972699764772e-09
3.213333785534182397e-09
-9.173388316762419283e-10
1.084784083608524787e-09
5.998869334098337960e-03
-2.902132346717841045e-03
-6.798210433043547262e-04
-6.328366800062617864e-05
-1.906547827501835722e-06
-1.348049839342877563e-06
5.028811121573827162e-07
-2.357669819559261755e-06
5.701705612654528197e-07
-1.428589890471243955e-06
-9.676870179814124118e-09
4.668671434169441235e-09
7.517945023838849499e-09
-2.224158790811719869e-09
6.890392995096801254e-11
-5.791875114585789633e-10
-4.889578692882023351e-04
1.709173463849931475e-04
1.765959017637543928e-04
4.090670415502541688e-05
1.770973009654309756e-06
2.688467535412547441e-07
-1.194440404437219538e-06
1.008079636614832379e-06
-4.965935082493196961e-07
6.413871045172093601e-07
1.103962063100008081e-07
-5.169786729558227964e-09
4.178955787050342047e-10
5.647342516704765472e-10
-4.508137517282926880e-10
-4.748703798511831480e-10
2.697615894732656992e-04
-7.377653365485026976e-05
-2.812462790061140874e-05
-2.409370810943684782e-05
-2.567712853762645101e-06
5.333505598187402048e-07
-1.075424668144897079e-06
8.440007750474865656e-08
2.975999141136770199e-08
6.255748293119299977e-08
3.301126825268130156e-09
-5.924749133214822447e-09
-1.041771776303717253e-09
3.849701952155380959e-10
3.421088367996939132e-10
-1.417311786217472374e-10
-4.890565907075574141e-05
-5.212901470920590781e-05
9.171307749228777478e-06
9.013132185013075979e-06
1.040824763706386083e-06
3.324030111166773613e-07
3.890042233616792258e-07
3.536055189451832956e-08
-5.307732912425780114e-09
-3.539492439137366693e-08
-4.901610062162638163e-08
-5.517055104084155535e-09
-8.660453630557184363e-10
6.150253108232108064e-11
-5.007957883126819523e-11
8.776731741693009319e-12
-1.156400561223323782e-04
-1.358279018349313710e-04
3.180281517966954645e-05
1.033446370207217287e-06
-6.394931111367424314e-07
-1.266518972291174740e-07
5.572805772863678898e-08
-3.714425841122386278e-08
9.936780996166717238e-10
-5.474036278711988200e-09
4.296658734192623103e-09
2.405924386239596625e-09
6.869856046152159356e-10
7.303253167285231012e-11
-2.534411837604646418e-11
2.878265161486350388e-12
6.255380974714552507e-05
5.100494847174709358e-05
-2.197175371836269982e-05
-3.693740891794022333e-06
4.270386380787876897e-09
-1.882722879733823263e-08
-4.219111884101053801e-08
-5.378780255948537013e-09
-1.164513551957991226e-08
2.849679735344858406e-09
-6.220323363353193290e-09
-2.130682872344592464e-10
-3.125646197651407888e-10
-1.355336895445569593e-10
-5.258348917597135204e-11
4.191118224039424198e-12
-3.607382185701654264e-05
-2.779786895255191004e-05
1.779495029555775901e-05
3.594732509976836668e-06
4.286987208462616539e-07
3.609054773868217999e-08
2.550026263626780447e-08
1.403861400079216462e-08
1.388126284222667501e-08
-2.254500472770044491e-09
5.210211318905846048e-09
1.459452142282331083e-09
1.583923941002133004e-10
8.959421457694157222e-11
1.559768062294933948e-11
1.039776541083645235e-11
-1.672838143257874223e-05
-1.623364938279716778e-05
1.120547873085840208e-05
-2.052422281045009816e-07
-3.491290041901655045e-07
-6.703393014929104003e-08
-1.849188712633813198e-08
-1.155438911639170753e-08
-6.543227640692758168e-09
-2.482093317189555394e-09
-1.854470305037585352e-09
-4.150039291583177435e-11
-4.102924033975949308e-11
-1.811718314536597785e-11
-5.286062868436169812e-12
-2.797316034236159948e-12
-2.889059566164089417e-06
4.451561824842584626e-06
3.420213005621759394e-06
-1.145856610514958818e-06
1.270203954185240734e-07
4.135211492614157141e-08
1.041373512223291889e-08
7.246799252885704773e-09
2.463851999154836629e-09
2.888042172328458350e-10
1.108386472471568445e-09
1.395429335620995550e-09
8.972786471952527040e-11
1.743054106112877685e-11
2.116302200666534138e-12
-1.053388040123007995e-13
8.034244929016760850e-02
3.396923646962405480e-02
-2.273840098818297878e-02
-1.628240389554300909e-03
-7.897650442522023240e-05
-2.404544769431867476e-06
4.297462355955885008e-06
1.396440349692295511e-06
5.685114494568367003e-07
2.423382479590711068e-06
2.246091186024641861e-06
1.448150720422269084e-07
-7.096512416987847978e-08
-2.176094229626396539e-09
-4.699779857942656930e-09
2.330436825564842236e-09
-9.202031774325350731e-10
-1.114896106313999734e-02
-3.593972734374168213e-03
2.671465023958882225e-03
6.306314281170976406e-04
5.896904480540222427e-05
3.083259725572985705e-06
-9.955484986328265687e-07
-2.038090769864448254e-06
2.342048327435731804e-06
-6.442125409504468542e-07
1.017953742225147447e-06
-7.259178815178166458e-08
-2.405174500288154721e-08
5.453196823206066490e-09
-2.836526514091490794e-09
1.150538155315998287e-09
-1.664648885621663796e-09
1.038459574290296348e-03
6.028681240225835462e-04
-1.558457847936432349e-04
-1.807505363457727831e-04
-4.457253642651743585e-05
-4.529426594103470058e-06
-1.777723187963696363e-06
-1.792002421624902527e-06
-4.229826362717009317e-07
1.260285226180997241e-07
-5.786366211816227337e-07
-1.288932825946921497e-07
1.145921465843637702e-08
1.480874389282920217e-09
1.076982786008302805e-09
-6.414948030737513586e-10
1.339344355457627411e-11
-2.102341787037789679e-04
-2.143632375328679619e-04
7.801466895506313916e-05
2.708215053083002833e-05
2.512882928741358153e-05
4.487017977999149769e-06
1.531913961030735894e-06
-8.431033238195316762e-08
-5.886821399445049508e-08
-1.303442004108383524e-07
-7.299438073736217889e-08
5.881456020209147581e-10
1.019628575887348577e-08
6.070847689750466935e-10
6.497539694209701166e-10
-4.761490845033071100e-10
-1.023476823829128078e-10
-2.660388099118083784e-05
6.165617138728598948e-05
5.520687451603101519e-05
-9.095729517357391400e-06
-1.126512924935794728e-05
-2.586641818566106222e-06
6.830177616955058620e-07
2.891358514703527812e-07
9.377472020236750450e-09
5.619253745771468802e-08
3.378157397188881700e-08
4.728598424180619351e-08
4.357603050719092991e-09
-1.568432016395269917e-10
1.056802434297992288e-10
1.731544238638777487e-10
1.461919975105505474e-11
-8.228448148948031232e-05
9.687287797048279095e-05
1.340821924187388418e-04
-3.136889384840571457e-05
6.281627530456565206e-07
8.409942471281241781e-07
-3.168897242865549836e-07
-8.381965901856533362e-08
-1.434358662031961879e-08
-2.426248413310866794e-08
4.554878618730324026e-09
-2.991290372235305173e-09
-2.067991757805463358e-09
-5.405935244825028617e-10
-2.858882649107228693e-10
-5.753183036795918872e-11
4.544864727927274073e-11
2.001899043936458060e-05
-5.872532292379359896e-05
-5.070920655430795793e-05
2.160961671006883541e-05
3.091217767569696905e-06
3.308732006116769004e-08
5.039274014531101988e-08
6.993629740642348482e-08
3.028508848421307897e-08
1.602454574555738120e-08
-3.161905910291551048e-09
5.503909736363861628e-09
2.739191659073783889e-11
1.406075490965111881e-10
1.494028176560634007e-10
2.438116602759360959e-11
-9.773436177881111491e-14
-7.427249400546047690e-06
3.500051431549568631e-05
2.774582049673817501e-05
-1.764107571760053394e-05
-3.451723959565458558e-06
-4.387851852661705521e-07
-7.252291298556995567e-08
-4.775961003280744582e-08
-2.348674912189238533e-08
-1.541006400610766100e-08
2.023148210703356717e-09
-4.865727969873702924e-09
-1.271058024737037985e-09
-1.018176697164500755e-10
-8.564608653734248293e-11
-1.442399146842733095e-11
-1.207407922652026764e-11
-3.727910371070905926e-06
1.632272665953462501e-05
1.621232081521216777e-05
-1.121319998840880946e-05
1.935124234106646728e-07
3.616707494149459288e-07
7.841368450598596555e-08
3.385494171686137933e-08
1.954763715236572998e-08
8.175616659170004442e-09
2.846432633701161741e-09
1.603065930050546518e-09
-4.200814093530259424e-10
-3.306972772684489609e-11
1.518536176129155581e-11
8.304203754592294958e-12
3.110726684613588311e-13
-1.553475701411749261e-07
2.684661140096770509e-06
-5.057213719318595294e-06
-3.734324021841028514e-06
1.189863010894068794e-06
-1.074133306159055713e-07
-5.964761125936258453e-08
-1.990572949858870861e-08
-9.905953863856400731e-09
-3.798047202627213790e-09
2.309807453071718116e-10
-1.131735641167753699e-09
-5.057114543293560522e-10
-1.121437210187650923e-10
-3.338090195303936932e-11
-7.153005709406473333e-12
1.346089938491444765e-12
-1.511400782936737630e-01
-4.423818785574022867e-03
-1.110545465144902088e-04
-2.609417014076832291e-06
2.568433783513676238e-07
6.586815336457538530e-07
-1.254778748980942955e-06
-1.414731675978439314e-06
-1.518314943378626724e-06
-1.294278296967685041e-06
-1.206732093840826448e-07
-2.436663052404634762e-08
1.588193169752772186e-09
-3.073393877555530938e-09
6.400056418276803389e-10
3.117720795912767324e-10
4.820238349450711030e-02
3.777959547735864048e-03
1.807913342853600242e-04
7.780965465807144577e-06
-9.181663963136203261e-07
-7.690519775384268087e-07
-3.149367612705821236e-06
5.091985166778398177e-06
-2.639061224627751590e-06
-1.138202081263252962e-06
-7.385947086885489570e-08
-1.661869561705664657e-08
5.057807192264230349e-09
-2.239128878846203272e-09
1.301750110559851815e-09
-5.867483459079891637e-10
-1.259351860674745756e-02
-2.426879417065299673e-03
-2.205275809531299339e-04
-8.981290943677748922e-06
7.407229112070661537e-07
3.520640133110365863e-06
3.711197577970710065e-06
2.040165782856823943e-06
8.174511774968318725e-07
-6.401090111424748773e-08
-1.070526129425567681e-08
-2.720445396858738022e-09
-4.190455926963030021e-11
3.317578230373297313e-09
-8.638057113360670425e-10
1.205957587507580642e-10
9.985193409121643961e-04
6.978702070710175167e-04
1.339067174691226483e-04
9.512993172076824642e-06
-1.438088393265636496e-06
-5.620493924169194618e-07
-2.966294501802396577e-06
-1.412431343257082868e-06
1.060938786200760109e-06
2.383440416731345651e-07
-8.449889228686525022e-09
1.018757926347718202e-09
-4.541128884486879920e-09
2.027977737360837784e-09
-1.558500796415355111e-09
6.259261200787274446e-10
-3.324291552203085284e-04
-1.381363711949580109e-04
-6.947496343724509575e-05
-7.551870833238350025e-06
5.032363799639691731e-07
1.655168559391236503e-06
8.424904498628727377e-07
4.830205249083513448e-07
-6.285551506421799289e-08
-1.042025487936359091e-07
7.173103415472074857e-09
1.954412225418638964e-09
4.288885279997557571e-10
2.191168236405767151e-11
-1.033830134310056347e-10
-9.558869097347312885e-12
1.196652104629163820e-04
5.672324724310948206e-05
3.050108804456953427e-05
4.426443242411270532e-06
-2.674752613885242334e-06
-1.664724217345032086e-06
-3.503607108482466429e-07
-1.065719233799060244e-07
-1.190652471304049810e-07
-3.577837572327123113e-08
-1.295165491078648973e-08
-6.337444570878327336e-10
1.680540466834081178e-10
-7.204928578477647431e-10
2.678438906689882521e-10
-1.732649639399296018e-10
2.319640466587277207e-04
1.008724258652605017e-04
1.709763716556573927e-06
-7.769710739175505872e-07
1.898167314219964405e-06
9.644007509518441697e-07
3.410093131367780369e-07
8.114743414300808437e-08
4.179097450068050522e-08
1.919213338479606655e-08
1.058905219091282853e-08
1.191184477099346753e-09
5.964652854109941951e-10
2.416711833867310493e-10
-9.983475983069801073e-12
3.181792846417560522e-11
-4.628369628427677398e-05
-7.409473438969503784e-05
-1.150908992729173259e-05
-1.207296389603089147e-06
-8.814925288920027197e-07
-5.055876723266636976e-07
-2.293028233183680983e-07
-7.581168935048596885e-08
-2.124991563497706875e-08
-2.472694821836448116e-09
-5.062262107123002076e-09
-7.054140560608324768e-10
-5.688422246115343310e-10
-8.376505753381582067e-11
-3.438236125849952600e-11
-6.475248519007479810e-13
1.634526101662424894e-05
5.890872030658627425e-05
1.242291508474067967e-05
1.874128270685034758e-06
5.356546645571470251e-07
2.692385664624225302e-07
1.306947503260385586e-07
4.470860172629623110e-08
9.980578446686315090e-09
7.994539142344042372e-09
4.189728625264642936e-09
3.816306112635990694e-10
3.763279901097334414e-10
6.264103232384841296e-11
1.988595915278292692e-11
-2.366747354657200799e-12
1.796183631600810753e-05
4.116527742063473284e-05
-4.929885241653063828e-07
-1.330042444915883374e-06
-3.602813901364859729e-07
-1.456057070699063798e-07
-6.670329369420329805e-08
-2.626928701896932669e-08
-3.943733172464767696e-09
-5.085813420047043180e-09
-2.848290549808298891e-09
-8.403090759788908685e-11
-1.107028555025889979e-10
-3.110157952293211407e-11
-1.186612150341772166e-11
-1.420682759075812083e-12
-5.089999818938318904e-07
-1.378210137288182572e-05
-4.420467211465538656e-06
3.468213122206308269e-07
1.809701818985411597e-07
5.532636643586851631e-08
2.659691427000993229e-08
1.240648219923815696e-08
3.833949846793390033e-09
1.415405785665666894e-09
2.457634345148629199e-09
2.658379538419080309e-10
3.907901708860556158e-11
6.144969101702610839e-12
2.459477671134296017e-12
2.707770689459168269e-12
-1.727128179766403981e-01
-8.580579164195380193e-02
-5.804217531220614776e-03
-2.682342752285941001e-04
-1.163048981798240711e-05
-5.705042715715779534e-07
6.694990518299021872e-07
-3.031274669230698324e-07
-1.512388843974917549e-06
2.175439448766477903e-06
1.885590238268999984e-07
-1.120937942271668563e-07
-1.380935220115754617e-08
5.646304600801499189e-09
-3.628796147600244129e-09
5.582698271996893730e-10
1.246209279783818290e-09
3.635299024755180800e-03
1.153528571897649568e-02
2.260534931941232759e-03
2.095685435432791349e-04
1.004906267605179075e-05
1.802295355675087665e-06
3.855172960227325975e-06
8.177663762982503917e-07
-3.411295084814561742e-07
-1.527071426451469474e-06
1.085891329202912250e-08
-8.922624041240148705e-08
-3.000953894759729409e-09
1.760438104367451375e-09
6.783234734640835546e-10
-8.699478737549702637e-10
-3.545619015415390624e-11
2.769885330247567499e-04
-9.345249284410894709e-04
-6.973744538303875036e-04
-1.322459260268875683e-04
-7.874327457796819255e-06
-8.321818776842874884e-07
1.352761278165980687e-06
-2.058960716451837350e-06
1.358746922363954988e-06
-1.249064848350706791e-06
-1.975422712735108959e-07
2.023498018482756123e-08
8.728079825031068759e-09
-1.356800200624038258e-09
1.466050988068632308e-09
1.404972204743218331e-10
-2.022566776461853479e-10
1.008487299021084338e-04
3.498002997257237240e-04
1.406885928941967157e-04
6.817204462647696297e-05
7.045818365731517951e-06
-8.763972632323269600e-07
1.950810595307207757e-07
4.552869411818988598e-07
-4.709136052666236583e-07
9.032925272344523063e-08
5.859296852373026216e-08
-1.504562871809344791e-08
-1.407188935976770735e-09
-7.178788357077066642e-10
2.284601047171252795e-11
2.655151159471128401e-10
6.571214311529933683e-11
5.532891668541047222e-06
-1.161084597849798583e-04
-5.520307913852282895e-05
-2.904684252737665446e-05
-3.470665076114307117e-06
-2.791610835833257140e-08
1.998863026379792512e-08
1.173608058751269872e-07
1.075081914628492098e-08
1.386828314408115307e-07
5.580459231657975987e-08
2.089737353751763039e-08
9.672770291616553421e-10
6.260387731188815445e-10
-7.647573200715468140e-12
2.453785599480795201e-11
-4.077216891038708154e-11
-2.162374467779534226e-05
-2.333176321151449249e-04
-1.019566780797699163e-04
-2.574462719945077490e-06
1.032504778286888188e-06
-8.182439814580367871e-08
-3.769103363564281879e-07
-1.637810784900277449e-07
-4.708055438205873715e-08
-6.060379557398583043e-08
-2.987847230818126751e-08
-1.428532935506058690e-08
-1.716609439552514642e-09
-4.606066123416176398e-10
-5.604313923080142456e-11
-1.063234271525669840e-10
-7.379590674802434744e-12
4.149817406725493347e-07
4.580727082486201802e-05
7.448759151190717065e-05
1.171173033390047125e-05
7.329956561018201670e-07
3.247260158612441156e-07
3.208404835299931322e-07
1.514471287297973477e-07
6.583371453739932604e-08
3.010447288929439985e-08
7.401947419431553365e-09
6.651036912533841476e-09
1.104587062338739177e-09
3.711938063892024624e-10
6.210731947433310225e-11
1.772263350560611601e-11
1.995114077058327537e-11
4.960762734406673148e-07
-1.613554073534683965e-05
-5.905235098669884842e-05
-1.238128369661262133e-05
-1.635467450080001978e-06
-3.449394669814098925e-07
-2.171844077814282753e-07
-1.032029894930221982e-07
-4.583565034477410235e-08
-1.462529683787222339e-08
-1.061849042164485032e-08
-4.976592475046616631e-09
-5.489524390986469952e-10
-3.081187300071819392e-10
-5.693037293228587667e-11
-4.016486713678686434e-12
-7.733040962686064227e-13
-1.608273162865120247e-06
-1.805207484111910726e-05
-4.109194860234557619e-05
4.424561187801407498e-07
1.191607674322876089e-06
3.067941470370885202e-07
1.333940921805801711e-07
6.539671434362024444e-08
3.081599752631593756e-08
7.506196920504582574e-09
7.580246240565635160e-09
2.636219388551868750e-09
-8.245915578775681191e-12
1.340887451545799377e-10
2.194934857617181317e-11
8.426540165796634074e-12
-2.089545450596622915e-12
-6.028922502874581040e-08
5.747105711298647580e-07
1.376737040667556225e-05
4.685330471240366724e-06
-2.964913148872710674e-07
-2.212492069096554208e-07
-7.679732659984406416e-08
-3.772391332791310522e-08
-2.080619971947313224e-08
-9.341206286786691657e-09
-3.425864954679073613e-09
-2.538518489002747468e-09
-2.672163351802534022e-10
-1.077164457885410160e-10
-9.960418076997465263e-12
-4.265210736735769104e-13
-3.484122647808142443e-12
