1.299265306895588390e-01
1.030385842714133249e+00
4.177509768720126526e-02
1.186878941613541414e-03
2.882617269901670984e-05
4.720870781881562008e-06
3.728281326633931498e-06
4.035471855322457630e-06
-4.597497426083121257e-06
2.601184934444506751e-06
4.248701671777294502e-06
8.999234890232794612e-07
1.349928245767596826e-07
6.773657483709969049e-09
8.649802378136939975e-10
-1.907221744352175486e-09
-1.254772043838503497e-09
-5.110711993598536507e-02
1.392950638772456340e-01
-1.435103558619977432e-02
-1.129888793022947339e-03
-5.485125652986253160e-05
-2.799704360173661021e-06
-3.604553200165734101e-06
-6.957865128710911830e-06
-3.618464357302887487e-06
3.106010445860934959e-06
6.122773729715583546e-06
8.361977279991545028e-07
6.404632722528118225e-08
-3.940222022530166171e-09
7.640633027485541508e-10
3.062007206665916669e-11
-1.391317036196855937e-09
1.494943099236678216e-02
-2.074281999207942817e-03
4.023956054511991683e-03
8.436611864873826095e-04
6.841359077833930472e-05
3.001384993264518496e-06
6.546813714975502570e-07
8.039333350638661472e-06
-2.444213705536069670e-06
-7.260212941816549715e-07
1.771667377856935658e-06
-1.564686957893624527e-08
-1.266157717569284147e-08
-8.180890137679981377e-09
1.182492742745279455e-10
-4.623817785445997816e-10
1.126000454275686017e-09
-1.564217272531847908e-03
-1.022815505702627829e-03
-5.455079689361669575e-04
-2.611734442129829813e-04
-5.720649125403429218e-05
-2.600388764855762069e-06
-1.455432511320464493e-06
3.258890631233485314e-06
4.365779215821194074e-07
-3.475307746050966646e-07
-7.498656606821363419e-07
-1.439376655431590873e-07
7.609132818757612269e-09
1.989198771759700419e-09
-3.396750488027632825e-11
9.973783984010886512e-10
3.502053295964596317e-10
1.025042733081380771e-04
1.678856585207979461e-04
1.366535222062342087e-04
4.775700017978779508e-05
3.564394590052529622e-05
3.203213154968419711e-06
-1.169291946576039131e-06
-4.478317709114000222e-08
-2.454342820814679100e-07
2.902598808354529956e-07
-1.187323083747110039e-07
-2.247846110654009781e-08
9.704390082041656464e-09
3.620288989891315255e-10
-1.682699297140384897e-09
5.468600845445119646e-11
5.302960406021954042e-10
3.025988637316920433e-05
-8.178256899699036368e-05
-5.565129091835997010e-07
-1.331718515664677074e-05
-1.444343475546443964e-05
-7.630487923347260387e-07
-1.697736477020829638e-07
-1.601911462828541144e-07
1.264626260069007034e-07
2.873743942333080019e-08
1.615377621197005625e-07
7.907596932128345440e-08
1.058152824717008383e-08
1.057904959107671889e-09
-5.689388616057902036e-10
-5.333119957551463896e-11
9.655691242175980204e-11
1.268340074396746755e-04
-8.855050232126686848e-05
1.997336568402007266e-04
-4.629967329545608924e-05
-1.969105635974899482e-06
6.420953979683732402e-08
-1.714533849384057629e-07
-3.841986933947150070e-07
-1.293198488231404776e-07
-6.817685957255126592e-08
-5.807948733194581944e-08
-1.964337187407686472e-08
-5.980510846260682397e-09
-1.230750996296599511e-09
2.204070014502069153e-10
9.921707688164553124e-11
-1.492393922620849952e-10
-3.332220196625140508e-05
9.525139548915436500e-05
-5.569080521452974810e-05
3.869773474062057096e-05
7.099063129662333930e-06
8.038463793754147782e-07
4.725789192485897275e-07
2.974526873857987975e-07
1.548719909482506602e-07
4.553716214030916616e-08
2.317395100075142793e-08
1.456620125461610788e-08
2.277832157163506573e-09
1.042657330853915599e-09
2.626240167609869430e-10
7.140877033577687319e-11
1.018949632794105526e-11
1.215441769265627632e-05
-6.541935106175519193e-05
9.581101039039699278e-06
-3.737951029371536688e-05
-7.632349223913778411e-06
-1.445628654140204860e-06
-4.129526922363125306e-07
-1.994344402487895832e-07
-9.478593588034793263e-08
-3.974593441602703096e-08
-1.195399451041569675e-08
-1.023337162756415184e-08
-3.576488603407566698e-09
-7.217878374560793768e-10
-2.053419327966510200e-10
-7.812594513738925630e-11
-2.300060637156094168e-12
9.318460916174574243e-06
-3.380533644562390297e-05
3.611589124135442143e-05
-2.303449518587195527e-05
1.128955274338616325e-06
1.137589718215196231e-06
3.326387372382328510e-07
1.127169920979603664e-07
4.881625573945455211e-08
2.230126775040241754e-08
2.259496114863206315e-08
4.100167144393393630e-09
3.425285834236303352e-10
2.033487611813077052e-10
2.946959859852713097e-11
7.300374008406223994e-12
-1.331569549613437752e-12
6.443885479988947168e-07
-6.090477058355991816e-06
1.212476891434349816e-05
-8.462112780401196343e-06
2.330378793342201948e-06
-5.093771064556975943e-07
-1.695082396906376094e-07
-6.105710203683538648e-08
-2.086912978973613929e-08
-8.353297716092526864e-09
-6.489669595072886546e-09
-5.407315825060357932e-09
-3.965969434572442926e-09
-3.096886921848773355e-10
-3.204650396890156962e-11
1.004926119311490423e-11
-1.950018606447734545e-12
2.658225542090520213e-02
-2.572792966819135302e-02
-1.767871874167991318e-03
-8.157610135023795510e-05
-6.066907169571187723e-06
-4.028749328365207855e-06
-1.513002312280910938e-06
7.481576658110183213e-06
4.050732237445946724e-06
3.055891419229072585e-06
5.447612866137616340e-09
-6.809461175224226473e-08
-2.605922073319239339e-08
3.695476439919651402e-09
1.530604769821698085e-10
2.018038929133280756e-09
5.000178182573232879e-04
3.717950801164012550e-03
7.821483250466256627e-04
6.533449043715720264e-05
1.559517039497681339e-06
1.574949639944783426e-06
-1.515874262299806448e-06
7.841845013342754582e-07
-1.129167287063727951e-06
1.286203914146360596e-06
-1.263094163690568839e-07
-2.003735394804652251e-08
-2.495805773160756655e-09
1.630093648979479132e-10
-1.665714683226180778e-09
1.205422118908729459e-09
-8.876222844733630719e-04
-5.212734221292981453e-04
-2.686815527264897925e-04
-5.429737935450078691e-05
-2.099432315994031472e-06
3.080177804439107086e-06
2.215048890255709369e-07
1.056781648861298795e-06
-1.094014671964893973e-06
-8.033471576865432464e-07
-1.485808223142671319e-07
1.111434283319582790e-08
9.407549581609851915e-09
4.016213929247237479e-10
-8.259841187596239830e-10
-1.135879677763469920e-09
1.635312771778588343e-04
1.447703478748443937e-04
4.498141367903787203e-05
3.492739944165850071e-05
1.284984647398417278e-06
-9.150743980688975739e-07
-1.288434208432289004e-06
-3.021072364301129304e-07
3.383673519664842907e-07
-7.850102604324728972e-08
-1.193355487948933533e-08
1.539512829477004743e-08
-1.831760753295552827e-09
-1.267756436794978016e-10
2.357874471821268183e-10
-5.311510487014770832e-10
-6.811328705183621577e-05
1.012504806107876962e-06
-1.558865476746164509e-05
-1.307818185284279801e-05
-3.815773119160820600e-07
2.276298605537192150e-06
1.326293926872525569e-06
1.654154651001313863e-07
4.506792967678162524e-08
1.371449361848486959e-07
6.822925553580110028e-08
9.990445249867761225e-09
-1.026423857912601466e-10
2.472435483287755718e-10
-3.185864580582692834e-10
3.944162608889952569e-10
-1.140397600566369962e-04
1.978368944489749908e-04
-4.519517882075051477e-05
-3.190563446031630073e-06
-1.030989410295718763e-06
-1.310094503197352777e-06
-6.004063325952521883e-07
-1.616734696556748655e-07
-6.818344387604497854e-08
-4.814778041093083931e-08
-1.541814662720244315e-08
-6.268741648653647866e-09
-1.729171274903474360e-09
-1.699019813494448562e-10
1.522827978746463513e-10
-6.426010839473503821e-11
9.977648695692023669e-05
-5.589779765360233891e-05
3.878221049197898577e-05
7.868702940060973470e-06
1.555704113047424718e-06
7.281143044050195722e-07
3.698983390102413233e-07
1.631693163598600732e-07
3.162582351600670892e-08
1.599192080594547622e-08
1.296733737405874870e-08
2.520868106399019605e-09
1.215806569706922449e-09
2.298139230953061495e-10
5.629776495311023732e-11
-4.356568656930426046e-11
-6.616685273947505060e-05
9.633806159354299471e-06
-3.753285713266149733e-05
-8.060541166355877281e-06
-1.719179914653937359e-06
-5.542468503575703381e-07
-2.442943166270688787e-07
-9.648247943370222395e-08
-3.509446377559078891e-08
-8.914879526376707283e-09
-9.660147362096192934e-09
-3.710216995294511441e-09
-7.992921836212330740e-10
-1.964943680641553264e-10
-7.901574544961366812e-11
1.026165224224895990e-11
-3.493076889798262972e-05
3.598836691885153884e-05
-2.298143882672648144e-05
1.382283200147138015e-06
1.267879146455953727e-06
4.150239612569232928e-07
1.625917815089498089e-07
6.834993897266835478e-08
2.581413824456489792e-08
2.156636997628899166e-08
2.119143158088827111e-09
-6.642030587724816779e-10
5.925434308142345437e-11
6.397360328543291870e-11
1.605998404722785878e-11
1.772719347964867033e-11
-6.769031003973623533e-06
1.252399141815428013e-05
-9.024076917688032731e-06
2.169192187661722523e-06
-5.889226895791107306e-07
-2.820492731384917109e-07
-1.101180257015320811e-07
-3.800366864955982920e-08
-1.600995490769451639e-08
-8.496182430147580796e-09
-4.661828252282932960e-09
-1.956432641686939536e-09
-4.722846961712272331e-10
-1.069894722526447301e-10
-2.036303738974027545e-11
4.255043835380267089e-12
-1.022924008063345491e+00
-4.161716418869627204e-02
-1.182019429715460779e-03
-2.597267163484573251e-05
2.666285237291156897e-06
5.560026857867655273e-06
8.228611509264654184e-06
4.075350878557174762e-06
-2.081560174125487357e-06
-4.245966795030189548e-06
-9.014064930288193498e-07
-1.320857304480605592e-07
-1.299678100300683314e-08
3.151515291205880336e-10
-2.655191742925625853e-09
3.851880445622627488e-09
-1.464798031505025744e-01
1.400599044752327826e-02
1.118885242794213789e-03
5.361431932710332578e-05
1.338156390652544382e-06
-1.921268042816752832e-06
-8.370463845558960195e-06
6.365246117254047158e-06
-2.076599199357009041e-06
-5.921193875277472818e-06
-8.259059563304394210e-07
-4.792666964274043897e-08
1.802887496105034585e-09
3.558408607533824004e-09
-1.419482267650850201e-09
1.578831756338515623e-09
7.365927158256524616e-03
-3.614050835093960724e-03
-8.225292445321563629e-04
-6.939360647468514670e-05
-2.878263818659185470e-06
-2.426421000466854192e-06
-1.866332801950522698e-06
-2.548829096816698729e-06
9.760483200099985908e-07
-1.838668471878638021e-06
2.947252650169435281e-09
-4.988556717570215532e-09
8.698536767793814093e-09
-2.684945911698601426e-09
-1.372042382356238041e-09
-2.440123339517632972e-09
-6.562547953358238879e-04
2.639036775241234041e-04
2.412857244915331907e-04
5.423240201470141367e-05
4.204643973740303092e-06
1.243966673801038413e-06
-2.370521363201077252e-06
1.049896154262771560e-06
6.961435590713883652e-08
8.306244205881856097e-07
1.750308207416806929e-07
-7.355059427555061502e-09
-1.552553658346418132e-09
5.823691901198532350e-10
-9.812338622241329111e-10
-1.127123427837339503e-09
1.623548569033407085e-04
1.144576962351083222e-05
-3.316908651365428666e-05
-3.621211019690983646e-05
-3.455719401251299615e-06
1.212002534199017042e-06
-1.132140253150583760e-06
3.791222590809151101e-07
-8.921087169144204998e-09
4.415933156366229158e-08
1.331087400367372458e-08
-1.040217147365404554e-08
-5.317922106181408038e-10
1.074183088449278942e-09
6.697892731265577113e-10
7.008089184085810462e-11
-4.728968353641127700e-05
-6.196814658454314218e-05
6.282365561696299296e-06
1.513032655056322584e-05
1.169396399514463820e-06
6.146661931095912321e-07
6.869302192324876455e-07
7.546761091801776184e-08
-9.023724558417966274e-08
-8.543957476268598138e-08
-7.338371209096440813e-08
-7.999072970710103083e-09
-1.245235004735942145e-09
3.416835023024365885e-10
-8.845829491550800021e-11
7.832204457214290117e-11
-1.808724108977375190e-04
-2.060777182820886866e-04
4.807889053682290958e-05
1.485759243569931510e-06
-9.111535523120448436e-07
-3.014280974543080258e-07
8.814687422960303195e-08
-1.102422861392867668e-07
5.246161614769031595e-09
1.077271639118412791e-08
1.608102460815866909e-08
3.805908161597670210e-09
1.152807929552245020e-09
-6.134005492376869334e-11
-2.202337177293831960e-10
-3.722908884964170093e-12
1.054781811812443600e-04
8.688530797853418776e-05
-3.650474090413013625e-05
-6.310848650745429519e-06
1.837034069226015650e-08
-1.085441364398790187e-08
-7.530698322150019285e-08
-5.775271757367451415e-09
-8.531770179972795449e-09
5.261876410302051167e-09
-1.225999575849241328e-08
-6.477615326701909605e-10
-9.841668107604153298e-10
-2.002976638224631473e-10
-2.768608273054099844e-11
6.812959238057015312e-12
-6.506313335181722931e-05
-4.670069604527498237e-05
3.246269164619786991e-05
6.651268539644288486e-06
8.390620766140543222e-07
7.585554513993237570e-08
4.006994790915740132e-08
3.030351049563914587e-08
2.097187531766240620e-08
-5.543920859412349516e-09
8.398876007236099712e-09
2.457712846544645997e-09
6.468739780933348407e-10
1.435535534321000110e-10
6.275545289924657458e-11
1.823791709846600915e-11
-4.013685324322939697e-05
-3.851461666297252106e-05
2.661708847051848112e-05
-1.963582826595890105e-07
-7.448593584543313350e-07
-1.328791906880924649e-07
-3.095684670096295037e-08
-2.214087098233310769e-08
-1.086039935582755860e-08
-9.489374412231671955e-09
-3.363051426221318859e-09
2.400692302135635190e-10
-1.054815918803261410e-10
-5.378936120163594395e-12
-1.304515064714896851e-11
-2.993519800908056336e-12
-7.338561777366495986e-06
1.059367393934713730e-05
7.719659495850410169e-06
-2.854670512334922898e-06
3.088029599781146303e-07
8.214179781803726255e-08
2.826386167729653727e-08
1.280607929433294869e-08
2.746443735229999711e-09
2.164144279605143653e-09
4.580096291100302984e-09
3.760340236417363822e-09
2.579081644172226028e-10
1.492490583785496760e-11
-8.032004074154693747e-12
-7.119113322511420913e-13
8.901519314586274489e-02
3.773284483505097431e-02
-2.523038853879401924e-02
-1.750440140953496947e-03
-7.959365946337029990e-05
-1.802508259819295050e-06
4.710413504094781825e-06
3.866469599185935273e-06
3.812165853805316377e-06
3.862720902082149595e-06
3.221590445017484623e-06
-4.820654196087029960e-09
-5.264745956761135513e-08
-2.138773501267064434e-08
-1.424541525382656434e-09
-4.205789442813481867e-10
-4.655463949289393215e-10
-1.384063724065110607e-02
-4.405977123087280109e-03
3.326756353397943445e-03
7.607286348630379119e-04
6.529078133839752603e-05
2.532667147606093003e-06
-2.704759899976301860e-06
-1.267420419150053992e-06
4.806404589590996774e-06
-1.422811970960457825e-06
1.336201212474567113e-06
-1.203001630145632435e-07
-1.989574188228774737e-08
1.577866120377817366e-09
-3.742610408088464528e-10
-1.315433484715009179e-09
-1.279473382114753917e-09
1.463316698051539194e-03
8.061200420415538456e-04
-2.421569012332034526e-04
-2.477978420251542588e-04
-5.841445594055663806e-05
-5.237697166111199272e-06
-1.288775293121265791e-06
-3.220482629789040311e-06
-2.199822300511898518e-08
-6.219476901511231902e-07
-8.478188179841990550e-07
-1.410264169957464245e-07
6.020351158541406366e-09
7.679013128865575579e-09
6.179982332863852756e-10
-5.067005489334441618e-10
4.272302038562134648e-11
-1.132660226178059260e-04
-1.602861022825051549e-04
-7.121156860395942481e-06
2.943163985637941500e-05
3.652026310579922839e-05
5.009727884206909404e-06
3.309376835130199934e-06
5.075484860748884352e-07
-4.665965800456585079e-07
-3.313874224679584100e-08
-4.921259802082807323e-08
-1.480468430231673554e-08
1.854576655380680790e-08
-6.915578446851956908e-10
3.330183295934034633e-10
-4.414414892891614587e-10
-3.649838001307115997e-13
-2.790031979343708302e-05
6.037847118865352126e-05
6.276375824583411696e-05
-6.239100417455111902e-06
-1.675386193474497987e-05
-3.287312115496939687e-06
3.608078281714478019e-07
5.468961505390938187e-07
3.462215332611458973e-09
1.588693076304144817e-07
9.207367991508712918e-08
6.349341392461371478e-08
7.365223962073858623e-09
-5.960831598032417400e-10
2.152773418643412252e-10
2.531158609123699941e-10
-1.256642120595043720e-11
-1.257592713753807173e-04
1.527850583488704758e-04
2.044465658963192799e-04
-4.734538466283463360e-05
5.042970418783948144e-07
1.276931468728731897e-06
-3.875667147739854218e-07
-2.025672324013195099e-07
3.867125155675124891e-08
-4.263207845605122013e-08
-1.413272318157376537e-08
-1.293567384928183708e-08
-4.023991261376323184e-09
-1.300303756375228946e-09
-1.760953821837015382e-10
-4.183586739531992200e-11
5.021218087701543194e-11
3.487126707706711897e-05
-9.955121777174674432e-05
-8.695166348721306167e-05
3.586184884048759238e-05
5.361373725477023873e-06
1.793253496051458955e-08
9.283580786002616760e-08
1.122572340207847980e-07
4.189253796901314088e-08
1.560058919535815682e-08
-7.140309685069441263e-09
1.135783587208813903e-08
6.495023412833990123e-10
8.470978567310988321e-10
1.950964416592993547e-10
3.423816170504609715e-11
-1.354839082151139026e-11
-1.291744496541106820e-05
6.380655141853186691e-05
4.682555672730611481e-05
-3.216501996970940646e-05
-6.399836348956978081e-06
-8.307245278462291929e-07
-1.351959772171455626e-07
-7.492086736665583376e-08
-4.421518859657261991e-08
-2.417968361163715457e-08
5.147227535992755390e-09
-8.267522767134809042e-09
-2.250791597802216612e-09
-5.568318149145918945e-10
-1.495620623710030285e-10
-4.785550851976985440e-11
-1.281509432983105804e-11
-8.856211555497806875e-06
3.912478844285550538e-05
3.844617004556811867e-05
-2.657563831670864535e-05
1.874911330952872366e-07
7.570751366947277793e-07
1.652818366490626843e-07
6.745784640811297251e-08
4.094926620152714127e-08
1.497943963574909750e-08
1.094625545709212456e-08
1.729365892910380069e-09
-1.576125008043853009e-09
-1.032287789403854823e-10
1.077520067479267812e-11
2.380592763391512037e-11
2.238626309929460330e-12
-4.073458991523313625e-07
6.900149941963960778e-06
-1.222857939479996387e-05
-8.572300953988249044e-06
2.972163794156397280e-06
-2.568481534442627959e-07
-1.274732218351483606e-07
-5.046930367125287241e-08
-1.893544224130411162e-08
-4.374282078727428201e-09
1.013421204623385177e-09
-3.576584750410642166e-09
-1.256845748077402659e-09
-3.533422354833161735e-10
-6.780634926729991436e-11
-1.468703309549689947e-11
-2.635043142396123286e-13
-1.488189134981542650e-01
-4.152799791747066767e-03
-9.552700378003833002e-05
-1.040318949595932611e-06
3.562385165785555140e-07
-7.357517527522923219e-07
-3.107137257290601987e-06
-2.302770988249432995e-06
-2.813377983475570353e-06
-1.181471317031643527e-06
-2.028183727408740792e-07
7.147640160092584909e-10
-4.383116583946872981e-09
-2.101555552010161548e-09
2.184311544386373572e-10
5.378442586575648916e-10
5.333451460493418561e-02
4.069308625056456893e-03
1.829863687529016127e-04
8.278490357242940148e-06
3.498868809913211218e-07
-1.066675085042899074e-06
-5.234214116502279280e-06
6.196657604719367558e-06
-3.685841982768350328e-06
-1.374959944137134773e-06
-1.123444137642442308e-07
-9.203103842569528148e-09
3.681354264528241717e-09
-1.184692105643533839e-10
2.499707926803096886e-10
-1.064496389983192147e-09
-1.560203551416475959e-02
-2.930708810079292893e-03
-2.520667021771648918e-04
-1.074636568926638814e-05
3.183470624625752523e-07
4.192163683889200727e-06
3.454203595879767295e-06
4.586485914152907643e-06
9.490138270658646581e-07
-1.780292445970904095e-07
1.515864999078177473e-08
-2.169505742986061972e-08
4.187188744854173420e-09
2.547219354412725278e-09
-7.674290281555435990e-10
-3.251641278657403631e-10
1.451230876999410778e-03
9.521536894784738423e-04
1.731370151015913024e-04
1.300975804928974722e-05
-1.830836118102639907e-06
2.052089608847503800e-07
-3.606776101794666775e-06
-1.608799760599794548e-06
1.542710759819496993e-06
2.675679300438117353e-07
8.193654083923047683e-09
-4.055225414852558894e-10
-4.719794869346917617e-09
9.817971827583701460e-10
-1.448996613835074695e-09
1.255738412218118932e-09
-5.654551447420598222e-05
-1.660982904296186085e-04
-1.022905444209353334e-04
-1.000245830031526850e-05
-1.109499690865616919e-06
6.498493016992291038e-07
1.728575638635500011e-06
-1.218523929547630782e-08
-2.301603483398742823e-07
-9.241017633229755811e-08
-9.311957754642890202e-09
1.051417655763557511e-08
-4.975349908440019877e-10
7.844516794813271017e-10
-7.107952782070669257e-10
2.366024463313698127e-10
9.542754140584451983e-05
5.366186535393056172e-05
4.745303514611121516e-05
6.470979784345175141e-06
-2.313587053118030769e-06
-1.955788450202519444e-06
-5.393637628005524594e-07
-1.325869061199980537e-08
-1.419816741377040412e-07
-6.247677966197370831e-08
-1.098764788299468443e-08
-4.571283305388717912e-09
-9.065809362650658746e-11
-9.395830667853000707e-10
5.563662849466396204e-10
-5.063253449650385836e-10
3.559994064204752545e-04
1.552435348484368653e-04
2.606026483397768522e-06
-1.322137232168480753e-06
2.412287157142911472e-06
1.556442089673848101e-06
4.129420662775837817e-07
1.184252982781558516e-07
9.130387892758743723e-08
4.214630204069028090e-08
1.558938716555289968e-08
2.714097431975198832e-09
8.558372294198339021e-10
3.182478793780353789e-10
9.501721637323505349e-12
5.824911679845489111e-11
-7.874139617351343925e-05
-1.235805381967611163e-04
-1.951553631439735753e-05
-1.981272693139526160e-06
-1.413131023954920017e-06
-8.723724999553690782e-07
-3.459301503916330843e-07
-1.235575957140711550e-07
-3.782256840850627080e-08
-1.384965194841909969e-08
-9.392032923697223605e-09
-2.026101632650326269e-09
-8.859649948839369741e-10
-1.268645729096436870e-10
-7.561914606241065227e-11
3.851061468088334624e-11
2.568734690839732284e-05
1.065027028118110318e-04
2.302692438681224941e-05
3.538904419791087004e-06
1.007618808005441482e-06
4.808236948335659636e-07
2.349414089606806385e-07
7.255722896806708555e-08
2.144479828423020001e-08
1.558934192967851871e-08
7.993869859557431096e-09
1.691870737280116056e-09
7.102588520023819906e-10
1.445327477573920628e-10
2.653564138247476085e-11
-1.679680068865080500e-11
4.111441311204821808e-05
9.710718010526263040e-05
3.889801139331238599e-08
-2.792107937983252587e-06
-7.383461077135648578e-07
-2.858197271703985346e-07
-1.374966136468242456e-07
-4.769388230218968339e-08
-1.058276702011876433e-08
-1.299621506458272198e-08
-4.489226678503068112e-09
-7.182414300732304590e-10
-2.068034254859804543e-10
-8.246475656023943588e-11
-1.510436992129558769e-11
-8.675038819371033395e-12
-7.192655850253682464e-07
-3.303843425103361467e-05
-1.099860372604256615e-05
7.757070270027291577e-07
4.080339750181082423e-07
1.234519623183438407e-07
6.174466137741669469e-08
2.655133039055897417e-08
1.224662620795951273e-08
3.717173234232804803e-09
6.255475624696355484e-09
6.476730035660980670e-10
8.604798308337257596e-11
1.714405263983401828e-11
9.036007870422605008e-13
1.326281340888815752e-11
-1.928308166670527624e-01
-9.505700093247028415e-02
-6.264283775175957109e-03
-2.764048252730194697e-04
-1.184499381506927819e-05
1.081752255434662457e-06
5.569341877223534066e-06
2.035344489116409132e-08
-4.384347058107992701e-07
2.390901341192225600e-06
3.761019057353203274e-07
-1.490494459767816126e-07
-2.588496238852656925e-08
-1.834343110024576254e-10
2.152508735030844215e-09
8.248585790073314270e-10
1.828633219436865773e-09
4.556937809657840392e-03
1.429999587662943682e-02
2.730961043275723348e-03
2.366033479451369473e-04
1.010780967010338011e-05
2.334179267049376405e-06
5.156747608181304029e-06
1.007569233989075911e-06
-1.433214222987702484e-06
-1.792217561882574275e-06
-1.705568682529448243e-07
-4.550751736891686996e-08
-9.189050705170613408e-09
2.582567591261941286e-09
7.219635424606929656e-10
-1.043944545944706534e-09
9.337418843824628281e-11
3.961715437270905992e-04
-1.348109307408108847e-03
-9.486812758038637352e-04
-1.735124510538344075e-04
-1.128543005798780692e-05
-3.027403894587124230e-06
1.726307076211326606e-06
-2.343956170179542566e-06
1.366666244189101510e-06
-1.719993105358973965e-06
-2.367507051443918161e-07
-3.223829298813729433e-10
1.486686076979151657e-08
-2.014135224562381713e-09
8.601503053315735767e-10
-8.142174342137147765e-12
-5.583362875831947372e-10
-2.148080123144205139e-05
5.234043213756539993e-05
1.720537613115936829e-04
1.018304854602881449e-04
9.738379484192615632e-06
-1.332809923086071961e-06
1.401798426792527516e-07
4.256904023429971755e-07
-1.204787155602002495e-07
2.322269518884683033e-07
8.283024396363367893e-08
-1.212295391677922369e-08
-4.597009425773129998e-09
-1.048458204006040009e-09
8.341896916515900464e-11
1.596590055029596834e-10
2.762049580667018470e-10
5.865207952019642083e-06
-9.010767632025101998e-05
-5.141888899059793413e-05
-4.738754069477159482e-05
-4.801176671104746268e-06
-3.043751463787692957e-08
-1.733230902924177485e-07
1.582981028337719369e-07
-4.417675970592579315e-08
1.715699015389884572e-07
8.583591885517850127e-08
2.249052399125073844e-08
3.834381135166838130e-09
9.180959069683924051e-10
3.327189550729654598e-10
-9.134194486089367909e-11
7.207372419267852179e-11
-3.378092435586603861e-05
-3.587452157761413071e-04
-1.575311257887860780e-04
-3.273287660274845872e-06
1.646793348465793648e-06
4.620270101072587317e-08
-4.904388265420587537e-07
-1.592489256909957585e-07
-7.554208457548275003e-08
-1.149320640315345538e-07
-6.258109690045154380e-08
-1.929964596709560599e-08
-3.459834357677855472e-09
-5.415011076961956225e-10
-1.569911715567485190e-10
-8.572700074238769570e-11
-1.181376212845868193e-10
8.725135109545054367e-07
7.834842273077439253e-05
1.243494579744436855e-04
1.981517694552958802e-05
1.129765022554209137e-06
4.437455527912637666e-07
5.265783095153544869e-07
2.226054640184486318e-07
1.084356732458534543e-07
5.156512178652619525e-08
2.328689286004856536e-08
1.097651385589015065e-08
2.544413930593423752e-09
5.343079531686012148e-10
3.689942961202547116e-11
3.983127028896222423e-11
4.829599706837192547e-11
1.490303176367211471e-06
-2.551860918071500908e-05
-1.067742064722492011e-04
-2.295971804724300749e-05
-3.061622075252808602e-06
-6.350672502777889667e-07
-3.967618108928273221e-07
-1.908700486647416664e-07
-7.649187435745951125e-08
-3.153708161961515155e-08
-1.948174732314484361e-08
-8.921182551766661318e-09
-1.930556607572564041e-09
-5.366995941877227757e-10
-1.212224609673768899e-10
-1.400946867526284121e-11
1.127419829503022819e-11
-3.334083570385104682e-06
-4.111394019776977459e-05
-9.694187238951016523e-05
-1.278011932327058440e-07
2.470875865742417115e-06
6.334472006399630959e-07
2.800430336856310332e-07
1.429807028869666391e-07
6.065058513085247699e-08
1.939438965534186039e-08
1.740206562509813579e-08
3.229506664027608947e-09
4.507465360527428305e-10
2.496773257267365210e-10
8.579101823695887716e-11
1.605490301136299168e-11
-1.948872909547141736e-12
-2.368041689979867996e-07
9.135025568382040862e-07
3.299030287775620143e-05
1.170882542154176420e-05
-6.232270762600840974e-07
-5.065918544528314773e-07
-1.891295733296939028e-07
-8.948983199997354545e-08
-4.836932047084785148e-08
-2.675094284676990100e-08
-1.066966246320611353e-08
-6.072092070208889353e-09
-8.893338663036441111e-10
-2.181740834969030257e-10
-2.766253065801614273e-11
-7.486399557527659251e-12
-1.212526295794331855e-11
