1.406011673985102794e-01
1.024683218017976571e+00
4.482249312466800306e-02
1.564163326953987030e-03
5.501403244863200306e-05
3.743213932884180148e-06
5.009006935631240382e-06
4.494344332725951057e-06
-8.480295789606443204e-07
1.336995036722190734e-06
2.081698519162791831e-06
6.606873788095471205e-07
1.020547632364384842e-07
7.861836275688265417e-09
-6.719242962884775226e-10
5.276273964068360249e-12
-2.608979226797578223e-10
-1.461500777156883070e-02
3.795258332546846275e-02
-4.101371253967443786e-03
-3.799835582372286026e-04
-2.232536379193937330e-05
-1.349342896494765822e-06
-8.671746184024000202e-07
-1.491888906139736351e-06
-3.036253667908086455e-07
3.158492827222652609e-07
1.104659137385524385e-06
2.142807644286027765e-07
1.881723208511668339e-08
-1.453022234845321547e-11
-6.265930589488939315e-10
2.488633362645762722e-10
-9.290513378885598463e-11
1.162447217923422409e-03
-1.123345417183617770e-04
3.169556815192130293e-04
7.326545391201650509e-05
7.350397650879320692e-06
8.630982347958353301e-08
6.655683616684610714e-08
5.563561434170611545e-07
4.215559181513682552e-08
-5.317345752855459999e-08
1.106925974740139222e-07
-1.040559455667945165e-09
-2.368661731725997983e-09
-9.978192941746342591e-10
-6.943379128178781004e-11
-8.071333621115187302e-11
3.816512097178468535e-11
-1.810988109111956817e-05
-4.030427210883128885e-05
-3.378639359661008294e-06
-4.793633985319904096e-06
-1.150413261014869835e-06
-1.745766054034358291e-08
-2.980664412719312343e-09
1.659875122211880499e-08
2.378782973467858067e-09
7.568483917013914794e-09
-5.540039274741193391e-09
9.924573174258986755e-10
7.631868763619831376e-10
8.014547066530858976e-11
-5.555200812547224078e-12
-4.851218780718114289e-12
3.951062075067751984e-12
9.485808224829933959e-06
-7.579660238529754318e-06
6.918023140545775686e-06
6.862027491035438583e-07
1.815555109902322684e-07
-5.383053888526543274e-09
-9.760068895051836849e-09
-3.063168768402961131e-09
-3.839257759511324633e-09
-7.306598676529232496e-11
-2.236181250726312566e-09
-5.149737383610292396e-10
-3.438548921809205303e-11
-1.453970995833210269e-11
-3.501606588281528674e-12
7.702647815536905216e-13
1.457555848553270730e-12
1.736478433321726859e-07
-8.978372960661021168e-07
2.859036981547619788e-07
-1.499489038051464339e-07
-1.786267928670329455e-08
6.423301376308871418e-09
2.985007965605261027e-09
1.348867670997810476e-09
7.948092149623908753e-10
2.677484735459882892e-10
4.531200198930580257e-10
2.952367537314129364e-10
5.092749673123407957e-11
1.175633200538426784e-11
8.901065097191415016e-13
-8.937228905382479996e-14
-8.699851787977026188e-15
2.137238528341425163e-07
-1.111619030184328450e-07
3.194231899561038562e-07
-7.759933359944780667e-08
-8.289488672365830594e-09
-2.183164406263147617e-09
-1.070541791907425159e-09
-6.195752635129338255e-10
-2.950913403347870164e-10
-1.220309254599498005e-10
-5.627064195407172603e-11
-3.632050043034108989e-12
-7.519694850479396617e-12
-2.102688298894980434e-12
-1.483589893590491044e-13
6.377258998897560255e-14
-1.871115446397974680e-15
-1.544105074858477460e-08
4.262909321523153243e-08
-2.313417887819003287e-08
1.943637557187214026e-08
3.895701492572303319e-09
7.284046055700368646e-10
3.069296647114466260e-10
1.375014469634338398e-10
7.220801887847053610e-11
2.446218629795544286e-11
9.569942873072047936e-12
6.147241930098928166e-12
1.156969009606568970e-12
4.018594712212425328e-13
6.619731087495131810e-14
2.633802443592929980e-15
-5.981244538200096414e-15
2.836802830653899052e-09
-1.035687793654661838e-08
4.969654272278284840e-09
-6.627629648977271498e-09
-1.247627310941075290e-09
-2.371844453348330983e-10
-7.032659256441085971e-11
-2.936925402577046966e-11
-1.184188555527934374e-11
-4.483846527723933360e-12
-2.359330723008503524e-12
-1.547735355535136390e-12
-4.738962398472254364e-13
-7.702262666649949443e-14
-9.401608404999024606e-15
1.661746718680415992e-15
2.709374030192499169e-15
2.788451077486430427e-10
-8.879842941137485303e-10
1.190473287667124128e-09
-6.001183055824431905e-10
7.116656386530540389e-11
4.844953117687390954e-11
1.447284095424587900e-11
5.348785964683863813e-12
2.255554708003565654e-12
9.890472884938302031e-13
6.356012640998557173e-13
1.608908740090882993e-13
-3.898412078536931821e-15
1.137032204000292802e-15
-2.300366104865649352e-15
-1.115052837048391062e-15
-4.423613282571020665e-16
4.285811733692457030e-12
-4.962114198695174190e-11
1.059155321126185857e-10
-9.596941533870786602e-11
1.897658359821642489e-11
-5.433441961410470899e-12
-2.273313075433042674e-12
-7.733805913517533132e-13
-2.850681333612554236e-13
-8.111341894029743286e-14
-3.552337700790677883e-14
-8.722741249206117195e-15
-1.428272173708673586e-14
-8.061554053168760653e-16
-1.945331308993461381e-17
8.753446886909410748e-17
5.046653166897243851e-17
7.095510668577525992e-03
-7.383628066972220023e-03
-5.815520300245475638e-04
-3.267940843098153704e-05
-5.031655241606432803e-07
1.944870174660048962e-06
1.295358774155355239e-06
1.279740355431700679e-06
6.902201852177260391e-07
3.899460284893623918e-07
1.362614710033408299e-08
-2.097894009562066220e-08
-4.547221451604150107e-09
4.474433233166987059e-10
2.288340883344051924e-10
-8.405795467923921781e-11
7.310554933851955053e-05
2.900161014687663145e-04
6.869337568502120641e-05
7.078887387824153091e-06
-3.294869514560652749e-07
-3.424791400232825376e-07
-3.186236869946931378e-07
-8.136470556483207856e-08
-2.972313497537556527e-08
7.520556560583944421e-08
-2.750517178678433781e-09
-1.035701318086415403e-09
-1.582233755021149822e-10
-2.322390874282746625e-10
5.575640252562352297e-12
-3.780945789179052679e-11
-2.550600230662244209e-05
-1.564386469793168161e-06
-4.750832150254220265e-06
-1.241223126626723811e-06
1.796182098294021198e-07
2.026305845182634180e-07
1.270969079662799363e-07
5.455292620387456543e-08
1.013320629495325823e-09
-7.344949646487207385e-09
-8.304493245808104600e-10
1.812306046619539642e-10
8.271124809318465002e-11
-4.172080176525203263e-11
-3.922211299423387914e-13
-1.037801187615988897e-11
-3.307676173116081601e-06
7.294241053385111287e-06
7.090344690821339282e-07
1.734398741446071749e-07
-5.163217907154857149e-08
-4.767388676430702844e-08
-2.615565684891109950e-08
-7.202550872793456404e-09
-1.467823451286327340e-09
-1.703435162193128578e-09
-1.449035462634792073e-10
9.645488273560547713e-11
-5.361671445377953987e-12
-2.196085494483135881e-12
-2.899333552939231973e-12
-2.335582326262545963e-12
-7.867978551619990537e-07
3.168752725575816366e-07
-1.527603154935467263e-07
-9.948440971534733957e-09
1.406922194475835058e-08
1.215521741665870464e-08
5.428448044766284753e-09
1.465802870813675865e-09
2.094015026238159291e-10
3.012115719267433750e-10
2.173388324052159753e-10
2.767763325091290420e-11
5.166435502337019262e-12
1.313839952636740343e-12
-4.630374191765398186e-14
1.871291518208050149e-13
-1.560599181639891548e-07
3.152737069641500093e-07
-7.784547311145737479e-08
-9.997479092122218689e-09
-3.910126419455928773e-09
-2.304831332305877339e-09
-1.006190144883299851e-09
-4.007092894207319268e-10
-1.269922978622556235e-10
-3.517639325761265827e-11
9.233641610922308022e-12
-3.332716792456183627e-12
-1.194165130943244600e-12
-2.903225829054827905e-13
1.233399576309027387e-14
-4.731779031057249453e-14
4.519087461263868501e-08
-2.290712436144246917e-08
1.959882242427752132e-08
4.181395508624703572e-09
1.016341954863747379e-09
4.337898319591621081e-10
1.956384503415446128e-10
8.067978798925851038e-11
1.964682452335457890e-11
4.765534319978289761e-12
3.769077213209620332e-12
3.828817780194841835e-13
2.453292803969707151e-13
8.680941745250796600e-14
1.894783321546647267e-14
7.214683802113166699e-15
-1.090928710925329312e-08
4.902360110025225999e-09
-6.667151144880760789e-09
-1.292663041919431312e-09
-2.729591547879530936e-10
-9.103326737082448719e-11
-3.572463164965314350e-11
-1.296145821979783585e-11
-3.526938773224731883e-12
-1.548061280412490234e-12
-1.143194730521612342e-12
-3.379467877272057765e-13
-5.591924102582149457e-14
-1.483530348550743207e-14
-4.603062001706551406e-15
5.610304370579100102e-16
-9.292644960823266648e-10
1.193058147079266454e-09
-5.934451509354080531e-10
7.702145931866385232e-11
5.321855027793182759e-11
1.645917961332184587e-11
6.211604184210546154e-12
2.456004898177040178e-12
8.438810973568797224e-13
5.036576325395707808e-13
9.632761988006189479e-14
-2.537549781114893120e-14
-1.242708205369811445e-15
-1.031723622541845786e-15
-2.366957073937081561e-16
9.588386460176049435e-17
-5.457721185629845540e-11
1.054106359025150391e-10
-9.787789639033548298e-11
1.808755119498602280e-11
-5.824368726981095771e-12
-2.632094513312256753e-12
-9.404524236169185564e-13
-2.914618909328415788e-13
-7.096833692551465754e-14
-2.542965113276497952e-14
7.201210424587691636e-16
-6.609086466709609218e-15
-3.260080001691619633e-16
-5.557046420327138938e-17
-4.600572299447710897e-17
7.726511249707531170e-17
-1.014882378825455289e+00
-4.448400149893046163e-02
-1.557627176688123130e-03
-5.494106313551978989e-05
1.025211996036679538e-06
4.042750368502471827e-06
3.616524144643743702e-06
2.057723345012706013e-06
-1.297050420622787300e-06
-2.092965682833064884e-06
-6.830845009697872562e-07
-1.121076726058776396e-07
-1.206906913732309658e-08
2.961269087743859534e-10
-5.884099951538797024e-10
5.983669438743744171e-11
-4.033942417886070969e-02
3.962947134280529922e-03
3.749977837992403700e-04
2.238033017937933708e-05
7.752200393519221372e-07
-8.386857516758101008e-07
-1.699435403024222154e-06
8.376208828657144463e-07
-1.758993125433002194e-08
-1.019974071210510813e-06
-2.016320438336178370e-07
-1.554983688595169013e-08
-7.166977980727156377e-10
9.535415488702500321e-10
-1.926452417008054717e-10
4.769467224339077486e-11
5.713122535499532036e-04
-2.748336770296853416e-04
-7.255816719714533523e-05
-8.403836149908098580e-06
-1.404628433206927534e-07
1.511755794168053370e-07
6.968209593745545018e-08
-1.966411745372392391e-07
6.928815205879868489e-08
-1.204469132892860725e-07
-5.441108683823061653e-09
-2.300631314789130528e-10
6.852267690773252163e-10
-5.658979717890617812e-11
3.339846750749869571e-11
-7.468394164262856693e-11
7.221623754809328978e-06
-3.545151399606694916e-06
4.574086619588350590e-06
1.368714753273043785e-06
-8.530077682339059543e-09
-2.962530388577891389e-08
9.895576608244870247e-09
2.369833536912131057e-08
-5.286071221873020819e-09
1.066164718294564655e-08
9.374572979600156051e-10
-5.865746672835381361e-10
-9.748042493876124927e-11
-4.198573016142436022e-11
-7.094435619519905883e-14
-1.040856220338124281e-11
1.358575502701100130e-05
-5.875671767795220043e-06
-6.720264881495900769e-07
-2.387013259337717967e-07
1.127857627220101829e-09
6.272696350083315426e-09
-7.519952873719201766e-09
1.161707664237120431e-09
-4.577360019496597718e-10
1.222690987225215923e-09
2.638928711067189805e-10
-9.240922428286574724e-12
1.123877909784481907e-11
3.782473326891328314e-12
8.581385456728099946e-13
-1.199772047778192085e-12
-7.127818327359244946e-07
-4.544676578518962829e-07
1.561353072512886723e-07
3.074808131069433977e-08
-7.489440490621817568e-10
-1.464534580792472776e-10
1.995808725105731068e-10
6.704082165536678298e-11
-2.486013838568800574e-11
-1.818882161831177632e-10
-2.339789191408783247e-10
-3.246397579549009939e-11
-1.013563381984109978e-11
-1.482373333068070667e-12
-4.963780322614642006e-13
2.765477423459719597e-13
-2.578199830288726596e-07
-3.396083402067342944e-07
7.322945824064949226e-08
5.442653355664493803e-09
4.856750886768347249e-10
2.073006919834608690e-10
1.340399304785089997e-10
-3.610318075055432015e-11
8.711724034543823168e-12
3.253628803112489051e-12
-8.909880326591099057e-12
4.741482613666693422e-12
2.233227852708482694e-12
3.584578086095030262e-13
2.786683908050122959e-14
-4.456228678608024637e-14
4.773589974640080984e-08
3.916052000446874227e-08
-1.730182046908390858e-08
-3.135641095105839990e-09
-3.229999269927978281e-10
-9.140663030896290989e-11
-3.656827427954000915e-11
-1.285508232425165874e-11
-1.346340511282887082e-11
-3.009096956201072380e-13
-4.164334727061278136e-12
-5.562808488772399609e-13
-3.631609784788869387e-13
-6.919569075893912480e-14
-1.371068381737100968e-14
7.229488865612270513e-15
-1.196176165318577608e-08
-1.103181857943642814e-08
5.802582095499375513e-09
1.052005795258403523e-09
1.512346012654751560e-10
2.701051876033339506e-11
1.029598728278607549e-11
3.599656425708107386e-12
2.928974243349743957e-12
4.543234412112236613e-13
1.155544156293173050e-12
3.543075595882528938e-13
7.279345070194531704e-14
1.069346022291810375e-14
3.734896322257359282e-15
-3.670877830187495474e-15
-1.136513949965254129e-09
-1.149077764979207365e-09
7.524381314141166277e-10
-2.840161775180125870e-11
-3.254453177314806648e-11
-7.399343544140022201e-12
-2.164231231759405591e-12
-8.384937814725613210e-13
-3.012177164864558458e-13
-1.485415495395410842e-13
-1.175642055885803547e-13
1.409846350288692019e-14
-5.120693507133424767e-15
5.083559027171999221e-16
2.481476379553588820e-17
8.744727513138372729e-16
-5.992229950306116054e-11
1.052131310689032748e-10
8.757574988403261139e-11
-2.565903914895073230e-11
2.960369099913698690e-12
1.269046469911607059e-12
3.926821138149165300e-13
2.131973181313432263e-13
8.712040890824066601e-14
-6.975453234646798955e-15
8.407428084312901142e-15
1.357289393106654195e-14
5.431760349064409062e-16
-1.350577264261289346e-16
-7.920002009433212901e-17
-1.109622213853027127e-16
2.559101176334422148e-02
1.073128603711869314e-02
-7.183779064035429249e-03
-5.752836643669513193e-04
-3.514542695672883180e-05
-3.069411289484014503e-06
-3.452225018258336549e-07
2.628289831275832740e-07
4.450732205748428091e-08
5.947631760010241091e-07
4.301879182833313372e-07
3.413332790718309312e-08
-1.033618907995106905e-08
-4.028930010187276075e-09
2.973644453170217341e-11
-3.206770901944415450e-11
-8.573960242949609346e-11
-1.070391217034960280e-03
-3.558430806231803879e-04
2.483955023603599040e-04
6.662894891781503829e-05
8.005536109607901422e-06
7.105097612890965345e-07
2.696522701041530355e-07
-6.684467755366539574e-08
8.064535112576029977e-08
-5.399682393348145100e-08
6.742904973213378183e-08
-4.951484775161751260e-09
-8.413006203069975909e-10
3.587199070168853488e-10
-8.056389596288590939e-11
-7.000294310081974887e-12
-6.871465148121494911e-11
1.410985010305003355e-05
7.979642305806799147e-06
5.676253697646035668e-06
-4.540709575897524687e-06
-1.587271870680536821e-06
-2.161593675383679785e-07
-4.655741712551106094e-08
1.899880287341823574e-10
2.243135139141238988e-08
5.429682689550321871e-09
-7.524335110785422079e-09
-4.739046819124376989e-10
2.032697712249478287e-10
9.972637153407696241e-11
-3.250243754277798057e-11
-5.763709556071617603e-12
8.433711692871282345e-13
-1.092515345561455656e-05
-9.579639906378864563e-06
6.146651078861360237e-06
6.909459808405206987e-07
2.795916769075176335e-07
4.905308573483201156e-08
3.411527124900359084e-09
-4.160976091369358618e-09
-3.264436578512302036e-09
-2.511508114931579884e-09
-1.776127645853732181e-09
-2.535579349204095650e-10
8.781456212442404419e-11
3.743327558307892449e-12
6.623142594691880505e-12
-1.744033275141847201e-12
-8.290252940864199309e-13
-2.041182469388893500e-07
8.367721026060901865e-07
4.935557691400532831e-07
-1.570120751773314933e-07
-4.037440100805241155e-08
-5.646752321949882419e-09
3.431938180191531395e-09
2.153999004348757208e-09
6.576508518451649718e-10
2.968045666838831628e-10
2.287965423296607954e-10
2.121506884903136558e-10
2.083823487554588644e-11
7.515241524646644907e-13
-9.320658386146873370e-15
3.625021562585446414e-13
1.831166699341158139e-14
-2.103630435152115352e-07
2.095933733252357893e-07
3.350626300102543349e-07
-7.237858907510076723e-08
-3.553192351167093254e-09
-1.821921315998139579e-10
-6.735521055108978529e-10
-3.247719709556252115e-10
-1.041813435922431616e-10
-7.536949784835676681e-11
-1.444987737666934289e-11
1.172831453011528483e-11
-2.107521007222872913e-12
-7.465782495812011771e-13
-1.156816807412045111e-13
-3.533570261743339193e-14
1.847309785666094422e-14
1.583670616072206029e-08
-4.473616516724144819e-08
-3.890132412003984445e-08
1.711225388109896718e-08
2.916128549969337131e-09
3.153798308504200640e-10
1.263983263893510200e-10
7.443965756096212836e-11
3.178946646597450696e-11
1.950961437886630056e-11
7.421983091824902131e-13
3.412228032758291313e-12
-3.487795002703994487e-14
8.489804997328768737e-14
1.335324773131660590e-14
1.534821259756464962e-16
2.501026404014145728e-15
-2.806784774922099410e-09
1.138118305561828095e-08
1.098198663644605858e-08
-5.779050683608207269e-09
-1.033954068636724322e-09
-1.528235984529737885e-10
-3.825173944106822454e-11
-1.526941415894026059e-11
-6.741927606986020464e-12
-3.695945589371127879e-12
-4.457539550471152111e-13
-9.930416337572717895e-13
-2.364888629417605769e-13
-2.589558841706405326e-14
-3.454862435333690777e-15
-2.125089344378270425e-15
3.655440468066159218e-17
-2.630124800574652082e-10
1.094119434686268806e-09
1.145320748475901691e-09
-7.558173631723838614e-10
2.829090978155560924e-11
3.444224971388127572e-11
8.421693616950989304e-12
3.057517857140295398e-12
1.383155787025919614e-12
4.113903496939754619e-13
1.357326776982616158e-13
8.642167757065216571e-14
-3.484285045908596351e-14
-2.125331393562620006e-15
-1.552921890186483221e-15
-3.163261946656177376e-16
-1.895562582711642663e-16
-2.972347983602621011e-12
5.578114144245635028e-11
-1.094713363824905965e-10
-8.956816979634254732e-11
2.561585908773698456e-11
-2.848038303491071627e-12
-1.440235915545294701e-12
-5.500100618016055440e-13
-2.461578807818782480e-13
-1.006951205383077868e-13
1.156028392177493334e-14
-3.575979423369916250e-15
-5.188359668396891681e-15
6.629236996624608711e-16
3.961801174514943127e-16
8.726534449197440143e-17
5.754864040335884608e-17
-1.598632903656086179e-01
-5.540413079816126907e-03
-1.915703059051676084e-04
-5.498616298411123327e-06
6.526022832679430740e-08
1.670732777944418172e-06
2.965828402527018344e-06
3.942935938131556291e-07
-5.867543715180749009e-07
-8.382731253414420598e-07
-1.854890513050165119e-07
-2.278151861252422637e-08
-5.267501479075558492e-09
8.948014407266340748e-10
1.353953858948057399e-10
8.913595762507079223e-11
1.541171758712306730e-02
1.336515712553368448e-03
8.140183132088856779e-05
3.732191475409501593e-06
-1.234266081176201142e-06
-1.006344146594425542e-06
-1.870706740035423163e-06
5.801055345174738385e-07
-1.909834904489956624e-07
-3.215222155573858730e-07
-2.111701038687642532e-08
-2.781131166002543326e-09
2.636246800141345298e-10
-5.733552814785891065e-10
4.132214080755176552e-11
-6.230191060692488970e-11
-1.206440777145175282e-03
-2.546002491434558746e-04
-2.630892248858890056e-05
-8.842697415971362876e-07
3.787707462047179661e-07
6.424687118543072574e-07
5.985284395663577826e-07
4.359681181590871419e-07
5.270645726160800415e-08
-6.035549522314498751e-09
2.459664501878378124e-10
-2.123772048279174637e-09
-8.151906446684157937e-11
-5.350479264224763924e-11
-3.751274440228532158e-11
3.030656118289079205e-11
3.030061890691125141e-06
1.926880876950802580e-05
4.709527871826557155e-06
2.080076534093160233e-07
-2.193193104359008030e-07
-2.240660868103845419e-07
-1.338953614263735503e-07
-4.702981997430718829e-08
2.182490559974029332e-08
2.884732176909081253e-09
8.884326298904016011e-10
9.783171726118100106e-11
-6.686033775718708007e-11
-2.655181354888048188e-11
-2.790829491659344506e-11
-1.463632160568482309e-12
-2.310416416389916055e-05
-2.961830305938881694e-06
-7.027938407528375516e-07
-4.690010858569517818e-09
6.920727509744999964e-08
5.313936487852667825e-08
2.407247137172360514e-08
6.250120951056574562e-09
5.191002812374999392e-10
3.608060106844080269e-10
-6.163694066617927440e-11
3.920782632218451394e-11
-5.854532834629033927e-12
6.078343885496243773e-12
-8.581306312519411892e-13
1.236068245498236126e-13
2.003807569691927256e-06
7.284540034617998253e-07
1.076397157449675697e-07
-5.210657760041280681e-09
-1.990413909579698985e-08
-1.132742050970713438e-08
-4.250874397764110932e-09
-1.635334537574212138e-09
-7.945638262923626633e-10
-2.972093791187299740e-10
-4.696304925386309449e-11
-6.255265518304319590e-12
1.401948270828093894e-12
-1.711804916885418828e-12
2.178137193486580176e-14
-6.494954143910538143e-13
5.183574307323936409e-07
2.269155710742257063e-07
1.497368975193840030e-08
4.077969937451711173e-09
4.321282579423745978e-09
2.311673071178570211e-09
8.987573504150201804e-10
2.735440968488400321e-10
1.092204066896418933e-10
1.942773677192882130e-11
3.875795650976521466e-12
1.913372751612180191e-12
9.355179575320429781e-13
4.692081431159615326e-13
1.243045355908259281e-13
4.566878937502786299e-14
-3.142361750731496281e-08
-5.977999325243681977e-08
-1.049003806442138412e-08
-1.811281670306795261e-09
-8.321225381159040008e-10
-4.256199567068143821e-10
-1.831284651892535518e-10
-6.495616727571450262e-11
-1.860926581307824927e-11
-1.933893954726888280e-12
-2.010866455133523538e-12
-4.928082024322518578e-13
-2.170643441289642545e-13
-5.369775233575342143e-14
-1.768721198907323058e-14
2.137020567828886820e-16
7.583830820573317842e-09
1.987705070403541173e-08
3.718814351576170369e-09
5.965662445664473036e-10
1.746173092223212859e-10
7.278989845597243726e-11
3.193669067236627479e-11
1.191339625549960397e-11
2.830535147213149555e-12
2.294541179095071831e-12
5.845164714010791267e-13
1.153307946998076929e-13
4.095020263461754506e-14
1.175038367621802488e-14
3.424349384132226411e-15
1.514443015967377428e-15
1.337387401700903234e-09
2.883495779445310092e-09
-9.914210797794856199e-11
-1.165429674319801655e-10
-3.427591280469000695e-11
-1.280444563147170958e-11
-5.349812149604132109e-12
-1.834215847261842201e-12
-3.054612278283230654e-13
-2.023048149185041850e-13
-8.289195085787357784e-14
1.468178140878882621e-15
-4.085399303427538126e-15
-2.493036082175239271e-15
-6.325061917529375724e-16
1.911797857751859242e-18
-1.353366238347474090e-11
-3.007021451346057538e-10
-9.384419802105361015e-11
1.006505486983800342e-11
5.325104612110229340e-12
1.777212932329016652e-12
6.787061647564614179e-13
2.947752594671929465e-13
1.448201946471793771e-13
5.787437900411048054e-14
2.982144148510680645e-14
5.389022799182378450e-15
7.288273219997372908e-18
-3.464298799236867918e-16
-1.367171620881857638e-16
-7.842941156120464787e-17
-5.355003936136506354e-02
-2.736101375767233806e-02
-2.042388104380286982e-03
-1.132719249499466248e-04
-1.540047300105032432e-06
1.789399070043269603e-06
6.175534751491581877e-07
-4.173385909077982148e-07
-1.501509003744194770e-06
2.545919803053114388e-08
7.097240615326619026e-08
-1.892632518376961587e-08
3.159091146232648553e-09
2.610630159766439763e-09
-6.533976058819805986e-11
6.664672753048656711e-11
2.489607641827808985e-11
3.311638001226762718e-04
1.105329724703713002e-03
2.386544707452016990e-04
2.514084392874196616e-05
5.449012772065250975e-07
-2.358326827356736343e-07
3.972353095945807122e-07
2.653398027023974016e-07
-9.221874497853331469e-08
-7.724333822809214961e-08
-1.757690931473212480e-08
-9.922574076392700886e-09
-2.269192640021426327e-09
3.727372696337916182e-10
2.645606042280799531e-11
6.670115682679564541e-11
-1.113533087959555868e-11
2.253603960726450223e-05
6.973276605915484013e-08
-1.921497584391423271e-05
-4.344096288816940120e-06
-1.215602539755147983e-07
1.262536206482891713e-07
-2.017532389008030718e-08
-7.870704387316680063e-08
2.722632141090688091e-08
-3.027755230715686205e-08
-7.977961640976623032e-11
1.195497038051842114e-09
7.027257613483532485e-10
1.045463956551885247e-10
4.666244070933912159e-11
3.744192363094451422e-12
-1.587234364196010039e-12
9.378900924781507820e-06
2.495187233179713468e-05
3.085608859616001955e-06
6.559477754087926285e-07
-4.755583510980151075e-09
-3.237612399531263020e-08
-6.476423763664410378e-10
1.892045485310932171e-09
-1.864745497128533917e-09
-2.012486729860330872e-10
-1.073563165937702177e-09
-4.319857500492612566e-10
-1.367003543981839263e-10
-3.076562339438887309e-11
2.791293200488351241e-13
2.526701997688401037e-12
1.137464406235975089e-12
-7.176001932038844358e-08
-1.995802995455178965e-06
-7.164146706495726205e-07
-1.039835338449443625e-07
4.844642099069496856e-09
5.477528327784429000e-09
2.400990446184191988e-09
1.368873902421574605e-09
7.192585306667923831e-10
8.283755383823129362e-10
4.615809778045205287e-10
1.347783856925143587e-10
3.026965859847646184e-11
4.366913896378309896e-12
-1.882319037633054102e-13
-1.894365046538641325e-13
-1.196158052639425693e-14
-4.266004485176543313e-08
-5.179797987629319378e-07
-2.284204826590652501e-07
-1.551862321754696300e-08
-2.862701610390217890e-09
-1.823487491583354659e-09
-1.083886070817937630e-09
-3.939566803521802095e-10
-1.797652941305938800e-10
-1.393577085339464740e-10
-5.380537582088489429e-11
-1.922561806632375660e-11
-7.094310554033605907e-12
-1.615465474031096444e-12
-2.437238942139673641e-13
-1.336097100145578410e-14
-1.130966430808256004e-15
-7.790843844840928844e-10
3.062149458150971632e-08
5.982425637584865799e-08
1.045323809121865640e-08
1.482700261773550278e-09
5.259408565442220532e-10
2.613264617130467581e-10
1.233871968572333347e-10
5.273954249841739779e-11
2.430457741447077068e-11
7.692916483413535814e-12
4.679618722322171472e-12
1.372218258065941937e-12
2.959646036948463241e-13
1.062812870548942946e-14
-2.168088383855031099e-14
-6.407345098069421860e-15
-3.336585118642105817e-10
-7.568163875652312198e-09
-1.987444752149888588e-08
-3.693048671416945760e-09
-5.447766816949757425e-10
-1.324426009225403316e-10
-5.676573886645055014e-11
-2.463469162425201511e-11
-1.140359673114493587e-11
-4.073556798517053410e-12
-3.276012247782595328e-12
-1.029496462649020932e-12
-2.506379426156700753e-13
-4.933528113737103135e-14
-1.526414476692021514e-15
3.825755938694164632e-15
1.760093500425298709e-15
-1.455998199950753732e-10
-1.361254485351213497e-09
-2.887303124030166208e-09
9.341296145556943843e-11
1.085633848524739601e-10
3.003665376467664884e-11
1.115041604841766428e-11
4.629860595452267386e-12
1.957279127779196618e-12
5.325147681348051657e-13
3.586293905641862299e-13
1.535877241688724619e-13
1.636760833658825748e-14
4.619335470477095842e-15
1.133585843571075160e-16
-7.698078231943628404e-16
-4.597234670711368245e-16
-5.697988729986069349e-13
1.520784429194339453e-11
3.017340737793310772e-10
9.649759395776476223e-11
-9.243869314463430190e-12
-5.334161233728787732e-12
-1.781703473250776101e-12
-6.924773178196837995e-13
-3.516050501589337108e-13
-1.932606316212732197e-13
-8.443034189974563780e-14
-3.602705473556885695e-14
-6.009818872276576555e-15
4.958978958214252966e-16
9.207200743652749097e-16
4.606757316220500771e-16
1.352403072230499166e-16
