1.277018501934063521e-01
1.031687087026246008e+00
4.113018395395624111e-02
1.114294620402824215e-03
2.153418206452135445e-05
2.828578964010130767e-06
2.651171422765372631e-06
4.655481975469335119e-06
-4.818135452029785850e-06
2.784113665069773142e-06
4.582591781189235324e-06
9.554038886803981811e-07
1.347462415274574831e-07
3.250593709201186538e-09
-1.176686108730906870e-09
-2.217041089123577867e-09
-1.308086390134755399e-09
-5.553560518038257870e-02
1.529188772189063183e-01
-1.560492765312729464e-02
-1.185330457692387743e-03
-5.543835495469552589e-05
-2.082972139741888683e-06
-4.267154924685223349e-06
-8.914266015104813974e-06
-4.408472832674073833e-06
3.363678480553257304e-06
7.173497224165719562e-06
9.461507930266687827e-07
6.875409301773804911e-08
-5.314301225717595848e-09
1.260323375454185526e-09
-4.659649857606662840e-10
-1.515139066357447509e-09
1.780400801226462992e-02
-2.520269502931348372e-03
4.770266889792333133e-03
9.770600322354071332e-04
7.565818078757603066e-05
5.391894974725154832e-06
7.513486195537940397e-07
1.044382185600466159e-05
-4.331415259121222403e-06
-8.478639918794499519e-07
2.129968707301522158e-06
-3.168085439502886042e-08
-1.884363378822151942e-08
-3.620440773029641925e-09
3.157179521902921949e-09
-5.052965645453570336e-10
1.318053980660536972e-09
-2.058083314857987820e-03
-1.386039984993460428e-03
-7.076537797031511468e-04
-3.365506785601553525e-04
-6.872685199238429588e-05
-5.692194516115070606e-06
-2.265240441626352474e-06
5.742192118770864617e-06
7.327769098237044805e-07
-2.587434308845911302e-07
-1.136001083190599796e-06
-2.426277856264308475e-07
9.997145354334832683e-09
3.815603853255115691e-09
-4.473758706457726835e-10
1.896561137478775853e-09
3.501140939834056402e-12
-8.562791003313437838e-06
3.723925414822440070e-04
8.087427206469031439e-05
5.913163818485538494e-05
4.833116673160710617e-05
3.310333534553104658e-06
-1.584175723515654109e-06
-4.216200892987974810e-07
-2.100639811333399842e-07
5.275106975281333844e-07
-1.148816521363967138e-07
-3.132343999915146979e-09
1.900195687290270283e-08
5.476941277542520872e-10
-3.790179689603473499e-09
9.353553747123358582e-11
9.519526477717717019e-10
3.998461335864015231e-05
-7.218921446770409022e-05
-1.795231880818903624e-05
-1.013513169778007399e-05
-2.337707572408764144e-05
-5.386842843585219209e-07
-3.960144385677254896e-07
-3.099979902153631141e-07
1.980430256811207988e-07
-5.556051957484149630e-08
2.017188764652592976e-07
1.071958635197879572e-07
1.307652308772209406e-08
2.853830020383521923e-10
-9.884381706362442350e-10
-8.927001858650709136e-11
1.813639882444936084e-10
1.693203967187840021e-04
-1.316392025312182685e-04
2.738843536796152804e-04
-6.536936506209322967e-05
-5.038732427325164015e-07
6.522111770636929300e-07
-7.315482229884181169e-08
-4.644575651558044307e-07
-1.828055768376960764e-07
-8.313115950626840243e-08
-9.100013398647386714e-08
-3.716998367776896955e-08
-9.460680479756319742e-09
-1.100878817629820809e-09
6.853179023449499371e-10
2.504238717039725950e-10
-2.828955744870093754e-10
-4.743906023459571733e-05
1.451527913202941037e-04
-7.974179781089573793e-05
5.687300018677964427e-05
9.901557768467970775e-06
6.518549092839243556e-07
6.319186495902797175e-07
4.291049601671063032e-07
2.184130658093548398e-07
4.909616858660685650e-08
3.883133038446674407e-08
2.278509394176283079e-08
2.892006044261448776e-09
1.425332721587980392e-09
4.854378214054380101e-10
6.256891500717069693e-11
3.283625291485077907e-11
1.643848525669522274e-05
-1.014863591700315498e-04
5.226136323325850584e-06
-5.633682578130168702e-05
-1.185139646580419927e-05
-2.093856607612205143e-06
-6.082986154332625599e-07
-3.106501782579448817e-07
-1.418425483948308921e-07
-6.067351258674002150e-08
-8.118232493545590710e-09
-1.614450812046134842e-08
-5.258373223101135046e-09
-1.014401021742197804e-09
-4.424328385620924786e-10
-1.483880366046190815e-10
-9.875618112740401790e-12
1.706475510373350592e-05
-6.399183708841403833e-05
6.523930624021708055e-05
-4.354763944477926010e-05
1.638845088002930903e-06
1.905092917080282856e-06
5.201371590167659735e-07
1.827135966767367559e-07
7.252644523698024090e-08
3.708418129669545610e-08
4.269859782206546460e-08
6.657993930507434787e-09
1.104113676503341370e-09
2.143862435700902206e-10
1.448425611746293554e-11
1.318733128355741612e-11
-8.040289233342628841e-12
1.478549781290561273e-06
-1.203171096523667054e-05
2.396452326052028400e-05
-1.509498123735229108e-05
4.627097657464685238e-06
-9.521787805626356682e-07
-2.723032749289307509e-07
-1.043516800189422351e-07
-3.187320532327453097e-08
-1.506131508765533970e-08
-1.489141297764654419e-08
-1.196675941110371019e-08
-8.291477552206072948e-09
-5.967857186522147859e-10
2.795350958156234032e-13
2.922990369213389830e-11
5.114548839937959746e-12
2.929259129258505664e-02
-2.793722289372831472e-02
-1.859802745338361802e-03
-8.127632843347765189e-05
-5.942238991156730877e-06
-5.090145309360766273e-06
-2.881066862098441430e-06
1.018244161963112807e-05
4.903890631150482358e-06
3.906688185814991416e-06
4.582386868415181181e-08
-1.041398731803890142e-07
-2.501398618592895675e-08
1.672803991846672284e-09
9.402380567708263654e-10
3.746906119961356524e-09
5.204351618518763840e-04
4.402642050914280618e-03
9.032263967172450211e-04
7.154564913463754266e-05
2.126816100860873965e-06
4.165402360678867315e-06
-1.738715319275396201e-06
7.129682061574057886e-07
-1.555404539799030338e-06
1.558399275185022908e-06
-1.976559421784008167e-07
-3.477125295947210595e-08
9.237424656102286916e-10
-4.865439603352701761e-10
-2.066983789916321953e-09
1.577345494321957186e-09
-1.171621289661019423e-03
-6.730378773490998650e-04
-3.415696934416472658e-04
-6.661236424407697638e-05
-3.020904972462824720e-06
2.973435407963877321e-06
-9.690636185766885304e-07
8.454593480609733678e-07
-1.267590486642858779e-06
-1.225721916575424694e-06
-2.558576738260230284e-07
2.042423288854844004e-08
1.173184357973275998e-08
1.526831158519037790e-10
-1.635702178585453364e-09
-2.046631100193044447e-09
3.087714201042671852e-04
8.587475921199714179e-05
5.652034165894498558e-05
4.960474440863822806e-05
1.956934440235558010e-06
-3.020654109769478203e-07
-2.019611941226313350e-06
-3.419979316367279319e-07
6.219570397522453526e-07
-7.717263699535507547e-08
1.001436157797914250e-08
2.522684515257843871e-08
-2.853484717736555383e-09
1.995276554673729483e-10
1.429060560220948459e-10
-4.736232932822562260e-10
-6.391755280480394493e-05
-1.671599799225345178e-05
-1.470239428262596016e-05
-2.215188389757817534e-05
-1.239804590376222493e-06
3.176394891398006790e-06
1.930590698762626665e-06
2.461429507301567602e-07
-2.118754316086129502e-08
1.736606947173393494e-07
9.467368460384151276e-08
1.144460631529638219e-08
-1.758363983012441722e-09
5.594061663945786525e-10
-4.076833913455983159e-10
7.620944169860651205e-10
-1.661205095662086613e-04
2.720587074283209363e-04
-6.304487202994209986e-05
-2.359546738075212663e-06
-6.993970177588022977e-07
-1.915797858368562248e-06
-7.585365933025343250e-07
-2.084470068570223598e-07
-8.417701938202758498e-08
-7.620229154831407934e-08
-3.209714292671087334e-08
-1.014302606291582748e-08
-2.215442483902513058e-09
-2.346397374467766118e-10
4.030528067588559572e-10
-2.527961941586986416e-10
1.512290553284080725e-04
-8.061693181942362581e-05
5.678419523906843967e-05
1.123130102114449846e-05
1.855481579256591743e-06
9.992925412707880185e-07
4.936104834693406808e-07
2.243808346036231102e-07
2.821443893419486865e-08
2.905723854980255778e-08
2.160177014482482638e-08
4.225656684369709139e-09
1.785399568710491604e-09
3.896639378469146794e-10
2.665721354497118505e-12
-8.087042623902508377e-11
-1.018720224970272206e-04
5.564697481415293399e-06
-5.651331438819101686e-05
-1.259307273390620143e-05
-2.544958801831362134e-06
-8.145280344187033584e-07
-3.841379080876166436e-07
-1.443763524164706963e-07
-5.655631962804102866e-08
-4.685830648137493187e-09
-1.570229144762854103e-08
-5.844567900047828373e-09
-1.145497417144684928e-09
-3.813298248284790454e-10
-1.344242069666216256e-10
2.944621875491621448e-11
-6.594444679013390632e-05
6.494741787035177862e-05
-4.346034973279758656e-05
2.138569368031124228e-06
2.123545377701381654e-06
6.794596500346174673e-07
2.833584268803337552e-07
1.155694464121873524e-07
4.765136897350814080e-08
4.081081954101260837e-08
2.271106333418378492e-09
-1.518500377802917836e-09
-1.460457660769620742e-10
1.165657746587903642e-10
4.471839028544664229e-11
4.465898373977909842e-11
-1.338049586119812796e-05
2.484243437276754241e-05
-1.631168336316388386e-05
4.323219784743894980e-06
-1.108538005893902418e-06
-4.965105759131377924e-07
-1.959764066496630981e-07
-6.462682192789866603e-08
-2.880781063491671454e-08
-1.932514071895704356e-08
-1.046694537455260189e-08
-3.833984830847065454e-09
-1.004402320149941542e-09
-2.098779915609723203e-10
-3.585406374695145104e-11
1.256839000961883858e-11
-1.024661332106252543e+00
-4.099983315473404444e-02
-1.111906769258742605e-03
-2.027978653338216979e-05
2.430644329487097989e-06
5.632840508011092395e-06
9.571405336222989303e-06
4.207756005653875706e-06
-2.071600875690615706e-06
-4.590587638429545636e-06
-9.528488582182165444e-07
-1.254069620521827886e-07
-1.355640141486840243e-08
4.091065018309262435e-09
-3.695307792622287043e-09
5.223568538118150970e-09
-1.604830039683371179e-01
1.525733347681388317e-02
1.177071399375747987e-03
5.404194902983457642e-05
8.367471828076649934e-07
-2.344612119229386673e-06
-8.468532615426647682e-06
7.770122494477779110e-06
-2.371931892740704232e-06
-6.963124234667630427e-06
-9.404333284040889390e-07
-5.028386610753823008e-08
2.298275091899486992e-09
3.659474279814344294e-09
-1.679306587183799470e-09
2.145083549013437911e-09
8.671410573845716660e-03
-4.313441665698546090e-03
-9.527831805075430644e-04
-7.389312450407671811e-05
4.192944804806816186e-08
-2.353011493340206800e-06
-2.769225778495873217e-06
-2.832467934162354962e-06
1.164249319856853954e-06
-2.216406596428936921e-06
2.157552705923598411e-08
-6.561023980004159582e-09
6.985013148326589866e-09
-6.469105441825069551e-09
-2.283353938944019321e-09
-2.994275034166329776e-09
-7.712837666831514217e-04
3.642698660321828344e-04
3.080215289507867195e-04
6.545520389840222045e-05
6.370255930589213728e-06
1.659431369242125341e-06
-5.008907223012254941e-06
1.505777047344257598e-06
-2.295547551733386003e-07
1.244568682375959614e-06
2.742495940632479174e-07
-8.317795984136960449e-09
-3.154528521817896370e-09
2.090744940775422518e-09
-1.865780282189949659e-09
-1.194417381581587332e-09
2.867903232252872508e-05
1.191118919875933986e-04
-3.735449054198179236e-05
-4.969837070700281872e-05
-4.877197210441488304e-06
1.554057213211683680e-06
-1.533497271566919536e-06
4.791420736073678767e-07
4.003575027216336080e-08
7.442795879640861166e-09
-1.496750165395617985e-09
-1.945621476376622144e-08
-2.829924848266384305e-10
2.229812209923692482e-09
1.339539105609006920e-09
-8.098528684985848218e-11
-3.372987101926302447e-05
-7.463022160838539193e-05
-6.064884317323166276e-07
2.390939175178489925e-05
1.492597477017059844e-06
9.664696943682017808e-07
1.304036630012906268e-06
7.942373087301638136e-08
-1.401058575732869151e-07
-9.134772899522311941e-08
-1.050873680370428466e-07
-9.865299235794606908e-09
-1.273248709961996598e-09
6.930826078114673459e-10
-2.865075576651814058e-10
1.450602729767752341e-11
-2.631738867090724419e-04
-2.791654829730840534e-04
6.951826984125442413e-05
5.058127294587946554e-07
-1.743398399052845879e-06
-4.715384680359173738e-07
5.700077527580757917e-08
-1.739743272590301281e-07
1.619008881432108704e-08
1.390776596324826055e-08
3.569018387782166785e-08
6.209802338574890105e-09
1.348764892360664147e-09
-4.018797470330571377e-10
-3.542696834984698030e-10
4.022227258916154726e-11
1.585798952230061862e-04
1.259692371927488401e-04
-5.501314518065455675e-05
-9.213377788576204388e-06
5.251835208163812655e-07
-3.961521123587322889e-09
-1.511586630871898714e-07
-3.746271887094373490e-09
4.995349150219499675e-09
9.178306316110605926e-09
-2.123986062388808820e-08
-2.221639892849213609e-10
-1.471216329681451920e-09
-2.852675518196194861e-10
-3.591862669362210397e-11
5.722485343836187174e-11
-9.771489994307721943e-05
-6.343524875616034231e-05
4.913530320859454693e-05
1.054776023272318635e-05
1.125802140775817610e-06
8.847125698678389491e-08
6.854563542667841778e-08
4.892981529010202735e-08
3.777720520456045247e-08
-2.139071255069136049e-08
1.434772779955285239e-08
3.334380197650370185e-09
9.179925805731306644e-10
3.020816908785249913e-10
1.110453668858226716e-10
2.148437317269326619e-11
-7.502987487816976345e-05
-7.103440578754127558e-05
4.955516955674263825e-05
-1.730708978064311363e-07
-1.246772144221117139e-06
-1.981530854612228119e-07
-4.630380221464825896e-08
-3.205402470412768085e-08
-2.180500338974606081e-08
-1.835209991437657266e-08
-6.162335138318938525e-09
-9.266243469798437379e-12
-8.311530466382922728e-11
2.583275608112992698e-11
-3.019310685070665435e-11
-1.521385400662951347e-11
-1.446038519581659423e-05
1.968056915485674312e-05
1.371284858967275019e-05
-5.555624158259059497e-06
5.986762747909588316e-07
1.270298340166986457e-07
4.746548922341949381e-08
2.198261364951987043e-08
3.178031223796672252e-09
5.521997381628908123e-09
1.060721590981827615e-08
7.887953971688586593e-09
5.316675404828168314e-10
-3.091921380188017512e-11
-1.470373677854894841e-11
5.032286990787304445e-13
9.665303731964688949e-02
4.107955247895501982e-02
-2.743679770482217173e-02
-1.841614932956369593e-03
-7.558976957777620417e-05
1.304995327976038277e-06
6.223059239805810209e-06
4.461499815225414358e-06
5.638526635814594599e-06
4.922403527567300596e-06
4.019182406350987068e-06
4.756250852178841805e-08
-9.326956556324727472e-08
-1.454484863388831609e-08
-5.632940731928299801e-09
5.586794296341204607e-10
-2.357499388652995669e-10
-1.648311910272400385e-02
-5.173436887350250576e-03
3.969233680252593800e-03
8.809688400569402281e-04
6.891585031943464243e-05
1.900606272036677320e-06
-2.951716751707168257e-06
-3.323689303505743777e-06
6.598862665494462288e-06
-1.936731242422372619e-06
1.644978338015638038e-06
-1.850959074946442774e-07
-3.833026608643060521e-08
7.746348191381719844e-09
-3.222496421208102831e-09
-4.398462144711873419e-10
-2.363684842123355988e-09
1.916116142220285288e-03
9.974817077748338989e-04
-3.315240595448809406e-04
-3.163025353068819596e-04
-6.840423975479874167e-05
-6.472555319336683630e-06
-1.269214990260434484e-06
-4.245411089091779338e-06
-7.692063406200843409e-07
-5.940267849782851626e-07
-1.289287616975754063e-06
-2.455003293721283052e-07
1.138366777612409788e-08
8.245855245640729256e-09
6.777755838692744904e-10
-1.471156076844083272e-09
-1.504149660890939287e-10
2.341655662994752884e-05
-8.443583090255606972e-05
-1.183421821015042720e-04
3.524935044385191685e-05
4.878401297129572855e-05
6.751531533618868108e-06
4.914370620971936060e-06
5.387805443294505787e-07
-6.599195192635527114e-07
-3.379394899782071493e-08
-1.671163743924118811e-08
3.925570934201761454e-10
3.156054190030614126e-08
-1.828970261688088132e-09
1.008841157097870322e-09
-5.839013655688796118e-10
2.077853411753362654e-11
-3.833839877677956020e-05
4.469408016566563270e-05
7.527134048693902258e-05
3.193400161420028547e-07
-2.608838560410448897e-05
-4.825610490312949611e-06
7.298772758361755034e-07
6.794635161418670270e-07
1.099626814340563504e-08
2.365136766123990625e-07
9.987039499781658443e-08
9.257637350295875181e-08
8.262089535033289522e-09
-1.620025223155823951e-09
5.077175619653860655e-10
5.475952504455044716e-10
7.244177858562213716e-11
-1.680229768105851481e-04
2.237285071930828850e-04
2.769429486549149504e-04
-6.869105520804508213e-05
2.978883946699481473e-06
2.277454729845388648e-06
-7.803196531384664881e-07
-2.327986207103561777e-07
9.547604970109326647e-08
-6.730711318421678326e-08
-1.674544037661773836e-08
-3.105257808204428427e-08
-7.197193447310744326e-09
-2.080356754143641170e-09
-2.034273308357951676e-10
-1.270926929776357192e-10
1.018339841465806678e-10
5.039886128712635046e-05
-1.498807849041906284e-04
-1.261156749483620875e-04
5.403749807680749764e-05
7.399338259457799721e-06
-3.617765031048742938e-07
1.214073053679388215e-07
1.672357661229826998e-07
5.108537466583108383e-08
3.123240850868585059e-09
-1.202974467949753165e-08
2.031542542028765691e-08
1.250225054182035140e-09
1.341887094691242418e-09
2.915931803050800541e-10
2.656301524196338189e-11
-6.916110253766390825e-11
-1.797212863615627542e-05
9.632443189374449038e-05
6.365554098396777319e-05
-4.861190498841798477e-05
-1.004611910152302674e-05
-1.135245857323076958e-06
-1.463225255534517547e-07
-1.211764475667135669e-07
-6.698567739142839863e-08
-4.160685054165000987e-08
1.903787972104863425e-08
-1.452505408725938377e-08
-3.210568050843383641e-09
-7.604097058036400785e-10
-3.016409420009765829e-10
-6.744205004944502746e-11
-2.123752264172144605e-11
-1.628330031636286246e-05
7.334371338172381656e-05
7.104203320978277176e-05
-4.940012390746520183e-05
1.612882291897621063e-07
1.249265719444815856e-06
2.521444701213937928e-07
1.133954511820646883e-07
6.721236098869084542e-08
3.076864510116802548e-08
2.152718997234526347e-08
2.582273357190158131e-09
-3.367845249807473963e-09
-3.816116028955097331e-10
5.187242844490670207e-12
6.332807443537699220e-11
8.184939260135735689e-12
-9.428702346181285668e-07
1.364882537604566971e-05
-2.317100596784868794e-05
-1.551691232781795936e-05
5.829454220416814113e-06
-5.024591649878113573e-07
-2.195517396782993113e-07
-8.520899358986366606e-08
-3.571175172015826350e-08
-6.933657341552588605e-09
2.480585569993841565e-09
-8.652498975078719611e-09
-2.401271969629190450e-09
-7.897311282540181718e-10
-1.164671402169306130e-10
-2.826852131541887193e-11
3.293710140802199301e-12
-1.465346045582435475e-01
-3.891663703781412988e-03
-8.039956058071604341e-05
-1.438342347326425948e-07
2.036601315747307118e-07
-3.400495806568293062e-07
-4.276822676930016722e-06
-2.895961012383527960e-06
-3.096753227387976658e-06
-1.328583938151111148e-06
-1.687560959584466646e-07
-7.595162830750968797e-09
-5.433061730914109960e-10
-4.700323173262775065e-09
1.803912386253450929e-10
8.751830240093556809e-10
5.784896879219032090e-02
4.298960846792447901e-03
1.807724363882821147e-04
6.154436437320317193e-06
-1.974120575500231367e-07
-4.588288596856580070e-07
-5.980067548843822003e-06
8.589722582402987009e-06
-5.047492113074182336e-06
-1.473757936758713735e-06
-1.232687606694041492e-07
-1.287039303694309878e-08
7.106524552749683377e-09
-1.436403700529943251e-09
1.182117609666479899e-09
-1.683990682676047385e-09
-1.854762188015392221e-02
-3.395561351172305276e-03
-2.780876288539023780e-04
-9.851495531637491845e-06
-1.044591922150711351e-06
5.611894960424379534e-06
3.690143846023602635e-06
4.549296659093560358e-06
1.586304083923395771e-06
-1.401503527866936560e-07
2.305772520047835904e-09
-1.952741489882267218e-08
3.367823824105904237e-09
5.143960789618228532e-09
-6.348169267908641599e-10
-6.045187898269503872e-10
1.920022290922578090e-03
1.212119253052420381e-03
2.076100654241747035e-04
1.661355756082371482e-05
-3.035636550017697928e-07
8.656837744085020060e-07
-4.198536566255396095e-06
-2.704115710987026423e-06
2.155793817182978266e-06
4.268124663519867583e-07
-1.064186314507906497e-08
5.633004533691621878e-09
-9.052476911743323092e-09
3.287196174597683341e-09
-3.242751083336418575e-09
2.176648820078018478e-09
3.084734592172571829e-04
-2.048036431042134752e-04
-1.401586783340125588e-04
-1.441458677986489055e-05
-3.678683133293035011e-06
4.471798197197383378e-07
1.861071249206612782e-06
3.891878920533924399e-07
-3.757179900582923243e-07
-2.341963303210369161e-07
-8.734478331910322772e-09
1.098209841632026383e-08
-1.291850453333733475e-09
1.344991176486179884e-10
-1.025830529079995088e-09
1.851659022310481065e-10
1.642066466871628443e-05
3.858769461152713223e-05
7.398136550588571190e-05
1.062377112955390663e-05
-2.863373332096226556e-06
-2.439802932085898847e-06
-5.240109044938029918e-07
5.614350771908274563e-08
-1.926273378070780324e-07
-5.854293842613604571e-08
-1.386628445958440981e-08
-4.734726380769265407e-09
6.090073187378588730e-10
-1.389703161189486013e-09
1.144787059028622024e-09
-7.530395414731245417e-10
5.129793958193885461e-04
2.275173079215821908e-04
-1.726436689600045657e-06
-3.785727666045951335e-06
3.732265231602378082e-06
2.076780278069693442e-06
4.921297628675081527e-07
9.395523611110916870e-08
9.534675269907499269e-08
6.800838436336825299e-08
2.729148904843237086e-08
2.996422711826145705e-09
1.104913692706318202e-09
5.872752188630019589e-10
-2.627739724112939298e-11
1.795814505654378534e-10
-1.183528683173854364e-04
-1.856203759492307324e-04
-2.794456584194855169e-05
-1.680625378490806674e-06
-2.101205059257005178e-06
-1.232408168495277562e-06
-4.831106932515688006e-07
-1.736127383049717345e-07
-4.259433353879493902e-08
-2.233575971231590881e-08
-1.705889771237677221e-08
-2.361903498050864445e-09
-1.380511428944511317e-09
-1.885970964407513026e-10
-1.194573367250310000e-10
8.118268753646668529e-12
3.071629008663276323e-05
1.586328970226722824e-04
3.606263216141695132e-05
5.122688484169978589e-06
1.447062940264299597e-06
7.314286668261972178e-07
3.509047136053760843e-07
1.036229033878787863e-07
2.978318142473814746e-08
2.397511932101593423e-08
1.428647948278340716e-08
1.944904610100411285e-09
1.287762961582344668e-09
1.813377508241828301e-10
2.512832066303005887e-11
-3.364648126493701197e-11
7.500668743241607848e-05
1.802409950408394334e-04
1.171038145757485342e-06
-4.737772243565267420e-06
-1.153336243930596248e-06
-4.734764003097117664e-07
-2.161476263431159781e-07
-7.632751527018832434e-08
-2.151635734124562034e-09
-2.279002941985097187e-08
-9.461135526950989934e-09
-8.327612767567087164e-10
-3.980228846937656564e-10
-1.147680302012376061e-10
-4.446374651328154335e-11
-4.636935777908681079e-12
-9.590515158615803591e-07
-6.281543912951419216e-05
-2.136060313592392420e-05
1.488916639691088416e-06
7.243832137644511397e-07
2.125376484908420278e-07
1.067935613601421094e-07
4.852653734673306568e-08
1.603162934951561729e-08
4.240710004149950172e-09
1.366849756737662712e-08
1.031069874084840250e-09
1.439890306846496972e-10
3.782015914102414825e-11
1.642126709696418041e-11
2.692378628669595076e-11
-2.109887870075546623e-01
-1.032125719281007242e-01
-6.625894779858811437e-03
-2.732544337845316338e-04
-1.135627251130567887e-05
-9.318932643944346001e-07
3.187918795974913003e-06
-3.080997713778378263e-06
5.032679771281222033e-07
3.627063121102569251e-06
4.236746374141624973e-07
-1.699469689049100165e-07
-2.756382951853146104e-08
7.348957395972930561e-09
6.455007101021239801e-10
6.000869383114834115e-10
3.100729303597474749e-09
5.455404116887496713e-03
1.700132661250349300e-02
3.161419062790398263e-03
2.601388627982657029e-04
9.568359790905463594e-06
2.813456885224794945e-06
9.296633008815126433e-06
9.909114750674896008e-07
-1.083390314924313576e-06
-2.588498917911327896e-06
-2.103759865710430964e-07
-6.612595565686752733e-08
-8.703335678368788296e-09
1.890125605275639463e-09
1.407827160812558594e-09
-2.392713163161738779e-09
2.040915166268798217e-10
5.326643912868988997e-04
-1.773846127279729654e-03
-1.211220728060919544e-03
-2.080647492718056706e-04
-1.675438077477968025e-05
-3.136096726444596701e-06
4.602435687269653510e-06
-2.696420388593549423e-06
2.300168231546312611e-06
-2.383231503357433437e-06
-4.216513224806177158e-07
6.340447799060951979e-09
1.366798351925538830e-08
-5.867388646819016906e-09
1.386220832811947731e-09
2.134371100705627333e-10
-8.120468718160870476e-10
-1.953381146429840223e-04
-3.382715379539670856e-04
2.090775895772473516e-04
1.388448396855197927e-04
1.386878367018032860e-05
-1.428753655707685760e-06
-1.119673012360492339e-06
6.634297322119677049e-07
-6.621762605077011226e-07
3.875423868949997490e-07
2.225737146312590727e-07
-1.026536754373392502e-08
-3.123099723774039765e-09
-1.335417843238346772e-09
3.195702825895822446e-10
6.059771494049684861e-10
5.413734634068931445e-10
1.827873617100474765e-05
-1.040911072889824197e-05
-3.376313971175228732e-05
-7.312258631816180945e-05
-6.683149256219899461e-06
-5.106312597956168047e-07
-3.955845432288990220e-07
1.017801826917060577e-07
-7.816410767244390783e-08
2.290207217137319216e-07
8.725212552251067946e-08
2.978320200529223963e-08
2.852722315465494362e-09
1.759112584672227175e-09
3.817950510570946768e-10
-1.844644847700408684e-10
-1.135639812290026495e-10
-5.000437505936975574e-05
-5.176319502387666379e-04
-2.315814078933352011e-04
1.153481783526504337e-07
3.584303372436043757e-06
4.800151061165593714e-07
-4.745655172453699707e-07
-1.861012925834942434e-07
-4.001923516385689709e-08
-1.290942569810118609e-07
-9.523627971207749017e-08
-3.289508746803804307e-08
-3.305447353618581804e-09
-7.438953461832011442e-10
-2.373688424986380899e-10
-2.732615242450129873e-10
-1.546999570748919639e-10
4.841283471181904980e-07
1.179488825378298335e-04
1.870217416432091366e-04
2.874542327951397149e-05
3.676670566505686553e-07
3.856164997745863123e-07
7.494447308778737594e-07
3.081691441416498536e-07
1.533715976254076227e-07
6.437714685498745507e-08
3.535086246843659526e-08
1.865679737470064905e-08
3.027920366592994242e-09
7.156711103483079230e-10
3.504117157411986480e-11
8.877921048513239380e-11
1.278026009964117516e-10
3.724206482962792140e-06
-3.055501127844981445e-05
-1.592160317149583792e-04
-3.610052652618561041e-05
-4.226721716109191987e-06
-8.400515556544834432e-07
-6.318416861728628544e-07
-2.901018650877386630e-07
-1.152559956231779731e-07
-4.660773792443678507e-08
-2.997991030881431483e-08
-1.481585603496283558e-08
-2.311984649986027209e-09
-9.879152518592201265e-10
-1.646460540649398350e-10
-1.269355485449194186e-11
1.259740468184668449e-11
-5.720043759781223037e-06
-7.484186562015420678e-05
-1.797867145122598539e-04
-1.312869442710504011e-06
4.115339003100763397e-06
1.002546869986410113e-06
4.738522790369744505e-07
2.400151459172845550e-07
1.053844275667561901e-07
2.032948870410949436e-08
3.378439747166917581e-08
5.265991470734167527e-09
-5.253456776331541742e-11
5.870196603690569087e-10
1.499425065869769661e-10
4.692792975642521770e-11
-1.421796779822843943e-11
-5.172298503961994147e-07
1.334807026481840182e-06
6.263834582145641071e-05
2.291310307730679035e-05
-1.231687141446228648e-06
-9.277579268516259682e-07
-3.394949245692728436e-07
-1.649214301331906598e-07
-9.408547956559010619e-08
-4.941410360617152332e-08
-1.928471999119825934e-08
-1.265206658444642314e-08
-1.542513598013333844e-09
-4.776996668528428732e-10
-6.790544675653219819e-11
-2.586846748992895094e-11
-3.061179748196715109e-11
