1.293684969311604815e-01
1.030711767237341814e+00
4.161032274030036088e-02
1.167228986447660074e-03
2.659525303234335753e-05
3.977747241002774666e-06
3.186499603477133072e-06
3.928923184582048022e-06
-4.834616996029556028e-06
2.765695616463892657e-06
4.361627166536857486e-06
9.120443966341718914e-07
1.362918357909651870e-07
7.230776496861832520e-09
9.494644788032341056e-10
-2.244362528237912347e-09
-1.461409619484340347e-09
-5.226591943935388757e-02
1.428144697779400729e-01
-1.468144743611695877e-02
-1.145302962608922212e-03
-5.543716961872924347e-05
-1.641790482859028086e-06
-4.785990664910794639e-06
-7.798423162083949973e-06
-3.970507052366284254e-06
3.474282256910767449e-06
6.352022986768447424e-06
8.553846829430593957e-07
6.534429818672378271e-08
-4.930226766159857979e-09
6.947303594123408969e-10
-1.209969813952188359e-10
-1.624073412601273386e-09
1.566751458961755314e-02
-2.182773554277620594e-03
4.211662338271091391e-03
8.784709941142800549e-04
7.039498778307448266e-05
3.326572311403178029e-06
5.471298298388081033e-08
8.113389711522204869e-06
-2.758536374957410611e-06
-7.898414444113375503e-07
1.862034890650220668e-06
-2.508845872077697873e-08
-1.462905370944991025e-08
-1.039729657518460542e-08
-2.777785145746164230e-10
-4.733766052947346331e-10
1.178776374684461429e-09
-1.681256691327164248e-03
-1.106902849557035934e-03
-5.828806178737608659e-04
-2.798118547058888904e-04
-5.955501798312148355e-05
-2.225204598615010132e-06
-1.806338892869345507e-06
3.446908333289082638e-06
5.203598529511813405e-07
-4.682842219885261687e-07
-8.087203532319816926e-07
-1.545709849530810319e-07
7.131731720369955651e-09
2.162183835289807169e-09
1.917981398658479630e-10
9.797770535448938809e-10
3.428219018918526856e-10
7.848712803084706901e-05
2.178436117204905135e-04
1.262646119942486633e-04
5.127527630133613281e-05
3.892350536039327578e-05
3.658233395629366327e-06
-1.362075879928996208e-06
5.392148416874007940e-08
-2.434684606470939115e-07
3.263917379818887460e-07
-1.207078961499804889e-07
-2.465989927622670656e-08
9.931578032561821223e-09
5.490555047005826404e-10
-1.874488809952450019e-09
3.695104234234300372e-11
5.825125422020807605e-10
3.078316391345939780e-05
-7.721380431067675714e-05
-7.202372066934134996e-06
-1.224495505815443856e-05
-1.612603808040842608e-05
-1.051038944359328106e-06
-2.110685205612369119e-07
-2.347765885502336609e-07
1.111952100254800132e-07
3.715509237121250716e-08
1.790443070217294129e-07
8.432557009174886060e-08
1.172999186852892152e-08
1.098616159152479361e-09
-7.030279996410587090e-10
-4.287872664198479261e-11
1.407290532316521674e-10
1.253226995756225601e-04
-9.037561123192172662e-05
1.985776708880758804e-04
-4.589778312377737832e-05
-1.770458138518020371e-06
1.874575078075287816e-07
-1.432063989928670927e-07
-4.095468620232510116e-07
-1.326374651884553193e-07
-7.907295920817614066e-08
-6.881461156486982440e-08
-2.514670794264125783e-08
-6.751496669073724344e-09
-1.329013450553489510e-09
2.723734466789535668e-10
1.115633105113503351e-10
-1.725700700008316332e-10
-3.459122915385409665e-05
9.836401570675808734e-05
-5.780581113762305181e-05
3.972127279560248777e-05
7.394063145501130629e-06
8.303836845841055805e-07
5.028236914389876833e-07
3.274294447603472340e-07
1.672253662422601789e-07
5.156192550988641287e-08
2.743171154758045727e-08
1.643204298772954156e-08
2.707323415137788983e-09
1.190587635015595696e-09
2.999532228280299663e-10
8.838665445212298869e-11
8.346884811807598153e-12
1.267080002592184488e-05
-6.969394196811189482e-05
8.925511348390415705e-06
-3.969382597551616076e-05
-8.145436589807308406e-06
-1.575150025744751658e-06
-4.600949029739693908e-07
-2.244382143564864914e-07
-1.080145697119508357e-07
-4.566670667804722745e-08
-1.305644043139901439e-08
-1.088119107153053575e-08
-3.885827842735099067e-09
-8.307376174972521608e-10
-2.418926796122900817e-10
-9.472789603203607747e-11
-2.427045554107558090e-12
1.054476957356405521e-05
-3.857602011393193451e-05
4.048393048129822458e-05
-2.626362070781141207e-05
1.184689855702207048e-06
1.266182149281078976e-06
3.797405788309327203e-07
1.274370031256813615e-07
5.802446350377262965e-08
2.618843860969613189e-08
2.612735468690516035e-08
4.485167093252497944e-09
3.943129376380169585e-10
2.292298664228887791e-10
3.801159175832796656e-11
7.893039269278264521e-12
-1.724959786654227444e-12
7.491753522089239750e-07
-7.026588587213567485e-06
1.399350339325914789e-05
-9.547770379813503680e-06
2.683864965051182082e-06
-5.835069075686690872e-07
-1.965361067239006887e-07
-7.250086311355636151e-08
-2.547098302993558509e-08
-1.018943135126275950e-08
-7.623099848495979910e-09
-6.563987394806940462e-09
-4.593824612945071338e-09
-3.611981294670217307e-10
-4.010973721972542175e-11
1.412007260622268135e-11
-2.854121970839279791e-12
2.728025109424210559e-02
-2.630553752267691253e-02
-1.792517923673420934e-03
-8.018339377428996401e-05
-6.922716045853363976e-06
-5.259938595652372661e-06
-1.736150366787977753e-06
8.205857001353578499e-06
4.269877198557109726e-06
3.211118109964294488e-06
-3.760905838507841107e-09
-6.749342594080620534e-08
-2.912610858775608292e-08
5.033094575606076319e-09
-1.219628283838445187e-10
2.359307534267058910e-09
5.081193915123536969e-04
3.890830952073261444e-03
8.124849968267992004e-04
6.776042801798394521e-05
1.456815046369100662e-06
1.662980898110930778e-06
-2.076185711321474061e-06
8.586366799098097234e-07
-1.264103322755030217e-06
1.355970035807943071e-06
-1.298877772533077604e-07
-2.032386974133148588e-08
-3.352607104557983108e-09
7.038841689769645445e-10
-2.198519500255375284e-09
1.366266950465843241e-09
-9.570157871977478213e-04
-5.579253720839699943e-04
-2.878136996018608082e-04
-5.739063575445391455e-05
-2.650367254310073007e-06
3.358357931350664304e-06
3.725223426120498631e-08
1.178255609628697947e-06
-1.258418811491667729e-06
-8.633957199975243354e-07
-1.558677663878674258e-07
1.285081310753444281e-08
1.081971186577020027e-08
5.754044456506933040e-10
-1.052259477576429878e-09
-1.356289494853530717e-09
1.950296118876245182e-04
1.343319928231387090e-04
4.806078543710327986e-05
3.805656077892915514e-05
1.706887612545672045e-06
-9.694564701304035346e-07
-1.198921342478605580e-06
-2.921868410789712111e-07
3.975259442340189948e-07
-7.422797034630346980e-08
-1.519502331084224065e-08
1.674780982930236803e-08
-1.732586209447310570e-09
-1.276252409901459934e-10
3.191704191818979578e-10
-6.408246000295103756e-10
-6.303203901614470102e-05
-5.900365896818698248e-06
-1.499803553722379444e-05
-1.469505625054569889e-05
-6.526985324346086711e-07
2.455620907470191771e-06
1.444436717865456534e-06
1.530192153175268052e-07
5.668108002352978993e-08
1.520897374561374656e-07
7.231255837145013107e-08
1.123150461220451243e-08
-2.821994975123925641e-10
2.675742791782183714e-10
-3.908292365991708949e-10
5.058560183443745343e-10
-1.153307301225154068e-04
1.967049154821023905e-04
-4.455209118298451940e-05
-3.060928595651740461e-06
-1.018240385699277908e-06
-1.422900711046915144e-06
-6.699355252357390582e-07
-1.685425929597169743e-07
-7.868306339429492959e-08
-5.773002826854487783e-08
-2.017751215190405025e-08
-7.136907496477562148e-09
-1.950434165439842640e-09
-1.673555690151396014e-10
1.708584446192715818e-10
-7.072542699238868564e-11
1.029058187060279443e-04
-5.810265946070928688e-05
3.978933740845123701e-05
8.243543731808850673e-06
1.680945147263141001e-06
8.079984293789294546e-07
4.064598194843475012e-07
1.784131396657072267e-07
3.573679967739311580e-08
1.942182432412786789e-08
1.473947396656986882e-08
3.048990293837186723e-09
1.439647833652372297e-09
2.417466035601125329e-10
8.306164011320274157e-11
-6.643019605512050523e-11
-7.033842136136763486e-05
9.033897303008865979e-06
-3.987270646234831794e-05
-8.646576406587844788e-06
-1.895564970727530459e-06
-6.218143812901378922e-07
-2.775891423808765147e-07
-1.108270449360224979e-07
-4.033120604976512964e-08
-9.648490983698052651e-09
-1.035720093863856516e-08
-4.099765412496765087e-09
-9.417644826243121401e-10
-2.275883005853007362e-10
-9.342779097183909352e-11
1.432751016338162014e-11
-3.983573314887755917e-05
4.033188305042830917e-05
-2.619690064168463890e-05
1.494352218910814670e-06
1.420874418262909050e-06
4.815630455447914350e-07
1.895928368694334049e-07
8.181183179991786522e-08
3.065077602821361765e-08
2.509018124906714612e-08
2.089865796753690650e-09
-7.657215394810747086e-10
7.635578692281413522e-11
8.341398626987858308e-11
1.986588184677640367e-11
2.284239003831292062e-11
-7.807240561307956237e-06
1.447051696057839337e-05
-1.021332484333907038e-05
2.486151912500521574e-06
-6.832064359117597373e-07
-3.355956702203917031e-07
-1.329059140524698445e-07
-4.743633140141085760e-08
-2.018788545757568325e-08
-9.985769447805772081e-09
-5.707907960494204848e-09
-2.316263068283470619e-09
-5.756564842807189067e-10
-1.378587058048615201e-10
-2.707667109844299346e-11
4.586590250571403171e-12
-1.023360445698498822e+00
-4.145769029674193501e-02
-1.162120550776953552e-03
-2.287413423009544786e-05
2.700195229040014210e-06
6.469042234075070750e-06
8.799253515813519044e-06
4.287901257820480862e-06
-2.255836243353556144e-06
-4.354000938032329513e-06
-9.166192791884080697e-07
-1.332466643297427538e-07
-1.326341249536590113e-08
2.963454812054706158e-10
-2.668008268883503165e-09
4.295509568429811572e-09
-1.501037423630562084e-01
1.433435386936137042e-02
1.135620877111612670e-03
5.315903665538870268e-05
1.199885807620908413e-06
-1.839836603554721932e-06
-8.070554196241061913e-06
6.832979456278049222e-06
-2.391853902306360157e-06
-6.145639775956228249e-06
-8.445158278034780344e-07
-4.833930955723324663e-08
2.464111840389703409e-09
4.120095095024930849e-09
-1.467400108484729808e-09
1.793987188601710131e-09
7.696604669430981253e-03
-3.788323097604863552e-03
-8.564355428741259784e-04
-7.214092383513836376e-05
-4.054426615688096716e-06
-1.890372821705984301e-06
-1.869552326559891666e-06
-2.524967958891479295e-06
1.065783603985313986e-06
-1.935192211438868026e-06
1.284192162707133506e-08
-4.104093144957718549e-09
1.060546992290260845e-08
-2.727637452052388455e-09
-1.410847767066938663e-09
-2.684780790661281590e-09
-6.891655821933287494e-04
2.855148204964709003e-04
2.579106681886889790e-04
5.628835453948167632e-05
4.615487970431212919e-06
1.771633777114595649e-06
-2.475964427313184836e-06
1.031717453358309021e-06
1.793816709297423316e-07
8.913048022510385387e-07
1.885138306778985021e-07
-6.691595273613741324e-09
-1.478666930360260521e-09
4.540765834717254345e-10
-1.040519086668702675e-09
-1.148885910258687428e-09
1.309319807555287484e-04
3.445314909405433981e-05
-3.483692603559232064e-05
-3.934546034697176150e-05
-4.064779410854465751e-06
1.326965001545514154e-06
-1.244459085621588594e-06
4.232249732862484195e-07
-3.056129106568888235e-08
4.235240380622407155e-08
1.391916001847809999e-08
-1.079090648544504785e-08
-7.157925102392030351e-10
1.269391891508851305e-09
7.663348193212121210e-10
1.177858951937607802e-10
-3.746943753560184849e-05
-6.143240467763473578e-05
4.039404165140777293e-06
1.685793181286952483e-05
1.452025854597680643e-06
6.984835829795303030e-07
7.600009792810887111e-07
9.136631264418140007e-08
-1.030059575591313906e-07
-9.668144081222296223e-08
-7.760357759651274777e-08
-8.850065805359886484e-09
-1.313954763022402468e-09
4.233124493981307869e-10
-6.433140682046864585e-11
3.956925111853795387e-11
-1.816001727261074201e-04
-2.036171992266123520e-04
4.823273821403269016e-05
1.252299070148247361e-06
-1.100577571480266148e-06
-3.657257350927067174e-07
9.973912607260038282e-08
-1.251129343934656924e-07
8.297703496370252762e-09
1.626067707704617852e-08
2.097586242771378100e-08
4.312870049406728107e-09
1.211795603776285605e-09
-8.904230642791941082e-11
-2.864627230975931600e-10
-2.303068746554360060e-12
1.086173461344246778e-04
8.985070936329512951e-05
-3.757789767386888232e-05
-6.553601921151009782e-06
9.227635658347117418e-08
6.588875680793749991e-09
-8.341845087671534161e-08
-3.794174648700322420e-09
-5.126779608495864774e-09
4.645566172819997897e-09
-1.368611602520698733e-08
-8.542160110198774886e-10
-1.110418331751856850e-09
-2.152769965049880025e-10
-3.106027444992695187e-11
1.697866521777373407e-11
-6.869128015471061125e-05
-4.828073043733801384e-05
3.442048135092172652e-05
7.068086984852690640e-06
8.829494829291810369e-07
7.950410943636172174e-08
4.409924224590438591e-08
3.500545941293429136e-08
2.154875390772666025e-08
-6.741908789083030714e-09
8.680460681292887182e-09
2.610508057847542825e-09
7.297385754796609085e-10
1.642071580453258739e-10
7.460898155214069487e-11
2.409181627183870321e-11
-4.563451411184924026e-05
-4.371625701770998431e-05
3.021077128039320082e-05
-1.311719413939675201e-07
-8.131833296060272837e-07
-1.476853754789383413e-07
-3.437613408811082814e-08
-2.569946910532720165e-08
-1.218932766045938804e-08
-1.158870031440170664e-08
-3.512086240431872464e-09
2.762365490878905369e-10
-1.031393513952793699e-10
-8.693903763913178798e-12
-1.301055066613724857e-11
-6.777864619943544884e-12
-8.452467556569066815e-06
1.213337927983962359e-05
8.711527038999717813e-06
-3.291648065618187660e-06
3.464789345200064045e-07
9.229966619756958002e-08
3.405854539489166816e-08
1.483220980469620620e-08
3.055966780905307276e-09
2.890696830704422148e-09
5.552553006933595756e-09
4.348536358637743419e-09
2.954974466471415983e-10
2.105268748205051494e-11
-1.215674485572539173e-11
2.527347584918535765e-13
9.101526003255752673e-02
3.860714764949795680e-02
-2.580736444740783925e-02
-1.775154901381574123e-03
-7.788624452461769617e-05
-6.147279471438938150e-07
4.403349535843750331e-06
3.488146984281609949e-06
4.559885887739366913e-06
4.028001680211063216e-06
3.393046592033597123e-06
-1.753717367130684585e-08
-5.035691728913140326e-08
-2.434069012676254350e-08
-4.857715104663252150e-10
-6.337486885311111397e-10
-4.494556604156287573e-10
-1.450324429913802705e-02
-4.599075706992124778e-03
3.487063861097501778e-03
7.903702245853831514e-04
6.670954186151967149e-05
2.314946631143685926e-06
-2.824664865213997112e-06
-1.526508363428130546e-06
5.093648309820679675e-06
-1.567258237793662914e-06
1.403683553203120782e-06
-1.221932156885004875e-07
-2.003730798919318798e-08
5.955870834302850450e-10
2.930129356140149272e-10
-1.856267415456642374e-09
-1.348538431108987413e-09
1.570720789848710800e-03
8.522933709041558654e-04
-2.624060378216548466e-04
-2.655562316363183246e-04
-6.127391332128652749e-05
-6.005821347600522422e-06
-1.620690744593663040e-06
-3.704842994980233095e-06
6.409833642642384527e-08
-7.505681216845704830e-07
-9.097311349083925615e-07
-1.487569478570864933e-07
7.290849813424319790e-09
8.858863694469882042e-09
8.579778399287103308e-10
-6.353793177705066115e-10
-3.216283701624777057e-11
-8.767419857541811361e-05
-1.457217884071252258e-04
-3.082040952991046457e-05
3.055111043294405905e-05
3.938995147016227980e-05
5.511630326315844173e-06
3.873245679766402008e-06
6.866059902833362705e-07
-5.089836885371654583e-07
-3.523267803343499704e-09
-4.328224717431577341e-08
-1.734004591642160129e-08
1.991985212762191303e-08
-4.110006993029751124e-10
2.922426308234975876e-10
-5.240705932874618122e-10
2.496191878471715604e-11
-2.757171743150342390e-05
5.094383752753102137e-05
6.156323986367051788e-05
-4.145218908556537188e-06
-1.839238268975287218e-05
-3.709444015114817124e-06
2.669426726093567048e-07
6.302652444725905427e-07
-2.029012033258388874e-09
1.805426859352563782e-07
1.036073628942389128e-07
6.668953113857397111e-08
8.267672507513762736e-09
-8.229488705190734824e-10
2.545775157170610123e-10
2.596188384652582228e-10
2.713721580895024585e-12
-1.245896601856172565e-04
1.536122984479610255e-04
2.022385346080365887e-04
-4.735643215814551714e-05
8.940242615257166693e-07
1.536653549105502819e-06
-3.877223192073440587e-07
-2.414421939332494508e-07
4.270939578096575280e-08
-4.986385680163177890e-08
-1.986414329466042945e-08
-1.732452283830913766e-08
-4.536909073719315048e-09
-1.452694283987318176e-09
-1.891074196913490481e-10
-1.893815720738379922e-11
5.394042156674122701e-11
3.636740011622344404e-05
-1.024299719602857797e-04
-9.003800276465309747e-05
3.683237216492834658e-05
5.470795768427464594e-06
-5.969374268940793314e-08
8.899694132991142892e-08
1.209565602092521388e-07
4.714938674779393667e-08
1.339779033940410299e-08
-6.741056912028434189e-09
1.275247991534620851e-08
8.976332776251382628e-10
9.887212747001907310e-10
2.176652630431054370e-10
4.042667299241834196e-11
-1.775488530796666958e-11
-1.359285931670918101e-05
6.746317015583362447e-05
4.847584352210845094e-05
-3.407238718354644962e-05
-6.776902057488350512e-06
-8.714896976749575057e-07
-1.379853535821352625e-07
-8.502249271882048494e-08
-5.153491604870776036e-08
-2.532741732711364186e-08
6.179564280766478945e-09
-8.587365701755239381e-09
-2.401003717574988418e-09
-6.373294721983877056e-10
-1.728645526559516171e-10
-5.659575210667777481e-11
-1.599524953134568684e-11
-1.001975189480484770e-05
4.449344987166390367e-05
4.363283745758511585e-05
-3.015573292882704718e-05
1.209705756866308460e-07
8.194523892644779177e-07
1.855661767377927611e-07
7.883508320566324001e-08
4.755255955994167543e-08
1.706683889765008890e-08
1.343861600923468947e-08
1.412141158017042769e-09
-1.852229087168726615e-09
-1.336172368262920982e-10
1.774002718484755800e-11
2.773959517150066321e-11
5.134609572601435754e-12
-4.717525398947769365e-07
7.965981527071216048e-06
-1.405631770027360079e-05
-9.715297745773612709e-06
3.433094631060017270e-06
-2.821878782470642570e-07
-1.469854822729123120e-07
-6.029287109591515672e-08
-2.214787754143092903e-08
-5.327132942624352765e-09
8.304513188871954196e-10
-4.251743307599662176e-09
-1.466367766714919991e-09
-4.201488078287469638e-10
-8.927310913663447925e-11
-1.942619238612241693e-11
-1.573375455560981076e-12
-1.482441712747322171e-01
-4.085552407345142099e-03
-9.153946593544237459e-05
-5.513145029517081180e-07
5.821963871918106458e-07
-8.939756755558985082e-07
-3.585909624637639222e-06
-2.231746651412202745e-06
-3.045691615542800827e-06
-1.170892894184747773e-06
-2.078477649862593163e-07
3.493604691691592230e-09
-5.644888568350753205e-09
-1.987919836441558348e-09
2.188940673635823349e-10
6.024992073709411854e-10
5.451833450314182844e-02
4.132557445319839408e-03
1.818276069184326851e-04
7.787514566482061786e-06
8.001752841784433735e-07
-2.990451638042149531e-07
-5.477009156416542006e-06
6.499826229939782388e-06
-3.904117744673566123e-06
-1.418332270769666438e-06
-1.122646877656358828e-07
-9.026109089418373998e-09
3.436601250598374481e-09
4.185386956711206979e-10
1.238335345150038239e-10
-1.133392872031466783e-09
-1.634457702225976250e-02
-3.049853027200326566e-03
-2.602597418470227659e-04
-1.036103152616396758e-05
-2.257232938670656931e-07
5.030161349686776863e-06
3.896274675732299799e-06
4.916772605971791292e-06
1.018079738132570633e-06
-1.891244027027644121e-07
1.584844679265356498e-08
-2.341501527130440787e-08
5.314317263815126250e-09
2.874123698448216965e-09
-7.567738727776986945e-10
-3.553119816391453585e-10
1.558293748463848282e-03
1.017752066308506235e-03
1.821403360248027782e-04
1.390260579908539030e-05
-1.697048277494909191e-06
2.543092921110020049e-07
-4.079323979126287435e-06
-1.663892396386094149e-06
1.658271174466800396e-06
2.906214177302746397e-07
8.392218890143503031e-09
-1.117209701774966453e-09
-4.800630575386254855e-09
9.152731416644016595e-10
-1.461558464284826832e-09
1.437478711343777575e-09
2.096668259389159895e-05
-1.759633476659144857e-04
-1.109651794785037471e-04
-1.144992803948089704e-05
-1.590930606939392937e-06
3.817786020318112545e-07
1.970984112367503268e-06
-1.015533020118227467e-07
-2.707637352630212200e-07
-1.000794256720220558e-07
-1.040318571016074606e-08
1.215737198022651255e-08
-5.552003757512712004e-10
8.658504479298796031e-10
-8.906180372288500572e-10
2.880757760930576572e-10
6.452799217994585547e-05
4.691469621768662955e-05
5.201062287648146380e-05
7.478090716424891439e-06
-2.289883079246763581e-06
-2.073187657922945650e-06
-5.773875022582274719e-07
2.010640928729546991e-08
-1.474547510480629946e-07
-6.626485099337387989e-08
-1.180659570675064210e-08
-4.919049428379963907e-09
-1.526430266151528484e-10
-1.046178752910964603e-09
6.438954126313634211e-10
-6.204142426944544031e-10
3.549576823685040780e-04
1.553042701136563117e-04
1.668122460643086168e-06
-1.754545773919679168e-06
2.572679580261801358e-06
1.749365733002363891e-06
4.441957714869581089e-07
1.267755831381149880e-07
9.916329674376138108e-08
4.900923473009193669e-08
1.782258101827027134e-08
2.968924732378852223e-09
9.539009117406879701e-10
3.392893285053075742e-10
2.148398926410885175e-11
7.855404762916198100e-11
-8.154425034042622213e-05
-1.266815234683852450e-04
-2.009583386294563876e-05
-1.996682639052904514e-06
-1.553389684587461693e-06
-9.864322442842679231e-07
-3.855932801688553700e-07
-1.382518220436374721e-07
-4.274171872832756225e-08
-1.786511239993951416e-08
-1.075821632279703043e-08
-2.375661688800729068e-09
-9.972655499501998378e-10
-1.364357704291419969e-10
-9.439455721573489175e-11
5.353744357511106694e-11
2.599464439398402327e-05
1.124231958547984480e-04
2.445912893097418092e-05
3.815308518164397561e-06
1.119744192475623035e-06
5.472640064232407823e-07
2.701157500689181753e-07
8.036757260990413273e-08
2.591343659210717035e-08
1.725670997437075218e-08
8.869045714921940758e-09
1.996747872632233031e-09
8.150603866070207838e-10
1.687424430176541525e-10
3.250135008722034216e-11
-2.531727928772332719e-11
4.628934238324559219e-05
1.101132372792901773e-04
3.996049404878310281e-07
-3.082460446173983967e-06
-8.351480342802760282e-07
-3.299921508071260183e-07
-1.602283365030988438e-07
-5.460514077371596230e-08
-1.260295193691032920e-08
-1.501782036055645981e-08
-4.922493484270298219e-09
-8.534584961356270437e-10
-2.464354189557612462e-10
-9.795159847344868850e-11
-1.758794901701692377e-11
-1.074327478585208220e-11
-7.665513890435993810e-07
-3.790041009574606450e-05
-1.266757851103198750e-05
8.555975920603953137e-07
4.705308483061006318e-07
1.454785098698940961e-07
7.342116113536025350e-08
3.074763821114930171e-08
1.487083627397526876e-08
4.288446527887165300e-09
7.283886340982233542e-09
7.278586904445729385e-10
1.016519842322662809e-10
2.048966957955289179e-11
2.475519219088230528e-12
1.639485137257404178e-11
-1.975407493725833685e-01
-9.719464702256613853e-02
-6.362291932947011265e-03
-2.748001404966438988e-04
-1.084750669435150157e-05
6.594676190054760222e-07
5.519147107633924659e-06
-1.932241517815854333e-08
-2.463935677911570890e-07
2.541152661212109364e-06
3.602926663756535419e-07
-1.508561145161978138e-07
-2.861181683730953440e-08
-6.780534875834602756e-10
3.056798414046594213e-09
9.707858519599238479e-10
1.990457576610829421e-09
4.777025387668866474e-03
1.497739520882145764e-02
2.842575696191582645e-03
2.443352277386134875e-04
1.126213225339614305e-05
1.739116115379207241e-06
5.323351418498153087e-06
9.527683038479849190e-07
-1.679359771674153563e-06
-1.893711653994369454e-06
-1.896686478531201421e-07
-4.382637065976832609e-08
-9.259097609510917789e-09
2.635480033573577422e-09
6.374971137043032457e-10
-1.247880763195519589e-09
1.610691722375738001e-10
4.349687080057486332e-04
-1.440989409969162943e-03
-1.013773996126657003e-03
-1.817757000807473748e-04
-1.194471188442642061e-05
-3.609778981581392011e-06
1.993186117371566003e-06
-2.315312810337451336e-06
1.389614902043064063e-06
-1.848545175103520595e-06
-2.464276980305997843e-07
-2.315477354977763168e-09
1.702578566219941689e-08
-1.952433376064864643e-09
8.856919960917269974e-10
-1.137617942905566946e-10
-6.596754899208179398e-10
-5.476935316026236995e-05
-3.053825500151968779e-05
1.824369793199927888e-04
1.104641435955838876e-04
1.089829162044218339e-05
-1.396181964453173509e-06
2.354330320027491231e-07
4.160121101203561375e-07
-3.497126974118620039e-08
2.709424060854973439e-07
9.161574354940638682e-08
-1.242470474130173241e-08
-5.257529186612821589e-09
-1.318483724335224440e-09
1.810925335742399483e-10
2.137423629901829984e-10
3.017482442587727135e-10
8.299766528322128592e-06
-5.848065191620008897e-05
-4.420299911691832336e-05
-5.216793298457160928e-05
-5.629577452577929108e-06
-1.679354595132242495e-08
-2.447906195453451487e-07
1.581192892032792293e-07
-7.717771179921023648e-08
1.839119575074981646e-07
9.045556304535329635e-08
2.434586921168056094e-08
4.307137653304708301e-09
1.016869685473742640e-09
4.051458530929627401e-10
-9.602666081620078623e-11
1.148784353912989291e-10
-3.360127111320717345e-05
-3.579127650223522142e-04
-1.580352480854351708e-04
-2.354006700062312813e-06
2.089726834801442050e-06
1.061029589512442979e-07
-5.275767211063154267e-07
-1.660796963415022153e-07
-7.834709233871899571e-08
-1.262206857521815605e-07
-7.199186303462278246e-08
-2.185939493253803866e-08
-3.871731373615957938e-09
-5.494593401069212000e-10
-1.930210699134889085e-10
-1.067846442099397941e-10
-1.516638740331739459e-10
8.997892212360470312e-07
8.130193812838033070e-05
1.276298856196828751e-04
2.045606479579482352e-05
1.048437774264359203e-06
4.447431040679334527e-07
5.866837711999232055e-07
2.420145958064209204e-07
1.222005494187695706e-07
5.890133002671713155e-08
2.888279123512174560e-08
1.259067001356635504e-08
2.947041353902539495e-09
5.812906782642933116e-10
4.393185852516231777e-11
5.022986356717109117e-11
5.460956318909372625e-11
1.808872285201938479e-06
-2.589770522995538587e-05
-1.127564109764880054e-04
-2.440820923059093948e-05
-3.272119486626871868e-06
-6.921847099541136121e-07
-4.471563783614993471e-07
-2.186182952481923968e-07
-8.583144935679011345e-08
-3.813694671779865090e-08
-2.177036758884533422e-08
-9.968957201124285081e-09
-2.275374639768659257e-09
-6.138680589642092064e-10
-1.458764540365642778e-10
-1.894659388513175946e-11
1.539758560325255365e-11
-3.681290454955830210e-06
-4.622535656325681076e-05
-1.098995896938888657e-04
-4.865556936365179736e-07
2.710528223010179349e-06
7.162863854057467608e-07
3.227964089301561005e-07
1.681750540583897326e-07
7.105434722316232805e-08
2.367186675521339997e-08
2.026395470025207084e-08
3.442550095888907701e-09
5.647116375006742678e-10
3.065801197248256587e-10
1.108059731103245792e-10
1.984405206923623460e-11
-1.799456628075487768e-12
-2.836531634825586021e-07
9.903215500232789015e-07
3.783197738936751710e-05
1.349645808265694315e-05
-6.700689354444464646e-07
-5.859695114836180389e-07
-2.247647203622854195e-07
-1.086955099782055961e-07
-5.832975418408640615e-08
-3.299478328999983379e-08
-1.300421451304510386e-08
-7.112109847755122512e-09
-1.071504133410300503e-09
-2.726790953794683143e-10
-3.844188407617276894e-11
-1.226995254708474581e-11
-1.474600595530492634e-11
