1.304890370658455534e-01
1.030069270848966489e+00
4.193220819395931942e-02
1.202384121624207585e-03
2.909134059141382981e-05
3.961336802682244349e-06
3.275039469656678713e-06
3.880428929020615464e-06
-4.439559239186349654e-06
2.466830612942531588e-06
4.103124882393207085e-06
8.823566621634697711e-07
1.331116491887571680e-07
7.686925068568864430e-09
8.577521357186452709e-10
-1.865081879567523542e-09
-1.178160184089390044e-09
-4.991840830949646063e-02
1.356988889696240652e-01
-1.401936363450167512e-02
-1.113948077833894950e-03
-5.514783489136437534e-05
-2.063605028915244144e-06
-4.339293278314104036e-06
-7.180468762506124299e-06
-3.387137142377500552e-06
2.992638357030637669e-06
5.791691497455571516e-06
7.982845684124857478e-07
6.158053233761997123e-08
-3.792031837505413226e-09
3.848845294483748443e-10
1.496439998318445811e-11
-1.335286564932517312e-09
1.422947890316236808e-02
-1.962821417221028136e-03
3.834577034135088890e-03
8.086919143948149112e-04
6.742020587191040898e-05
3.044219142082241595e-06
9.345489390714549350e-08
7.032857795168551444e-06
-2.169771179692886631e-06
-6.893095085002139157e-07
1.669418925343578369e-06
-1.726333743948335771e-08
-1.293842576554597685e-08
-9.797597648887759128e-09
-5.473637668055508994e-10
-6.200862861430384652e-10
9.411061148980704955e-10
-1.443926581871548881e-03
-9.470113484554426586e-04
-5.042689340274679900e-04
-2.439691989715497887e-04
-5.267116943570245881e-05
-1.954315958433306210e-06
-1.446322541410030812e-06
2.620887511614790790e-06
3.985281415379782482e-07
-3.421644235271351705e-07
-6.568625211660199464e-07
-1.180925217391319019e-07
7.501842846529243100e-09
1.426291628495620130e-09
1.033392592682481399e-10
7.285219835344083544e-10
3.193828215263361932e-10
1.215511085871193468e-04
1.281863689877282798e-04
1.445452250542224835e-04
4.507198525383153263e-05
3.230721928261673050e-05
2.994855879578042439e-06
-1.074796282582934561e-06
7.897156696865375076e-08
-2.201665940001038393e-07
2.374357875684811641e-07
-1.213475513733737857e-07
-2.656962165025708279e-08
7.012913641852248898e-09
4.004358919672360440e-10
-1.254143687346709484e-09
4.742246533810185277e-11
4.427649816340460152e-10
2.744307977075681460e-05
-7.853627780702917963e-05
1.089137736370260300e-06
-1.276996779497536393e-05
-1.253480699352475988e-05
-7.416558405702599911e-07
-1.070475253886465269e-07
-1.349534045865386190e-07
1.062772826332780651e-07
3.889055756335091450e-08
1.496256484693868939e-07
7.196715563697762214e-08
1.006372267108891355e-08
1.136564502644676578e-09
-4.926091833503774926e-10
-2.988024024900110111e-11
1.012137056913611022e-10
1.083937025607365336e-04
-7.456939386881115245e-05
1.703353531176907967e-04
-3.940928108006731768e-05
-1.959892816482775593e-06
-2.498142499646077901e-08
-1.892063003403935405e-07
-3.531405968737773665e-07
-1.210630602726691266e-07
-6.520690840171514916e-08
-5.158898456803536346e-08
-1.738483637592439604e-08
-5.338827078771086383e-09
-1.179126058537864037e-09
1.302308100272063465e-10
6.649585409315134275e-11
-1.229459544032628043e-10
-2.832325902879648580e-05
7.964801990909000881e-05
-4.732474257978704503e-05
3.276453088809861889e-05
6.138174626114950012e-06
7.774002815972476162e-07
4.311818942432509899e-07
2.637406351988351926e-07
1.371685621025585920e-07
4.391157203502866930e-08
2.078407290008244453e-08
1.280638448928753872e-08
2.163473165380137169e-09
9.413661895120529938e-10
2.297396512756592431e-10
6.958524324285168722e-11
4.085934175518954987e-12
1.051784825551971034e-05
-5.485874298671494017e-05
9.308110646420571924e-06
-3.162807216494002856e-05
-6.438619953890098988e-06
-1.253137660790734418e-06
-3.675447271593971108e-07
-1.762635532474337449e-07
-8.367493111184293281e-08
-3.480236745205711387e-08
-1.188239597728051068e-08
-8.723848583720990200e-09
-3.070493557510302937e-09
-6.373752323463142216e-10
-1.691797126318173986e-10
-6.285009017824914538e-11
-1.259582369447471306e-12
7.506536725589593549e-06
-2.703255528366340537e-05
2.920712172839617880e-05
-1.842867739469521775e-05
9.730109252409749138e-07
9.507084274315748598e-07
2.879112633935664648e-07
9.892030467723475660e-08
4.422284469295627267e-08
1.943934020453807048e-08
1.824854328579843566e-08
3.444603048704921382e-09
2.454823071327678478e-10
1.816904328528782050e-10
3.228843481637447353e-11
6.696286828619303446e-12
-2.328428147237688049e-13
4.977611228278218416e-07
-4.799353444253845026e-06
9.607957984200824955e-06
-6.915260430182215762e-06
1.839305237305955875e-06
-4.132423037664684700e-07
-1.448596564885888907e-07
-5.250473369556240312e-08
-1.886605059684229880e-08
-7.337786187696350731e-09
-5.012290232454616135e-09
-4.085982504703631402e-09
-3.050703440848805432e-09
-2.461889361675645727e-10
-3.335455008492504646e-11
6.184009247137609337e-12
-2.243988564698959484e-12
2.587037415128089907e-02
-2.513432804886410465e-02
-1.740132505851452009e-03
-8.012771985382167973e-05
-6.208018223777897521e-06
-4.321664984122947350e-06
-1.325882455113330967e-06
6.929886566551530364e-06
3.748162766993664298e-06
2.818650387364555283e-06
-3.757861367877360032e-09
-6.048893426865757447e-08
-2.482508339313167029e-08
4.571120217242072281e-09
1.144228488186132381e-10
1.545852940019578185e-09
4.939682681558818424e-04
3.542415213123736688e-03
7.494166956972179690e-04
6.446393056881853146e-05
1.251235749762947098e-06
1.255476288295251172e-06
-1.793714283314830405e-06
6.111414159385686773e-07
-1.015535027777483667e-06
1.215698798837372054e-06
-1.067882569261286377e-07
-1.772183333585776300e-08
-2.955020553615262109e-09
2.266017399435001465e-10
-1.536882971654224086e-09
9.459392960438938736e-10
-8.218151749814818236e-04
-4.837588998404942033e-04
-2.507227347635616150e-04
-5.139983947893881050e-05
-2.063583413220510098e-06
3.108255798428762061e-06
4.162659284493174216e-07
1.148588002366236078e-06
-1.001439063382955019e-06
-7.016246744535241177e-07
-1.228036331532740110e-07
1.056672300089816658e-08
8.773274918859572539e-09
3.306289175750205367e-10
-7.604609919555971847e-10
-9.988631292180968626e-10
1.350217610673103087e-04
1.529810061311010297e-04
4.269715475492106454e-05
3.160982905658460233e-05
1.118069203281032747e-06
-1.152926914538137201e-06
-1.115304517276804135e-06
-2.635627672798441654e-07
2.803990780449429198e-07
-7.989671605264896684e-08
-1.678173810073648047e-08
1.289033203860115577e-08
-1.506177074374113130e-09
-1.259583246592497770e-10
2.145629558000404418e-10
-4.974050787962143374e-10
-6.517931517154179914e-05
2.588053589930634609e-06
-1.498040167675283220e-05
-1.125712201771637632e-05
-1.798557956210686876e-07
2.135115109073029662e-06
1.207975805946656857e-06
1.477420286651593259e-07
5.066087425415346570e-08
1.249787941381351563e-07
6.136781880332030213e-08
9.501080094747293161e-09
1.337720868074635957e-10
2.185026915124098041e-10
-2.853198168647654769e-10
3.422020385663536262e-10
-9.611474642387371383e-05
1.687431370877993443e-04
-3.842490663819575616e-05
-3.027949079982484632e-06
-1.051390156072622147e-06
-1.200751142101427129e-06
-5.632257534956617582e-07
-1.558991788227848250e-07
-6.432308276481928684e-08
-4.205143748570915391e-08
-1.307742164035618229e-08
-5.484309814944974043e-09
-1.581145490803760683e-09
-1.818308230056120559e-10
1.080108190723431337e-10
-4.290407544067477985e-11
8.353656942438264033e-05
-4.749513637492587005e-05
3.285370172212358328e-05
6.798696800270281494e-06
1.442022276465675251e-06
6.736128724955211533e-07
3.371719334894918352e-07
1.469644014113768144e-07
3.149985776544453835e-08
1.409744181462836387e-08
1.110220930343801538e-08
2.217250882253016403e-09
1.090213095419910727e-09
2.044583641973928463e-10
6.400577585791200513e-11
-4.030502742079627024e-11
-5.559859603970124296e-05
9.347625283993647152e-06
-3.177908423615554188e-05
-6.809354193327149258e-06
-1.496242559667750670e-06
-4.960243764495299234e-07
-2.171040588554016940e-07
-8.590560838335321120e-08
-3.026962769459771767e-08
-8.905533835242801683e-09
-8.073256375772589151e-09
-3.121489202823914266e-09
-7.081200491167440346e-10
-1.683468837474807098e-10
-6.569824996889466257e-11
7.900618666537586053e-12
-2.795265170342496901e-05
2.911386398812308094e-05
-1.837264070096635438e-05
1.185372455368774261e-06
1.064664496281802259e-06
3.586714515673470530e-07
1.402913603338364676e-07
5.968075604722148313e-08
2.170534717830810128e-08
1.730093702745429358e-08
1.911614875514431979e-09
-4.787923748442402261e-10
8.624832189990871617e-11
5.993183396549984013e-11
1.242495975410677994e-11
1.347604441318488669e-11
-5.344407485199535518e-06
9.903385959992183385e-06
-7.358358325019593619e-06
1.702966644312238537e-06
-4.810311020038509168e-07
-2.371836769732635980e-07
-9.346156374366576764e-08
-3.331200302252279639e-08
-1.392457648894746374e-08
-6.736952696733576276e-09
-3.569613105168660595e-09
-1.547337072178564326e-09
-3.764321363176704986e-10
-8.992531386508781401e-11
-1.799297526050471963e-11
3.482834442400701565e-12
-1.022493502623868178e+00
-4.176369592902380579e-02
-1.196982096322455084e-03
-2.531493577008548556e-05
2.776354020672491935e-06
6.149178380698916805e-06
7.983258160330342136e-06
4.000893887171929529e-06
-2.035249094634215085e-06
-4.094471624273220553e-06
-8.858512772590370034e-07
-1.312034636776018987e-07
-1.331608580162511789e-08
-1.216749604391529002e-10
-2.343554561950562488e-09
3.473064184108211545e-09
-1.427729199169864294e-01
1.367491433149639612e-02
1.103592704895892769e-03
5.294630135237961196e-05
1.409922837431886624e-06
-1.578462903436336539e-06
-7.607083022360773367e-06
6.013502647490682873e-06
-1.947173791774938663e-06
-5.593598659489012039e-06
-7.865062783279851510e-07
-4.604437416543573076e-08
1.935521666237677910e-09
3.801343116210331031e-09
-1.203773505045522304e-09
1.448707558143774179e-09
7.030790876650149478e-03
-3.435723135612997296e-03
-7.880894760208779441e-04
-6.930522344967209687e-05
-4.145839126003814214e-06
-1.693530788742480969e-06
-1.193452970134920447e-06
-2.312774528093998254e-06
9.340237641401025224e-07
-1.734045729861118905e-06
2.137332607242981319e-09
-3.824273230741569678e-09
9.743176039979531409e-09
-1.843076348760166776e-09
-1.022668914603877857e-09
-2.106401312813574957e-09
-6.157828626729111273e-04
2.393978077561214289e-04
2.246353953828255940e-04
5.039834833526522171e-05
3.926516001530588568e-06
1.357893454436803377e-06
-1.790275775664777650e-06
9.035904352634623419e-07
1.164516727379740580e-07
7.339276796008451566e-07
1.505878452494461126e-07
-7.133577206020424425e-09
-1.006746214986036835e-09
2.026872221300168552e-10
-7.168054639446482235e-10
-9.895159060425031383e-10
1.834702920434923116e-04
-9.057353770137863613e-06
-3.166044991940676943e-05
-3.303795588860692489e-05
-3.241369605904549201e-06
1.055857181807959871e-06
-1.050639147533129703e-06
3.363665180450933959e-07
-1.792832657224795977e-08
5.289506264581691368e-08
1.593185933462704749e-08
-8.002814003292313698e-09
-5.816639589283359172e-10
8.201544037202368045e-10
5.301157414031466511e-10
6.283970719741841962e-11
-4.397842713451723405e-05
-5.670560203874264340e-05
6.532566656845623587e-06
1.334684390368562274e-05
1.136259731864638489e-06
5.421352911739598949e-07
5.616097946018661476e-07
7.967325927065757408e-08
-7.479186357067308744e-08
-8.043455428324186389e-08
-6.529945780711600150e-08
-7.599561384782594223e-09
-1.265072188034651632e-09
2.819834038223162977e-10
-4.202112915167762064e-11
5.211637141419373673e-11
-1.526194611388863233e-04
-1.757550911650449551e-04
4.078272860558531960e-05
1.373874381121450142e-06
-7.767153602025575923e-07
-2.584121660381774340e-07
8.779922707711760561e-08
-9.367698745602602645e-08
3.756364670771604790e-09
9.731079502698274853e-09
1.330597076182598609e-08
3.425275714991949075e-09
1.080817321627603225e-09
-8.195241896325193190e-12
-1.936034699092900383e-10
6.408708007049444135e-13
8.862604622325166823e-05
7.364509960060485361e-05
-3.070784093463612406e-05
-5.355063106390109051e-06
-2.738978992625906687e-08
-1.406440923617452144e-08
-6.143947578527610692e-08
-5.332728189948242535e-09
-9.222672141916908330e-09
3.987824663253360973e-09
-1.028135670611672346e-08
-7.466366119331281363e-10
-8.630592531730816674e-10
-1.721157031700848811e-10
-3.110563758044435672e-11
5.804728221799140842e-12
-5.501627084795466990e-05
-4.033878212876234860e-05
2.742613257313053135e-05
5.548819689587404520e-06
7.158538061317409765e-07
7.304231972974570353e-08
3.666445732545458263e-08
2.573548080550517771e-08
1.677586752304633374e-08
-3.065035555137298897e-09
6.873603262562120778e-09
2.118178304443286372e-09
5.562246030339915598e-10
1.150472586250732470e-10
5.210863342191910465e-11
1.505287367056241629e-11
-3.221267872896266379e-05
-3.104032037369202002e-05
2.138985312238821888e-05
-1.693812670834156348e-07
-6.105863460094776072e-07
-1.161151715209213080e-07
-2.909421895494060601e-08
-1.973139845452406113e-08
-8.682033465958831454e-09
-7.554248782761348490e-09
-2.671491635502920218e-09
2.371947473666737762e-10
-8.989863889102720404e-11
-1.176471809130538795e-11
-9.174917393425323690e-12
-3.034360229913397642e-12
-5.791337086612969786e-06
8.584817800286409514e-06
6.318820828540332612e-06
-2.277296021394622124e-06
2.432987099580036240e-07
7.052205445200821199e-08
2.461413328116562922e-08
1.105436647976436167e-08
2.712879616026175747e-09
1.659132927690266534e-09
3.391211245776997613e-09
2.881307496357411200e-09
1.975855829146303362e-10
1.922333607336619562e-11
-6.181296937084750662e-12
-6.639228665827773059e-14
8.696098496061739624e-02
3.683934880380339977e-02
-2.464002863403773683e-02
-1.722730929770964654e-03
-7.855948338168704487e-05
-1.499362378608353777e-06
3.859875650545299973e-06
3.009253002968358678e-06
3.441741175421952832e-06
3.519715019132925626e-06
2.994092008682123755e-06
-1.313830845835484825e-08
-4.334741341078796421e-08
-2.151687795281304937e-08
4.809761248063948445e-11
-4.393432386039770136e-10
-5.091174274081922191e-10
-1.317022153297574445e-02
-4.205399168316572775e-03
3.162897913676660389e-03
7.281448875544299214e-04
6.356704337288111579e-05
2.557272856146966846e-06
-1.994661503106476642e-06
-1.018270143601534067e-06
4.203035912499836758e-06
-1.294522303426193062e-06
1.247853086658868619e-06
-1.010160558859785266e-07
-1.656912716184990590e-08
5.371565755605283729e-10
9.403034881088442217e-11
-1.483479550458933236e-09
-1.151717002161878205e-09
1.354318445431435198e-03
7.542599000168666605e-04
-2.203998900214916210e-04
-2.312597309692300670e-04
-5.487531183076480842e-05
-5.570542509473467072e-06
-1.602479595298470800e-06
-2.948650184588491343e-06
1.885710100048913355e-07
-5.790858631281255462e-07
-7.391035516810946512e-07
-1.174870597883701724e-07
5.795332119032246264e-09
7.327999990379710315e-09
5.563917032757981833e-10
-4.194510930415409205e-10
5.074411409696831106e-12
-1.367101729022668420e-04
-1.716920987471902025e-04
1.328263614690209531e-05
2.831872504934910054e-05
3.338969143608877890e-05
4.894392344051901376e-06
3.024775014451396169e-06
4.896192074549252443e-07
-4.008567407963182630e-07
-3.549717023300795560e-08
-5.692412430127672247e-08
-1.801861319905739116e-08
1.551414104245242883e-08
-3.343130412942132526e-10
2.264469048433327360e-10
-4.045725500995636627e-10
-5.094936746466015670e-12
-2.541472493196601638e-05
5.721670257674060301e-05
5.753534103613072910e-05
-6.723254030582354602e-06
-1.481197640423637151e-05
-3.031322901679030795e-06
2.724226716409217216e-07
5.177226595668653289e-07
4.187677555124676203e-10
1.394050143741194918e-07
8.591470253868148488e-08
5.629949593631137369e-08
7.049421239369598609e-09
-4.257579478996926311e-10
1.846657586471901318e-10
1.981976587474306853e-10
-3.339943340377510442e-12
-1.076073240976194981e-04
1.285437418092255700e-04
1.744593302830115434e-04
-4.002266631512674873e-05
3.463833289035537196e-07
1.125274006341906110e-06
-3.110492641186616393e-07
-1.950846166933127061e-07
2.109995155934433243e-08
-3.845184467819540087e-08
-1.298346711426794031e-08
-1.044181328150596883e-08
-3.426148152466480980e-09
-1.121423869891612574e-09
-1.774291749211205966e-10
-2.701548866625255379e-11
3.746690144908033091e-11
2.964354848944941964e-05
-8.347344293209983017e-05
-7.373186706433244473e-05
3.012669784711507475e-05
4.549320720850662054e-06
4.241946006772200327e-08
8.716377337280510998e-08
1.010082506584301896e-07
4.090952215067532954e-08
1.635788685710258083e-08
-5.443766220297153287e-09
9.399700197701258645e-09
5.567496469390755885e-10
7.209001912111735496e-10
1.712591126879299421e-10
3.644961243684074717e-11
-7.733541528511297947e-12
-1.115863987985011245e-05
5.384717584564413848e-05
4.045169220207859071e-05
-2.716873003336163099e-05
-5.337715720179666706e-06
-7.068520337807283954e-07
-1.260896712291793327e-07
-6.887406136034587620e-08
-3.943505986032145592e-08
-1.991747279743446701e-08
2.904411892571131956e-09
-6.644648158411438797e-09
-1.879559629568671919e-09
-4.758299161153249812e-10
-1.229004974714305805e-10
-4.194619746344544127e-11
-1.153115258631255282e-11
-7.121983483976854372e-06
3.137612122502899688e-05
3.097279771079654862e-05
-2.136904314721902473e-05
1.595694477620916607e-07
6.209361943562808624e-07
1.437826005356457582e-07
5.977559304145185817e-08
3.537565675080253480e-08
1.204607347322415471e-08
8.679818044662706140e-09
1.401615568905799157e-09
-1.227620004537977718e-09
-6.821962997451869254e-11
1.454002579542908333e-11
1.796501874348829428e-11
2.503296083944119183e-12
-3.083337978480299231e-07
5.438249965565757619e-06
-9.864248877653868452e-06
-6.983194352588605904e-06
2.367264598755242832e-06
-2.001881624444933217e-07
-1.068026198448702616e-07
-4.333810480096258116e-08
-1.617839106225984314e-08
-4.435145072281574329e-09
4.774152009445751312e-10
-2.631265329744810886e-09
-9.800504922979423312e-10
-2.653545307064478485e-10
-5.753157711750368768e-11
-1.274566747189404536e-11
-6.359282202963454716e-13
-1.493954999527594141e-01
-4.218783472122647656e-03
-9.915946556459707766e-05
-1.185290906283425429e-06
5.446651933366492206e-07
-4.853072726782319334e-07
-2.797873703692381604e-06
-1.991233071660558955e-06
-2.723672515416742117e-06
-1.137413617602544785e-06
-2.069192950608453805e-07
1.511013113265860986e-09
-5.602388387875338817e-09
-1.473310242065274761e-09
2.374873666184179233e-10
4.769053989547408105e-10
5.212157322717311109e-02
4.004349654964284994e-03
1.820265054297042829e-04
7.992123231286863154e-06
8.350084673736345529e-07
-5.269325457508992487e-07
-5.004429975846899005e-06
5.588518204832812442e-06
-3.317354417226526598e-06
-1.333122807498879146e-06
-1.049791163138061992e-07
-9.110865466696325292e-09
3.056374420560343424e-09
2.003916791245768500e-10
1.738311749426834101e-10
-9.004286657329725061e-10
-1.485577500977031812e-02
-2.807915139039053511e-03
-2.452449933613764306e-04
-1.011057250892400625e-05
-3.596106204694403777e-07
4.208887322018336586e-06
3.579345991656999672e-06
4.443234451361012863e-06
8.128672648137551671e-07
-1.782453320342428477e-07
1.555836252592712678e-08
-2.046830085263217390e-08
4.937689985110393841e-09
2.243495826513218436e-09
-7.054497077481962343e-10
-2.379423133662281079e-10
1.334388448465922972e-03
8.886498974182155137e-04
1.634663486841593418e-04
1.234400087781974621e-05
-1.656981711680653036e-06
-2.653907124930050033e-07
-3.643009611431250652e-06
-1.370182235114831686e-06
1.401932821963909541e-06
2.368212744806246143e-07
1.005433425327146465e-08
-1.552034427461022413e-09
-4.013410660836087841e-09
5.200356060776168431e-10
-1.096778205482949377e-09
1.040787422573408067e-09
-1.223511830202666747e-04
-1.576358408748420778e-04
-9.348058079840336888e-05
-9.463467169487299667e-06
-6.990581472868792753e-07
7.681349469822183783e-07
1.734301006591905044e-06
-4.358652759392287619e-08
-1.940444157877086757e-07
-6.717143237254546381e-08
-7.739348836251745577e-09
1.005159248822251517e-08
-3.758097099728073870e-10
7.577511944180890298e-10
-6.559043423044286933e-10
2.292922162967903652e-10
9.444469599247385099e-05
5.219935590106777147e-05
4.176927843110034570e-05
5.692160791343121263e-06
-2.216355854223901537e-06
-1.868009021369795902e-06
-5.368622799827956656e-07
-3.159140069138056805e-08
-1.320182455280197723e-07
-6.056960053917829048e-08
-1.059857855249196925e-08
-4.220815743014184482e-09
-2.028608416420040819e-10
-8.204972906348733565e-10
4.344403322531659278e-10
-4.429566461770555581e-10
3.005386015387368328e-04
1.306823338604923594e-04
2.537653092847137511e-06
-9.449171018515856824e-07
2.178404328335912304e-06
1.449368164450978100e-06
3.987580542148493118e-07
1.183479983709167745e-07
8.424351003367882985e-08
3.704570908307853619e-08
1.350953923984076069e-08
2.559676547713942170e-09
8.350069210536087163e-10
2.817537473290874552e-10
2.510830172627328839e-11
4.007138707440544181e-11
-6.625761280075303909e-05
-1.037145398226473476e-04
-1.659587297288033701e-05
-1.866751125974178642e-06
-1.282573719907087445e-06
-7.962786049420383851e-07
-3.189170644981614541e-07
-1.123772428644268007e-07
-3.469190200050467191e-08
-1.241616054596570535e-08
-7.917455042073522910e-09
-1.904367632071029160e-09
-8.049827771378858276e-10
-1.250070291138776970e-10
-6.951952151275329729e-11
3.885246990361861255e-11
2.274491802684381134e-05
9.018726277400896871e-05
1.926903702009887131e-05
3.043936443455645644e-06
8.990872905176013489e-07
4.317718689007149384e-07
2.101554496538070823e-07
6.530948037544000868e-08
1.960530529228999731e-08
1.334980701559629039e-08
6.546791530970457274e-09
1.538161510185116297e-09
6.075876819494535375e-10
1.352855142280849087e-10
2.547806214025332419e-11
-1.409543679639549357e-11
3.322543260465094872e-05
7.814269966852796056e-05
-7.731355190320323484e-08
-2.307449816460496661e-06
-6.386516919584982589e-07
-2.499520214129756355e-07
-1.197372008386351380e-07
-4.134172812457189134e-08
-1.076049067121490148e-08
-1.067520375056915740e-08
-3.545816024183474754e-09
-6.344898707730896054e-10
-1.834134303213644169e-10
-7.362835243562038835e-11
-1.256766100906559130e-11
-7.441010313793948166e-12
-6.614668045474250127e-07
-2.663057578319898283e-05
-8.772964327144761732e-06
6.165738310278734142e-07
3.392629764244655518e-07
1.067624230730131540e-07
5.236510379341732586e-08
2.160129273171101268e-08
1.064734152942071234e-08
3.324836316867334272e-09
4.810814468960248150e-09
5.357353419152964620e-10
7.584846497816783533e-11
1.398671889168294872e-11
1.154091627304068492e-12
9.663069785553137350e-12
-1.880173056206501936e-01
-9.286784211302871739e-02
-6.159669586894380745e-03
-2.737298552556723347e-04
-1.132184784661991280e-05
5.702513614401693809e-07
5.131484861528418063e-06
4.397646766094499829e-07
-6.525233058654856068e-07
2.120554058354515975e-06
3.377955500310331414e-07
-1.384818733243504071e-07
-2.551196746103564233e-08
-7.267640812138094410e-10
2.284200087196585869e-09
7.378754506206179353e-10
1.566818519699454675e-09
4.323679549675617934e-03
1.361284626927953233e-02
2.616878112191437563e-03
2.315470177838462788e-04
1.099007734389383883e-05
1.518337413466924598e-06
4.306032499340143217e-06
1.038719267288774934e-06
-1.460796486803535069e-06
-1.603194363159257595e-06
-1.604731334916912602e-07
-4.169240180505943309e-08
-9.531852039342134067e-09
2.733314564613234656e-09
4.587316998311312858e-10
-8.727641763366543664e-10
7.339999175589487350e-11
3.663997136871193850e-04
-1.238876208980405763e-03
-8.853879277798342535e-04
-1.624293704301802766e-04
-1.055496968465439509e-05
-2.620034303372445821e-06
1.446885808460084628e-06
-2.146212641272583564e-06
1.152711837579031561e-06
-1.568408313268190399e-06
-1.931286439751961629e-07
-3.159158019269038325e-10
1.533797693182428416e-08
-1.066561430211028092e-09
8.256115987526634374e-10
-4.082150905289535637e-11
-4.906671283120785659e-10
1.070526343971944592e-05
1.234657512292211751e-04
1.630744078282861202e-04
9.264218137358462015e-05
8.840111311155703631e-06
-1.275378347466865517e-06
3.229676859599696561e-07
3.580650620354355278e-07
-3.226487799976682661e-08
1.960928890665587658e-07
5.461517935642234256e-08
-1.382060277953669076e-08
-4.829168596571887833e-09
-1.079165822324949411e-09
1.409838963033097736e-10
1.373366907701050757e-10
2.079103054043107074e-10
5.157611715136735476e-06
-8.934741851469908962e-05
-4.971766663777165551e-05
-4.170388970014727204e-05
-4.305671481704429352e-06
6.689395997296105774e-08
-1.316295867360013557e-07
1.515568910466703376e-07
-3.780751140484227880e-08
1.617071125740140213e-07
8.312719771555863766e-08
2.154474149306705254e-08
3.940966573338291791e-09
7.600572712099536826e-10
2.759693045222544805e-10
-6.212535266252038705e-11
9.731810178706364740e-11
-2.827156476970738101e-05
-3.029214977302416203e-04
-1.328557616866671092e-04
-3.092878179825125926e-06
1.305042243212715412e-06
-4.740015495993579890e-08
-4.777985442549574624e-07
-1.531218721970316146e-07
-7.600766107681364856e-08
-1.068645473253589826e-07
-5.622708870850098609e-08
-1.716114421204374335e-08
-3.435998986904087105e-09
-5.076628020976514986e-10
-1.470400662570766091e-10
-7.390481078716164926e-11
-1.048637533101027111e-10
8.330043653078946364e-07
6.604156040282211564e-05
1.044169177381577373e-04
1.684073528608487848e-05
1.123131896463243558e-06
4.462815050910218461e-07
4.751572326648542579e-07
2.025179946754318199e-07
9.840848329976772142e-08
4.736679448090340289e-08
2.131585297731797957e-08
9.662989445013958108e-09
2.411103147744997960e-09
5.006002189941414019e-10
4.792731702393454057e-11
3.561254148906315092e-11
3.395316799750313237e-11
1.079253382330319416e-06
-2.263901068913130337e-05
-9.041061937821963509e-05
-1.920857778515688361e-05
-2.644774978894691828e-06
-5.757079447441620312e-07
-3.474669702180826025e-07
-1.683893362549885100e-07
-6.818223466214537137e-08
-2.859097935291265870e-08
-1.710450500516924455e-08
-7.604258710953803150e-09
-1.765224353131809788e-09
-4.612405136853439340e-10
-1.099454739551691150e-10
-1.249605919442881449e-11
1.034091263611863475e-11
-2.735475425456701115e-06
-3.323529611171352114e-05
-7.801577095085035084e-05
4.396936438221221070e-09
2.045739034254555519e-06
5.454132782375061235e-07
2.399567378838590891e-07
1.221673645325086051e-07
5.189966920611080865e-08
1.833537464400411140e-08
1.429344771994054668e-08
2.819392623290562329e-09
4.772387874669124905e-10
2.066830671404514912e-10
7.116140506500323208e-11
1.157355135423391111e-11
-9.386410744987470691e-13
-1.788590061266779816e-07
8.170512130410658847e-07
2.659578949002221784e-05
9.319811888961340929e-06
-4.902086116629692840e-07
-4.159031480421389324e-07
-1.597216160797287124e-07
-7.586345667915045682e-08
-3.981050932696189485e-08
-2.234172124941904174e-08
-8.858959352019309569e-09
-4.772547625440254570e-09
-7.316130607328008587e-10
-1.758186207587354218e-10
-2.243659938573383610e-11
-6.088741946488296070e-12
-8.734583265188709375e-12
