1.403045674240674390e-01
1.024829670684062721e+00
4.473766263076179445e-02
1.553562434396312626e-03
5.519197919156485481e-05
4.714904916903238664e-06
4.320286459407415292e-06
3.276767808714807526e-06
-1.381887308152471407e-06
9.985395908057738548e-07
1.951674312688807064e-06
6.778931470252702995e-07
8.735124112151955517e-08
9.124275662106784717e-09
-1.088585676643460978e-09
2.885217922791665773e-11
-5.127774113936216982e-10
-1.682810088718653813e-02
4.375747241791480557e-02
-4.722287971242437529e-03
-4.361024548157558102e-04
-2.560061604951534102e-05
-1.628690511783072810e-06
-1.369320993896911314e-06
-2.100865840455596830e-06
-5.782872693858509220e-08
1.145896496613368882e-07
1.199224621529406334e-06
2.428935500097332952e-07
2.269432462354728647e-08
9.859235058998560744e-11
-6.996788333032853574e-10
-9.677267633886244067e-12
-1.067150373899659039e-10
1.543577629672579455e-03
-1.520381298460386896e-04
4.212692581030155715e-04
9.719133623874935245e-05
9.997756577708249718e-06
4.190986910289312610e-07
8.675504519813470720e-08
7.371115579297693232e-07
1.038020433851273547e-07
-2.636964707723985634e-08
1.507671295431360091e-07
-5.501062513915265703e-09
-3.941280844367449817e-09
-1.391559788000162031e-09
-2.853106323864664057e-10
-2.988261707422990503e-10
3.311946381561590829e-11
-2.962734696433810567e-05
-5.856623647245347714e-05
-6.358534993772860358e-06
-7.436603930445779618e-06
-1.935015141381161307e-06
2.965204961373630256e-08
-1.322959645028445211e-08
2.609367225080120467e-08
1.033872317979741245e-08
1.786124001886718972e-08
-1.400064042316864765e-08
7.658586092084472110e-11
1.020779711579454453e-09
6.332390880415615792e-11
-3.862980876434753279e-11
-1.839869684217019079e-11
4.241208989878604886e-15
1.571103749465484442e-05
-1.237498850943447774e-05
1.153563750140180164e-05
1.174450854002452967e-06
3.513885051211824115e-07
8.366868193281199752e-09
-1.160108952270224276e-08
-5.461373347207014698e-09
-5.996291180349786624e-09
1.245796057835132891e-09
-3.816890196070102237e-09
-5.670967573535401414e-10
-4.653612775071211593e-11
-2.159359561570322369e-11
-1.475310281622295881e-11
1.582903158189632569e-13
1.504674243144149287e-12
3.412367953342862356e-07
-1.712186341679969459e-06
5.422301609207930033e-07
-2.933877094590722264e-07
-3.646506248001518176e-08
8.828536743351262438e-09
5.865252581566018855e-09
3.126453572069591080e-09
1.548489647478176108e-09
3.638312890336895927e-11
7.669827577234275866e-10
5.591071144992609597e-10
9.651464782592871226e-11
1.970640002179352900e-11
3.381738958484278742e-12
2.772874173529182968e-13
1.442232528422459228e-13
4.651016898506991587e-07
-2.449228608765158850e-07
6.984588488205248119e-07
-1.692561202209215738e-07
-1.702455374715947611e-08
-4.382361714399215454e-09
-2.444896923237478661e-09
-1.418795320792075004e-09
-6.518255955330681023e-10
-2.432360841499056187e-10
-1.171010509406206143e-10
-3.137289561423462807e-12
-1.613139595142229485e-11
-4.007095067687949713e-12
-7.801548258851034717e-13
1.070014080597876266e-13
-1.146724706332850414e-13
-3.851874666472810482e-08
1.072425763181622377e-07
-5.838626511259328316e-08
4.883873534682263941e-08
9.597082578241069939e-09
1.776914406596848698e-09
7.904160045997315766e-10
3.647814210369938619e-10
1.730428146746367592e-10
5.353107035179722499e-11
2.759329129152706801e-11
1.454291229273797783e-11
2.371064800302913036e-12
8.258365357509684622e-13
1.994019767823854161e-13
3.887759485381949710e-14
-6.180903333374713925e-15
8.009977379889918799e-09
-2.957466093513704215e-08
1.387869561920707954e-08
-1.887671840243333421e-08
-3.556902112050663127e-09
-6.828375726077290904e-10
-2.000271863182857587e-10
-8.833164182960594893e-11
-3.759693745474740207e-11
-1.231341194781328752e-11
-6.079886889362175488e-12
-4.930835917418844945e-12
-1.372107987841751555e-12
-1.889998700475602984e-13
-4.445399899615275251e-14
6.096794315909361998e-16
3.723420137248907586e-15
9.181705409538914175e-10
-2.936257339819086596e-09
3.928595251788328910e-09
-1.978821556621919198e-09
2.366502465082627347e-10
1.628012601864725401e-10
4.948297181514267502e-11
1.893821449192885435e-11
7.669322023689175444e-12
3.518655028552164198e-12
2.079471498150701912e-12
6.193532715732740090e-13
4.337567862905487271e-14
3.046795472188417055e-15
-2.469880591074950488e-15
-1.802944249205510267e-15
-8.404066605431283595e-16
1.726442196146222112e-11
-1.918440917546435384e-10
4.072169730983528551e-10
-3.725393426863372758e-10
7.317511932327444200e-11
-2.088144022519799672e-11
-9.136274935079615231e-12
-3.038504466885877790e-12
-1.084772068733747410e-12
-3.616461163674209118e-13
-1.748018129600810056e-13
-3.167057224160690040e-14
-6.925036492339980012e-14
-5.636411497279269364e-15
-1.214608593330913587e-15
-4.916188148577676941e-17
1.372816133961454359e-16
8.184114627065811748e-03
-8.501756254936529422e-03
-6.680232251498644750e-04
-3.715814477738601509e-05
-4.220805753992908015e-07
1.376019197056902517e-06
1.191655322012826291e-06
1.228963157545915148e-06
4.228521790280164826e-07
4.308590024708550946e-07
4.411332468293819081e-08
-2.199681578997443454e-08
-2.419278278380074029e-09
4.539211990709897214e-10
6.310237126121265066e-10
1.041123297725380274e-10
9.597337065115706231e-05
3.852133867917651474e-04
9.087939844526076198e-05
9.631409927780955831e-06
-4.100761955497527499e-07
-4.875073200543945188e-07
-4.547436178270418042e-07
-2.334766927532217070e-07
1.077768440703168134e-08
1.064478281217850731e-07
-4.454795340522610628e-10
-2.660096919167436795e-09
-2.333032395499046310e-10
-1.965792112583861993e-10
1.144637341018583438e-10
-7.554480431587087149e-11
-3.798013091594969036e-05
-3.942217756416421473e-06
-7.476423652372825722e-06
-1.932227871648802559e-06
2.170631399108485328e-07
3.058906361550517358e-07
1.416375798934433604e-07
6.330913879984340401e-08
9.896437838186076973e-09
-1.519277658311958367e-08
-2.718722876187578224e-09
4.991600673369634268e-10
7.213609793847561670e-11
1.537871600813050187e-11
1.862944297804712934e-12
-1.191477113043390896e-11
-5.321423841941961595e-06
1.215922863612574510e-05
1.232625235268559863e-06
3.141740330777851849e-07
-8.087720591120381198e-08
-8.077212455957586902e-08
-5.064287276757942160e-08
-9.193873535116012852e-09
-1.330263522924293446e-09
-2.784057456570925104e-09
1.593146306121039090e-11
1.612611995928317838e-10
1.047981312962052118e-11
-3.233006920785402916e-12
-6.738693550463836142e-12
-2.891182086821862348e-12
-1.504529094084711165e-06
5.957586732143719551e-07
-2.944731750534655588e-07
-2.244997836767392286e-08
2.312530412747124347e-08
2.437207979387817898e-08
1.067504785616088835e-08
2.862169386747149696e-09
-6.464377482843790447e-11
4.697570698798824313e-10
4.245433056670112556e-10
5.073962129565338094e-11
1.011309028447755337e-11
3.420501034026874200e-12
8.025341319217946297e-15
5.317906569021575698e-13
-3.414309933916313573e-07
6.904821207594233108e-07
-1.699843662459413362e-07
-2.105042415411657543e-08
-7.819275242310841333e-09
-5.209321528241664602e-09
-2.165528329670237285e-09
-8.776691651007975746e-10
-2.505600931303141183e-10
-7.144089528745274040e-11
2.438940229220406181e-11
-7.499736620492397776e-12
-1.427260033008128707e-12
-1.518036990424357852e-12
6.828441718878144651e-13
-7.320784283484729076e-13
1.135928283926913713e-07
-5.778906202247946241e-08
4.916227452636442020e-08
1.036437398093894905e-08
2.500877471723165955e-09
1.093323579553634242e-09
5.031085387346592761e-10
1.974193783937954523e-10
4.237599908700601430e-11
1.604753696483539417e-11
8.822660566486873846e-12
4.567821762486962238e-13
4.663383239538021687e-13
1.698908574032901931e-13
1.190308965138584794e-13
-3.286629569938149282e-14
-3.112982232838442753e-08
1.367393203087066705e-08
-1.897294039581133415e-08
-3.697687296114432236e-09
-7.852386498049101280e-10
-2.629468549659643687e-10
-1.078976345598120842e-10
-4.091503121934938978e-11
-9.542941922260799104e-12
-3.879777393643812874e-12
-3.786136789752199979e-12
-9.855627334867424756e-13
-1.107912203628421476e-13
-5.196725694452332532e-14
-1.334702272995477539e-14
-7.578592409201922352e-16
-3.068717698701613282e-09
3.941093114111262266e-09
-1.961302988526693434e-09
2.557230471353122512e-10
1.779181839463288026e-10
5.559241145821686953e-11
2.185635194263115701e-11
8.339607638228921102e-12
3.089309066454534580e-12
1.668744357836638141e-12
4.105103505602157790e-13
-2.666430676421142326e-14
-7.602652803058031212e-15
6.371523479256374753e-16
-1.431141004689440091e-17
1.130995214532620928e-15
-2.137550668853758467e-10
4.054439373634200854e-10
-3.805737816901279930e-10
6.924963151560317625e-11
-2.245836020807814827e-11
-1.083486590050073580e-11
-3.880680742057268788e-12
-1.156520557853741166e-12
-3.477538323231470872e-13
-1.668634550025062028e-13
-7.990049493178132670e-16
-3.712935088364279437e-14
-4.359549937032010656e-15
-1.126098742451946268e-15
-6.000774311540835361e-16
4.677181119062626368e-16
-1.015098452578293342e+00
-4.440499197334665804e-02
-1.545209635794036205e-03
-5.373657609414309489e-05
1.501535978184391879e-06
5.639393743325186557e-06
4.049203378743995088e-06
2.207560565862954454e-06
-1.089822730744560176e-06
-1.918976035286839408e-06
-7.035687342139200830e-07
-9.552707534181088122e-08
-1.371926542748192494e-08
1.301690244984443664e-09
-7.998216136035728109e-10
5.168543018939508372e-10
-4.649551771262000477e-02
4.563778217129419584e-03
4.303508388558023915e-04
2.580492069453267355e-05
2.154759815585377611e-07
-8.335376431600948497e-07
-1.525789507768095847e-06
9.697644791558079169e-07
1.432361457901841684e-07
-1.105919546806815227e-06
-2.268152626205785107e-07
-1.977573756571576932e-08
-6.113645568420466144e-10
1.112971293347454243e-09
5.426660615053084733e-11
1.113350542622060450e-10
7.597530423827770314e-04
-3.650256068982754998e-04
-9.579267538638667611e-05
-1.135804075931424888e-05
-2.858119034917837400e-07
2.067096432422133376e-07
1.086211250970279091e-07
-3.960774758525459500e-07
7.158498343580675624e-08
-1.676655601248917318e-07
-2.955143277700709133e-09
7.386298126512436722e-10
1.220025641258324508e-09
3.547030428940824880e-11
2.235020572894694728e-10
-3.352474600438923098e-11
7.181865428778730923e-06
-4.536264927038655641e-06
7.173279389115025468e-06
2.197134485770738729e-06
-1.059896116757831114e-07
-5.714946794209224320e-08
3.440538898109979415e-08
4.323719554126362669e-08
-1.933924586602728126e-08
2.206112202385507558e-08
2.549523952423472227e-09
-7.697752702957161641e-10
-1.026012188022381236e-10
-2.867648442517620273e-11
1.301159585327688331e-11
-1.406270282216014018e-11
2.254076433052929588e-05
-9.633202035774612708e-06
-1.153903219608085806e-06
-4.336163219530936843e-07
-9.341750196287567076e-09
3.811827969943463769e-09
-1.837729317338383313e-08
1.041292971124584122e-09
-7.327044146062204461e-10
1.965166361552824459e-09
1.897808965474195633e-10
-1.570104047621169215e-11
1.386871337286559060e-11
1.383719181647423749e-11
3.061990136625898739e-12
-1.331861655991187271e-12
-1.359281710964538005e-06
-8.776029541288794433e-07
2.976605921392957428e-07
5.758685558850850755e-08
1.979171365224769872e-09
6.891671030825738715e-10
5.844361455310995754e-10
1.541464738241827857e-10
2.021369070015927273e-10
-2.039142200769600860e-10
-4.550283535043554944e-10
-6.286379269027346611e-11
-1.729529040513044208e-11
-3.987427050791565012e-12
-1.526067748609652463e-12
2.449296348069568444e-13
-5.625069011533525165e-07
-7.410150303436108510e-07
1.611690637066935597e-07
1.149698091836249227e-08
5.034724320322716010e-10
3.711187152877562522e-10
2.457344854734483638e-10
-8.618889570045909247e-11
1.688631704167389823e-11
-8.866476304102058819e-12
-2.046404953113383218e-11
9.682360441350165681e-12
4.913581060180774140e-12
5.890057503383129343e-13
7.065960310205504472e-13
-4.629874313153971099e-13
1.202123972101591731e-07
9.841748138804567019e-08
-4.365475720262791791e-08
-7.764056207394250830e-09
-7.198464774660744537e-10
-2.255404720440707792e-10
-9.145136233834940456e-11
-1.684314654458621175e-11
-3.094265124240370553e-11
-3.005026841060710384e-12
-1.005351038461761914e-11
-9.316857482333126678e-13
-8.006224252384619351e-13
-1.311434733624679131e-13
-1.388239849892023914e-13
7.637921768826367838e-14
-3.406450238748885469e-08
-3.121050552272470967e-08
1.652206637369890102e-08
3.003347416882545343e-09
4.235479587991382312e-10
7.029026893873418673e-11
2.970472210240849819e-11
1.125066001531851863e-11
9.617818132721716110e-12
4.453548210289182017e-13
3.829965502914898766e-12
1.083106463181332670e-12
1.695048359537805739e-13
4.854438821240768342e-14
1.284537409596469245e-14
-7.534812123296345490e-15
-3.734470205592486944e-09
-3.777288492255465917e-09
2.486036593373843627e-09
-9.425001074377833418e-11
-1.070933510903733893e-10
-2.466925771375923358e-11
-7.502602817724002176e-12
-2.986598022599022129e-12
-1.476685209360740023e-12
-4.633643233819673006e-13
-4.781768825589205293e-13
-1.650946374647143225e-14
-1.427234841105726962e-14
-2.467345852970183687e-15
-1.270063421889591016e-15
1.979313991677634478e-15
-2.355133883098015901e-10
4.082562752654463904e-10
3.401066693911967033e-10
-9.940434332731988579e-11
1.121616194546129275e-11
5.134183145779415575e-12
1.422333072806924291e-12
9.269676959123516193e-13
3.977242451673227572e-13
-2.699275072868066379e-14
3.121536297493021531e-14
6.701532536639397354e-14
3.915721274641679085e-15
9.607510787120444358e-16
-1.770158751487529551e-16
-4.366566615645053231e-17
2.945887433798883778e-02
1.235643826223973597e-02
-8.274528828565419145e-03
-6.616499998581392566e-04
-3.939075919953480959e-05
-3.016360700841905212e-06
-6.326437386400936260e-07
-2.470964093626639649e-07
-1.375050423789517736e-07
4.175117016652079158e-07
4.452331332417716382e-07
7.140437960829489166e-08
-1.324915428068691387e-08
-1.572298558417487926e-09
-3.165941718459264376e-10
5.444290924271880376e-10
1.314481090263272295e-11
-1.421529115558351018e-03
-4.722969236962976515e-04
3.304180495642193398e-04
8.826238051845972153e-05
1.055662075673207044e-05
1.041446251574968775e-06
2.510659849168284368e-07
-2.894328464999367049e-07
3.464697427905239469e-08
-2.560531199344343577e-08
9.607973662434285620e-08
-1.751693342158473387e-09
-2.373695219380775477e-09
6.051670495627199445e-10
-1.009875651710318846e-10
1.230049441478159858e-10
-1.274975910589481066e-10
2.403816271905664920e-05
1.390161690873069630e-05
7.184145272788710779e-06
-7.042765512810979815e-06
-2.502289258076918166e-06
-3.831890123518216411e-07
-8.442911885917177550e-08
-1.596407246194372768e-08
-1.802052483477830305e-09
1.968972604932072174e-08
-1.547250599151764366e-08
-2.434660095241854021e-09
5.592832382735887741e-10
8.547013649317078511e-11
2.624049978587887887e-11
-2.225461499893408961e-12
3.388858399446581886e-12
-1.810808458051909892e-05
-1.588023753048650142e-05
1.013627238591802610e-05
1.148003650177501222e-06
5.025523428454477075e-07
9.542306536706149386e-08
4.960230946049910898e-09
-1.044626258609465950e-08
-1.568931035098950693e-09
-4.733756843170575000e-09
-2.637861913492009396e-09
-1.934411288960130366e-10
1.550071129433097943e-10
1.821953553628544358e-11
1.341103083811786165e-11
-6.512572401305855411e-12
-1.056065429124660340e-12
-4.019970388334753133e-07
1.576113277689495856e-06
9.532330856032602405e-07
-2.920995320183915980e-07
-8.448618291168849883e-08
-1.601766633289202914e-08
7.634135140459636274e-09
3.602364684608215872e-09
1.289176631569437455e-09
3.566287558794449588e-10
2.661409376529708852e-10
4.265648208379694666e-10
3.810603580089063831e-11
2.389455591438906926e-12
1.337898725120105025e-12
1.057720463804106705e-12
1.212052313931214000e-13
-4.569917230915324660e-07
4.607860804414880312e-07
7.297266774223468003e-07
-1.599700003327886529e-07
-5.952885384601256472e-09
3.898399945922351116e-10
-1.520209983504100215e-09
-5.638745192387488993e-10
-2.190480289938024803e-10
-1.593913900315892968e-10
-1.439525599266777241e-11
2.687386168726884676e-11
-4.646953886572259921e-12
-1.363276533657921996e-12
-6.238977223726361730e-13
-1.766793389977495220e-13
2.975584373173226881e-14
3.929670715336967529e-08
-1.127827977523332109e-07
-9.743800689803319540e-08
4.320832098564973847e-08
7.085734090326787953e-09
7.194138908759456596e-10
2.969874832897563550e-10
1.771646090185666668e-10
6.854697429203231194e-11
4.612287775794917355e-11
4.488915571053566222e-12
8.096067808660464486e-12
-2.816127934880675800e-13
7.159442239479095567e-14
6.327361979516008246e-14
3.272613889607033745e-14
8.766944931422148505e-16
-7.910122041834128631e-09
3.239491217378495402e-08
3.103509079024870736e-08
-1.645305858892303646e-08
-2.949011259631213272e-09
-4.325160600589890379e-10
-1.024186898949524955e-10
-4.509040850625970490e-11
-2.057892401385822937e-11
-1.162205182064997064e-11
-5.044161290059918536e-13
-3.370541559483528768e-12
-7.767803707882179213e-13
-3.338818774013590961e-14
-2.491072189990666896e-14
-7.660732356749974827e-15
-2.282925526907882403e-15
-8.679349946145438023e-10
3.610546660959335658e-09
3.767178618875147140e-09
-2.498766744573194162e-09
9.326549830716660943e-11
1.128241058591512231e-10
2.679879862638158316e-11
1.058421145355413036e-11
4.746168051488107056e-12
1.870673351556704294e-12
4.332913153752351432e-13
3.864776157954447172e-13
-4.696656765581760177e-14
-7.921325710528281668e-15
-1.679744459749059739e-15
4.647432502138550056e-16
-3.732213641880439385e-16
-1.227454536520920047e-11
2.165698209843056195e-10
-4.270224516501919713e-10
-3.498588939442382190e-10
9.925420179948503678e-11
-1.049987203212968672e-11
-5.902273224354524367e-12
-2.159220825348881431e-12
-1.084560216312923261e-12
-4.691938336699052027e-13
3.790413966148947422e-14
-2.224763280266680431e-14
-3.328187774540278604e-14
-3.662538775599736211e-16
-5.990320103123917054e-17
2.097952019748095939e-17
1.637787762057890738e-16
-1.595550069457365161e-01
-5.500095994984316276e-03
-1.890899671939478752e-04
-5.124266782187119106e-06
8.001188273110378839e-07
2.713393731648728090e-06
2.585180184826341995e-06
6.600648864032631068e-07
-5.294219373497043524e-07
-8.647004468045812280e-07
-1.528212043798779859e-07
-2.901370759539502303e-08
-2.529054745715677919e-09
2.666804210805270740e-10
2.838442273137349396e-10
1.530800964459204086e-10
1.773992260907275229e-02
1.534345384360518132e-03
9.196850355617747989e-05
3.625649025572149501e-06
-1.028871055690731377e-06
-9.856410339818020486e-07
-1.770152266691672354e-06
7.524902919601159026e-07
-1.988841684619891303e-07
-3.706352273370995645e-07
-1.787270404123240143e-08
-5.942106179574556826e-09
3.659049102730749660e-10
-7.181016272884174289e-10
2.070374044877789372e-10
-5.874634258298546930e-11
-1.603097914707025994e-03
-3.375947755688886594e-04
-3.509235496567220754e-05
-1.162361962064966114e-06
5.868863924336351534e-07
1.029454902837450613e-06
8.865240974003715754e-07
3.952842181255162317e-07
9.868052077387914647e-08
-1.266793083450950279e-08
8.061086037391534188e-10
-1.442348622182416311e-09
-3.406630988637375572e-10
9.200532110840295729e-11
-1.622873765465490561e-11
5.905680499166443453e-11
8.508889633528281691e-06
2.972868354269007804e-05
7.253503808337153349e-06
3.983688810901982129e-07
-3.509999618548271034e-07
-3.231985285815610057e-07
-2.117454881646427880e-07
-7.095306903965506401e-08
3.181473763551947935e-08
8.565350032658612595e-09
6.337631428144224973e-10
2.250870265345141571e-10
-1.398876399541026452e-10
8.069416737057946983e-12
-5.140308858420734904e-11
4.882818445995951367e-13
-3.809348611668930402e-05
-5.009181397642313982e-06
-1.250378682819494729e-06
-4.087559950085466080e-08
1.158336683817727083e-07
9.659646783550153353e-08
3.604618064517233190e-08
1.382027282570268368e-08
4.766397333451987959e-10
-2.530461345797938187e-10
9.311099158066911804e-12
1.664563098290991237e-11
2.015353454210634734e-12
1.131084679848817414e-11
-1.655824401957145500e-12
8.702323931872477714e-13
3.765873612885986098e-06
1.383596755193279322e-06
2.189602421542913139e-07
-1.326910784139037154e-11
-4.105060861782661481e-08
-2.269493033777183784e-08
-8.167480120813669572e-09
-3.260571309538535256e-09
-1.460582844656785696e-09
-4.553942047029198744e-10
-1.219019972320810011e-10
1.047038262707657631e-12
2.178981572415375798e-12
-3.929248313363860781e-12
1.440091405593729503e-13
-9.593132904504342552e-13
1.142248603267061086e-06
4.998516371075405486e-07
2.997881630851270691e-08
7.179013155714720548e-09
9.923929015131173817e-09
4.988858037146854336e-09
2.099720812416571715e-09
6.121700646849207489e-10
2.072706563664930617e-10
3.793393480488886527e-11
1.334895108754759379e-11
4.627124260561726614e-12
2.820928573707504607e-13
2.709570555060544423e-12
-1.366512150939866633e-12
1.612584669950186613e-12
-8.048431739312548045e-08
-1.505599121021360447e-07
-2.586576444776068311e-08
-4.324545470640702882e-09
-2.094290310835668052e-09
-1.075425048055095877e-09
-4.673904113128882908e-10
-1.650189260131083082e-10
-5.132719623681825726e-11
-5.144274744650381212e-13
-5.676269041012765708e-12
-8.166096394520998820e-13
-4.585842363780454916e-13
-1.875055078144145289e-13
8.807629537668565756e-16
-4.599755629583047983e-14
2.142230181371365377e-08
5.650634119450784444e-08
1.061230547366163370e-08
1.695041204176452222e-09
4.962605740752798811e-10
2.151528271290751612e-10
9.742988881423522933e-11
3.511670871001384908e-11
8.337515118001416904e-12
6.154791778441430498e-12
1.954441340966750566e-12
2.021406049763005443e-13
1.072011082557184284e-13
3.114649743576657916e-14
1.469976791479385311e-14
2.233496047880495251e-15
4.400268737265151798e-09
9.496696013994105594e-09
-3.328379041197740365e-10
-3.876693051431730444e-10
-1.135030613815598811e-10
-4.437575550568405090e-11
-1.862225963909848014e-11
-6.532429802117153582e-12
-8.431463571417543316e-13
-6.685111918792693782e-13
-4.802428086101098514e-13
3.970623599954200434e-14
-1.843555499971351121e-14
-6.303734587014101857e-15
-2.956013657073400803e-15
4.735288671462047902e-16
-5.850005038954456141e-11
-1.174434918402749231e-09
-3.644734801185435913e-10
3.750544608961626572e-11
2.070683004782487623e-11
7.093096451836407712e-12
2.714887862140253512e-12
1.164544772737550694e-12
5.466727659624109434e-13
2.050706431806446996e-13
1.371403658839552353e-13
1.863876707862350505e-14
1.495274067940325587e-15
-1.010701370197731324e-15
-1.771416895550611961e-16
-4.828021047301380716e-16
-6.169373868365841257e-02
-3.149164095514662975e-02
-2.342365971653854930e-03
-1.287402552112587193e-04
-2.246399676610032163e-06
1.594602556845773733e-06
3.476193902722235739e-07
-3.073819915667503402e-07
-1.772271316597436355e-06
1.239748908012306148e-07
2.524992048894807681e-08
-4.075488110817757385e-09
3.080136687471018956e-09
3.019308935185323923e-09
-7.948633638137159652e-10
4.872747089021753061e-10
3.122196082908335776e-11
4.404778409980574265e-04
1.468049679185982979e-03
3.155497638804689539e-04
3.375189364560149088e-05
1.183479993913312357e-06
-3.154402760515617737e-07
5.034197322391880469e-07
3.452230144042536125e-07
-1.274868837597627534e-07
-1.251460970008546121e-07
-6.272779053793595906e-09
-1.570520987682556213e-08
-2.507691279125634076e-09
3.003996930840091497e-10
1.068317413183184846e-10
8.679007331188686193e-11
-1.958311444416885963e-11
3.237116307711201415e-05
-3.624390600892313394e-06
-2.963459159322289364e-05
-6.892115012300996839e-06
-7.944641695852119303e-08
1.647349744948662517e-07
-3.471248132007481615e-08
-1.284985410087127867e-07
5.004113446024746935e-08
-4.759668777544286948e-08
-2.394923623842365029e-09
1.993445133788661323e-09
9.258234830893665666e-10
1.462674846534363633e-10
1.087652695882055152e-10
3.840778246241096535e-12
2.016874986059633509e-12
1.536017272743175194e-05
4.103300520667074551e-05
5.217311239552003548e-06
1.205759420204486597e-06
9.387438155040639954e-09
-4.300228946886098585e-08
1.808184291255590622e-09
1.173713708935754601e-10
-5.891619856354035359e-09
1.271870145224296690e-10
-1.132588925513341240e-09
-7.147506168495833848e-10
-1.969456653293790814e-10
-4.511594937458589298e-11
-1.569047085892255329e-13
3.927880653935671225e-12
1.229484882536189837e-12
-1.046609372070878127e-07
-3.736363995078643906e-06
-1.369962321883120172e-06
-2.042949931826689467e-07
4.844719480392659489e-10
8.621900188032741985e-09
4.937332566516899214e-09
3.454142761470823617e-09
1.431980437755000950e-09
1.561636617142092467e-09
7.575554040354504557e-10
2.852558374025392765e-10
4.247623012991301251e-11
1.007045409408014070e-11
-7.893095285016176214e-14
2.604293615921278455e-13
-2.809083438717233982e-13
-9.701397520315100532e-08
-1.141627864052648253e-06
-5.018865561001553498e-07
-3.277469398438512867e-08
-5.041142684951310178e-09
-3.735160713553249253e-09
-2.449575138623692224e-09
-9.964080872601621718e-10
-3.969450566502698913e-10
-2.793296445262319181e-10
-1.066484651137930532e-10
-4.878341161501461751e-11
-1.320363408379166196e-11
-3.693147099878536739e-12
-7.867202083520582136e-13
-3.582543457126409952e-14
-9.011173540207942832e-14
-1.520240653698220827e-09
7.825648849058510435e-08
1.506970478456609668e-07
2.593721059065407359e-08
3.548913737098580057e-09
1.312123898390946369e-09
6.792263305314950065e-10
3.106019324479727884e-10
1.343484398683634962e-10
6.648036317618407662e-11
1.420776472561322835e-11
1.220131090671569153e-11
2.901422092088821570e-12
7.604644768471549239e-13
9.097699791151612772e-14
-4.406925397144973902e-14
-2.807338856325314509e-15
-8.822054142952755601e-10
-2.131003407934403901e-08
-5.651954098541292977e-08
-1.054559172392692497e-08
-1.548183995163816746e-09
-3.722866898244449803e-10
-1.722750811235752736e-10
-7.486051136571599223e-11
-3.374769295077112706e-11
-1.173523533511160415e-11
-8.892296663172783875e-12
-3.176995094062739388e-12
-5.987452200999608952e-13
-1.383348978849775838e-13
-1.405995881393810882e-14
5.566089560058734411e-15
3.265997539106272136e-15
-4.870205670021235404e-10
-4.486333065717310824e-09
-9.501189805663175725e-09
3.138976728097389633e-10
3.614942285243607972e-10
9.991031784385595596e-11
3.845925365183841155e-11
1.605461384495083924e-11
6.941825151131598572e-12
1.543569839964287329e-12
1.181232206767178792e-12
7.000781177240717830e-13
2.264743444075220537e-14
2.304844855172120644e-14
7.876995815350111426e-16
-1.280180656338090429e-15
-1.384424420788034292e-15
-2.539204242575364959e-14
6.411912135677784594e-11
1.178031189017693701e-09
3.757950058633505479e-10
-3.476689273751103109e-11
-2.127796489671671774e-11
-7.179594001015051174e-12
-2.901822515842308169e-12
-1.403925887064587055e-12
-7.411033503525658016e-13
-3.048260883767815487e-13
-1.652551647796949038e-13
-1.971920404111659306e-14
-1.019202402413875358e-15
2.513251754165555995e-15
1.447496375238279593e-15
4.867720428812235864e-16
