1.330387136368915146e-01
1.028632558878809000e+00
4.266503939939798873e-02
1.286591296858023746e-03
3.496487505026365969e-05
3.883662552779169808e-06
3.772084750951797593e-06
4.578236923994489374e-06
-3.385425523041303192e-06
1.495579640241981398e-06
3.376431830869976986e-06
8.171317163019669709e-07
1.229377807542571984e-07
6.422741729604266605e-09
-7.891291151495956455e-10
-2.630813591343769901e-10
-4.908235604134719205e-10
-4.401769120024003751e-02
1.182613177877057803e-01
-1.235850101413998696e-02
-1.023888247170486043e-03
-5.347859285828160375e-05
-3.986468318381945289e-06
-2.683210302381104568e-06
-5.096755823151553254e-06
-1.994962322680843677e-06
1.449296808221236432e-06
4.516951177315324471e-06
6.708992081361909249e-07
5.459307199114032092e-08
-2.434933557570659592e-09
-1.116405519131874178e-10
4.020977470885111798e-10
-5.191682001065966171e-10
1.094877832910945079e-02
-1.459553421444509868e-03
2.964977318596021677e-03
6.408046334615017043e-04
5.698910078358035349e-05
2.202943329888330949e-06
2.984300393747267294e-07
5.040573352920185645e-06
-1.288215495080778138e-06
-3.552349567945777488e-07
1.262723873615139137e-06
2.088112464154905818e-09
-1.146050168024170498e-08
-3.545329080252394968e-09
9.326537648088298760e-10
-9.747800029060817596e-10
5.305148384534169070e-10
-9.318572654810368047e-04
-6.455193460596977137e-04
-3.246019517183912611e-04
-1.654288534703883453e-04
-3.640841750094087043e-05
-2.480706505111832924e-06
-4.365338508392755499e-07
1.698180225765260015e-06
2.402676628002167573e-07
5.361555797206615028e-08
-4.190821985251602127e-07
-6.716435405054533334e-08
7.034288569352936470e-09
9.079391559415554230e-10
-1.859994061642649223e-10
3.821539865613805276e-10
7.403314848003556312e-11
2.067835821183516658e-04
-5.041885330032121415e-05
1.790052966815027815e-04
3.299675320302881726e-05
1.895768868701815099e-05
1.277057266865625966e-06
-5.422715666395936925e-07
-1.149393707298527284e-07
-1.380871813678552445e-07
1.237926846530721637e-07
-1.031001206552883671e-07
-1.730268001884845183e-08
4.616214717046007401e-09
3.028793189316843097e-10
-6.876691099986767488e-10
1.043611233596980523e-10
2.276570019726733713e-10
2.213757231675318802e-05
-7.858544712871836236e-05
1.541090787941228694e-05
-1.319371869901128645e-05
-6.742928036084386410e-06
1.090280322974455809e-08
7.617718158937173444e-08
5.472069123111707048e-08
1.102679405904602346e-07
2.745156535846469256e-09
8.021843492628844049e-08
4.617751509416054254e-08
6.075221734292506230e-09
7.374588902668244493e-10
-1.578315974341980608e-10
-2.406998111254567328e-11
4.377035208600614693e-11
7.631613751734285587e-05
-4.696542435672672799e-05
1.187740082618074419e-04
-2.772287108320591918e-05
-1.586731480995154912e-06
-1.994161968512400408e-07
-2.176448091145467103e-07
-2.201742314866249157e-07
-9.389685425129059798e-08
-3.300924108494886351e-08
-2.124766793447277297e-08
-3.903066088537535578e-09
-2.606595699794539036e-09
-6.757883272672394865e-10
9.139461042393034753e-12
2.278858108723184812e-11
-4.894796560609757943e-11
-1.697841196786660178e-05
4.737048323156426935e-05
-2.834583213716125109e-05
2.020595512162417297e-05
3.678712425983451520e-06
4.893118868994806362e-07
2.643354069245463695e-07
1.439906328547875311e-07
7.668133580693640050e-08
2.142000841499899334e-08
9.605485846607508150e-09
6.201599279123796390e-09
7.812466141031046904e-10
3.952213642235521703e-10
1.224256812734905373e-10
2.410270502756848259e-11
2.463803873206870219e-12
6.284746524787394988e-06
-2.945820127112421942e-05
7.521599186786351002e-06
-1.739947018624325947e-05
-3.464790714746449308e-06
-6.341075009144660761e-07
-1.834017460719765405e-07
-8.650428786714120541e-08
-3.851786897257787989e-08
-1.508692116567105107e-08
-5.831102205588349225e-09
-4.825368862912722288e-09
-1.534133809902717739e-09
-2.405107771278346191e-10
-7.055291992738716186e-11
-1.945432077093304564e-11
-1.046870008872403633e-12
3.079056105874715040e-06
-1.081504009954316124e-05
1.250979534842294020e-05
-7.402140474556143939e-06
5.271091243644953884e-07
4.266160410235547453e-07
1.238668774986651942e-07
4.552234958868211238e-08
1.743753771888011648e-08
7.602794149937326226e-09
6.756691599507058934e-09
1.585160212953594621e-09
1.100517029739032318e-10
6.827062414642079002e-11
1.041211673441542613e-11
3.617794152990482934e-12
6.080668207579431063e-13
1.914590865305824059e-07
-1.770521001114898834e-06
3.597327751251232758e-06
-2.870459032047734037e-06
6.915782986125176048e-07
-1.592362083314637097e-07
-5.616759919604093662e-08
-1.917508604532353419e-08
-6.589582303602211731e-09
-2.566112895591830890e-09
-1.658436154688353550e-09
-1.034473198178791930e-09
-1.033009198622262743e-09
-8.585163562530258271e-11
-1.254651213498635770e-11
-4.333201606972776497e-13
-3.377959659482918628e-14
2.244037574897475573e-02
-2.218289257963047476e-02
-1.590674394216917611e-03
-7.793953322204656838e-05
-3.517328356742184803e-06
-1.341481288460802526e-06
-1.128272439405856403e-06
4.290879354802155591e-06
2.390210757127732099e-06
2.041408964750183161e-06
4.294053294634233606e-08
-6.676620380863127819e-08
-1.131939616228145168e-08
4.877308184572655194e-10
8.378444933940489408e-10
2.755438930063008456e-10
4.445167882784684847e-04
2.740196977889400830e-03
5.973638134828944965e-04
5.495358335129429272e-05
1.008152098037592406e-06
1.445137968726281224e-06
-1.384697392822493470e-06
-2.882128015146210685e-07
-4.687866800275675655e-07
9.115168920884433165e-07
-7.315496514603284864e-08
-1.659736787610552429e-08
-6.577255509045998483e-10
-1.498927899362256430e-09
1.234161502687142613e-10
7.566127471159240906e-11
-5.465136435812772368e-04
-3.116487572980640290e-04
-1.682043588577389662e-04
-3.645760978335443262e-05
-2.028700243922389785e-08
2.230519993329656824e-06
8.530007570331279033e-07
7.655165506831974198e-07
-3.572177371724086480e-07
-4.513652792745370086e-07
-8.800912216322524408e-08
7.725013909670395646e-09
3.243976583568023581e-09
-1.639913590328730460e-10
-2.572367584154740399e-10
-4.854753838477729546e-10
2.100261904010673877e-05
1.870736128654330204e-04
3.340118790380737604e-05
1.948178042205156302e-05
-2.014230033069488854e-07
-1.248299731111108228e-06
-1.173408040389061298e-06
-1.846687304576962622e-07
1.076973156286943159e-07
-7.876759618796007645e-08
-6.131894732572082325e-09
7.310842970559488579e-09
-9.522820279227423656e-10
-3.144375577747448908e-11
-8.199522031629681338e-11
-1.503256280080930793e-10
-6.826413149026231818e-05
1.756031120340090695e-05
-1.449155879024844334e-05
-5.964507213784837898e-06
4.616243079265515865e-07
1.518141827189064660e-06
7.603777070833039735e-07
1.470715850147359762e-07
3.213563333344903705e-09
6.341241363889062952e-08
4.013731685717868688e-08
5.052086988965531345e-09
3.407316770903877068e-10
1.712038763032869888e-10
-9.884404125593616117e-11
1.138462387456517650e-10
-6.261134297113178800e-05
1.177388785802639237e-04
-2.732215847990707462e-05
-2.265893177952403323e-06
-7.970557262167326222e-07
-7.660444040402158374e-07
-3.149244234084399430e-07
-1.168987160102969251e-07
-3.253581795800514792e-08
-1.512011409614967678e-08
-1.502302744764351338e-09
-2.356702801388295275e-09
-7.820864660951356444e-10
-1.663649452244012137e-10
5.143110462965699199e-11
-3.381346324290607145e-11
5.007666265996344119e-05
-2.832775202417398702e-05
2.028982319764675231e-05
4.033274135255202426e-06
8.259148610877523152e-07
3.770330161510868190e-07
1.883566071795058965e-07
8.159035943344142005e-08
1.555677284971727909e-08
5.906227956107562449e-09
5.032677243109468026e-09
6.504141132893486787e-10
4.053062601507691828e-10
1.358780335783634650e-10
1.446661242903015771e-11
-4.293410724006704712e-12
-3.020618664733541330e-05
7.470124305719178648e-06
-1.748028527442514437e-05
-3.620446767677418010e-06
-7.471748496710253773e-07
-2.466699066020059043e-07
-1.055312623834573652e-07
-3.964063953566902060e-08
-1.282780622296443819e-08
-4.276544656182032363e-09
-4.279587307298821769e-09
-1.466333427225411666e-09
-2.490054905911761310e-10
-7.681943851925851759e-11
-2.412721756632735587e-11
2.495028435234572455e-13
-1.120124598945639773e-05
1.249674748149247248e-05
-7.370313287636144612e-06
6.001437339790784103e-07
4.731608449436923510e-07
1.480074884560073669e-07
5.821045411093581469e-08
2.221243033165089204e-08
7.747898073947352597e-09
6.148875199858177494e-09
1.106322216349671319e-09
-1.388081487833584195e-10
3.279143644366844722e-11
1.718332514814035023e-11
3.977629930105158249e-12
4.082983212883835102e-12
-1.987545534031134210e-06
3.673460486828839192e-06
-3.022962403806897343e-06
6.471363028804853379e-07
-1.797918650763864762e-07
-8.397977391280216910e-08
-3.159585768483045035e-08
-1.022190561745340355e-08
-4.147573099808525612e-09
-2.415506585556487466e-09
-8.972798204027056970e-10
-4.859223296814487668e-10
-1.120606443806211962e-10
-2.467141454323768983e-11
-3.774372067871455010e-12
1.378961907840676702e-12
-1.020528577228146716e+00
-4.245735727917576002e-02
-1.280026460688336734e-03
-3.191393887008251297e-05
2.519110169266690958e-06
4.445838406333731451e-06
5.101873284534727120e-06
3.253538970905555696e-06
-1.194202947712930621e-06
-3.369416818406656392e-06
-8.119155557480697499e-07
-1.208922895545508139e-07
-1.347367051676818808e-08
1.657836681846250203e-09
-2.517825437827642284e-09
1.880803940240696875e-09
-1.247298696084668257e-01
1.202746346896074042e-02
1.011602062624859626e-03
5.252045539714162602e-05
2.223206916932276910e-06
-1.550512809956825574e-06
-6.651154739976391166e-06
4.206044171819344583e-06
-6.507531248226713040e-07
-4.355249423603034582e-06
-6.540383128993339132e-07
-4.420516782297675635e-08
1.349577365364748966e-09
2.670021160326308738e-09
-9.479805753214471891e-10
7.601640832742727218e-10
5.465765520745463277e-03
-2.634408184839996583e-03
-6.245908473661230783e-04
-5.850870764384329256e-05
-1.334317264349101692e-06
-9.661023836932655677e-07
-7.431390076723638947e-08
-1.909275168189508166e-06
5.667667270209946888e-07
-1.308546582662972943e-06
-2.315871848097786385e-08
-2.504024347104124163e-09
5.000208929631848414e-09
-2.309641096201072366e-09
-2.229930365743869715e-10
-9.363360932321241290e-10
-4.120125451700695275e-04
1.367235927535603184e-04
1.523351079943572424e-04
3.720864635503129229e-05
2.367085099601027062e-06
-2.347834971228288846e-08
-1.113232027999067967e-06
6.881614476243961048e-07
-2.176329145514073642e-07
4.906624486739516779e-07
8.991275704969800164e-08
-6.843279245444855476e-09
-9.529250223565096428e-10
1.037935912306593231e-10
-2.985516148086735646e-10
-5.276737492285338841e-10
2.911316089721456340e-04
-9.381402776638296320e-05
-2.590389702673892897e-05
-2.084261759811377836e-05
-1.347548444134468373e-06
5.328957268943659637e-07
-6.598778678239927993e-07
1.584674989643015275e-07
1.639647090769273960e-08
5.275054662229792204e-08
1.118828588547988574e-08
-5.240471981874205493e-09
-4.346784185215691157e-10
4.156504639104609721e-10
2.097165990145347608e-10
-7.384788011406067113e-11
-5.400277733295743800e-05
-4.867107626032294871e-05
1.064939607667143265e-05
7.654891926112594299e-06
4.047966607001151148e-07
2.250408308236128853e-07
2.695325713965736934e-07
3.090343983041764143e-08
-2.116251414288561025e-08
-3.700164495682148840e-08
-4.234585432976922342e-08
-4.579264987207533649e-09
-9.004981706157392463e-10
6.047990715640819456e-11
-5.110186608387076445e-11
3.623110535933665943e-11
-1.023752067831352195e-04
-1.235858777059623567e-04
2.788067944591979860e-05
1.085088530550231225e-06
-3.209902556004115651e-07
-5.564197477234231769e-08
5.579023310829021435e-08
-3.447828779997958040e-08
2.075256557432482619e-10
-1.826998652877588659e-09
1.655780992930317005e-09
1.664784464758895102e-09
7.143562260552708465e-10
2.570630829048594225e-11
-3.610258079437928865e-11
4.867656186906056554e-12
5.370958159974152202e-05
4.434984501252564192e-05
-1.880080455966161974e-05
-3.171229936282067035e-06
-8.422888792741161576e-08
-4.107656959723984349e-08
-3.795109530125397183e-08
-7.619733954752802916e-09
-1.090038598702604329e-08
2.495194492816048598e-09
-4.978100530288559566e-09
-1.611976309527410057e-10
-3.672324016911665980e-10
-9.594995213592891011e-11
-2.365550588755739665e-11
1.474259922244614707e-13
-3.081026630288384962e-05
-2.436900341246558526e-05
1.520568835535205925e-05
2.995468855550052764e-06
3.763745063169546086e-07
4.585932879209350280e-08
2.204483216102754689e-08
9.896496043908039658e-09
1.022798001214984481e-08
-7.841557122629252670e-10
4.020759599303604455e-09
1.150114104084144444e-09
2.114951169753886225e-10
5.533662333331519558e-11
1.830068822963324524e-11
3.067259100509947037e-12
-1.309157695913905666e-05
-1.274020388917594530e-05
8.750312687776371621e-06
-1.692215896736664750e-07
-2.814033992042085396e-07
-5.509383356880665855e-08
-1.536071973067192265e-08
-8.044324175290760062e-09
-3.688698210733496182e-09
-2.024040565448256935e-09
-1.387921106155922207e-09
8.033011482176012060e-11
-4.537639357318696784e-11
-5.799417754790364743e-12
-4.875813650204359341e-12
-4.277508338449966917e-13
-2.161524392258821444e-06
3.386959605217141805e-06
2.638129601635608343e-06
-8.609673375525789774e-07
9.680676719379525186e-08
3.023640391284733412e-08
8.384188275298139926e-09
4.692787388524853699e-09
1.584272868859341422e-09
1.425265586160151942e-10
8.540209478356764541e-10
9.768838529485570807e-10
6.934493442803040604e-11
6.618512292543991416e-12
3.625776230280426153e-13
-3.017266127954742575e-13
7.674410224046832041e-02
3.241846082832218479e-02
-2.170859997826390594e-02
-1.574481958474372324e-03
-7.834394230287706280e-05
-2.511067549311482709e-06
4.066293479474721407e-06
1.562797919473406357e-06
9.645199348664981176e-07
2.444656218899951615e-06
2.118899983809236424e-06
5.967585755564167078e-08
-5.461516022675087986e-08
-9.206616633459463584e-09
-2.606304576007487991e-09
4.775612079361260204e-10
-5.735347567358361058e-10
-1.012817708362947523e-02
-3.279542833725783164e-03
2.424323715381966268e-03
5.803557899610840235e-04
5.538020787997016350e-05
3.149664973707708298e-06
7.821817134287883540e-08
-1.284888187394237087e-06
2.260776261870566687e-06
-7.040409469166815419e-07
9.222867608749443586e-07
-6.995533441554335315e-08
-1.604431933846420170e-08
3.306472195506926073e-09
-2.033552689411746436e-09
2.196132504424697473e-10
-1.035361183864922741e-09
8.829161890490985071e-04
5.222861743676884263e-04
-1.230557712050179035e-04
-1.555477204973221977e-04
-3.834133441952036666e-05
-4.229230144325432777e-06
-1.151272092206181243e-06
-1.213429047285601846e-06
1.980841211366635558e-08
-9.456620470890625229e-08
-4.680663276163916980e-07
-8.490792035964518265e-08
4.619431041951202559e-09
2.650026752344490828e-09
4.143989687952132457e-11
-2.468585885371471535e-10
3.039339806669294401e-11
-2.297787012726154794e-04
-2.229544310317498502e-04
9.907019093705726049e-05
2.562961429132574480e-05
2.141664812009408516e-05
3.614862561826985302e-06
1.179366924987707508e-06
-3.444937235628955882e-08
-1.851406580610021549e-07
-9.616989417822438062e-08
-6.439581943442245454e-08
-9.115363540576288767e-09
9.357470421841714076e-09
-5.146726015063637694e-10
3.374736024958069125e-10
-2.420808649302742911e-10
-4.689777701778746289e-11
-2.333227949837280647e-05
6.611229700392165314e-05
5.130342814849657559e-05
-1.071167632748024277e-05
-9.030206131582609445e-06
-1.758486396233027838e-06
4.830309119063331687e-07
2.718484856005340239e-07
2.119969625781923033e-08
5.974865279230593291e-08
3.899350059644381283e-08
3.841768930586217162e-08
3.805552758500790402e-09
2.225207990565329418e-11
9.276440206230040633e-11
1.371257825326339045e-10
-7.012442752746146665e-13
-7.541350524298963507e-05
8.509830529101531814e-05
1.222277832565326922e-04
-2.755864665392051773e-05
-1.645612232403274499e-09
4.860340696324870276e-07
-2.600217429317394062e-07
-9.329104175311991744e-08
-7.220895173339870706e-09
-2.029483619261796044e-08
5.411220001077969293e-11
-4.708771596090451767e-10
-1.446458294049340287e-09
-5.558503363740136288e-10
-1.255262797427847536e-10
-4.361844768017896819e-11
2.082953143506907332e-11
1.757028958198777292e-05
-5.036340276792878267e-05
-4.416864168996689744e-05
1.854787720483909520e-05
2.779016127287455605e-06
1.025948226975677925e-07
7.092719601787180628e-08
6.519596057166627902e-08
2.542133079415742748e-08
1.471687991035956876e-08
-2.941033755946144906e-09
4.410692587777588573e-09
-6.947709155652582016e-11
2.415981704412450107e-10
9.415270695374105967e-11
1.399954009013234396e-11
-4.671510103070394480e-13
-6.497845510475585269e-06
2.985947806103630392e-05
2.432833130101085093e-05
-1.509190310670063381e-05
-2.902456317109769956e-06
-3.802218260039903250e-07
-7.857261163620791902e-08
-3.765922143619025793e-08
-1.684220712091627529e-08
-1.163824023119171385e-08
7.732547839750903486e-10
-3.766885053775363655e-09
-9.875730993488108396e-10
-1.633721960106219052e-10
-5.444334193984055484e-11
-1.568234403660832263e-11
-5.482883753653539537e-12
-2.922866342750123152e-06
1.275271329436055741e-05
1.272708262534076183e-05
-8.760716794188312759e-06
1.671163912797650443e-07
2.927741531958040776e-07
6.513953492160128430e-08
2.580639366407382979e-08
1.407401514708543394e-08
4.869707645951719564e-09
2.251935194441532090e-09
1.110530854853860630e-09
-3.996565079295459446e-10
-1.045292821567959841e-11
2.494483840558446479e-12
6.351177251469256574e-12
2.707100573137031716e-13
-1.143817726202363600e-07
2.005118689561777668e-06
-3.825006947659008269e-06
-2.859876317760413549e-06
8.859981617196510161e-07
-8.402118521568916237e-08
-4.216764098788063821e-08
-1.495484223429518934e-08
-6.475862918849506116e-09
-2.270206369542770045e-09
3.757961683711137500e-10
-7.561792692633079043e-10
-3.170199984230408123e-10
-7.816341847783844573e-11
-1.336385527680719543e-11
-3.311625969635916082e-12
1.106328019652582346e-12
-1.520211566837965933e-01
-4.531960496614226980e-03
-1.184422937799365234e-04
-2.395325371637795043e-06
4.915422891570896299e-07
1.138969423069908765e-06
-1.679238588468439667e-06
-1.478378876927107346e-06
-1.694191305669033977e-06
-1.149353314152847316e-06
-1.629096827237986321e-07
-1.360870714844877141e-08
-1.313067023188754230e-09
-1.350207001225929343e-09
3.042207967626547132e-10
2.182129257158029568e-10
4.606868430637878209e-02
3.648652876854363483e-03
1.789710267272461941e-04
7.855753599923663333e-06
-7.416473333721396776e-07
-7.873214478595608225e-07
-3.740934634604282307e-06
4.171285037252237962e-06
-2.262704976821825462e-06
-1.093604028426823925e-06
-8.548621818677239142e-08
-1.100889680956640470e-08
3.969771566378546820e-09
-1.507028040764072183e-09
6.811061202548971761e-10
-5.404181361463101459e-10
-1.144654131982022344e-02
-2.228858502968845620e-03
-2.058059466640285381e-04
-9.093696852819581328e-06
-9.210611314739402293e-07
2.843867106436375597e-06
2.777322975894007365e-06
2.830000992407720800e-06
5.327731805686568596e-07
-1.101755484263255077e-07
-8.717868535592469968e-10
-9.832267321683829180e-09
1.386639836721505202e-09
1.418849860284734089e-09
-5.820525379838142732e-10
-2.084750480185871212e-11
8.339451341875676318e-04
6.053798857053702305e-04
1.182195873614016096e-04
8.682263262831335526e-06
-6.954032859970762559e-07
-1.480865716504364520e-06
-2.467621594394501441e-06
-1.127840791021198777e-06
9.392667738173188325e-07
1.614651336142014601e-07
5.561974554830332538e-09
1.000247118095592339e-09
-3.760269543721864736e-09
7.902066534568709850e-10
-9.299246541431929681e-10
4.709066474704594020e-10
-3.969867545273432713e-04
-1.245772860553286858e-04
-5.891896758186340055e-05
-5.265755788020319233e-06
6.304765101731604914e-07
1.523160612140257577e-06
9.773729421976740387e-07
2.468014535761787997e-07
-7.203249194313322952e-08
-4.566393399837135080e-08
-1.185668106500672553e-09
3.713102071109579916e-09
-1.683697489573271608e-10
3.299379342338866718e-10
-2.056941010908879157e-10
5.755066483079398279e-11
1.377259535088926924e-04
5.920404357275783978e-05
2.515908394694959870e-05
2.751112418167576739e-06
-2.101728658392281409e-06
-1.322936204988415353e-06
-3.557855415995897513e-07
-9.473070984164828561e-08
-9.161886786529259729e-08
-3.906074741461870710e-08
-7.576543008018884593e-09
-1.880407825094353858e-09
-2.195211993387400081e-12
-4.755218427442644868e-10
1.763583492853929202e-10
-1.516357765912078496e-10
2.058377994901092081e-04
8.873920783693779670e-05
2.467090755942750301e-06
-1.182330584571014054e-07
1.495814788720283575e-06
7.949375220202261483e-07
2.691915316340401454e-07
7.562443174380237298e-08
4.141544249540193562e-08
1.526704896566059219e-08
6.226046869998644599e-09
1.248925681703455983e-09
4.908813223317377242e-10
1.748215630884497777e-10
1.551634193093020887e-11
1.094043997977132254e-11
-3.948232584084666056e-05
-6.377214429920446059e-05
-1.005260697997668163e-05
-1.195943137387833674e-06
-7.354714226859601867e-07
-4.153518854276291153e-07
-1.779883650095604271e-07
-6.030371653104631102e-08
-1.702599208550739087e-08
-2.454357829070762507e-09
-3.263437901947744616e-09
-7.485950000098954979e-10
-4.038225649867297049e-10
-6.726671384231278322e-11
-2.697514776985314142e-11
6.101409315899052306e-12
1.475126794361574550e-05
5.057880924027974257e-05
1.041199835096913418e-05
1.574272202187684788e-06
4.527531068257272811e-07
2.111864844261283308e-07
9.746618563382136416e-08
3.344304374493851192e-08
6.856390199288357287e-09
6.485626707055787192e-09
2.915392495182002740e-09
5.027905725147605151e-10
2.714301722515757993e-10
5.102165922601388359e-11
1.092248086472807542e-11
-2.039991800239145976e-12
1.413380679052076386e-05
3.220913919396409697e-05
-4.439745606545038891e-07
-1.050139905302617269e-06
-2.824657089697778242e-07
-1.093953288366993503e-07
-4.824570186002777072e-08
-1.795759853063661637e-08
-3.291642623621220642e-09
-4.000467677594399076e-09
-1.717257861228074010e-09
-1.576296602020423674e-10
-7.445353557842202206e-11
-2.541426704277881870e-11
-6.653771505535097939e-12
-1.426999117804250412e-12
-3.779387762558582810e-07
-1.040520077779308424e-05
-3.329930542082111077e-06
2.604826851251295430e-07
1.314782182310363670e-07
4.072545000801570462e-08
1.849719420799308182e-08
7.793087684003214219e-09
3.188860171296706754e-09
1.274693529084743138e-09
1.655531198674934765e-09
2.093165573369221183e-10
2.626841350773330705e-11
4.081875717545073430e-12
5.107305691062505046e-13
2.138151856692214667e-12
-1.644955571777014791e-01
-8.196699033297535908e-02
-5.601626025865950181e-03
-2.657988109147700444e-04
-1.193899796502961448e-05
3.439115309386153193e-07
2.384277195744238460e-06
8.271977563722257517e-08
-1.378066466104730432e-06
1.597065341727652210e-06
2.704071801607995023e-07
-1.144233229219240750e-07
-1.408361037075568834e-08
3.677321405685514174e-09
-2.143726730032110439e-09
4.865566323944412743e-10
9.269381117899735197e-10
3.286781949019709510e-03
1.048258596262830432e-02
2.076263433064070782e-03
1.939065229206474400e-04
8.158718260576012981e-06
1.534075348195066813e-06
3.569205309107930367e-06
1.107034821554509853e-06
-7.651172241627709334e-07
-1.136113899164509822e-06
-6.522503306045622619e-08
-5.316963036948528102e-08
-6.546008078697938254e-09
2.483445358768320365e-09
1.956544393085717153e-10
-4.143135120844245866e-10
-2.889248472043075648e-11
2.437290195656888149e-04
-7.821691939243691693e-04
-6.057064295056896041e-04
-1.165637378299878640e-04
-7.709840364612716271e-06
3.148953787173809059e-07
9.852354781718638926e-07
-1.709904903293493346e-06
1.014161072520189397e-06
-1.081284500229714935e-06
-1.352044905460980510e-07
8.969876028141171249e-09
8.493766931583707901e-09
-1.159870984603439265e-09
9.634081379185303439e-10
6.755001069836807450e-11
-1.968952352851672678e-10
1.332507849110948193e-04
4.200536122415921524e-04
1.264915878520450968e-04
5.758205475108041767e-05
4.509908225518654674e-06
-1.105597950752108534e-06
5.655281498610254596e-08
2.525886338789150341e-07
-2.526912241338086150e-07
8.411781885179361731e-08
2.138697588792827053e-08
-1.218195935802972405e-08
-2.530610044068436127e-09
-6.777047715675056035e-10
1.095581102334318184e-10
1.357317131665234574e-10
9.313387256494492448e-11
1.605091214464386017e-06
-1.351121819199915255e-04
-5.714569697967367839e-05
-2.439516347106395180e-05
-1.719229027643173016e-06
1.538507212172792896e-07
4.380324312139579578e-08
1.136609804969426444e-07
2.413572298601405956e-08
1.052931096204736305e-07
5.642440297650238849e-08
1.479344387482426811e-08
1.942590311599672949e-09
5.143879020462841263e-10
-1.657737536387831791e-12
-8.777236406809409176e-13
-1.094957737589632489e-12
-1.892580728675607229e-05
-2.069263761879732322e-04
-8.976835335526940011e-05
-2.965677806387491315e-06
3.157451619569440230e-07
-2.202642837020533194e-07
-3.158448811895541403e-07
-1.155208030298049248e-07
-4.941917862584905801e-08
-5.472987814194586919e-08
-2.553332290999028023e-08
-9.030424800871896555e-09
-1.825862282366241714e-09
-3.654269776037545843e-10
-5.237388282734688972e-11
-5.058517619918152798e-11
-2.442465990996204287e-11
3.331810557169355539e-07
3.910667953639791045e-05
6.402550196384930903e-05
1.017315802657442668e-05
8.209150015239294166e-07
3.363323821222845118e-07
2.600108519554485325e-07
1.187917935018112356e-07
5.168940855196116337e-08
2.334574858295953543e-08
6.735975622432610865e-09
4.487343799712028968e-09
1.071893265991540649e-09
2.735722538699609400e-10
3.169442003960541557e-11
9.340921511152768564e-12
1.328847878499730977e-11
2.554726264281495790e-07
-1.459284207559264409e-05
-5.065106952658132385e-05
-1.037255696148486671e-05
-1.387559868542164365e-06
-3.090700517184471789e-07
-1.705003816622757952e-07
-7.702396620429943454e-08
-3.375695384751861215e-08
-1.040406870346591534e-08
-8.411765604918421755e-09
-3.527133145312173671e-09
-6.337876455426957198e-10
-2.161721372516646099e-10
-3.802596019305084051e-11
-5.211179306967324139e-13
2.496960095740084824e-12
-1.287078316056891432e-06
-1.423494018555403858e-05
-3.217927819410188774e-05
4.009485995492586739e-07
9.441736040999492136e-07
2.413661327514528441e-07
1.009315604288671663e-07
4.649780753808735962e-08
2.100601636018582336e-08
5.728655134028443992e-09
5.454684337050882249e-09
1.597994581652702637e-09
1.108685245134831720e-10
7.743777163499490903e-11
1.535573559419883660e-11
3.829009891937524693e-12
-1.650370928683152432e-12
-4.566748328135972125e-08
4.411849143403752883e-07
1.040266843188049741e-05
3.521662328427606185e-06
-2.210003358733082844e-07
-1.561004157211754432e-07
-5.571524603358983130e-08
-2.535696330985396430e-08
-1.311306812498300341e-08
-6.586673716844998716e-09
-2.673459434039960590e-09
-1.626573478224850234e-09
-2.178159320762230467e-10
-5.208484805600365895e-11
-2.307333605516278565e-12
2.486951540530387079e-13
-1.978726412756482475e-12
