1.359153685177983684e-01
1.027068177900689161e+00
4.348629420743857499e-02
1.387510056658468717e-03
4.290719016078790800e-05
4.451145960244365935e-06
3.890724466355124805e-06
3.399417456116484625e-06
-3.006934578165698097e-06
6.906008460841850181e-07
2.757099781975415387e-06
7.956696703968337160e-07
1.060295753871670976e-07
1.067719124790661019e-08
-9.833401198008793819e-10
4.075764692598600304e-10
-4.433303675921822913e-10
-3.600188476287111833e-02
9.546173763132018153e-02
-1.010695886917265494e-02
-8.758453487606294129e-04
-4.827790729572804828e-05
-3.495669303303229299e-06
-2.610769142757376345e-06
-4.481962200921461441e-06
-7.522184055318092451e-07
4.045859167677059893e-07
3.221154900093447271e-06
5.293471267488717969e-07
4.659506220763294275e-08
8.579507125914865266e-10
-9.436532682433372453e-10
3.324791268033540479e-11
-2.613596734968622439e-10
7.228643811817906176e-03
-8.878616846933886720e-04
1.967339775400861381e-03
4.364892772316774760e-04
4.195468693745040250e-05
2.358495675347979383e-06
3.301829868324257994e-07
3.126563137531963224e-06
-2.733734327430265402e-07
-6.993911211290881467e-08
7.606237126326200129e-07
-2.354673353053688615e-08
-1.346668287198695342e-08
-4.747629305453314599e-09
-6.533099156799861230e-10
-1.452235518496205954e-09
2.179710564525730668e-10
-4.516248161337675258e-04
-3.886648456859475307e-04
-1.502159248457118250e-04
-8.646608134572858300e-05
-2.032386488701942303e-05
-5.469788111557261800e-07
-4.167996940998228081e-07
6.144561667090023903e-07
1.803872364724023399e-07
1.282432466819697951e-07
-2.244106229523126729e-07
-2.726117392487187766e-08
6.085400450020643776e-09
-4.517191550446033642e-10
-4.595942698785358254e-10
-5.712646567123339123e-11
-1.615029138492145128e-12
1.629086938004708704e-04
-9.125914061080995729e-05
1.287909343522949078e-04
1.769282697299006911e-05
8.553315423370607047e-06
6.226528722238602425e-07
-8.679587394443630427e-08
-2.740551070864557453e-08
-7.839737100384004336e-08
5.047830718986164006e-08
-5.801210663944883352e-08
-5.156835505774815823e-09
5.726657421841604762e-10
2.075339766102032158e-11
-2.608432614549329383e-10
3.537544655935068381e-11
6.504880915899294292e-11
1.030207541171610438e-05
-4.286753948914077386e-05
1.126230380371563195e-05
-7.462150481331433554e-06
-2.171591829236182428e-06
4.769839355464558883e-08
8.476951598417856468e-08
6.574804698119151358e-08
5.321864791380301751e-08
-6.959397511513189256e-09
2.927045380618484841e-08
1.922330626161556000e-08
2.957254634823501130e-09
3.929038359518256468e-10
3.543499385885233793e-11
-4.196495632214055824e-12
7.594331952127606610e-12
2.859407673483196005e-05
-1.636405534152957458e-05
4.389614934510731347e-05
-1.030446085379453677e-05
-7.322181902626031631e-07
-1.450121190911251643e-07
-1.159492651935448016e-07
-8.746428086773660778e-08
-3.797903257983933797e-08
-1.218918130277182504e-08
-6.846047176443968953e-09
-5.987650177970170610e-10
-1.010614332047548028e-09
-2.225527295222017202e-10
-4.209465544018466605e-11
-4.608470162637838001e-12
-1.026642938241917350e-11
-5.198558774764478824e-06
1.430844230266340511e-05
-8.527692336085012297e-06
6.319814652726977287e-06
1.150665700101401000e-06
1.823143600393703126e-07
9.261219026838954618e-08
4.657955562186104834e-08
2.238255363442183009e-08
6.399620045978087273e-09
3.304192449499653230e-09
1.850808310840284457e-09
2.461919126974038040e-10
9.334762564979789375e-11
3.221883363721918393e-11
7.658654331479377186e-12
1.965338106992266263e-12
1.825711607613402640e-06
-7.741676711381803320e-06
2.673272828629987951e-06
-4.719328739794924360e-06
-9.102913324998667479e-07
-1.703712422563550129e-07
-4.982113016459422634e-08
-2.372979377134449342e-08
-1.052045121036320075e-08
-3.515279621589270224e-09
-1.552415171481983912e-09
-1.342711455778839947e-09
-3.899031384340753900e-10
-4.713549701348897958e-11
-1.671622854829008572e-11
-2.319512747372033917e-12
-3.072319029437903778e-13
5.906477677097028184e-07
-1.980419554876100277e-06
2.454813740994391333e-06
-1.352503085180200160e-06
1.244917170007300429e-07
9.122144687150957555e-08
2.736577073648385279e-08
1.071346095791836201e-08
4.122810558772579535e-09
1.751869389865721333e-09
1.245546772274394501e-09
3.831408806127072316e-10
3.079623848974923170e-11
5.813174377282396549e-12
2.773037734502916202e-12
7.905436086043409512e-13
7.642077024710529332e-15
2.655460092869614157e-08
-2.808572113997174776e-07
5.680089520121989409e-07
-4.961943355503211178e-07
1.079325917526077555e-07
-2.635510118605023019e-08
-1.056036959397353623e-08
-3.555312545876939521e-09
-1.298070882570489021e-09
-4.714480370912070884e-10
-2.453365171127802623e-10
-1.108512603720409215e-10
-1.504595817114793451e-10
-1.180379540201668332e-11
-2.847342032786008990e-12
-5.420746008347996824e-13
-4.199054025078236237e-14
1.801063681390526958e-02
-1.816225554038964490e-02
-1.353509384610452129e-03
-7.072231601385991465e-05
-2.930920743581091850e-06
5.091611420296456647e-08
3.034843145004354765e-07
2.694841001292148427e-06
1.198795541772490328e-06
1.354235801306340103e-06
8.052973370505047029e-08
-4.360962646880611231e-08
-3.446181623912582872e-09
6.372777836994692656e-10
1.453823648937200481e-09
1.352249442174905826e-10
3.515495609784496651e-04
1.812311571710014876e-03
4.077450026009591007e-04
3.972601589796643411e-05
-3.125797224988496330e-07
-1.210907863265800645e-07
-1.292816524070235703e-06
-7.813288173729408436e-07
-3.293136533902976048e-10
5.649494664886066758e-07
-2.368659305107694524e-08
-1.585182676289106933e-08
-1.221797306685454684e-09
-6.106237071252260018e-10
6.776841377550158085e-10
-2.381072509880012947e-10
-3.076065067553085961e-04
-1.414744134824037465e-04
-8.812670127680274435e-05
-2.048443125495593936e-05
2.346578825602872059e-07
1.773003745665992083e-06
4.587940252094437557e-07
4.733707922962034750e-07
-2.770070072001037574e-08
-2.250122370400935266e-07
-4.356409866511760387e-08
5.750406062959142299e-09
1.156393825549783479e-09
3.496402515975085033e-10
-2.479356875633521741e-11
-1.493519151590136147e-10
-2.642916598492522722e-05
1.351689213753169618e-04
1.833172420825000083e-05
8.049985912645206743e-06
-6.198215187929185549e-07
-9.277540644021375253e-07
-7.576583554549097229e-07
-8.295283101377410315e-08
2.794734407921300171e-08
-4.059749847418381013e-08
1.204223581897220655e-09
2.441768960036177835e-09
-3.005286415703941325e-11
4.176559365544914522e-11
-8.910180480191597265e-11
-4.492960377626302248e-11
-3.740426791476202703e-05
1.226777262670192530e-05
-7.728522946096093990e-06
-1.723460451649050322e-06
3.675417326992047906e-07
7.388840107347616391e-07
3.393044686244597233e-07
7.585554988000216247e-08
-9.206837286741081007e-09
2.052138661052045666e-08
1.628431113142451240e-08
2.148109546271086136e-09
2.962062834058797523e-10
1.289005789040848346e-10
-2.295562232514383533e-11
2.635654042773620577e-11
-2.210968921393145162e-05
4.355862171265128955e-05
-1.024842546715127262e-05
-1.026136470524337914e-06
-3.549168774686914454e-07
-3.138710524216662843e-07
-1.201042141968669576e-07
-4.868315585977537973e-08
-1.182973662852073866e-08
-4.327672817594894156e-09
5.695588201446413830e-10
-7.276991493776111273e-10
-2.163188222058059106e-10
-8.406742697515632304e-11
5.305068305134551148e-12
-1.336319827756591594e-11
1.514196464274286769e-05
-8.495468635569956674e-06
6.342098337310089466e-06
1.268940593042542666e-06
2.804400542028089359e-07
1.282794920162889645e-07
6.179129341881000585e-08
2.475602129390627818e-08
4.709124123481860161e-09
2.037433788469212313e-09
1.322692872765418100e-09
1.394993452965711714e-10
7.397544416893580046e-11
3.853526068191683451e-11
5.917278555828169977e-12
2.552963588899865569e-12
-8.013775545501540016e-06
2.644389777957979985e-06
-4.738547409615973326e-06
-9.530088005519298148e-07
-1.983779821806441678e-07
-6.735639984372261269e-08
-2.891649088965832160e-08
-1.098599638997375248e-08
-2.812246443926242913e-09
-1.070337973659314786e-09
-1.130510752047052905e-09
-3.353711473531377991e-10
-3.860888910315533676e-11
-1.908010451474661329e-11
-4.492333530456232882e-12
-5.587246381214729692e-13
-2.059664733458242943e-06
2.456209465162120638e-06
-1.347082762034430966e-06
1.378341068043750207e-07
1.004570957538905554e-07
3.160202286521570830e-08
1.286323324082093044e-08
4.817012563147973882e-09
1.630531011193877124e-09
1.080743586659638925e-09
2.938710419238230336e-10
-1.220712366799069474e-11
3.878606251537167368e-13
4.015400251869360510e-12
1.099428301836544847e-12
4.616458670415493166e-13
-3.159176932488253334e-07
5.753577673544610915e-07
-5.159507981023703314e-07
1.007981097728913845e-07
-2.922899593935719752e-08
-1.457637816118310624e-08
-5.441706677959314322e-09
-1.765188587168483532e-09
-6.634320891701815681e-10
-3.780479434807238818e-10
-9.207661189993905285e-11
-7.869184351176467608e-11
-1.366692524492280608e-11
-4.308791745700030490e-12
-5.504471923825514371e-13
1.635628403238243021e-14
-1.018341988860974601e+00
-4.323184700818678144e-02
-1.379245991638945300e-03
-3.943293512887571285e-05
2.111916155746861034e-06
4.675034626780924732e-06
4.768799642290125889e-06
3.095954647742488754e-06
-6.866165805889224455e-07
-2.698081679928064546e-06
-8.020619133116267311e-07
-1.062921677881023704e-07
-1.715132159458756779e-08
1.806438635515591021e-09
-2.274432596113967494e-09
1.249560539114097320e-09
-1.009732938857925560e-01
9.809740799501271563e-03
8.642185858393857225e-04
4.710848003065828634e-05
1.542735367959307943e-06
-1.310974872354330965e-06
-4.265431389860239146e-06
2.768565592658057110e-06
1.677918490286204817e-07
-3.073620668901084771e-06
-5.090895671888658798e-07
-3.925308303493596406e-08
-1.368822655256125075e-09
2.801813225849511656e-09
-2.814609165633369471e-10
5.043473498196944825e-10
3.612619475106146772e-03
-1.730107402509489540e-03
-4.260440663876722579e-04
-4.444140549094814120e-05
-1.660290059900903450e-06
2.625475592063214677e-08
3.754580067318329407e-07
-1.746356282093810740e-06
2.891724637608336093e-07
-8.182914856276957681e-07
1.030085998894264945e-09
3.413178712844954372e-09
5.924049015225122463e-09
-5.484398951466748059e-10
8.516703703049752990e-10
-2.547354605192030018e-10
-1.719326191747932173e-04
4.386178833848607638e-05
8.042397987734170074e-05
2.094391584218754495e-05
1.878170182259207925e-07
-2.071065588634560568e-07
-1.096828694235434643e-07
4.346257709296593996e-07
-2.111267536064734586e-07
2.751126477135590305e-07
4.435382852522698498e-08
-5.736457627760258616e-09
1.443622575696364913e-10
1.626468890235194680e-10
1.084606920786860904e-10
-2.352041246145956624e-10
2.290341939890414404e-04
-8.950126766147572935e-05
-1.531361962418592484e-05
-9.334186965076632310e-06
-6.160225947299995890e-07
4.510550028304524414e-08
-3.969935634778923534e-07
4.268882021362349087e-08
5.779395337707602565e-09
3.117771901238874632e-08
6.257573972546855849e-10
-1.129876370097377347e-09
-9.402038478818875713e-11
1.627856033441150858e-10
7.526478776819595071e-11
-3.461653037731759563e-11
-3.169246580030316902e-05
-2.410564008274773738e-05
6.685400240212650586e-06
2.496753193397868212e-06
2.096951040971170980e-07
1.146950874266772898e-07
8.438161673849082757e-08
1.077713915532928316e-08
1.032483310912456312e-09
-1.002469868567004087e-08
-1.694997345711436394e-08
-2.210294027263680110e-09
-4.495840844809123315e-10
-4.715940095136745245e-11
-3.836520174505597050e-11
1.917163041337389269e-11
-3.622415430725207946e-05
-4.597454121115714549e-05
1.018055732410388708e-05
5.463708259192577689e-07
-7.948232424649218005e-08
-1.250861318728817835e-08
1.394612267001577549e-08
-1.072996258764219672e-08
-1.017424884197289338e-10
-1.767348295026889633e-09
-5.164297848871686539e-10
7.001163849502175651e-10
2.434826008130562683e-10
5.143243045578817316e-11
1.242546027321056762e-11
-4.044224076681761015e-13
1.626622342359902186e-05
1.351442850771373104e-05
-5.796370056589996465e-06
-9.740607799623522961e-07
-4.950228556396853584e-08
-1.935025171943102222e-08
-9.826156690713463390e-09
-6.719220722245178066e-10
-3.687826571372811997e-09
3.059795154448221880e-10
-1.351078948566512468e-09
-7.972300632869805299e-11
-8.151995286743033395e-11
-2.873114710613953843e-11
-1.051066845288204993e-11
-7.588667236023379044e-13
-8.415449465756109153e-06
-7.121581789674020154e-06
4.132551615973249716e-06
7.799603921340065911e-07
1.009016427191356285e-07
1.418863181888162233e-08
6.407978618962763992e-09
2.465309766715459398e-09
2.688637068138050675e-09
-3.511694806906843063e-11
1.062271439685903492e-09
3.172310055992544372e-10
3.819894360453687125e-11
1.524765763794857214e-11
2.692712401584980155e-12
8.689554570444418171e-14
-2.442998966966089787e-06
-2.412601931628699519e-06
1.638917899902560314e-06
-4.641237432602074377e-08
-5.877141404197985641e-08
-1.249951676665832242e-08
-4.031524727329728148e-09
-1.796336351914787975e-09
-8.683951735035570997e-10
-3.039502790484675953e-10
-3.110563344955701346e-10
-5.934723601605579014e-12
-4.111694243760383427e-12
-2.462319710903519394e-12
-1.263828983121098798e-12
3.228789558445637506e-13
-3.450820966940312652e-07
5.619339688150262696e-07
4.576826503956253567e-07
-1.384898909915486424e-07
1.481831671509584181e-08
5.835727522612282474e-09
1.610937488972016753e-09
1.031540256574454270e-09
3.805592950434030349e-10
-1.916184184859535374e-11
8.281118765019341983e-11
1.447505593538440173e-10
9.108997128939614090e-12
1.939302844001400961e-12
5.095163031946664602e-13
-3.050838152766831045e-15
6.284351599758307427e-02
2.646795513884932227e-02
-1.773581436600479150e-02
-1.338831899245207773e-03
-7.224738230788725342e-05
-3.640335966009052588e-06
1.922729166635382659e-06
2.596752943816679989e-07
3.177731669799070613e-08
1.317874131538518122e-06
1.388333322067734338e-06
1.137598221632208240e-07
-3.517010706521186981e-08
-2.278778246290622822e-09
-1.712368396672767376e-09
1.571351015880732316e-09
-3.005556361252979410e-10
-6.676130307111630136e-03
-2.188012529483899463e-03
1.585398532311794268e-03
3.954738486222216746e-04
4.118411795296529062e-05
2.979008065533693133e-06
3.111668134479615066e-07
-1.358996615490988295e-06
8.411754721517417751e-07
-1.617577225928616886e-07
5.480981532158273447e-07
-1.941627561209172136e-08
-1.438873735068426745e-08
2.399806309085978359e-09
-1.071781758202793345e-09
7.684476432573814186e-10
-7.789135434105587265e-10
4.233265591231625017e-04
2.599503548374657285e-04
-3.387947047381989458e-05
-8.158766622016901495e-05
-2.328696497448317319e-05
-3.093118383180468373e-06
-9.038877288905799630e-07
-5.924111740346590191e-07
-1.266768995988700757e-07
1.116975231679746295e-07
-2.307815908897929471e-07
-4.429661769148614273e-08
4.861282754548729505e-09
8.809848383276896214e-10
4.655094672328534745e-10
-3.066648726756446516e-11
4.482582351947887369e-11
-1.851277044638589830e-04
-1.673535006294486174e-04
9.433467597482558884e-05
1.501217094006270930e-05
1.001187175147498848e-05
1.746277468760116902e-06
3.926980398833343933e-07
-1.582876568960480875e-07
-1.957331524867657525e-08
-7.172123118945567566e-08
-3.437148455158908540e-08
-4.431416331897464825e-10
3.286383870749805364e-09
1.401351857278073984e-10
2.997932455975710284e-10
-1.473583619372433774e-10
-2.254930613429431279e-11
-1.131377120593147413e-05
3.747834103479761995e-05
2.570461173099986005e-05
-6.608774488742827499e-06
-3.467565545652142425e-06
-7.685093685678939024e-07
2.393156620721345320e-07
1.023187488977427223e-07
2.029338543421302615e-08
1.626468750237105205e-08
1.048773991274784998e-08
1.583103417880119949e-08
1.662450773565859712e-09
8.546801853569711495e-11
8.774944395638012607e-11
4.905423378958069332e-11
-1.656107326994564414e-13
-2.818145567055200439e-05
3.005662048401180479e-05
4.535760478864278372e-05
-1.007599617624109720e-05
-6.850876607702478860e-08
1.426096065001916741e-07
-9.464431822473257046e-08
-2.297604926525256204e-08
-7.261182087250732831e-09
-7.693650480450683430e-09
7.392335082992822936e-10
9.516805541186167821e-10
-4.975423698925662277e-10
-1.322887770276264895e-10
-7.001358213088934971e-11
-2.059856421942321883e-11
6.006165807103045603e-12
5.318871198197565286e-06
-1.525540203075731483e-05
-1.340344851213459615e-05
5.721842175317469852e-06
8.469845392237154095e-07
5.438405861539988744e-08
2.639367752013414461e-08
1.936622238984165720e-08
7.136063195595650826e-09
5.215606337752347385e-09
-2.815403788633561575e-10
1.114348490820172405e-09
-2.016502116779615423e-11
2.514003596358041831e-11
2.279366705691078874e-11
5.745736849805295003e-12
1.762584017867596646e-12
-1.846701262316828609e-06
8.092888422339028943e-06
7.093459882112689992e-06
-4.107456101744310674e-06
-7.568320765502307974e-07
-1.031331901348782067e-07
-2.292808600388830096e-08
-1.076221815695802154e-08
-4.603285126786717806e-09
-3.123186808817308227e-09
4.721250662620557657e-11
-9.646424381082596552e-10
-2.596903819488404667e-10
-1.534525686023391831e-11
-1.222805767173441390e-11
-2.841020226674552504e-12
-1.283946155292939106e-12
-5.590462432191915829e-07
2.375332440201715271e-06
2.407706348419543458e-06
-1.645102456256470296e-06
4.455217181643375540e-08
6.166812476121688271e-08
1.384522776639289816e-08
6.077136409736079649e-09
2.987467394890575896e-09
1.115194687107634112e-09
3.110899558475892409e-10
2.769371113787336602e-10
-4.065659325639587156e-11
-6.953567970531376327e-12
1.305426348221541019e-12
1.178270788859399077e-12
-1.197479244761675140e-13
-1.616737305091266054e-08
3.174608091560062718e-07
-6.187181301634963280e-07
-4.871308019040037371e-07
1.413719475970386604e-07
-1.268847491901253962e-08
-7.511500817204110397e-09
-2.814934980862778096e-09
-1.359812778961871435e-09
-5.285994850814519536e-10
5.471134727121917144e-11
-8.341474906430736746e-11
-6.276096088450673315e-11
-7.891318264508082063e-12
-2.602651150337387382e-12
-7.193230296921970072e-13
1.589822660279284817e-13
-1.550028751468594534e-01
-4.904018676818580787e-03
-1.438096240625703697e-04
-4.293679013970621901e-06
1.320348102132658262e-07
1.496133065550466111e-06
-1.135671789774242306e-07
-5.269646562275426994e-07
-1.051425849052432891e-06
-1.082219849700582744e-06
-1.548635605344200276e-07
-2.346538005247359915e-08
-5.339830934577586451e-10
-8.985970599273741755e-10
2.389712485552524304e-10
1.233830473400287201e-10
3.778642903211736070e-02
3.100554346314188421e-03
1.653245671356450648e-04
7.346006718542471736e-06
-1.128933302792052461e-06
-5.784670319332258496e-07
-2.898790663158017598e-06
2.767868468338527064e-06
-1.231336668133872919e-06
-8.732474848382601671e-07
-4.968829867185956262e-08
-1.394069179580216088e-08
1.932519525636439500e-09
-1.486400708453873512e-09
7.761854698807476129e-10
-2.492700017757711853e-10
-7.552643398050716030e-03
-1.517849019851825847e-03
-1.473108634698892013e-04
-6.000743573614127238e-06
7.161119779980817350e-07
3.007846593120768429e-06
2.790410765899410480e-06
1.346732769893386748e-06
4.956567490606294458e-07
-8.484347943935349292e-08
6.676802648508905159e-09
-1.800164987776472147e-09
-2.595546355540782656e-10
1.152872832140930330e-09
-1.872383398395592366e-10
1.689970489793415331e-10
3.636258881676789046e-04
3.227507730030290027e-04
6.878051882052686630e-05
4.898692118709530483e-06
-1.529039719348735401e-06
-1.384262437291560422e-06
-1.654533744460900705e-06
-5.766033474411983722e-07
4.189314933211890398e-07
1.113092247088407524e-07
-2.635307431577892926e-10
2.022574580713293360e-10
-2.073952493652668270e-09
5.994695835609655836e-10
-5.698819462361764272e-10
1.659169580715653360e-10
-3.601513597771513909e-04
-7.001955245298770256e-05
-2.656881467697069714e-05
-2.034911597274715044e-06
9.614580203152446978e-07
1.222126886316363873e-06
4.963804375810263784e-07
2.042761290641912938e-07
-1.243599346147112075e-08
-2.757384445589829423e-08
1.684742943195020873e-09
7.576698654616280438e-10
1.149662213006396089e-10
1.722010236041188103e-10
-1.346709260260283367e-11
9.358590744803103344e-13
8.488636933563562914e-05
3.368769382627347098e-05
9.267182573910836730e-06
8.351108010425179426e-07
-1.157973826557854940e-06
-6.812306728232853415e-07
-2.052206756522339982e-07
-7.431078206733799383e-08
-4.239785108895724211e-08
-1.286988932038138276e-08
-4.628396234034187372e-09
-2.811723271651149979e-10
2.541373721139882502e-11
-2.036644291771790517e-10
4.759253505560901667e-11
-4.443400885014275424e-11
7.393359048117217577e-05
3.195242752004244730e-05
1.219608232420624854e-06
1.193947382698697202e-07
6.151619514388943508e-07
2.951349813571879566e-07
1.206865368217700688e-07
3.444453218750418764e-08
1.377481705028339672e-08
3.256415850211614443e-09
2.366498588824504562e-09
3.154558624852840318e-10
1.946555482385767427e-10
6.623873973193386489e-11
7.628894302825931981e-12
3.137393490791246460e-12
-1.179623394014337018e-05
-1.971975213493102968e-05
-3.132734222801461235e-06
-4.367007876263073138e-07
-2.488940124905215400e-07
-1.315535509383570983e-07
-5.751132705632756489e-08
-2.008516917335754995e-08
-6.381695873669209419e-09
2.550492655535150895e-10
-1.040538601797431806e-09
-1.463140387666271415e-10
-1.053699351612381308e-10
-2.599741670613889085e-11
-7.858866807783352122e-12
-3.618381929514392797e-13
4.613026853079058271e-06
1.389811234058295375e-05
2.730174952806851304e-06
4.197196951658336533e-07
1.243388161555445844e-07
5.700098765280355552e-08
2.624466942281052275e-08
9.047138862827462292e-09
2.014061735181154567e-09
1.485552302136493591e-09
7.179060280269530214e-10
7.877698076675995417e-11
5.118145449985147661e-11
1.290965560852956379e-11
4.128296715937037843e-12
1.997910807611509175e-13
2.741500388137961400e-06
6.080542033502166832e-06
-1.520675429622083996e-07
-2.205761696188608864e-07
-6.199678589751062852e-08
-2.500002058100042446e-08
-1.058657217961321238e-08
-3.989731184394379135e-09
-7.131531422532180593e-10
-6.503031062197463611e-10
-4.010794234307993425e-10
-2.632150050734068748e-13
-1.394899019005914982e-11
-4.338319135411559536e-12
-1.544560372730499782e-12
3.296722703210788644e-14
-7.644024812169846575e-08
-1.685190621886225950e-06
-5.284016049833022200e-07
4.387302892134398897e-08
2.359141464290436524e-08
7.876316697184699609e-09
3.274231697017896740e-09
1.389654333948989929e-09
5.809593397910985185e-10
2.305130855662065554e-10
2.544662865405466486e-10
3.079105593294463593e-11
4.113720711147423557e-12
5.696034767314657299e-13
-4.534788384301868008e-14
9.911605248149184536e-14
-1.334187505686021680e-01
-6.713747128556370181e-02
-4.746653832348087139e-03
-2.398302913167117602e-04
-9.015726131216515127e-06
2.636183647608488491e-07
1.193352861992800625e-06
3.176458094188850890e-07
-1.936769545308891940e-06
9.914603734727135122e-07
7.851174220574911940e-08
-4.130252323153413289e-08
-8.880568330710713042e-09
3.913568680371206061e-09
-3.306721983502726561e-09
1.042029238691425598e-09
4.104041224717307513e-10
2.130875073138440139e-03
6.914103307691345061e-03
1.414202357444028406e-03
1.408392492423146377e-04
6.798873587046381236e-06
1.099429931279849660e-07
2.074409849914143407e-06
1.055951524882394930e-06
-4.079991435681763226e-07
-7.992274055473766197e-07
7.623614965381774037e-09
-5.157285046586822668e-08
-8.404389491466507444e-09
1.888219995557527589e-09
3.364690756997502257e-10
1.485982086907387946e-11
-8.044938793378986553e-11
1.660382374678139657e-04
-3.348999958615708262e-04
-3.228192856541469975e-04
-6.650097639190141621e-05
-2.956671731151618101e-06
4.297258111949053735e-07
2.020317478775098553e-07
-1.180691324601844495e-06
5.205545814326743097e-07
-5.279352488258429575e-07
-6.529967064089022432e-08
1.105758576890450148e-08
6.240046088931132856e-09
8.928699202209149136e-11
8.571944508097865409e-10
3.017622870154741926e-11
-2.757285694984276900e-11
1.363923393533626760e-04
3.842135503145112482e-04
7.166019554881775436e-05
2.609965749352374253e-05
1.626377473732410253e-06
-3.357374900025072321e-07
8.958245824433253801e-08
3.735374917635140024e-08
-1.479514879123131070e-07
1.922225798233097662e-08
8.927550570510069453e-09
-9.371596673208280012e-09
-1.537050010458224170e-09
-3.019960737523082485e-10
6.120234447948146066e-11
6.306370914869450583e-11
2.016901990524531662e-11
-5.348286712119687000e-07
-8.341470276223444426e-05
-3.305652372491506269e-05
-8.712981569313638306e-06
-6.075252122032506216e-07
3.687757085127093399e-08
7.495209297115629305e-08
1.036121510297908437e-07
2.878715540315432574e-08
4.973733413467713801e-08
2.102107466633202101e-08
8.538165523027379706e-09
7.486274816414340174e-10
2.117279821884881084e-10
-6.673989412760617614e-12
1.659641250349960386e-11
-1.276655391129147034e-11
-6.726936856714590657e-06
-7.422738048767839824e-05
-3.220237653643519770e-05
-1.473432382156117163e-06
-2.427638951246790664e-08
-1.220860708099862818e-07
-1.324075122072631985e-07
-5.763342534128990039e-08
-2.345242224301214058e-08
-1.895955348343750551e-08
-7.203688359185903837e-09
-3.870037148062366978e-09
-6.424072489125256144e-10
-1.894771122903209706e-10
-2.975727496578528929e-11
-1.594119422989925089e-11
5.837490856056179515e-13
1.008255862731212205e-07
1.163043204414795405e-05
1.978930098891786796e-05
3.173798197381041294e-06
3.307297247409122679e-07
1.312052107673034664e-07
8.378517095993702614e-08
3.755754516422372894e-08
1.710696287053202354e-08
8.423323343409774364e-09
1.267737398445707783e-09
1.591849188430744647e-09
3.038091307083328119e-10
9.221485919138466620e-11
1.899443186882589538e-11
4.658035493498578731e-13
2.503812471109972968e-12
-5.714015219596616409e-08
-4.569650269356903655e-06
-1.391638186917252923e-05
-2.718698731785919164e-06
-3.774516282601311348e-07
-8.823384748930551804e-08
-4.603658990180645380e-08
-2.035753173931838664e-08
-8.953651056978291602e-09
-2.925208038325296779e-09
-2.100784307404739674e-09
-9.374957161893868293e-10
-1.396167252590398238e-10
-4.594722434438436358e-11
-9.061964098801168345e-12
-4.552805076986199843e-13
2.576961511784374288e-13
-2.725358805935767748e-07
-2.773841696526370916e-06
-6.075389649478795888e-06
1.426840864245657390e-07
2.021558331418111859e-07
5.336599601777876655e-08
2.222181908668441936e-08
9.678444030845971975e-09
4.421656498230573332e-09
1.160330075089380057e-09
9.442836076375925639e-10
4.494164356866282294e-10
7.499046384172999579e-12
1.510766653541244898e-11
1.402509600507453717e-12
3.065314196069367171e-13
-6.209913601198720417e-13
-3.786773818375797575e-09
8.421509706244081829e-08
1.686463643845624551e-06
5.540948015883997010e-07
-3.855821571297020971e-08
-2.697470091653581090e-08
-9.683639039992902103e-09
-4.253920142226199384e-09
-2.069826317401923533e-09
-1.006161722783315087e-09
-3.913543421803895158e-10
-2.843365026043099610e-10
-2.472922765517324883e-11
-7.611239296324577831e-12
1.313333133876200875e-14
6.023539323144984482e-13
-4.949992283540431586e-15
